28 0.7375689344909234 0.40110038075742066 0.01973163946329913 0.018167850972364383
10 0.46014211838989744 0.4424259078812692 0.013614835674822417 0.015609003889457523
10 0.5372928808208366 0.6051688024564995 0.013812159747434886 0.017400191606960082
12 0.7851222983425414 0.5225180102354146 0.01578531965272297 0.01791198198567042
18 0.7718034285714286 0.4002047737973388 0.01756115548539858 0.01586489907881269
10 0.33496943330702444 0.6873081187308087 0.01455207450670876 0.01688842743091095
18 0.7338200599842146 0.3822926345957011 0.01736387182320442 0.013306025793244625
5 0.825572318863457 0.7075229477993858 0.012628255722178374 0.00972365035823951
9 0.5522887829518548 0.36335728147389973 0.014601415627466457 0.00972365035823951
12 0.37243494238358327 0.4024596962128966 0.02683502320441989 0.017624093346980556
18 0.7547356842936069 0.5218142067553736 0.01696922367797948 0.015225187308085976
21 0.5294003220205209 0.46801437871033774 0.022099447513812154 0.014841344524053224
1 0.6827150244672454 0.18129490276356194 0.014996063772691397 0.013561920982599795
18 0.799920997632202 0.4819599590583419 0.01696922367797948 0.016120768065506653
18 0.8117600378847672 0.29823449744114633 0.01657457553275454 0.016632558444216988
0 0.6562744877663773 0.3636130194472876 0.021310191633780583 0.00972365035823951
5 0.648579131807419 0.20047417645854657 0.013812159747434886 0.007836482292732856
10 0.4177188571428572 0.564483144319345 0.012628255722178374 0.01791198198567042
5 0.7621348318863457 0.6688842415557831 0.013614835674822417 0.011003073899692937
6 0.6146408460931334 0.1998463868986694 0.015390671507498026 0.00972365035823951
5 0.4705999305445935 0.44536846673490277 0.013417511602209945 0.00972365035823951
2 0.3529498468823994 0.5474666120777891 0.011444351696921862 0.00972365035823951
18 0.6762036937647987 0.7073950788126919 0.018942383583267563 0.01714432262026612
6 0.6996841673243883 0.17937555783009212 0.014996063772691397 0.00921185997952917
10 0.8200474064719812 0.2372056171954964 0.014206767482241514 0.01714432262026612
46 0.3815608271507498 0.6487972814738997 0.033247833307024466 0.012282497441146366
22 0.7835438674033149 0.19959064892528147 0.014601415627466457 0.01023541453428864
18 0.6466062951854775 0.5839304974411463 0.01696922367797948 0.016376663254861822
18 0.8261643314917126 0.5826510214943705 0.01657457553275454 0.01586489907881269
5 0.7873913433307024 0.7089302927328557 0.014206767482241514 0.010619231115660184
5 0.8524072612470402 0.24040417604912998 0.013417511602209945 0.010491309723643807
18 0.474940817679558 0.5241810931422722 0.01775847955801105 0.015097239713408393
8 0.7786109676400947 0.6276868454452406 0.013812159747434886 0.00972365035823951
13 0.6860694932912391 0.4022038010235415 0.00828728776637727 0.018327792016376663
8 0.6866615059194949 0.6687563725690892 0.014996063772691397 0.011003073899692937
10 0.7522690323599053 0.6656856827021495 0.013417511602209945 0.018167850972364383
0 0.6983029392265193 0.26125887410440124 0.01736387182320442 0.010107466939611055
4 0.8571429581689031 0.42144307881269194 0.011049743962115234 0.011770733265097236
4 0.807221947908445 0.42285068577277385 0.01026044767166535 0.012794261617195496
8 0.8251775090765588 0.19946251791197542 0.014206767482241514 0.00997951934493347
18 0.41712724861878453 0.5241810931422722 0.01617996779794791 0.015353134902763563
2 0.649492003157064 0.6690123725690891 0.01396014269928966 0.01023541453428864
8 0.4265982383583267 0.2420675209825998 0.014206767482241514 0.010747178710337769
5 0.6738356432517759 0.3225434923234391 0.013220187529597475 0.00972365035823951
2 0.5016771586424625 0.20023025588536333 0.011641675769534333 0.00946775516888434
13 0.38836836621941595 0.6050409334698056 0.00848461183898974 0.018167850972364383
1 0.5149960284135754 0.20317307676560903 0.013417511602209945 0.013306025793244625
5 0.6643646535122336 0.465903230296827 0.013812159747434886 0.00972365035823951
5 0.5915547782162589 0.6894832016376663 0.014206767482241514 0.010491309723643807
5 0.4540251933701657 0.6288381903787104 0.014206767482241514 0.011003073899692937
7 0.6677191223362273 0.4467118771750256 0.01578531965272297 0.014393541044012281
8 0.4293606945540647 0.4049385465711361 0.014601415627466457 0.00946775516888434
24 0.34604370639305443 0.4270727205731832 0.015094705603788476 0.012538392630501535
9 0.5076954822415154 0.22057318976458545 0.014206767482241514 0.010427322824974411
5 0.5662982667719021 0.2208289539406346 0.013812159747434886 0.01023541453428864
12 0.4802685272296764 0.23963670010235413 0.01617996779794791 0.01893551033776868
11 0.6331639715864246 0.3198566714431934 0.014354790844514602 0.015609003889457523
9 0.6827150244672454 0.2411719140225179 0.014996063772691397 0.010619231115660184
22 0.44583642620363056 0.4048106775844422 0.014404091554853986 0.00972365035823951
5 0.7942974838200474 0.42336242374616173 0.013812159747434886 0.010491309723643807
9 0.6400945603788477 0.6274308454452404 0.014996063772691397 0.010747178710337769
0 0.8348461057616416 0.1791198198567042 0.022099447513812154 0.00997951934493347
6 0.38175802999210734 0.44629604094165815 0.014206767482241514 0.008700095803480041
46 0.37455608524072614 0.46519968884339813 0.030978707498026833 0.012026602251791198
13 0.7421074285714285 0.4823438280450358 0.007498031886345699 0.017400191606960082
2 0.8480663741120757 0.2194216090071648 0.013417511602209945 0.01023541453428864
13 0.6692975532754538 0.29887410440122825 0.009471191791633781 0.01765608679631525
21 0.4705999305445935 0.5690890481064483 0.01973163946329913 0.014841344524053224
2 0.5183504972375691 0.6274308454452404 0.013022903867403315 0.01023541453428864
5 0.5883979163378059 0.42425803070624357 0.014206767482241514 0.01023541453428864
13 0.8068271381215469 0.2571007737973388 0.0067087760063141285 0.018039929580348002
9 0.8417522462509865 0.1993346489252815 0.014601415627466457 0.010747178710337769
0 0.8305052186266771 0.4032752016376663 0.022494095659037094 0.011514838075742067
7 0.7334252501973165 0.6486694124872057 0.01775847955801105 0.012282497441146366
21 0.6616021973164957 0.6090231615148414 0.019928963535911604 0.015513049744114637
0 0.5860298658247829 0.5460592671443194 0.021310191633780583 0.00997951934493347
5 0.42225735122336233 0.69076241555783 0.01617996779794791 0.00997951934493347
5 0.3776143456985004 0.263114022517912 0.015193387845303866 0.010619231115660184
5 0.4180150655090766 0.6082394923234391 0.014404091554853986 0.011003073899692937
21 0.47987371744277824 0.6917861535312181 0.02012628760852407 0.016120768065506653
9 0.4337015816890292 0.34365392835209824 0.015390671507498026 0.00997951934493347
5 0.8155089123914759 0.2810900962128966 0.014601415627466457 0.00997951934493347
13 0.6065510844514601 0.5230936827021494 0.007892639621152327 0.017272270214943708
5 0.7590765714285714 0.6476459365404299 0.014404091554853986 0.00972365035823951
2 0.6385161294396211 0.17937555783009212 0.012233607576953433 0.01023541453428864
8 0.6637605177584847 0.2001023868986694 0.01482339005524862 0.00972365035823951
0 0.7470403283346487 0.2005301715455476 0.023283351539068665 0.008004415148413511
6 0.3429360644041042 0.5887921392016376 0.014206767482241514 0.00972365035823951
24 0.7845302857142857 0.5877686632548619 0.01617996779794791 0.014585475537359264
2 0.6769436085240726 0.6069600163766632 0.011740317600631413 0.00921185997952917
11 0.3315903545382794 0.19959064892528147 0.014700097868981847 0.01586489907881269
22 0.41712724861878453 0.6494371504605937 0.013812159747434886 0.01023541453428864
18 0.37425987687450674 0.6059365404298874 0.017462513654301497 0.017400191606960082
9 0.3646409850039463 0.20207746489252815 0.015193387845303866 0.010651224564994883
18 0.6156276685082873 0.5639714063459571 0.01617996779794791 0.015609003889457523
2 0.7140884609313339 0.383572110542477 0.011641675769534333 0.00972365035823951
7 0.7357933007103393 0.24334699692937561 0.022494095659037094 0.014329580348004094
2 0.3322809685872139 0.4456244667349028 0.012184306866614049 0.010107466939611055
2 0.5872138910812944 0.4449845977482088 0.012628255722178374 0.010107466939611055
35 0.8409630307813734 0.623848417604913 0.022888703393843725 0.018295798567041967
5 0.5142068129439621 0.15967246673490276 0.014206767482241514 0.011258969089048106
1 0.5990529313338596 0.20163760081883314 0.014206767482241514 0.013817816171954964
5 0.5872138910812944 0.26253835005117704 0.013812159747434886 0.010875126305015354
0 0.6477899163378058 0.44421685977482084 0.021902123441199687 0.010747178710337769
18 0.5333463993685873 0.4444089252814739 0.0205208953433307 0.012538392630501535
2 0.6097079463299132 0.5065249539406346 0.013417511602209945 0.00997951934493347
8 0.7668705288082084 0.1998463868986694 0.014798739700078925 0.01023541453428864
2 0.5507103520126282 0.40429893961105423 0.012233607576953433 0.00972365035823951
6 0.5171664719810576 0.527123914022518 0.013417511602209945 0.00946775516888434
10 0.4617205493291239 0.6867963807574207 0.013812159747434886 0.017016375025588535
8 0.5280190939226519 0.32433470624360283 0.014206767482241514 0.00997951934493347
5 0.6795581625887924 0.5250447328556807 0.014206767482241514 0.009787611054247696
18 0.47405300078926604 0.3208162128966223 0.01637725146014207 0.01496929211873081
2 0.5639306203630623 0.3433981903787104 0.011838999842146803 0.00921185997952917
0 0.8443170955011838 0.46462375435005115 0.023283351539068665 0.01189868085977482
6 0.7049625761641674 0.20042221658137155 0.013121545698500395 0.007804515046059366
0 0.7071823204419889 0.34416592835209825 0.022494095659037094 0.011258969089048106
5 0.45382799052880823 0.18078290276356193 0.013812159747434886 0.00972365035823951
13 0.8504340205209155 0.17502565404298875 0.00828728776637727 0.01791198198567042
2 0.8109708224151538 0.20037023050153532 0.014206767482241514 0.007700542886386898
5 0.4873718705603789 0.6084954923234391 0.014404091554853986 0.011258969089048106
2 0.802289048145225 0.24053230706243603 0.012628255722178374 0.00972365035823951
0 0.4051896069455406 0.4047606567041965 0.021902123441199687 0.010079482497441146
10 0.39581681452249406 0.5646110133060389 0.011937641673243883 0.016120768065506653
2 0.48628644672454613 0.5470830051177072 0.012036323914759275 0.00972365035823951
21 0.3363013202841358 0.5501534329580348 0.019978304656669298 0.014073685158648925
22 0.8295183962115233 0.24129978300921187 0.014206767482241514 0.01023541453428864
5 0.6882399368587214 0.3435260593654043 0.014206767482241514 0.00997951934493347
5 0.828334775059195 0.42272255475946774 0.014206767482241514 0.01023541453428864
8 0.6851816764009471 0.4446646632548618 0.014601415627466457 0.010811165609007165
0 0.3373063677979479 0.6090072302968271 0.02230909676400947 0.01023541453428864
10 0.5191397127071823 0.5844422354145343 0.013022903867403315 0.017400191606960082
8 0.33194184435674823 0.38561932446264074 0.015477028571428573 0.010747178710337769
5 0.7631216543014996 0.46455981985670425 0.014601415627466457 0.010875126305015354
6 0.5889899289660616 0.6288701576253839 0.014996063772691397 0.011067034595701125
4 0.5757696606156275 0.2618987430910952 0.009471191791633781 0.011642785670419651
7 0.7515784183109708 0.32382296827021495 0.01657457553275454 0.016120768065506653
13 0.6271211592738754 0.4206756028659161 0.008089963693764798 0.018167850972364383
24 0.4477110655090765 0.3060389600818833 0.014601415627466457 0.012026602251791198
12 0.48520142699289653 0.34135097645854656 0.02604576732438832 0.01688842743091095
12 0.7326360347277032 0.6663255516888433 0.01657457553275454 0.01842374616171955
5 0.4344907971586424 0.20167763848515866 0.013812159747434886 0.010219430910951894
0 0.6460142825572218 0.28249744114636643 0.022888703393843725 0.010747178710337769
18 0.7778217521704814 0.42041960286591606 0.017166547750591947 0.01688842743091095
2 0.6426598137332281 0.3433981903787104 0.012233607576953433 0.01023541453428864
5 0.617039527703236 0.34327032139201635 0.014416416732438831 0.00997951934493347
22 0.7592737742699289 0.6069600163766632 0.014601415627466457 0.01023541453428864
2 0.6022097932123126 0.7098900962128967 0.022494095659037094 0.011770733265097236
4 0.5509075548539858 0.2003581248720573 0.009076543646408839 0.00972365035823951
6 0.5327543867403315 0.20104193572159673 0.0205208953433307 0.009043953326509724
8 0.6771901120757695 0.4856705179119754 0.014996063772691397 0.010491309723643807
22 0.366367318074191 0.22295608597748207 0.014206767482241514 0.009627696212896622
2 0.7631216543014996 0.4229785547594678 0.012036323914759275 0.00972365035823951
1 0.7300711854775059 0.44562446673490275 0.014996063772691397 0.015353134902763563
10 0.41683104025256507 0.7077789477993859 0.013022903867403315 0.017272270214943708
22 0.7373717316495659 0.6275589764585466 0.014206767482241514 0.010491309723643807
0 0.5394633243883188 0.2830091791197543 0.021310191633780583 0.00972365035823951
2 0.6724544151539068 0.6686285035823951 0.011838999842146803 0.00997951934493347
2 0.3667128271507498 0.5671699651995905 0.011049743962115234 0.01023541453428864
7 0.42985410576164174 0.631013273285568 0.01617996779794791 0.014329580348004094
5 0.4293606945540647 0.38382811054247695 0.014996063772691397 0.01023541453428864
10 0.4335043788476717 0.4429376458546571 0.013417511602209945 0.017400191606960082
14 0.501973367008682 0.4421699078812692 0.007103383741120757 0.016376663254861822
9 0.5323599810576164 0.525844438075742 0.014996063772691397 0.01023541453428864
5 0.6906075832675612 0.5452917911975436 0.014206767482241514 0.01023541453428864
9 0.8496448050513024 0.48381536949846465 0.01578531965272297 0.011003073899692937
46 0.6154300615627467 0.38293250358239506 0.030386735280189425 0.012026602251791198
5 0.43212315074980273 0.46635103377686793 0.012825579794790843 0.00972365035823951
13 0.6079323125493292 0.5839304974411463 0.00828728776637727 0.017400191606960082
7 0.8243882936069457 0.3652763643807574 0.015390671507498026 0.014329580348004094
11 0.6145298790844514 0.421379144319345 0.014330100078926596 0.016312702558853635
5 0.5690607229676401 0.46583929580348005 0.014206767482241514 0.00997951934493347
7 0.669692363062352 0.5067170194472876 0.015390671507498026 0.012794261617195496
7 0.6329912170481452 0.6704197175025588 0.01657457553275454 0.013561920982599795
6 0.8232042683504341 0.34275832139201634 0.014996063772691397 0.00997951934493347
11 0.565903861089187 0.5239253551688843 0.014996063772691397 0.016120768065506653
22 0.6383620445146014 0.52635617604913 0.014712423046566694 0.00997951934493347
1 0.5055250386740332 0.4270727205731832 0.014601415627466457 0.014329580348004094
5 0.406866639305446 0.22236442988741043 0.013614835674822417 0.00972365035823951
13 0.8129440631412788 0.48176815557830094 0.00868193591160221 0.017784034390992836
0 0.336621936543015 0.24245138996929377 0.023579317442778216 0.010491309723643807
7 0.6629834254143646 0.5470830051177072 0.01657457553275454 0.011770733265097236
5 0.6921864183109707 0.4240339979529171 0.014601415627466457 0.010299375230296826
5 0.6917916085240726 0.15916072876151485 0.014206767482241514 0.01023541453428864
2 0.46191775217048153 0.3048873531218015 0.011838999842146803 0.00972365035823951
10 0.3309737723756906 0.3217118198567042 0.014157466771902131 0.018295798567041967
9 0.7198105761641673 0.200524171136131 0.014601415627466457 0.007920461821903787
2 0.6393054257300711 0.6069600163766632 0.012332289818468824 0.00997951934493347
4 0.4223559526440411 0.20217742804503583 0.010457771744277821 0.01129892814738997
7 0.34900336543015 0.5094677748208802 0.01637725146014207 0.013817816171954964
5 0.4901343267561168 0.5880246632548618 0.014206767482241514 0.011258969089048106
13 0.3280879835832676 0.30104918730808594 0.00887925998421468 0.01791198198567042
2 0.7413182131018153 0.5051176090071648 0.011444351696921862 0.00921185997952917
7 0.8429362715074981 0.6484134124872057 0.025256511444356748 0.013306025793244625
2 0.3386690879242305 0.36450862640736953 0.011986982794001578 0.00946775516888434
9 0.6600237663772691 0.4855423868986694 0.013022903867403315 0.010747178710337769
22 0.3841753812154696 0.527123914022518 0.014206767482241514 0.00972365035823951
18 0.6996841673243883 0.6857729048106449 0.014996063772691397 0.015353134902763563
4 0.620757771112865 0.15839299078812694 0.009076543646408839 0.011258969089048106
6 0.4800709202841358 0.4049385465711361 0.01578531965272297 0.00972365035823951
1 0.45580123125493294 0.5293948986693962 0.014996063772691397 0.013881776867963151
18 0.49822408839779003 0.5250767001023541 0.021310191633780583 0.014329580348004094
13 0.5329519936858721 0.5639714063459571 0.01026044767166535 0.01791198198567042
2 0.3875787466456196 0.28448045854657117 0.013121545698500395 0.010619231115660184
7 0.3649367892659826 0.4481831566018424 0.01627860962904499 0.013561920982599795
22 0.7133978468823994 0.6479016745138177 0.013812159747434886 0.010747178710337769
0 0.39226514285714287 0.2021494436028659 0.030781383425414366 0.010731195087001023
4 0.779400183109708 0.30168879426816786 0.011049743962115234 0.011258969089048106
11 0.6996841673243883 0.40150012855680656 0.014996063772691397 0.016792473285568064
0 0.4751380205209155 0.6701637175025589 0.021112867561168112 0.010747178710337769
5 0.35768554380426204 0.2428352589559877 0.014009483820047354 0.01023541453428864
19 0.6785713401736385 0.20060013265097237 0.012233607576953433 0.008160347185261003
5 0.775256498816101 0.34327032139201635 0.014206767482241514 0.00997951934493347
14 0.6237790964483031 0.36054259160696006 0.006560793054459353 0.015353134902763563
9 0.5698499384372533 0.4244658178096213 0.013812159747434886 0.009819604503582394
5 0.6329912170481452 0.5662743582395087 0.014996063772691397 0.00946775516888434
2 0.799920997632202 0.6067042784032753 0.013812159747434886 0.01023541453428864
23 0.6069454901341752 0.17950368884339815 0.011838999842146803 0.01023541453428864
13 0.6444358516179952 0.4618729989764585 0.007498031886345699 0.018167850972364383
13 0.6821230118389897 0.5021111156601843 0.007892639621152327 0.01944730071647902
2 0.33178767861089187 0.42451376867963153 0.012726897553275452 0.01023541453428864
6 0.5240726124704025 0.4250255066530194 0.018942383583267563 0.00946775516888434
5 0.4266968397790056 0.5065249539406346 0.013417511602209945 0.010747178710337769
8 0.682024410418311 0.5872569252814739 0.015587995580110498 0.011770733265097236
6 0.7896607924230465 0.6884594636642785 0.013812159747434886 0.01023541453428864
23 0.575966863456985 0.19997451791197543 0.012628255722178374 0.00946775516888434
10 0.5050809281767956 0.32068834390992834 0.012726897553275452 0.01676047983623337
8 0.4352800126282557 0.36386901944728767 0.015390671507498026 0.00972365035823951
19 0.6878451270718232 0.3229273613101331 0.011641675769534333 0.00972365035823951
2 0.7374703330702447 0.42400203070624365 0.012233607576953433 0.010491309723643807
13 0.5779401041831097 0.6253838935516889 0.007892639621152327 0.01893551033776868
9 0.5724151917916338 0.6069440851586488 0.014601415627466457 0.010651224564994883
0 0.4247235990528809 0.2213409539406346 0.021507515706393053 0.01023541453428864
7 0.33168285398579317 0.26496917093142275 0.016685582951854776 0.01471339692937564
13 0.611989437726914 0.6046331152507677 0.007954305919494871 0.020262910951893552
6 0.48599064246250984 0.16082407369498466 0.014601415627466457 0.010747178710337769
5 0.6580505256511444 0.7100818996929376 0.015390671507498026 0.011514838075742067
2 0.825966724546172 0.322671361310133 0.011838999842146803 0.01023541453428864
22 0.4101225067087609 0.6288381903787104 0.013812159747434886 0.010747178710337769
8 0.6513415880031571 0.6479016745138177 0.014996063772691397 0.010747178710337769
0 0.6979085335438042 0.7102737031729786 0.01854773543804262 0.011642785670419651
4 0.6099977819731649 0.7100179651995906 0.00765834001578532 0.012922209211873082
0 0.7525652407261247 0.2205732159672467 0.021310191633780583 0.01023541453428864
6 0.40341356906077347 0.5683213101330603 0.013812159747434886 0.00921185997952917
8 0.4390292912391475 0.7109775066530194 0.014996063772691397 0.010747178710337769
8 0.45856368745067083 0.2428352589559877 0.014996063772691397 0.01023541453428864
13 0.6793605556432518 0.15455482497441148 0.009767157695343332 0.01944730071647902
0 0.4485002809786898 0.2204132487205732 0.023677999684293606 0.010619231115660184
18 0.44790826835043407 0.6683725035823951 0.023283351539068665 0.013561920982599795
13 0.49467241673243884 0.21978954677584445 0.01006312359905288 0.016632558444216988
2 0.7156668918705604 0.28192176867963153 0.011838999842146803 0.009851597952917093
2 0.3492995737963694 0.7111053756397134 0.011740317600631413 0.01023541453428864
13 0.3609907119179163 0.3400717625383828 0.00828728776637727 0.021494357420675538
6 0.837016549329124 0.6873081187308087 0.01578531965272297 0.00972365035823951
2 0.42265175690607737 0.16018420470829067 0.011641675769534333 0.010747178710337769
5 0.4686266898184688 0.2217245609007165 0.014206767482241514 0.00972365035823951
4 0.817284950276243 0.2585720532241556 0.011049743962115234 0.006908908085977482
2 0.8480663741120757 0.3013049252814739 0.011838999842146803 0.01023541453428864
22 0.6503551696921863 0.4030194636642784 0.014206767482241514 0.01023541453428864
7 0.640884179952644 0.5483622190378711 0.01736387182320442 0.014841344524053224
0 0.7085635485398579 0.6067721694984647 0.021704799368587213 0.010739186898669395
24 0.5220993717442778 0.30539909109518937 0.01775847955801105 0.011770733265097236
5 0.7176401325966851 0.5452917911975436 0.013022903867403315 0.010747178710337769
13 0.6174033022888714 0.3211361473899693 0.009076543646408839 0.019191405527123846
6 0.5564324672454617 0.6899310051177072 0.015390671507498026 0.009595702763561923
13 0.6385161294396211 0.2989380388945752 0.007103383741120757 0.016376663254861822
4 0.6370362999210735 0.42317035823950866 0.01016180584056827 0.012538392630501535
0 0.6316594513022888 0.5063970849539406 0.021310191633780583 0.01023541453428864
2 0.8504340205209155 0.4021238567041965 0.013417511602209945 0.01023541453428864
7 0.5576164925019732 0.6301496335721597 0.022494095659037094 0.015033252814738997
8 0.5203237379636938 0.5665300962128966 0.014601415627466457 0.01023541453428864
2 0.3428374225730071 0.16146368065506653 0.011197726913970007 0.010747178710337769
22 0.5201261310181532 0.2830091791197543 0.014206767482241514 0.010747178710337769
14 0.39542240883977897 0.4626407369498465 0.0067087760063141285 0.016120768065506653
5 0.49861889818468824 0.2420675209825998 0.014206767482241514 0.01023541453428864
10 0.6687548413575375 0.2791070788126919 0.014206767482241514 0.01586489907881269
5 0.6947512675611681 0.5048618710337769 0.014996063772691397 0.010363362128966222
0 0.7911406219415943 0.1791198198567042 0.021310191633780583 0.00972365035823951
0 0.7056531902131018 0.2409481432958035 0.022395413417521704 0.009531742067553736
3 0.6720600094711917 0.21787038526100308 0.024467255564325177 0.018775595496417607
13 0.5516967703235991 0.300409318321392 0.00868193591160221 0.01893551033776868
2 0.5434098058405683 0.669332045035824 0.012628255722178374 0.010491309723643807
7 0.4762234443567482 0.30571902558853636 0.015587995580110498 0.014201632753326511
13 0.4117995390686661 0.19882291095189356 0.007103383741120757 0.017400191606960082
5 0.6767957063930545 0.5652508822927328 0.015390671507498026 0.01023541453428864
5 0.8007102131018152 0.44460072876151485 0.014996063772691397 0.012666314022517913
9 0.7302683883188634 0.2215966919140225 0.014601415627466457 0.011770733265097236
2 0.8084055690607734 0.4027634636642784 0.013022903867403315 0.010747178710337769
10 0.6312155832675611 0.5429888393039918 0.013417511602209945 0.01688842743091095
10 0.3998125966850829 0.4219550788126919 0.012134965745856353 0.016376663254861822
4 0.501973367008682 0.6278068536335721 0.01026044767166535 0.012810271443193449
10 0.5588001136543015 0.7073950788126919 0.014996063772691397 0.018167850972364383
14 0.800907820047356 0.684749166837257 0.007300707813733228 0.01714432262026612
13 0.6507499794790844 0.25614123234390995 0.00868193591160221 0.011770733265097236
2 0.4792817048145225 0.2830091791197543 0.011838999842146803 0.01023541453428864
13 0.8522100584056828 0.15404308700102357 0.007892639621152327 0.01791198198567042
4 0.44988150907655877 0.20122184319344935 0.013022903867403315 0.009403794472876151
0 0.6234337894238358 0.30258440122824976 0.021137517916337806 0.00997951934493347
8 0.38555660931333857 0.4252815066530195 0.014404091554853986 0.00972365035823951
0 0.8409630307813734 0.38280463459570113 0.03157063930544594 0.010747178710337769
5 0.7284923504340963 0.6059365404298874 0.014206767482241514 0.010747178710337769
24 0.5785321168113654 0.3446776663254862 0.014996063772691397 0.011770733265097236
2 0.4527425666929755 0.3435260593654043 0.012036323914759275 0.01023541453428864
14 0.6779793275453828 0.5420932323439099 0.007103383741120757 0.016632558444216988
14 0.7746644861878453 0.1555783009211873 0.007103383741120757 0.01586489907881269
2 0.43389878453038677 0.30546302558853633 0.011838999842146803 0.010107466939611055
14 0.8516180457774271 0.5414533633572159 0.006314127861089187 0.016376663254861822
13 0.3693762778216259 0.17758434390992833 0.008089963693764798 0.019959064892528147
2 0.6194288745067087 0.17835208188331628 0.01227676590370955 0.011258969089048106
13 0.7991317821625887 0.541709363357216 0.007892639621152327 0.01714432262026612
2 0.4040548823993686 0.7103378996929376 0.012726897553275452 0.011770733265097236
7 0.629439545382794 0.48822920777891504 0.014996063772691397 0.014585475537359264
10 0.45520921862667724 0.2607791033776868 0.013220187529597475 0.018359785465711362
14 0.5232833970007893 0.6049130644831117 0.007103383741120757 0.01791198198567042
10 0.640884179952644 0.1970316970317298 0.014996063772691397 0.01791198198567042
2 0.37174432833464877 0.4250255066530194 0.011641675769534333 0.01023541453428864
4 0.3571921325966851 0.6483494779938588 0.012036323914759275 0.01196264155578301
2 0.7892659826361483 0.36284554350051174 0.013022903867403315 0.00972365035823951
29 0.7975533512233622 0.3820368966223132 0.026440415469613256 0.01944730071647902
12 0.5651146456195738 0.32203175435005116 0.023677999684293606 0.019191405527123846
4 0.3306592985003946 0.5885364012282498 0.010248122494080506 0.011770733265097236
5 0.825572318863457 0.46398414738996924 0.013417511602209945 0.010363362128966222
6 0.6637233401736384 0.5864891873080859 0.014996063772691397 0.010747178710337769
13 0.6097079463299132 0.3600305916069601 0.007892639621152327 0.017400191606960082
5 0.39724734333070244 0.3241429027635619 0.014305449723756905 0.009851597952917093
2 0.8399762083662193 0.3430143213920164 0.013417511602209945 0.012026602251791198
8 0.6661406913970008 0.2627304155578301 0.014996063772691397 0.011386890481064484
2 0.7563141152328335 0.40404293961105425 0.012233607576953433 0.01023541453428864
8 0.381215318074191 0.22210842988741042 0.015193387845303866 0.01023541453428864
3 0.7472375311760063 0.2800666202661208 0.024861863299131808 0.019959064892528147
8 0.35502168902920284 0.6296059283520983 0.014700097868981847 0.00997951934493347
6 0.5402525398579322 0.6484134124872057 0.013417511602209945 0.00972365035823951
14 0.4769140584056827 0.4216990788126919 0.007103383741120757 0.01586489907881269
1 0.5524863898973954 0.4265609825997953 0.014601415627466457 0.013817816171954964
11 0.555840454617206 0.4421699078812692 0.022888703393843725 0.016376663254861822
5 0.5503155422257301 0.5269957830092118 0.013812159747434886 0.01023541453428864
8 0.35832685714285717 0.6905066775844421 0.01687054143646409 0.010747178710337769
22 0.443370178374112 0.24238745547594678 0.014996063772691397 0.011131021494370522
10 0.7756513086029991 0.4412743009211873 0.014601415627466457 0.01714432262026612
23 0.4747436148382005 0.5470830051177072 0.011049743962115234 0.00921185997952917
22 0.4595501057616417 0.4250255066530194 0.014601415627466457 0.01023541453428864
10 0.3633583583267561 0.4226266530194473 0.013417511602209945 0.018103890276356192
2 0.6341752423046566 0.36386901944728767 0.011838999842146803 0.00921185997952917
13 0.5335436022099447 0.42157120982599794 0.00868193591160221 0.016120768065506653
5 0.8587213891081295 0.564355275332651 0.023677999684293606 0.010491309723643807
2 0.5706391539068666 0.3631012814738997 0.011049743962115234 0.00972365035823951
18 0.7032358389897395 0.5442680532241556 0.007892639621152327 0.012794261617195496
14 0.8409630307813734 0.23771761719549642 0.006314127861089187 0.016120768065506653
2 0.7223758295185477 0.32241562333674517 0.011838999842146803 0.009851597952917093
10 0.6631806282557222 0.31921706448311155 0.013022903867403315 0.015609003889457523
2 0.6827150244672455 0.26138700511770724 0.012430931649565904 0.01023541453428864
13 0.7383581499605367 0.5836744974411464 0.007103383741120757 0.01688842743091095
8 0.5935280189423836 0.6489893469805527 0.015390671507498026 0.011386890481064484
6 0.6665350970797159 0.2411719140225179 0.014601415627466457 0.00997951934493347
6 0.7185279494869771 0.36374115046059363 0.0067087760063141285 0.00946775516888434
10 0.5217049660615627 0.17720073694984648 0.011838999842146803 0.016120768065506653
6 0.6397987561168114 0.24129978300921187 0.007991321862667718 0.00921185997952917
2 0.5591949234411997 0.6082394923234391 0.011838999842146803 0.00972365035823951
22 0.6099051491712707 0.6485735107471853 0.014206767482241514 0.01093908700102354
4 0.5228885872138911 0.6892272016376664 0.009865839936858722 0.012282497441146366
5 0.40728609944751376 0.2425792589559877 0.01455207450670876 0.010747178710337769
2 0.6582602557221784 0.6277507799385875 0.01141970134175217 0.010107466939611055
13 0.703532047355959 0.21622305015353122 0.00828728776637727 0.01893551033776868
2 0.3696724861878453 0.28416078607983625 0.012628255722178374 0.00997951934493347
0 0.6698895659037095 0.40356521269191403 0.021310191633780583 0.009847588945752304
13 0.8269535469613261 0.29708289048106445 0.009471191791633781 0.02021493387922211
3 0.623914632991318 0.2395085690890481 0.022099447513812154 0.01842374616171955
8 0.33095526440410417 0.406090153531218 0.015279704498816101 0.011258969089048106
2 0.40716244356748227 0.6702915864892528 0.012430931649565904 0.012154549846468783
29 0.6681135280189423 0.3426304524053224 0.023677999684293606 0.02047082906857728
4 0.7216852154696133 0.4232342927328557 0.010852419889502763 0.012282497441146366
2 0.45382799052880823 0.5675538341862846 0.012628255722178374 0.00972365035823951
13 0.8401738153117599 0.5813715455475946 0.00868193591160221 0.01970316970317298
10 0.49348839147592743 0.19856691095189355 0.013417511602209945 0.01791198198567042
2 0.5126283820047356 0.44552830296827023 0.012628255722178374 0.009659663459570113
4 0.730465591160221 0.5441401842374616 0.009471191791633781 0.011770733265097236
10 0.8251775090765588 0.5021750501535313 0.014206767482241514 0.01688842743091095
6 0.8145224940805051 0.6681167656090072 0.021704799368587213 0.011003073899692937
13 0.804952498816101 0.2778915373592631 0.007300707813733228 0.017400191606960082
0 0.7020522178374112 0.6274308454452405 0.021310191633780583 0.009851597952917093
10 0.8180741657458565 0.3187053265097236 0.013417511602209945 0.01714432262026612
22 0.5323599810576164 0.6281985834186284 0.013417511602209945 0.011258969089048106
2 0.4252170102604578 0.7107854411463664 0.011838999842146803 0.011131021494370522
7 0.3801302983425414 0.7119370481064483 0.01617996779794791 0.016376663254861822
13 0.3284086402525651 0.21929374002047083 0.008040662983425415 0.01688842743091095
8 0.36695933070244674 0.5479786120777891 0.013910801578531964 0.00972365035823951
13 0.7764405240726124 0.27737979938587515 0.007892639621152327 0.019191405527123846
9 0.4383386771902131 0.32459070624360287 0.014601415627466457 0.011003073899692937
10 0.7936068697711128 0.6237205486182191 0.013022903867403315 0.017400191606960082
2 0.35466405682715074 0.26394569498464693 0.011469002052091556 0.010363362128966222
6 0.611070706866614 0.15826512180143296 0.008903910339384372 0.010747178710337769
13 0.6667322999210734 0.3805014206755374 0.00887925998421468 0.01714432262026612
6 0.48520142699289653 0.6291261576253838 0.021112867561168112 0.010363362128966222
22 0.7800907971586425 0.322671361310133 0.014404091554853986 0.01023541453428864
18 0.3909825161799526 0.23963670010235413 0.017166547750591947 0.015736951484135106
22 0.4889503014996054 0.4252815066530195 0.013812159747434886 0.00972365035823951
21 0.4141671854775059 0.32599805117707265 0.01775847955801105 0.014073685158648925
2 0.3789955737963694 0.5912891034595701 0.012726897553275452 0.0034584630501535312
5 0.5132203946329914 0.32459070624360287 0.013417511602209945 0.00972365035823951
8 0.4494871033938438 0.608751230296827 0.014601415627466457 0.010491309723643807
8 0.7205011902131018 0.6274308454452404 0.014404091554853986 0.010747178710337769
14 0.7474347340173638 0.6447031156601842 0.0067087760063141285 0.016632558444216988
1 0.623520227308603 0.2640096294779939 0.013417511602209945 0.013561920982599795
13 0.7692381752170482 0.5221341412487206 0.009076543646408839 0.01765608679631525
2 0.33901439494869773 0.32452650972364383 0.012085624625098658 0.010107466939611055
0 0.4248226045777427 0.6700358485158648 0.0205208953433307 0.010491309723643807
4 0.5250590307813734 0.36284554350051174 0.00868193591160221 0.010747178710337769
6 0.5080898879242305 0.4048106775844422 0.01578531965272297 0.00921185997952917
10 0.5722179889502762 0.15711351484135105 0.013417511602209945 0.01688842743091095
9 0.6231008479873718 0.2204453469805527 0.015193387845303866 0.010491309723643807
13 0.8545777048145226 0.3792222067553736 0.007498031886345699 0.016120768065506653
6 0.7474347340173638 0.44479279426816787 0.01696922367797948 0.010491309723643807
4 0.7336228571428571 0.32203175435005116 0.009865839936858722 0.012282497441146366
2 0.4420875516969218 0.44540043398157625 0.012430931649565904 0.009595702763561923
7 0.7823598421468034 0.22210842988741042 0.0230860274664562 0.015353134902763563
23 0.7501971902131018 0.42400203070624365 0.012036323914759275 0.01023541453428864
9 0.6687055406471981 0.6486694124872057 0.014601415627466457 0.011514838075742067
6 0.40015770165745856 0.6906984810644831 0.012825579794790843 0.009851597952917093
6 0.4956588350434096 0.18103890276356194 0.009865839936858722 0.00972365035823951
13 0.4897395169692186 0.20161367778915046 0.007892639621152327 0.010187437461617196
8 0.34796764640883976 0.20278920777891504 0.015292029676400948 0.010747178710337769
12 0.5735992170481452 0.28236957215967246 0.02604576732438832 0.021494357420675538
10 0.6625886156274664 0.5234136171954964 0.021704799368587213 0.017400191606960082
9 0.5552484419889503 0.6481576745138178 0.014996063772691397 0.010747178710337769
22 0.6937648492501973 0.48451891095189353 0.014206767482241514 0.011003073899692937
22 0.568666317284925 0.17963155783009213 0.014601415627466457 0.01023541453428864
2 0.34742493449092343 0.4041708085977482 0.012825579794790843 0.00997951934493347
14 0.5481450986582478 0.23771761719549642 0.005919479715864246 0.01688842743091095
23 0.404597594317285 0.6493090194472876 0.011838999842146803 0.011322929785056295
4 0.48164975532754534 0.2204453469805527 0.009865839936858722 0.010747178710337769
13 0.6266648448303078 0.5175282374616172 0.004661584214680347 0.008188331627430911
10 0.6267018607734807 0.6045291692937563 0.01913970765588003 0.016984381576253836
7 0.8263615343330702 0.44460072876151485 0.02604576732438832 0.01548105629477994
18 0.6233844887134964 0.2595957911975435 0.01270224719810576 0.004861825179119755
8 0.7919298374112076 0.40353120163766637 0.014798739700078925 0.010491309723643807
6 0.5532756053670087 0.48643799385875125 0.014601415627466457 0.00972365035823951
0 0.5368980710339385 0.2208289539406346 0.020915543488555642 0.00972365035823951
6 0.6923836211523283 0.22070113735926303 0.014601415627466457 0.010043506243602866
6 0.6035910213101815 0.6083354726714433 0.007892639621152327 0.01023541453428864
6 0.802289048145225 0.5245649621289662 0.01578531965272297 0.00997951934493347
6 0.34895406471981055 0.44572036847492325 0.007991321862667718 0.009659663459570113
10 0.6551401673243883 0.1765608679631525 0.02022492943962115 0.016632558444216988
7 0.6250708962904499 0.4444089252814739 0.021415016258879243 0.011131021494370522
14 0.7036306487766376 0.46129732650972366 0.0067087760063141285 0.017272270214943708
6 0.5842542320441989 0.46526362333674515 0.014601415627466457 0.009851597952917093
13 0.5670874822415154 0.6865403807574206 0.009471191791633781 0.01765608679631525
13 0.49151555485398574 0.6453429846468782 0.007695355958958169 0.01791198198567042
10 0.746448315706393 0.3601587226202661 0.014206767482241514 0.01586489907881269
11 0.5177584846093133 0.23874109314227226 0.022494095659037094 0.016376663254861822
13 0.7109311949486977 0.17476965404298875 0.007103383741120757 0.01842374616171955
18 0.6951460773480663 0.6467503295803481 0.021704799368587213 0.013561920982599795
2 0.6086628116811366 0.669140241555783 0.004994566061562747 0.010491309723643807
13 0.7235594506708761 0.40160407451381785 0.009865839936858722 0.01556102681678608
4 0.7772297395422257 0.6882037256908905 0.009076543646408839 0.012026602251791198
14 0.44258096290449883 0.6264073694984647 0.0067087760063141285 0.016376663254861822
4 0.3314917127071823 0.6700358485158648 0.010803078768745068 0.011258969089048106
24 0.727703134964483 0.18091103377686796 0.01617996779794791 0.014329580348004094
11 0.6043802367797947 0.3205604749232344 0.014206767482241514 0.017528139201637667
4 0.4169296416732439 0.44415292528147393 0.00868193591160221 0.01317810440122825
2 0.3385950964483031 0.6493090194472876 0.023628658563535913 0.011003073899692937
4 0.6529204230465667 0.4633924912998976 0.00878057774269929 0.013082150255885364
4 0.6191793401736385 0.6686285035823951 0.01026044767166535 0.012538392630501535
6 0.8433306771902132 0.4229785547594678 0.014206767482241514 0.01023541453428864
16 0.5668902794001579 0.4030194636642784 0.018153127703235992 0.011514838075742067
13 0.8088003788476716 0.684365297850563 0.007498031886345699 0.01714432262026612
11 0.5568272770323599 0.15698564585465713 0.014206767482241514 0.016632558444216988
12 0.5361088555643252 0.34211871443193453 0.01696922367797948 0.01791198198567042
13 0.470797133385951 0.4831755005117707 0.009076543646408839 0.01676047983623337
12 0.6393053449092344 0.7093141617195496 0.01578531965272297 0.020982593244626407
6 0.45885949171270723 0.38408384851586486 0.014601415627466457 0.00972365035823951
2 0.5303867403314917 0.17988729580348004 0.012628255722178374 0.00921185997952917
13 0.6087215280189424 0.1555783009211873 0.013812159747434886 0.01586489907881269
9 0.3577841452249408 0.5910682019242579 0.014009483820047354 0.003016659979529171
22 0.850631223362273 0.2584441842374616 0.014601415627466457 0.007164803275332652
13 0.503749000789266 0.4005886427840327 0.007103383741120757 0.018167850972364383
11 0.3732241578531965 0.3408392384851586 0.014601415627466457 0.015353134902763563
22 0.6994869644830308 0.5854657113613101 0.014798739700078925 0.00997951934493347
18 0.4012924262036306 0.5915789730194473 0.021014225730071032 0.0040102124872057315
2 0.7642066740331492 0.6276868454452406 0.013812159747434886 0.00997951934493347
6 0.7476323409629045 0.3433981903787104 0.01617996779794791 0.00972365035823951
2 0.4678374743488556 0.20150973183213922 0.010852419889502763 0.010747178710337769
18 0.6998324735595896 0.5639714063459571 0.023381993370165745 0.012794261617195496
2 0.7018546108918705 0.44178603889457524 0.014206767482241514 0.017528139201637667
18 0.7977505540647198 0.20042019897645855 0.010655095816890291 0.007760520777891505
6 0.681530999210734 0.383316372569089 0.00927386771902131 0.00921185997952917
2 0.5702447482241515 0.7102097686796316 0.018153127703235992 0.010875126305015354
18 0.33126973827940015 0.2598515291709314 0.016031984846093132 0.004350061003070625
8 0.3996646945540647 0.5253327001023541 0.014798739700078925 0.013306025793244625
12 0.8433306771902132 0.6042731954964176 0.025256511444356748 0.01970316970317298
13 0.4457378247829518 0.5840583664278403 0.007892639621152327 0.018679641351074718
10 0.5923439936858721 0.6053847909928353 0.01617996779794791 0.01658458137154555
13 0.9167325651144436 0.2581884462640737 0.007103383741120757 0.007676567451381781
8 0.7423046314127861 0.6069600163766632 0.014206767482241514 0.011258969089048106
24 0.5923439936858721 0.40570628454452407 0.014996063772691397 0.013050156806550665
8 0.8018942383583267 0.6482855435005118 0.014996063772691397 0.012282497441146366
4 0.5343332217837411 0.24034024155578299 0.009865839936858722 0.012282497441146366
13 0.7590765714285714 0.33853628659160695 0.00868193591160221 0.01893551033776868
13 0.4192976921862668 0.30168879426816786 0.00868193591160221 0.01765608679631525
13 0.626677089187056 0.5224538137154554 0.005524871981057617 0.018551693756397133
18 0.4012924262036306 0.5875129252814739 0.022198089344909234 0.012026602251791198
2 0.684293455406472 0.46443195087001027 0.022888703393843725 0.010491309723643807
2 0.5262430560378848 0.5465712671443194 0.024861863299131808 0.010747178710337769
4 0.7376675359116023 0.5176561064483112 0.012430931649565904 0.006908908085977482
6 0.4844118074191003 0.4868218628454452 0.012628255722178374 0.00921185997952917
6 0.503749000789266 0.6491172159672466 0.01578531965272297 0.01068321801432958
5 0.8210338247829518 0.5978841482088024 0.012628255722178374 0.007580613306038895
6 0.5292027150749802 0.6692041760491301 0.013417511602209945 0.011131021494370522
8 0.4956588350434096 0.6899949396110542 0.014206767482241514 0.010747178710337769
23 0.5741908255722178 0.4449845977482088 0.012628255722178374 0.010491309723643807
2 0.6586425382794001 0.42400203070624365 0.011049743962115234 0.011003073899692937
2 0.646803498026835 0.3830603725690891 0.025256511444356748 0.01023541453428864
6 0.41199674191002367 0.3047594841351075 0.022494095659037094 0.011003073899692937
22 0.6146979056037886 0.5386386734902764 0.012119528966061563 0.007676567451381781
4 0.3951262004735596 0.22185269191402252 0.00927386771902131 0.012282497441146366
18 0.3923637442778216 0.6281346489252815 0.021704799368587213 0.011514838075742067
4 0.825572318863457 0.4837511729785057 0.01617996779794791 0.011258969089048106
13 0.34481038042620366 0.25639723234390993 0.00927386771902131 0.011258969089048106
13 0.7918312359905288 0.2558852323439099 0.00868193591160221 0.012282497441146366
13 0.7035813480662984 0.4557318812691914 0.007202065982636148 0.005629484544524053
13 0.4844118074191003 0.39519495336745136 0.006906059668508287 0.00426209866939611
6 0.3450572880820837 0.4456564339815763 0.011838999842146803 0.00997951934493347
13 0.6450769629044988 0.6859007737973387 0.00818864593528019 0.01688842743091095
10 0.4054854112075769 0.34109523848515866 0.020915543488555642 0.016376663254861822
9 0.603393818468824 0.26170667758444216 0.01657457553275454 0.011258969089048106
10 0.5001973291239147 0.28192176867963153 0.014996063772691397 0.019191405527123846
13 0.6592345509076559 0.49680140839303993 0.005130223835832675 0.005629484544524053
7 0.4563932438831886 0.4875896008188332 0.01637725146014207 0.016632558444216988
7 0.4368588476716654 0.4257932446264074 0.026440415469613256 0.01791198198567042
1 0.612075592738753 0.5452917911975436 0.01657457553275454 0.02047082906857728
13 0.336128646566693 0.2997697113613101 0.005376889029202842 0.018807562743091095
2 0.6775849218626677 0.2822414411463664 0.012628255722178374 0.00921185997952917
13 0.8061365240726125 0.7047721924257931 0.007695355958958169 0.01970316970317298
4 0.47947890765588 0.20112586284544523 0.009076543646408839 0.011258969089048106
6 0.6491711444356748 0.2412038812691914 0.01736387182320442 0.009595702763561923
6 0.4388320883977901 0.5882804012282498 0.021507515706393053 0.00972365035823951
4 0.554459226519337 0.21993347799385876 0.01026044767166535 0.012538392630501535
2 0.5114443567482242 0.46635103377686793 0.011838999842146803 0.011258969089048106
0 0.4746450134175217 0.646878198567042 0.024072607419100236 0.014073685158648925
22 0.7803866014206787 0.24078804503582396 0.01637725146014207 0.00972365035823951
12 0.4415941404893449 0.17873595087001024 0.009471191791633781 0.015353134902763563
6 0.34259075737963696 0.5918068706653019 0.013516193843725335 0.004477982395087001
13 0.7746644861878453 0.20066210194472875 0.003946327892659826 0.008236308700102354
2 0.4012431254932913 0.44527256499488227 0.021704799368587213 0.010811165609007165
13 0.5810969660615628 0.40046051177072667 0.007103383741120757 0.018167850972364383
13 0.7140884609313339 0.4414021699078812 0.00848461183898974 0.01714432262026612
24 0.35655081925808996 0.2830091791197543 0.013318869771112865 0.00997951934493347
13 0.3764800252565114 0.24002056908904812 0.007892639621152327 0.017400191606960082
2 0.5812945730071034 0.6686924380757421 0.012628255722178374 0.01023541453428864
23 0.7034334459352802 0.28172970317297846 0.012233607576953433 0.00946775516888434
6 0.4781966850828729 0.6290941903787103 0.007892639621152327 0.00972365035823951
19 0.3433800132596685 0.6906345465711361 0.012529613891081294 0.01023541453428864
11 0.7052090797158642 0.4818320900716479 0.003946327892659826 0.018167850972364383
24 0.7884767671665351 0.591316089580348 0.00868193591160221 0.0035004397134083933
0 0.7487173606945541 0.5864891873080859 0.01578531965272297 0.00972365035823951
14 0.7867007292817679 0.3398157625383828 0.0067087760063141285 0.016376663254861822
13 0.6093965800157853 0.23906102763561923 0.0064806187845303865 0.016248715660184238
13 0.5033541910023678 0.39719406182190375 0.0067087760063141285 0.00829227758444217
12 0.525651043409629 0.2562691013306039 0.009471191791633781 0.011514838075742067
5 0.5872138910812944 0.25946766018423745 0.012628255722178374 0.005117694165813715
14 0.7659827119179163 0.1549386939611054 0.006314127861089187 0.016632558444216988
4 0.8145224940805051 0.7086106202661208 0.01026044767166535 0.012154549846468783
13 0.5416337679558011 0.1901228413510747 0.005524871981057617 0.005629484544524053
13 0.7173439242304657 0.2585081187308086 0.00828728776637727 0.01548105629477994
6 0.7156668918705604 0.22050920286591608 0.013022903867403315 0.010299375230296826
2 0.615232858721389 0.4862461903787103 0.013417511602209945 0.009851597952917093
8 0.8342540931333859 0.2584441842374616 0.01578531965272297 0.007164803275332652
9 0.7754537016574585 0.6064482784032753 0.014996063772691397 0.010747178710337769
4 0.8184689755327546 0.6875638567041966 0.011049743962115234 0.011514838075742067
4 0.5410417553275454 0.322671361310133 0.00868193591160221 0.012026602251791198
5 0.8608918326756118 0.6460145588536336 0.009471191791633781 0.009339807574206755
13 0.6134200069455407 0.2647773674513818 0.0068690841357537495 0.010491309723643807
2 0.42265175690607737 0.2839047860798362 0.012430931649565904 0.012282497441146366
0 0.48273477505919493 0.45713922620266123 0.022296771586424624 0.0028147422722620266
18 0.653216227308603 0.5062692159672467 0.01726518958168903 0.010747178710337769
6 0.5641278232044199 0.2003581248720573 0.009865839936858722 0.00921185997952917
6 0.6242107201262825 0.6287103213920164 0.013738168271507499 0.010491309723643807
13 0.7583859573796369 0.4406346939611054 0.009865839936858722 0.01791198198567042
13 0.5852406503551697 0.5225180102354146 0.011049743962115234 0.019191405527123846
19 0.40341356906077347 0.6077277543500511 0.013220187529597475 0.011258969089048106
22 0.8180741657458565 0.6461104605936541 0.014206767482241514 0.011258969089048106
13 0.37287864877663773 0.6669651586489252 0.006906059668508287 0.016120768065506653
22 0.6018153875295975 0.2828813101330604 0.014206767482241514 0.011258969089048106
4 0.4638909928966062 0.3433981903787104 0.009076543646408839 0.011003073899692937
8 0.545777452249408 0.587000925281474 0.014996063772691397 0.012026602251791198
14 0.34500798737174426 0.3015609252814739 0.007892639621152327 0.017272270214943708
7 0.7560183109707971 0.5066530849539407 0.01637725146014207 0.013561920982599795
22 0.5595897332280978 0.24155578300921188 0.014206767482241514 0.01023541453428864
13 0.39172243093922654 0.40146813510747187 0.010655095816890291 0.016792473285568064
12 0.5347276274664562 0.40143616786079833 0.0205208953433307 0.016600564994882293
18 0.849249995264404 0.44370512180143296 0.018153127703235992 0.011642785670419651
7 0.5418309707971586 0.5932462247697031 0.007103383741120757 0.007340701740020471
2 0.7591751728492502 0.4850306489252815 0.023283351539068665 0.011003073899692937
4 0.7028414333070244 0.3616939365404299 0.00868193591160221 0.013561920982599795
19 0.8376085619573795 0.3219038853633572 0.009865839936858722 0.01023541453428864
13 0.6096648082083662 0.6857729048106449 0.006992416732438831 0.021238488433981576
6 0.6065510844514601 0.2204453469805527 0.014206767482241514 0.010491309723643807
13 0.5301895374901342 0.21652700102354144 0.0067087760063141285 0.014809377277379734
2 0.6365428887134964 0.6484134124872057 0.012628255722178374 0.00946775516888434
13 0.6369376985003947 0.20081402497441148 0.006314127861089187 0.00858815803480041
13 0.7954815090765588 0.34019963152507676 0.009471191791633781 0.01714432262026612
7 0.5885951191791633 0.18039929580348005 0.022494095659037094 0.01688842743091095
13 0.8563537426992897 0.43126278812691915 0.005524871981057617 0.005885353531218014
8 0.6479875232833464 0.3210722128966223 0.014206767482241514 0.014457527942681677
18 0.44455420363062353 0.6894832016376663 0.020915543488555642 0.013050156806550665
18 0.6661406913970008 0.2572928393039918 0.015390671507498026 0.00946775516888434
0 0.6493687513812154 0.30245653224155583 0.014206767482241514 0.00946775516888434
7 0.5410417553275454 0.38561932446264074 0.024861863299131808 0.013306025793244625
13 0.7280979447513812 0.15685777686796315 0.009076543646408839 0.012794261617195496
2 0.6452989373322809 0.21775852610030705 0.018991724704025256 0.014841344524053224
18 0.620581945382794 0.5268679140225179 0.016975366061562747 0.00921185997952917
4 0.415055406471981 0.5056296090071648 0.010457771744277821 0.013306025793244625
18 0.48747047198105764 0.4452405977482088 0.01756115548539858 0.011258969089048106
8 0.7637136669297554 0.2588280532241556 0.015587995580110498 0.006397143909928352
10 0.522494181531176 0.6460465261003071 0.0205208953433307 0.01765608679631525
11 0.5333463993685873 0.2587001842374616 0.024861863299131808 0.016632558444216988
4 0.4948696195737964 0.26081107062436026 0.00927386771902131 0.01368986857727738
2 0.8342540931333859 0.5044780020470829 0.013417511602209945 0.00946775516888434
0 0.7022494206787687 0.6071359934493348 0.009865839936858722 0.009563709314227226
13 0.35753764167324387 0.6035057195496417 0.014404091554853986 0.020726724257932445
10 0.8385949802683504 0.6640865342886387 0.021704799368587213 0.017016375025588535
12 0.6078442542067877 0.2808340962128966 0.0033759631254932907 0.018679641351074718
11 0.5075471760063142 0.6049130644831117 0.023579317442778216 0.016376663254861822
7 0.5536700110497238 0.5671699651995905 0.02604576732438832 0.01765608679631525
22 0.7425018342541436 0.3019447942681679 0.013417511602209945 0.00997951934493347
11 0.6091098559747435 0.3180015230296827 0.005894829360694554 0.020854645649948822
13 0.837411359116022 0.4823438280450358 0.007892639621152327 0.01714432262026612
13 0.8551697174427781 0.20023429109518934 0.0067087760063141285 0.00682893756397134
2 0.6754144782951854 0.36284554350051174 0.012233607576953433 0.01023541453428864
24 0.8078135564325177 0.36386901944728767 0.01617996779794791 0.014841344524053224
12 0.4329123662194159 0.6088790992835209 0.014009483820047354 0.01893551033776868
13 0.6948498689818469 0.6237525158648926 0.007399349644830308 0.017016375025588535
6 0.3327989493291239 0.46622316479017406 0.016919882557221783 0.00997951934493347
