12 0.2273023416856492 0.36511283701846364 0.02668398047510576 0.018007764759516754
12 0.620566159453303 0.22837359106450877 0.028148337129840547 0.016925060405744246
35 0.6314676108037749 0.4595395486665147 0.03091443670680117 0.014588557100524277
12 0.6753173368044256 0.459881504444951 0.01789784054669704 0.013904762252108502
18 0.5594695476732834 0.4591975928880784 0.018386014969085585 0.01527235194894005
21 0.6282135034168564 0.30348190198313196 0.01692149170191995 0.015899193070435375
18 0.6579889775463716 0.18319750973330293 0.01659616426944354 0.01626962571233189
21 0.527340006508298 0.39497374606792796 0.01699280182232346 0.01607017095965352
18 0.5681743807354377 0.39012987827672674 0.018548628701594534 0.016640058354228403
4 0.4796615268467295 0.3676772719398222 0.011389525805401887 0.01253705584682015
19 0.6609176908558412 0.46250289309323 0.010738687666775139 0.00866196161385913
4 0.5571916225187113 0.5534248497834511 0.012040347282785552 0.012252053795304309
11 0.25056943442889684 0.20341350353316617 0.015619915392124959 0.016298102575792114
1 0.5028473127237227 0.44118982812856167 0.014643666514806378 0.014588557100524277
18 0.2511389157175399 0.549350324139503 0.017084272046859746 0.016925060405744246
18 0.3384518268792711 0.7133576840665603 0.0178571871135698 0.01686798997036699
21 0.41148721900423035 0.3246523492135856 0.010087866189391474 0.01641212673808981
18 0.5292060657338107 0.6909049610211989 0.01871140904653433 0.017095921586505584
18 0.3987145434428897 0.6440905147025302 0.015457201692157502 0.016469080465010257
18 0.19085587243735763 0.22897195532254389 0.024731616010413276 0.014930512878960564
4 0.3939147725349821 0.1583086026897652 0.011389525805401887 0.013448782311374516
11 0.4629026488773186 0.2719967613403237 0.014969093914741296 0.016640058354228403
18 0.6395216557110315 0.34545248051059946 0.016270736869508622 0.015158444495099156
4 0.3725187373901725 0.5292910581262822 0.012365774682720468 0.01253705584682015
18 0.6125935880247315 0.6221221317529063 0.015619915392124959 0.015044420332801458
4 0.37870155808656036 0.5500342356963757 0.01171493654409372 0.00866196161385913
1 0.5898348298080052 0.534818837474356 0.01525381789781972 0.01641212673808981
7 0.23153263130491378 0.622977021198997 0.01659616426944354 0.01595626350581263
19 0.619427196876017 0.18532030818326875 0.010738687666775139 0.010713474538408936
23 0.37969818366417185 0.3440278203783907 0.009630248486820696 0.010941417825393207
1 0.2582167783924504 0.6006382056074766 0.014318255776114546 0.016640058354228403
4 0.18451027139602996 0.13779347344426715 0.011552222844126263 0.012992919079097333
23 0.35974622844126264 0.20230220560747664 0.01171493654409372 0.0038750825621153406
9 0.2559388532378783 0.34362891087303393 0.014480969476082003 0.011853144289947572
1 0.2608200976244712 0.693811235012537 0.014643666514806378 0.01584223934351493
4 0.4529368929384966 0.6454296275359016 0.011633579694109992 0.013790738089810805
18 0.5573544028636511 0.529860945520857 0.015457201692157502 0.015158444495099156
1 0.21656367068011717 0.4602804139503077 0.014318255776114546 0.013106943241395032
4 0.4037585681744224 0.13542849327558698 0.013016596160104133 0.014075623432869843
11 0.5014644295476732 0.3195520729427855 0.015457201692157502 0.016469080465010257
4 0.3523429716889034 0.549806304080237 0.012528471721444842 0.009117848187827673
1 0.5164333901724699 0.5105994985183496 0.01594532613081679 0.01595626350581263
18 0.262853935567849 0.6427584043765672 0.014806380214773835 0.014574318668794165
16 0.279978861047836 0.5504900989286527 0.016758877969410998 0.007750165124230681
0 0.42775792255125283 0.18281282698883064 0.02408066124308493 0.010713474538408936
4 0.22827852391799544 0.228858047868703 0.011389525805401887 0.01287901162525644
12 0.35161087666775137 0.18306929382265785 0.015294504653433127 0.01595626350581263
9 0.44842169606247967 0.4606222530202872 0.015294504653433127 0.011055395304308182
23 0.6317930048812236 0.3940050658764531 0.011877650244061178 0.010371553772509687
8 0.631304830458835 0.5090038604969228 0.01659616426944354 0.010941417825393207
23 0.4854376465994143 0.298524010029633 0.012203060982753009 0.010827440346478232
38 0.2604947035470225 0.38876228857989514 0.020501159778717866 0.018577652154091632
4 0.3032053003579564 0.6202416083884204 0.011552222844126263 0.013676830635969911
19 0.600064999674585 0.2769546532938227 0.009437028050764724 0.010713474538408936
9 0.2577286039700618 0.36670847503989057 0.014643666514806378 0.011055395304308182
18 0.6439960325414904 0.3219170531114657 0.01594532613081679 0.015158444495099156
18 0.2844125844451676 0.4348073927513107 0.014318255776114546 0.014588557100524277
23 0.5103318763423365 0.20646227855026214 0.011877650244061178 0.010485531251424663
4 0.5758623781321185 0.3452815026213814 0.012935239310120404 0.013334874857533622
1 0.43597458119101856 0.5332801531798496 0.014969093914741296 0.01595626350581263
4 0.3027172925479987 0.1126481695919763 0.012528471721444842 0.012679556872578072
2 0.5816791513179304 0.18497835240483243 0.01171493654409372 0.01139730439936175
23 0.6879270654083957 0.5790118951447458 0.012691185421412302 0.010656485798951449
4 0.29356493849658316 0.6907909368589012 0.011796293394077449 0.011625259357191702
5 0.32472346241457856 0.1592204458627764 0.015294504653433127 0.011625259357191702
2 0.5173282655385616 0.16161390289491678 0.012203060982753009 0.011169361112377478
2 0.45053700748454273 0.18321173649418737 0.012691185421412302 0.011511281878276727
14 0.3835014956068988 0.18159833544563483 0.008135368434754311 0.012943084568041942
19 0.29181584119752685 0.528835194894005 0.010820044516758867 0.010485531251424663
0 0.6324437930361211 0.5785274383405516 0.02342987308818744 0.010485531251424663
4 0.4037585681744224 0.3435719571461135 0.011877650244061178 0.012764987462958741
14 0.3945757240481614 0.5278094442671529 0.007016765896518061 0.01618419512195122
14 0.40253829873088187 0.5273535810348757 0.007647243996095021 0.01595626350581263
8 0.5027660058574682 0.6235467918851152 0.01594532613081679 0.010941417825393207
12 0.5456800364464692 0.7150102758149076 0.018874022779043282 0.019375471164805105
9 0.21062477058249268 0.2758719489400502 0.014969093914741296 0.011739236836106679
2 0.2853889332899447 0.41281053293822656 0.012040347282785552 0.011169361112377478
4 0.5147275621217051 0.45965357282881236 0.011709854864952815 0.014132693868247092
2 0.44785221477383663 0.6236038623204924 0.013911488187438986 0.011055395304308182
8 0.5105759635535307 0.6938681887394575 0.01659616426944354 0.011853144289947572
18 0.6672632918971689 0.6216377916571689 0.018874022779043282 0.01686798997036699
4 0.2733485193621868 0.22800315842261226 0.011552222844126263 0.013676830635969911
8 0.3379229990237552 0.5507180305447914 0.01631142362512203 0.007294278550262138
7 0.3152457142857143 0.532026470936859 0.02424344158802473 0.01595626350581263
18 0.5257891780019526 0.48216324960109413 0.018874022779043282 0.016640058354228403
8 0.5404124178327367 0.5313425593799863 0.01614870992515457 0.011169361112377478
9 0.5249552827855516 0.716662867563255 0.015091120859095346 0.01253705584682015
4 0.49349169150667105 0.27433326464554364 0.013016596160104133 0.014018669705949395
4 0.5700049515131793 0.18463639662639617 0.011470882655385616 0.013676830635969911
2 0.5193622700943703 0.3687278814679736 0.012365774682720468 0.011746356051971735
4 0.4162056830458835 0.7159790727148393 0.011877650244061178 0.012992919079097333
1 0.3883827399934917 0.20782286573968545 0.015294504653433127 0.01619843355368133
2 0.3947283410348194 0.39092769728744015 0.012691185421412302 0.011511281878276727
23 0.5026846989912138 0.553837997720538 0.012040347282785552 0.010571008525188054
14 0.3433127445493004 0.36425806428082974 0.008135368434754311 0.01618419512195122
7 0.5724048369671331 0.2791201787098245 0.025219623820370973 0.016241148848871668
0 0.4122802941750732 0.5509459621609301 0.022982352098926132 0.006838391976293595
2 0.6162543963553531 0.5087759288807842 0.012365774682720468 0.010713474538408936
14 0.6545720898145134 0.5296899676316389 0.007484546957370648 0.016298102575792114
19 0.5898958099576961 0.2766696512423068 0.010250563228115848 0.010941417825393207
2 0.6632769228766677 0.5329381974014132 0.0063455843800846075 0.010257576293594712
2 0.1798324607875041 0.6393891479370868 0.012447114871461112 0.005014822338728061
22 0.6091767002928734 0.5557043993617506 0.014480969476082003 0.010656485798951449
1 0.3099984223885454 0.3235838832915432 0.015619915392124959 0.015927786642352407
8 0.6220305161080378 0.41702755960793253 0.016758877969410998 0.010941417825393207
4 0.18093076993166288 0.6183610850239343 0.011796293394077449 0.014360625484385686
2 0.38756917149365444 0.576418983359927 0.012853882460136676 0.010827440346478232
2 0.26716569866579887 0.18281282698883064 0.012040347282785552 0.01139730439936175
8 0.4363814487471526 0.36790520355596085 0.01659616426944354 0.01139730439936175
21 0.5975431539212496 0.11846795349897425 0.01659616426944354 0.016426365169819924
2 0.1959812040351448 0.20713895418281283 0.011389525805401887 0.011183611214953272
2 0.6755614240156198 0.5781855992705721 0.011389525805401887 0.01059949705949396
18 0.667059858119102 0.6678823505812628 0.019524977546371624 0.016640058354228403
5 0.40628058054018873 0.11397304399361752 0.016758877969410998 0.011454293138819238
23 0.27938905304262934 0.18338271438340553 0.01175560663846404 0.010713474538408936
8 0.6530060995769607 0.44010712377478917 0.016514807419459814 0.011283338591292455
19 0.379759213797592 0.4836163865967631 0.010087866189391474 0.01054250832003647
23 0.4757566313049138 0.18383857761568267 0.01171493654409372 0.010257576293594712
5 0.24023763097949888 0.34431270572144973 0.014155542076147089 0.011169361112377478
2 0.39090458574682724 0.3438568424891726 0.012691185421412302 0.012309124230681558
18 0.46892285584119753 0.5743674821062229 0.018874022779043282 0.016640058354228403
19 0.6361860748454279 0.6238887476635514 0.010738687666775139 0.01059949705949396
8 0.28115847705824926 0.6679678978801004 0.016108039830784248 0.010656485798951449
23 0.3161812430849333 0.18281282698883064 0.011552222844126263 0.010485531251424663
8 0.5336804425642695 0.36915888579895145 0.015619915392124959 0.011853144289947572
2 0.237064830458835 0.5286642170047869 0.012365774682720468 0.010827440346478232
8 0.5509681483891962 0.6234328844312742 0.016352093719492353 0.010941417825393207
0 0.6252847901073869 0.16241172190563027 0.023592653433127237 0.011283338591292455
13 0.2642877521640091 0.5475267545019376 0.0077082574682720475 0.013676830635969911
2 0.525997610152945 0.4616480036471393 0.011786113374552555 0.010371553772509687
19 0.24031893784575334 0.29869498791885113 0.010250563228115848 0.01054250832003647
0 0.2552065916042955 0.5299321843628904 0.02326709274324764 0.009488257488032824
21 0.19004230393752033 0.2787212692044677 0.02456883566547348 0.016298102575792114
23 0.35974622844126264 0.205579028949168 0.01171493654409372 0.01054250832003647
2 0.6907744718516109 0.27815138180989285 0.013504720598763422 0.01139730439936175
8 0.27530105043931014 0.3440278203783907 0.015619915392124959 0.010941417825393207
4 0.6269117604946306 0.5546500551629816 0.012203060982753009 0.013334874857533622
4 0.6386267803449398 0.1385912924549806 0.015619915392124959 0.011853144289947572
0 0.6252847901073869 0.20916909778892182 0.02326709274324764 0.011568270617734215
18 0.2574032098926131 0.29664348666514706 0.015294504653433127 0.01475953498974242
16 0.2621216739342662 0.5745098664235241 0.016270736869508622 0.010713474538408936
18 0.25497020188740643 0.5475838249373147 0.010103111226814189 0.013562806473672213
18 0.21200782037097296 0.6192158577615683 0.021640122356003905 0.014816488716662869
1 0.26960623755287993 0.5082060414862093 0.014806380214773835 0.015728331889674037
9 0.5681743807354377 0.6235467918851152 0.01513179095346567 0.011625259357191702
23 0.444150586397657 0.2984955331661728 0.010494633778067034 0.010713474538408936
2 0.4561910003254149 0.29826760155003423 0.013586077448747153 0.011625259357191702
8 0.2795313400585747 0.39012987827672674 0.013992845037422715 0.01059949705949396
6 0.23250898014969085 0.45942552450421703 0.014969093914741296 0.010941417825393207
0 0.5000000728929385 0.3690698372464098 0.023592653433127237 0.010663605014816504
4 0.5916857273023105 0.46045127513106904 0.01106409840546697 0.012764987462958741
8 0.23372924959323138 0.550091189423296 0.016108039830784248 0.008547984134944153
8 0.4315815112268142 0.6230339749259175 0.01692149170191995 0.011055395304308182
2 0.39407738626749106 0.27416228675632554 0.012365774682720468 0.011283338591292455
8 0.21949238398958673 0.5284362853886483 0.015294504653433127 0.011283338591292455
14 0.6460706905304263 0.5297469213585594 0.007647243996095021 0.01641212673808981
0 0.18922873543768304 0.5965352031000685 0.029856780995769605 0.011853144289947572
8 0.37935234624145786 0.1589925142466378 0.016433450569476083 0.010827440346478232
2 0.26910789977220956 0.2753590152723957 0.011491209371949234 0.010713474538408936
22 0.5109013576309794 0.2755869468885343 0.014643666514806378 0.010485531251424663
4 0.22819721705174098 0.34397086665147025 0.010413276928083305 0.012081192614542968
19 0.30043936739342664 0.7154661390471849 0.010575990628050765 0.011739236836106679
14 0.3305402356003905 0.3875084896284477 0.008135368434754311 0.01641212673808981
23 0.3218760559713635 0.413323466605881 0.011796293394077449 0.010371553772509687
22 0.5094370009762447 0.39198204148620924 0.015294504653433127 0.010827440346478232
8 0.5400260436055971 0.4615910499202188 0.01659616426944354 0.010485531251424663
19 0.3459160637813212 0.5296330139047185 0.01106409840546697 0.010941417825393207
16 0.1869914637162382 0.184180533394119 0.01618939668076798 0.010713474538408936
2 0.4464693315977872 0.13756554182812858 0.010738687666775139 0.010656485798951449
19 0.3335502557761145 0.5300888771369957 0.010087866189391474 0.01139730439936175
5 0.289944616986658 0.6215523610667882 0.014725023364790106 0.011055395304308182
7 0.2588675665473478 0.25541377342147253 0.016758877969410998 0.01607017095965352
23 0.5715912684672958 0.32301399589696833 0.012203060982753009 0.010912929291087304
22 0.670019061503417 0.4406200574424436 0.014664009892613081 0.010713474538408936
2 0.3908232788805727 0.552968986551174 0.013016596160104133 0.011454293138819238
6 0.6405793114220631 0.6470894552085709 0.01594532613081679 0.010927167722817415
2 0.48844783338756914 0.6234898381581947 0.013016596160104133 0.011283338591292455
7 0.4333712619589977 0.7197401194438113 0.017409666124308495 0.01686798997036699
8 0.2767654070940449 0.5298324569865512 0.014643666514806378 0.009288802735354457
5 0.5263586592905956 0.5542797392295418 0.015294504653433127 0.01088442908593572
23 0.5221282030589002 0.6467119033508092 0.01171493654409372 0.010086621746067928
2 0.34119759973966807 0.692785484385685 0.012203060982753009 0.010713474538408936
23 0.5037423547022454 0.716662867563255 0.01106409840546697 0.011283338591292455
29 0.5176130061828832 0.6703898317757009 0.022901045232671655 0.020401221791657168
5 0.3859420344939798 0.7181302429906542 0.016270736869508622 0.013420305447914291
13 0.5090303000325415 0.41305281969455204 0.006996422518711357 0.015927786642352407
14 0.514969033517735 0.5291771506724413 0.007972671396029939 0.016526150900387507
19 0.35209888447770904 0.6384773047640757 0.01106409840546697 0.006838391976293595
0 0.5110641379759193 0.5777296193298381 0.02375526716563619 0.011226349851834967
5 0.18752029157175398 0.713015728288124 0.014806380214773835 0.011967168452245271
8 0.388789440937195 0.11391609026669706 0.016758877969410998 0.011853144289947572
23 0.5452326820696387 0.11555444358331433 0.011389525805401887 0.011140872578071575
8 0.2828669209241783 0.27513108365625716 0.015619915392124959 0.010941417825393207
14 0.6860560078099578 0.22931391110098018 0.0078099576960624795 0.015614307727376339
23 0.18308656817442237 0.29889444267152954 0.011877650244061178 0.011511281878276727
11 0.2712180462089164 0.45674718212901755 0.02443654539537911 0.017209945748803284
2 0.4712007809957696 0.4606793234556645 0.012203060982753009 0.010713474538408936
29 0.186218715261959 0.5271256494187372 0.020501159778717866 0.02028719762935947
6 0.533599135698015 0.5085479972646455 0.015782629092092416 0.011169361112377478
5 0.4146395261958997 0.6238887476635514 0.01631142362512203 0.011169361112377478
2 0.37178647575658963 0.20218829815363576 0.01171493654409372 0.004103025849099612
0 0.5358007523592581 0.18520628402097106 0.03196176244712008 0.011169361112377478
7 0.3462414578587699 0.2768976995669022 0.01789784054669704 0.01641212673808981
0 0.5253823104458184 0.2533621554593116 0.02342987308818744 0.010941417825393207
6 0.27416208786202406 0.5983587727376339 0.014969093914741296 0.010485531251424663
6 0.6538398281809307 0.4863801595623433 0.016433450569476083 0.010713474538408936
5 0.37097290725675236 0.18224293959425575 0.014969093914741296 0.010713474538408936
13 0.6087699993491702 0.11303284066560292 0.006508298080052067 0.017038967859585138
2 0.6451349951187765 0.1621836735810349 0.012365774682720468 0.011169361112377478
2 0.45191989066059224 0.3680761814451789 0.01171493654409372 0.011055395304308182
8 0.18280182753010085 0.5492933704125826 0.015457201692157502 0.010143610485525416
6 0.6070615554832411 0.5320834246637793 0.01594532613081679 0.010827440346478232
4 0.36153597917344615 0.7171187307955322 0.012365774682720468 0.014588557100524277
8 0.6269117604946306 0.3240255080920903 0.016270736869508622 0.011283338591292455
5 0.46566874845427925 0.3684145192614543 0.015457201692157502 0.011347446546614999
0 0.6334201418808981 0.48643722999772054 0.02326709274324764 0.011283338591292455
13 0.6085259121379759 0.13648283747435602 0.0078099576960624795 0.016982014132664692
2 0.37170516889033517 0.205579028949168 0.011877650244061178 0.011055395304308182
2 0.5359990211519687 0.6237748402097105 0.01228441783273674 0.010485531251424663
2 0.3051171780019525 0.6918166874857534 0.011633579694109992 0.010827440346478232
11 0.6717376687276277 0.4145771488488717 0.024650142531727953 0.01641212673808981
13 0.6576227634233648 0.3223729163437429 0.007891314546046208 0.016526150900387507
4 0.41376497754637165 0.36687945292910873 0.005532049202733485 0.012992919079097333
2 0.32773348259030266 0.1826703843173011 0.011796293394077449 0.011083883838614087
8 0.4084770322160755 0.27467522042397996 0.016108039830784248 0.011511281878276727
2 0.5026948456882525 0.4161158331433782 0.005715106280507648 0.011511281878276727
2 0.4123006208916368 0.5301458308639162 0.008460779173446143 0.010827440346478232
2 0.4315815112268142 0.5511169400501481 0.012365774682720468 0.006496471210394347
0 0.46845517474780346 0.6238887476635514 0.02208747673283436 0.010941417825393207
13 0.36267494175073217 0.6905630052427628 0.007484546957370648 0.016982014132664692
11 0.5776114754311747 0.7136995231365398 0.015294504653433127 0.01686798997036699
1 0.36381390432801824 0.3699567048096649 0.015294504653433127 0.01641212673808981
13 0.25266941750732186 0.45644805835422836 0.0055015424666449726 0.017238422612263507
23 0.3115847393426619 0.7153522315933439 0.011552222844126263 0.011055395304308182
7 0.2453627959648552 0.43879648780487807 0.014318255776114546 0.015500283565078644
5 0.39245041588024737 0.4834738855710053 0.014969093914741296 0.01088442908593572
1 0.3784499066710056 0.6018920045589241 0.007143874520013016 0.01618419512195122
0 0.20842831890660593 0.7135856156826988 0.021477342011064104 0.01139730439936175
2 0.6430198503091442 0.18577617141554595 0.013016596160104133 0.012081192614542968
13 0.261956461047836 0.2039406756325507 0.007001504197852262 0.016725605653065877
22 0.49837293589326387 0.2991508511511283 0.013992845037422715 0.010656485798951449
0 0.649040057273023 0.3008889901983132 0.02375526716563619 0.011169361112377478
6 0.5240450790758217 0.44112576685662186 0.02472128603970062 0.006938107681787098
13 0.6386267803449398 0.5313889043081833 0.007484546957370648 0.012401674036927284
2 0.2167262844126261 0.5054136749487121 0.01106409840546697 0.011511281878276727
13 0.6941100527172145 0.22988379849555504 0.00829808213472177 0.016640058354228403
2 0.6753986436706801 0.18594714930476408 0.012365774682720468 0.011055395304308182
8 0.5261145720794013 0.27592890266697057 0.014806380214773835 0.01002963300661044
8 0.20069966807679793 0.4587986833827217 0.014969093914741296 0.011739236836106679
2 0.47193304262935243 0.5076932245270116 0.012853882460136676 0.011853144289947572
8 0.4018873439635535 0.5765899612491452 0.015294504653433127 0.010941417825393207
0 0.5250569163683697 0.6002963665374972 0.024731616010413276 0.010713474538408936
23 0.4633095164334527 0.1837246701618418 0.011552222844126263 0.01002963300661044
2 0.503091399934917 0.6000684349213585 0.013667417637487796 0.011055395304308182
19 0.2253498106085259 0.7132436599042626 0.010738687666775139 0.011169361112377478
7 0.41384645102505696 0.6496466542056074 0.005369352164009112 0.0167540825165261
29 0.32940127302310446 0.6227490895828584 0.021151947933615363 0.021882835650786414
2 0.5573544028636511 0.11555444358331433 0.012528471721444842 0.01182466742648735
2 0.5502358867556134 0.27581487850467284 0.012935239310120404 0.010713474538408936
21 0.5099760088512854 0.23563939275131068 0.020216419134396355 0.02279456211534078
2 0.24007485063455905 0.5056986770002279 0.01106409840546697 0.010941417825393207
13 0.27505696322811585 0.5724298883063598 0.0078099576960624795 0.017437877364941873
7 0.40156194988610483 0.3712103870526556 0.017084272046859746 0.015500283565078644
14 0.3412789066059226 0.6383063268748576 0.008786206573381061 0.007180301071347162
2 0.23966814969085584 0.22925684066560292 0.012040347282785552 0.011283338591292455
19 0.6419621945981125 0.23182127558696147 0.011552222844126263 0.01059949705949396
0 0.3894402290920924 0.321803028949168 0.023918047510575982 0.011739236836106679
23 0.45981132183534007 0.5074082224754958 0.01106409840546697 0.010257576293594712
22 0.6239017403189066 0.5323469873717803 0.014480969476082003 0.010898679188511512
13 0.6273617973315978 0.6209254032368362 0.005130363293198829 0.016298102575792114
0 0.1975268675561341 0.1613858545703214 0.022941698665798895 0.01139730439936175
4 0.4626585616661243 0.5532682270344199 0.016270736869508622 0.012337601094141783
2 0.19207614188089817 0.6196717209938455 0.010901401366742596 0.01059949705949396
13 0.35226166482264887 0.6666286683382722 0.007972671396029939 0.016298102575792114
5 0.3630003358281809 0.2744471720993845 0.014155542076147089 0.011169361112377478
13 0.6519687705824927 0.5534248497834511 0.012040347282785552 0.016127241395030772
5 0.38529124633908235 0.6934123255071802 0.013667417637487796 0.011739236836106679
14 0.40644319427269765 0.2952971379074539 0.0078099576960624795 0.016540389332117617
8 0.29271071656361863 0.45993845817187146 0.015782629092092416 0.011739236836106679
2 0.525870484868207 0.5309615062685207 0.012040347282785552 0.010848809664919079
1 0.3809794832411325 0.648991336220652 0.015782629092092416 0.016013217232733076
5 0.611942799869834 0.27706856074766356 0.014155542076147089 0.011169361112377478
6 0.27351129970712657 0.6212104052883519 0.015619915392124959 0.010941417825393207
18 0.2565896413927758 0.48079554319580575 0.021802736088512853 0.01475953498974242
8 0.45834696518060525 0.20241622976977433 0.015619915392124959 0.003647139275131069
6 0.4040839622518711 0.18232134433553682 0.01594532613081679 0.011055395304308182
23 0.4575333966807679 0.13773651971734668 0.01122681210543443 0.010428542511967176
13 0.5728930113895216 0.366765428766811 0.007972671396029939 0.01686798997036699
21 0.28490075886755617 0.2894917091406428 0.019768898145135046 0.0045589240939138366
13 0.2458509703872437 0.36522686118076136 0.008623492873413602 0.018007764759516754
14 0.3088188063781321 0.5480966418965124 0.007484546957370648 0.01253705584682015
21 0.4675398060527172 0.6958057825393208 0.024894229742922224 0.01618419512195122
6 0.2536609280833062 0.13696717757009344 0.014643666514806378 0.010428542511967176
4 0.5580458444516759 0.18463639662639617 0.012447114871461112 0.013676830635969911
6 0.402044959323137 0.7184864372008206 0.01628091688903352 0.014132693868247092
1 0.5711439140904654 0.5115112249829041 0.022616304588350147 0.015728331889674037
8 0.6683207809957696 0.5523136685662183 0.015619915392124959 0.004103025849099612
21 0.2561523837292548 0.27631357374059723 0.012447114871461112 0.027211043537725098
5 0.3315164178327367 0.366480543423752 0.01513179095346567 0.011055395304308182
13 0.27505696322811585 0.41013219056302713 0.0063455843800846075 0.016526150900387507
7 0.25968113504718515 0.4160587627080009 0.02375526716563619 0.015614307727376339
2 0.32346237292547997 0.7159790727148393 0.012203060982753009 0.012081192614542968
5 0.46583136218678817 0.6465053293822658 0.014643666514806378 0.011183611214953272
5 0.5624797344614383 0.716662867563255 0.014480969476082003 0.011853144289947572
21 0.25653372626098275 0.23216323136539777 0.013230143312723722 0.01618419512195122
2 0.3299707543117475 0.20196036653749716 0.012203060982753009 0.0045589240939138366
12 0.6620566534331273 0.10821744973786186 0.008786206573381061 0.026555725552769544
13 0.43369665603644647 0.11179339685434238 0.007647243996095021 0.017295376339183953
22 0.6095834012365766 0.5523706222931388 0.014643666514806378 0.003989060041030317
13 0.39179946111291897 0.17984959927057215 0.0071591362186788155 0.01618419512195122
6 0.5181519973966807 0.3451105247321632 0.023165459160429547 0.011169361112377478
19 0.3695085506020176 0.48358790973330296 0.010413276928083305 0.010827440346478232
0 0.6829645141555484 0.3519542852974698 0.02408066124308493 0.0036328891725552767
1 0.3911486729580214 0.5092888625484385 0.014969093914741296 0.016298102575792114
18 0.5365278490074845 0.5755071401869158 0.009925152489424015 0.014816488716662869
1 0.21900420956719815 0.11749915659904263 0.014318255776114546 0.01562854615910645
8 0.6866254890986008 0.44096189651242307 0.01659616426944354 0.011739236836106679
18 0.4622721874389847 0.319922505584682 0.02273843150016271 0.015614307727376339
4 0.41905308948909864 0.5757350718030545 0.017328359258054017 0.012650963300661044
18 0.21420443865929062 0.18218600920902667 0.021640122356003905 0.014161170731707317
5 0.4140905382362512 0.2976977141554593 0.004881227725349821 0.011568270617734215
11 0.6628702219329645 0.41442040939138364 0.0071591362186788155 0.016155718258490995
18 0.28335509534656683 0.319637620241623 0.016433450569476083 0.015044420332801458
13 0.230637755938822 0.2965580560747664 0.00829808213472177 0.0167540825165261
6 0.5054303552229092 0.5311823303396399 0.011186142011064106 0.011660878778208343
14 0.6537585213146762 0.11343175017095966 0.0078099576960624795 0.016640058354228403
13 0.3860412188740644 0.5273535810348757 0.008262493719492352 0.017095921586505584
22 0.33123167718841523 0.228402067927969 0.014562309664822649 0.010827440346478232
13 0.2726977312072893 0.36488490540232504 0.0078099576960624795 0.01618419512195122
6 0.5055320554506997 0.11465695555049009 0.011389525805401887 0.010941417825393207
13 0.2645216426944354 0.2267494761796216 0.006508298080052067 0.01686798997036699
2 0.5041490556459486 0.25216554365169824 0.012528471721444842 0.011283338591292455
6 0.542375112268142 0.5546786487348986 0.015314831369996746 0.010371553772509687
14 0.6001464731532704 0.13651131433781627 0.008460779173446143 0.016982014132664692
0 0.34599737064757563 0.2978686920446775 0.03156522486169867 0.011169361112377478
13 0.5030914332574031 0.3397538399817643 0.006508298080052067 0.024048361066788235
2 0.24308487081028313 0.667198555732847 0.01171493654409372 0.010713474538408936
13 0.37601693198828506 0.6689365780715751 0.00829808213472177 0.020230243902439025
5 0.28571432736739344 0.5751653011169364 0.01171493654409372 0.010713474538408936
13 0.3514480963228116 0.7146683200364714 0.008135368434754311 0.019489378618646
13 0.2760331454604621 0.6375655782995213 0.008542136023429873 0.00866196161385913
8 0.5305889489098601 0.2276042489172555 0.015619915392124959 0.01607017095965352
5 0.2871786840221282 0.595737384089355 0.008786206573381061 0.01641212673808981
4 0.6765376062479661 0.1621836735810349 0.016270736869508622 0.011625259357191702
8 0.5150402769931662 0.2966790827444723 0.016006339602993816 0.01708168315477547
2 0.6439960325414904 0.20868475769318443 0.012040347282785552 0.01059949705949396
4 0.41343958346892284 0.5747663916115797 0.006182887341360234 0.015728331889674037
0 0.682720426944354 0.3455665046728972 0.024406055320533682 0.01618419512195122
22 0.4080703312723723 0.39138367722817413 0.014643666514806378 0.010827440346478232
4 0.5504393205336804 0.36847509095053566 0.01659616426944354 0.013904762252108502
23 0.5886958672307192 0.3460793216320948 0.012325087927107061 0.010713474538408936
2 0.5095183078424992 0.18424464134944155 0.011877650244061178 0.010499769683154775
13 0.35161087666775137 0.3637451306131753 0.008135368434754311 0.017437877364941873
1 0.3726000442564269 0.4608501846364258 0.022941698665798895 0.011967168452245271
18 0.36088519101854866 0.13494415317984956 0.022779084933289947 0.014588557100524277
6 0.27644001301659615 0.25233640483245956 0.01594532613081679 0.010485531251424663
13 0.36316311617312075 0.6384203510371552 0.010250563228115848 0.00695235778436289
4 0.41343958346892284 0.7132436599042626 0.006182887341360234 0.020743060861636655
5 0.5395378691832086 0.24988599407339865 0.0039049788480312398 0.016982014132664692
6 0.2844329111617312 0.36659445087759285 0.01639278047510576 0.010713474538408936
13 0.26960623755287993 0.2947985593799863 0.0071591362186788155 0.018905252792341006
4 0.6488772769280833 0.5090038604969228 0.01692149170191995 0.011169361112377478
4 0.3630003358281809 0.6683952842489173 0.013342006898795965 0.014018669705949395
6 0.3848030719166938 0.13733761021198998 0.02424344158802473 0.011625259357191702
5 0.3584444855190368 0.5299749696831547 0.013667417637487796 0.010941417825393207
6 0.2346241249593231 0.5745384599954411 0.01659616426944354 0.01059949705949396
7 0.32846574422388547 0.4609072550718031 0.01570127224210869 0.011853144289947572
4 0.6509925883501464 0.41679962799179393 0.01663683436381386 0.012195100068383861
8 0.6903677709079076 0.18554823979940735 0.017409666124308495 0.011853144289947572
8 0.5071590758216726 0.48506952359243216 0.01594532613081679 0.010827440346478232
2 0.5021698499186462 0.2063553736038295 0.004649869703872438 0.0102433378618646
5 0.34388222583794337 0.20196036653749716 0.01513179095346567 0.0045589240939138366
23 0.5959973237878295 0.5547569601094142 0.01106409840546697 0.010043883109186231
6 0.2525219655060202 0.15990424071119216 0.02342987308818744 0.011625259357191702
6 0.18865925414904006 0.25302031638933214 0.02326709274324764 0.011853144289947572
11 0.6305015419459811 0.2260372044677456 0.011369182427595183 0.022053813540004557
5 0.2613081054344289 0.4359471675404604 0.014969093914741296 0.010713474538408936
35 0.6357895372600065 0.4665631803054479 0.02186388285063456 0.02903461317529063
13 0.1990318776439961 0.1812171889674037 0.006671011780019525 0.016640058354228403
5 0.413276969736414 0.13500110690677 0.006508298080052067 0.014987466605881013
6 0.3211031409046534 0.5511738937770686 0.015619915392124959 0.0063824937314793705
8 0.4464693315977872 0.5510599863232277 0.01659616426944354 0.006610437018463642
13 0.5136064104132769 0.7155801632094826 0.007748944223885454 0.020401221791657168
4 0.6585584588350146 0.2083428019147481 0.016433450569476083 0.012650963300661044
22 0.25675242173771556 0.3211192341007522 0.014643666514806378 0.010713474538408936
2 0.6270745241783273 0.43982223843173013 0.0045558169866579895 0.010485531251424663
5 0.6623007406443215 0.5092317921130612 0.00829808213472177 0.010713474538408936
1 0.6276287437683046 0.6957488288124003 0.005664256166612431 0.016526150900387507
6 0.35698012886430197 0.4401356239799407 0.02342987308818744 0.0049578335992705716
13 0.3385942805076472 0.3875655600638249 0.008135368434754311 0.016640058354228403
13 0.38089817637487794 0.22583774971506723 0.0078099576960624795 0.018577652154091632
6 0.5950211415554832 0.6237748402097105 0.014969093914741296 0.010485531251424663
0 0.21166209957696064 0.20728857442443585 0.02281973836641718 0.011169361112377478
18 0.21705167849007487 0.4345794611351721 0.021640122356003905 0.015386376111237748
1 0.6836967757891311 0.5355595860496923 0.015457201692157502 0.01527235194894005
9 0.2346241249593231 0.199908865283793 0.014969093914741296 0.00866196161385913
11 0.43800841913439637 0.5045589022110782 0.024406055320533682 0.017095921586505584
4 0.20948580800520666 0.595623476635514 0.01106409840546697 0.013334874857533622
2 0.5531239466319557 0.39220997310234784 0.012040347282785552 0.01059949705949396
7 0.3517734904002603 0.48618070480966497 0.025382404165310773 0.016127241395030772
4 0.6623820475105759 0.5741965042170047 0.008135368434754311 0.01846362799179394
5 0.2572353978522616 0.6209753194438112 0.014633503156524568 0.010471281148848871
13 0.6548974838919622 0.5751937779803967 0.0071591362186788155 0.016583104627307953
13 0.6512161822323462 0.45948259493959426 0.008989590367718842 0.014702581262821975
13 0.5833875951838594 0.6212104052883519 0.007972671396029939 0.016526150900387507
7 0.5028422976895542 0.3020857187143834 0.006010010283110967 0.01891949122407112
6 0.4566385213146762 0.5318198619557785 0.023918047510575982 0.01326356599042626
0 0.3080052378782948 0.2026441613859129 0.024406055320533682 0.003191252701162526
13 0.689310115196876 0.459881504444951 0.008623492873413602 0.013904762252108502
6 0.5943703534005857 0.4413822103487577 0.021640122356003905 0.00745099466605881
5 0.469573643996095 0.43845453202644175 0.01659616426944354 0.01139730439936175
13 0.5696387373901725 0.528835194894005 0.0067523519687601695 0.017665808981080465
8 0.3799218275301009 0.37064049965808066 0.015619915392124959 0.017209945748803284
6 0.26098271135698015 0.43945712769546386 0.01594532613081679 0.0036008410303168454
4 0.40099246859746174 0.6926715769318441 0.016433450569476083 0.012081192614542968
6 0.407256762772535 0.2056075058126282 0.018548628701594534 0.011169361112377478
6 0.6412300995769606 0.6939822129017552 0.019199416856492027 0.010941417825393207
8 0.6655955014643671 0.11304707909733304 0.015782629092092416 0.016383649874629588
8 0.33302142792059874 0.24891719717346705 0.016514807419459814 0.01641212673808981
4 0.1845509248291572 0.20600641531798494 0.010982758216726327 0.013733784362890359
12 0.23250898014969085 0.27239567084568045 0.021965516433452653 0.01686798997036699
11 0.6296091990888383 0.7166059138363347 0.009625166807679792 0.025529974925917482
22 0.19801504197852263 0.550091189423296 0.013423363748779693 0.008547984134944153
8 0.2969310094370322 0.22640752040118534 0.016128383208590953 0.016640058354228403
5 0.41407004490725674 0.4404312465010258 0.01590465603644647 0.005506328333713243
0 0.6319557852261634 0.6707316708456804 0.02408066124308493 0.011283338591292455
1 0.38911483501464367 0.20196036653749716 0.015782629092092416 0.0045589240939138366
19 0.28636511552229094 0.6444538281285617 0.010413276928083305 0.010499769683154775
46 0.4858445141555483 0.229570319580579 0.0278229430523918 0.010656485798951449
22 0.6278881093394078 0.6018920045589241 0.014643666514806378 0.010485531251424663
13 0.3805625689554182 0.38727343879644405 0.011328512333224862 0.02018752860724869
14 0.42698500748454277 0.44044192532482335 0.007891314546046208 0.005570436289035787
1 0.4578181373250895 0.3946319069979485 0.022860391799544418 0.01595626350581263
18 0.4943052600065083 0.41355139822201964 0.022128130165961605 0.01527235194894005
11 0.4270358242759518 0.41172782858445406 0.026012865603644644 0.017095921586505584
2 0.501187256439961 0.6928995085479827 0.0026999211194272694 0.013448782311374516
13 0.4180055971363488 0.19911104627307957 0.00957939837292548 0.010257576293594712
22 0.39637563813862675 0.4609072550718031 0.014684353270419784 0.011739236836106679
21 0.37724231643345263 0.5307727886938682 0.004682925610152945 0.018235696375655346
6 0.4921086417181907 0.5521996444039207 0.005857459941425317 0.004330980806929565
18 0.3755287575658965 0.4129245571005243 0.022779084933289947 0.014930512878960564
22 0.6627887484542792 0.35174414005014815 0.01317930986007159 0.0032268604513334856
5 0.38488447875040677 0.4383975782995213 0.019646937845753335 0.012081192614542968
1 0.6292049640091116 0.6534078176430362 0.008816713309469574 0.02342151994529291
27 0.590628071591279 0.7201959826760884 0.013016596160104133 0.018349720537953043
0 0.5320533055645948 0.2973843519489401 0.018548628701594534 0.01686798997036699
8 0.47933613276928083 0.27280886546614996 0.01594532613081679 0.016127241395030772
0 0.3651154806378132 0.6227490895828584 0.022941698665798895 0.010713474538408936
14 0.47754638203709726 0.34305902347845907 0.0078099576960624795 0.01686798997036699
23 0.2887243475431175 0.18292685115112833 0.005694762902700943 0.01002963300661044
22 0.46461109274324763 0.3455665046728972 0.015619915392124959 0.010713474538408936
4 0.30536126521314677 0.6401869669478003 0.013504720598763422 0.0034191959881467973
13 0.3030426866254474 0.4329838231137451 0.006996422518711357 0.017323969911100977
6 0.2404815515782623 0.6437770357875541 0.02342987308818744 0.01088442908593572
18 0.2631793296452978 0.6387052363802143 0.014318255776114546 0.0063824937314793705
23 0.5415310536934591 0.39212442580351037 0.011633579694109992 0.010257576293594712
7 0.6195899772209568 0.7167768917255527 0.0279857233973316 0.024618248461363117
0 0.20753327692808332 0.2031000246181901 0.033680369671330944 0.0022794562115340776
2 0.6051090244061178 0.18520628402097106 0.012365774682720468 0.01139730439936175
2 0.3810506767328343 0.4148621509003875 0.012345431304913765 0.011169361112377478
0 0.40872111942726974 0.5535388739457487 0.015619915392124959 0.011796190563027125
1 0.3025443488447771 0.16229769774333258 0.022311237227465017 0.01641212673808981
6 0.4419947881548975 0.2288865247321632 0.025707798242759518 0.011340327330749944
0 0.31382201106410673 0.440032336995669 0.029368773185811912 0.004751247959881468
11 0.4906442850634559 0.5049008579895145 0.024894229742922224 0.01686798997036699
23 0.4697364243410348 0.13779347344426715 0.012365774682720468 0.01059949705949396
4 0.5929873036121055 0.38494417141554593 0.013992845037422715 0.006496471210394347
21 0.3779211121379759 0.5071233371324367 0.006076105434428897 0.01287901162525644
13 0.24633914480963226 0.57089132072031 0.0078099576960624795 0.01846362799179394
2 0.5083795118776441 0.13799292819694553 0.013504720598763422 0.011682283109186233
6 0.6112918451025057 0.6004102739913381 0.01692149170191995 0.010257576293594712
8 0.37943381972014323 0.24937317711420107 0.022779084933289947 0.01641212673808981
22 0.20431982297429221 0.5292091638021427 0.014725023364790106 0.008042228037383178
9 0.6439147256752359 0.20104852336448598 0.013382693654409372 0.0063824937314793705
1 0.6646599726651481 0.44497236088443126 0.0035795681093394077 0.014631272395714611
14 0.4669703247640742 0.2894917091406428 0.008135368434754311 0.0045589240939138366
5 0.3771774875366092 0.18196518513790746 0.004599019589977221 0.013420305447914291
4 0.6640091845102505 0.2994928069295646 0.004881227725349821 0.016127241395030772
13 0.544754671005532 0.29715642033280143 0.008440452456882526 0.01595626350581263
5 0.6493654513504719 0.624024106131753 0.014155542076147089 0.010385803875085479
13 0.5324601731207289 0.4359471675404604 0.010575990628050765 0.017323969911100977
21 0.6300007049788481 0.5306445144289949 0.010387851871135698 0.010912929291087304
6 0.4195309339407745 0.36687945292910873 0.017429992840872113 0.012366077957602006
5 0.33747564464692487 0.44006439680875314 0.014277585681744224 0.004815367586049692
1 0.220305952489424 0.6400729427855026 0.013830131337455257 0.003647139275131069
4 0.5400260436055971 0.2290004321860041 0.0029287299707126584 0.014417579211306132
6 0.23657665603644648 0.18264011014360612 0.022616304588350147 0.012768605425119673
6 0.49397986592905957 0.34573736585365855 0.024406055320533682 0.01139730439936175
23 0.6106410569476082 0.4395943068155915 0.011877650244061178 0.01059949705949396
0 0.5325414799869834 0.16195574196489626 0.01757244646924829 0.010941417825393207
13 0.5355311734461439 0.6432143843173012 0.014928407159127889 0.01879134533850011
7 0.29010739733159774 0.2269774077957602 0.0029287299707126584 0.01595626350581263
7 0.3978196680767979 0.22786077410531116 0.026521366742596808 0.022623700934579438
23 0.3958673036121054 0.41434921723273305 0.012040347282785552 0.010371553772509687
8 0.5241620410022779 0.1847486234784591 0.008135368434754311 0.009919226806473672
6 0.4082329450048812 0.5069523592432186 0.01659616426944354 0.011055395304308182
13 0.5356329736413928 0.1356850184636426 0.011389525805401887 0.016526150900387507
1 0.6788155314025383 0.720879894232961 0.02383657403189066 0.016640058354228403
8 0.661812566221933 0.25518572509687715 0.009274331012040352 0.013220850695235925
4 0.28953791604295476 0.6407567376339184 0.016270736869508622 0.0022794562115340776
4 0.5201756719817767 0.6228629970366993 0.016270736869508622 0.012081192614542968
4 0.28839895346566874 0.25034197401413266 0.0063455843800846075 0.013904762252108502
13 0.5369142232346241 0.27255955286072486 0.012894569215750083 0.01824993480738546
14 0.6646599726651481 0.5990425675860498 0.0035795681093394077 0.015728331889674037
2 0.4080703312723723 0.4147481267380898 0.01171493654409372 0.010713474538408936
2 0.2517083970061829 0.5055846528379302 0.01171493654409372 0.010941417825393207
11 0.5041541206638465 0.4577871711875997 0.008613329515131793 0.018378197401413266
8 0.6634397032216075 0.5556259712787782 0.006020173641392776 0.011155122680647368
6 0.2548990250569476 0.7146113663095509 0.009960740904653433 0.01139730439936175
18 0.6075495632931989 0.32225889218144516 0.022128130165961605 0.014816488716662869
0 0.30804589131142207 0.20064961385912924 0.02456883566547348 0.007180301071347162
6 0.2986902700943703 0.27456119626168224 0.01570127224210869 0.011739236836106679
13 0.19020508428246014 0.6862320711192158 0.013911488187438986 0.027467568725780718
4 0.37853894435405144 0.2738774014132665 0.01594532613081679 0.01253705584682015
6 0.18532383989586726 0.45942552450421703 0.014969093914741296 0.011169361112377478
2 0.6226814708753661 0.43982223843173013 0.01317930986007159 0.010941417825393207
4 0.2896192229092092 0.6889673672213358 0.0039049788480312398 0.015044420332801458
13 0.4843801575008135 0.6905060515158422 0.0078099576960624795 0.01755190152723957
21 0.2158923891962252 0.549920211534078 0.01891467621217052 0.0088899049008434
6 0.6729477748128864 0.30037605653065874 0.02296202538236251 0.012081192614542968
13 0.4646923996095021 0.5282653074994302 0.008460779173446143 0.017893740597219057
22 0.44650998503091444 0.27478912787782084 0.014887737064757567 0.010713474538408936
21 0.6555482720468597 0.39434690494643265 0.015294504653433127 0.011967168452245271
22 0.48259024015619917 0.13796445133348528 0.014318255776114546 0.010371553772509687
6 0.3961926976895542 0.5999544107590609 0.024731616010413276 0.012309124230681558
0 0.6408843121379759 0.555903854114429 0.01582329918646274 0.010428542511967176
16 0.49267812300683367 0.184180533394119 0.020501159778717866 0.010257576293594712
18 0.26684013797591927 0.11200709003875085 0.022779084933289947 0.014873442443583315
5 0.2979580084607875 0.1828698974242079 0.024487528799219 0.011169361112377478
21 0.3722746501789782 0.5065534497378619 0.015294504653433127 0.011511281878276727
13 0.392836790107387 0.13454524367449283 0.009681098600715912 0.017437877364941873
8 0.6590464666449724 0.16594483701846363 0.014806380214773835 0.018007764759516754
13 0.1990318776439961 0.27312941691360837 0.008379438984705499 0.015828000911784816
14 0.40619910706150336 0.2894917091406428 0.007484546957370648 0.0045589240939138366
7 0.38516921939472826 0.6284477301116936 0.015863969280833064 0.021426972418509233
4 0.28498206573381063 0.13343406245726008 0.01317930986007159 0.017380923638021427
2 0.4837292027334852 0.4611351866879417 0.012691185421412302 0.010713474538408936
8 0.4995932053368044 0.5288921486209255 0.021965516433452653 0.01595626350581263
5 0.2705824197852262 0.13360492363802143 0.015619915392124959 0.017209945748803284
12 0.4154937481288643 0.15694101299293367 0.02281973836641718 0.01641212673808981
13 0.25349814773836643 0.1819117560063825 0.009762455450699642 0.01369818828356508
6 0.3992027178652783 0.25165260998404376 0.01513179095346567 0.010713474538408936
13 0.27027735242434103 0.2881809564622749 0.007199806313049137 0.007180301071347162
6 0.3567360416531077 0.43623205288351946 0.02375526716563619 0.01287901162525644
6 0.4475268206963879 0.44057371251424665 0.014969093914741296 0.005833998997036699
18 0.2878294721770257 0.43993083565078644 0.022046823299707127 0.004526864280829724
9 0.3254962108688578 0.6380214415317984 0.022290910510901398 0.007750165124230681
6 0.2405630250569476 0.6401869669478003 0.02342987308818744 0.0034191959881467973
4 0.2764806664497234 0.6836676361978573 0.014725023364790106 0.006496471210394347
4 0.4808004894240156 0.6401869669478003 0.013016596160104133 0.0034191959881467973
4 0.37810160338431503 0.20571429405060407 0.006437121249593231 0.024518462730795533
13 0.6520500774487472 0.6899931178481878 0.009192974162056621 0.019831334397082286
6 0.3480312085909535 0.46045127513106904 0.022128130165961605 0.011169361112377478
18 0.4350797058249268 0.20036472851607023 0.02342987308818744 0.007750165124230681
13 0.20289611975268468 0.3651697907453841 0.014806380214773835 0.01686798997036699
5 0.6275778936544093 0.41691365215409165 0.005552392580540189 0.010713474538408936
7 0.3184185148063781 0.13887617779803968 0.028799291897168892 0.01641212673808981
4 0.19683525935567847 0.2900045260998404 0.012365774682720468 0.003533161796216093
13 0.5824112463390823 0.6387052363802143 0.016433450569476083 0.0063824937314793705
11 0.5388870810283111 0.7144831037155231 0.005206638464041653 0.018150265785274674
35 0.6591279401236577 0.369657464326419 0.014643666514806378 0.01917601641212674
6 0.4315815112268142 0.4611351866879417 0.01594532613081679 0.010257576293594712
13 0.25253722720468597 0.640414898563939 0.005237145200130165 0.017152992021882835
8 0.2598437487796941 0.6649191228630044 0.021151947933615363 0.016982014132664692
27 0.4956068363163033 0.1378219503077274 0.008786206573381061 0.011169361112377478
23 0.6306540423039375 0.18457944289947573 0.011389525805401887 0.011739236836106679
6 0.40839572534982105 0.48270454342375196 0.016270736869508622 0.013277921130613175
18 0.5453139889358933 0.44101001540916346 0.016352093719492353 0.006706604786870299
9 0.413276969736414 0.6935263496694779 0.006508298080052067 0.012992919079097333
13 0.2598437487796941 0.15751078367905175 0.008786206573381061 0.016640058354228403
7 0.41067365050439314 0.46518123546842943 0.01171493654409372 0.022452723045361295
5 0.5388057741620567 0.48484159197629356 0.005369352164009112 0.011169361112377478
5 0.3655223481939473 0.5508890084340096 0.013667417637487796 0.00695235778436289
7 0.2200618652782297 0.6670275778436289 0.028148337129840547 0.019489378618646
5 0.577855562642369 0.45925466332345566 0.014969093914741296 0.015158444495099156
4 0.6547348701594533 0.12804878413494414 0.013016596160104133 0.01253705584682015
46 0.5027660058574682 0.6470823359927057 0.02668398047510576 0.010257576293594712
0 0.4136023638138627 0.25096881513562797 0.005857459941425317 0.01253705584682015
6 0.18385948324113244 0.4397367261454297 0.013992845037422715 0.004160014588557101
4 0.6054344184835666 0.41594485525416003 0.016270736869508622 0.011967168452245271
12 0.6380572990562968 0.11286186277638478 0.02408066124308493 0.0167540825165261
7 0.3806642525219655 0.2791201787098245 0.011572566221932966 0.023934336904490542
21 0.3781295776114546 0.6972873963984499 0.006493036381386268 0.020401221791657168
14 0.4819394520013016 0.4405808317301117 0.008460779173446143 0.005848249099612492
12 0.32077774682720467 0.6657454187371781 0.02326709274324764 0.01726689947572373
13 0.5401888239505369 0.6914748484157739 0.0026033192320208264 0.017779833143378162
5 0.6272372212170517 0.3473899576020059 0.00483545929059551 0.011169361112377478
18 0.5397006495281483 0.4369729181673125 0.0035795681093394077 0.018007764759516754
4 0.6553856583143508 0.6388192605425119 0.01553855854214123 0.0061545504444950995
6 0.5800113608851285 0.11593911465694097 0.01553855854214123 0.01111237237291999
12 0.21121457858769932 0.6886255281513562 0.014277585681744224 0.019375471164805105
2 0.6277101006182882 0.14326418235696375 0.005826953205336804 0.01994524185092318
5 0.2482102024080703 0.4563482726236608 0.013992845037422715 0.01686798997036699
7 0.4107549573706476 0.4555504536129473 0.011552222844126263 0.022566630499202187
4 0.38155914454930034 0.35631196899931616 0.013362350276602668 0.012273528151356279
23 0.5961601041327693 0.5520857369500798 0.01106409840546697 0.0045589240939138366
6 0.6426233127237228 0.7168907991793937 0.016453793947282788 0.012992919079097333
6 0.49951189847055 0.11331772600866195 0.02326709274324764 0.013676830635969911
4 0.42613078555157824 0.27255242197401414 0.01692149170191995 0.01552887713699567
11 0.2541312416531077 0.19854115887850468 0.008404864041653108 0.01139730439936175
19 0.2889684347543117 0.5296294426259402 0.005206638464041653 0.008882774014132665
2 0.18638132899446794 0.5732846610439937 0.01985037162382037 0.010941417825393207
4 0.6628702219329645 0.6913608242534762 0.0071591362186788155 0.01755190152723957
6 0.5471750497884803 0.32277182584909964 0.025402730881874388 0.011169361112377478
22 0.29701231630328667 0.5509459621609301 0.014501296192645624 0.006838391976293595
13 0.2515291953400586 0.6874287996352861 0.0032160197852261637 0.018121672213357646
2 0.188089772860397 0.3448825931160246 0.02001298535632932 0.011169361112377478
7 0.4136023638138627 0.4609072550718031 0.017409666124308495 0.011853144289947572
4 0.629123623820371 0.5511169400501481 0.008643836251220305 0.006496471210394347
13 0.4018060370972991 0.19865506633234556 0.007972671396029939 0.011169361112377478
13 0.3204116993166287 0.2896626870298609 0.0074031901073869175 0.004217003328014588
8 0.2897006963878946 0.3897309687713699 0.0035795681093394077 0.010941417825393207
13 0.5353482329970712 0.6388192605425119 0.014399612626098275 0.0061545504444950995
5 0.6558736661243085 0.6442614925917484 0.013992845037422715 0.015899193070435375
14 0.2124145213146762 0.2902895281513563 0.008623492873413602 0.0029632977433325736
6 0.5380735125284738 0.5547142448142238 0.006833708818743898 0.010699224435833144
6 0.5474699537910837 0.6930704864372008 0.017084272046859746 0.010485531251424663
13 0.19638790497884803 0.29573176020059266 0.014643666514806378 0.01772276270800091
6 0.2849007588675561 0.5055846528379302 0.013342006898795965 0.010485531251424663
18 0.5663033231369996 0.4411079571461135 0.015619915392124959 0.006902499931616138
18 0.2873412977546372 0.3409505684978345 0.008460779173446143 0.01641212673808981
2 0.5403514376830459 0.6002392961021199 0.0022779084933289948 0.01059949705949396
27 0.2963308714611129 0.4831034529291087 0.009599741750732183 0.011226349851834967
