18 0.7541436716653512 0.5358239836233368 0.01775847955801105 0.016376663254861822
38 0.6410813827940015 0.5767656417604914 0.027229671349644834 0.01791198198567042
10 0.6191793401736385 0.4338455844421699 0.013812159747434886 0.017416201432958037
18 0.8291239905288081 0.18769202047082906 0.01736387182320442 0.016120768065506653
28 0.5781373070244673 0.533776769703173 0.01973163946329913 0.01893551033776868
24 0.6284531270718232 0.5603889785056295 0.015390671507498026 0.013050156806550665
10 0.45846468192580897 0.5161208925281474 0.012825579794790843 0.016632558444216988
12 0.837411359116022 0.5983559271238484 0.014996063772691397 0.017528139201637667
18 0.8062351254932912 0.556550550665302 0.01854773543804262 0.016376663254861822
18 0.6708759842146803 0.5985159467758444 0.017166547750591947 0.014329580348004094
18 0.609313136543015 0.5973083971340839 0.01736387182320442 0.015497066120777891
18 0.3948796969218627 0.4344933142272262 0.01775847955801105 0.016248715660184238
38 0.36799545382794 0.23170410644831116 0.02861089944751381 0.021238488433981576
12 0.6201441793212312 0.2511514595701126 0.015581853196527232 0.018167850972364383
12 0.681530999210734 0.4969292773797339 0.01617996779794791 0.01842374616171955
5 0.846093133385951 0.23252791811668372 0.013417511602209945 0.009483738792221084
11 0.6203599709550118 0.6175634472876153 0.015495496132596685 0.01621672221084954
18 0.6194042241515391 0.37282508904810646 0.016075143172849252 0.014329580348004094
21 0.5528807955801106 0.45937824360286594 0.0205208953433307 0.015353134902763563
12 0.7809786140489345 0.23192813920163768 0.02683502320441989 0.02066273735926305
12 0.7159631002367799 0.3129478157625384 0.01637725146014207 0.01893551033776868
9 0.4981254869771113 0.3969901527123848 0.013614835674822417 0.007900469191402252
21 0.5915547782162589 0.2548617563971341 0.018942383583267563 0.014329580348004094
24 0.6621942099447514 0.45937824360286594 0.01578531965272297 0.012922209211873082
4 0.6471979037095501 0.37512804094165814 0.011049743962115234 0.010747178710337769
1 0.5955012596685083 0.17297844012282496 0.013417511602209945 0.013817816171954964
12 0.5899763472770323 0.23029676151484135 0.01578531965272297 0.01842374616171955
12 0.5828730039463299 0.3526099979529171 0.01578531965272297 0.017400191606960082
10 0.4265982383583267 0.16798866734902765 0.013812159747434886 0.016632558444216988
10 0.6936662478295186 0.14585475537359263 0.014404091554853986 0.01791198198567042
21 0.49072593528018943 0.5006398362333674 0.020915543488555642 0.014841344524053224
18 0.7624310402525651 0.47517923439099286 0.01775847955801105 0.015992846673490275
6 0.6838990497237569 0.41683717502558854 0.014206767482241514 0.00972365035823951
18 0.6936662478295186 0.39329591811668374 0.01637725146014207 0.015353134902763563
5 0.48520142699289653 0.4167093060388946 0.013417511602209945 0.009851597952917093
18 0.6779300268350433 0.5569344196519959 0.01687054143646409 0.014841344524053224
18 0.5477506929755328 0.5765096417604912 0.01657457553275454 0.01586489907881269
8 0.6215469865824782 0.6824462149437053 0.014996063772691397 0.010491309723643807
2 0.6357536732438832 0.2532626079836233 0.012628255722178374 0.00972365035823951
1 0.6450769629044988 0.7058598648925282 0.015587995580110498 0.014841344524053224
38 0.730465591160221 0.4518934534288639 0.02959747940015785 0.013306025793244625
5 0.4177188571428572 0.6213216949846468 0.015193387845303866 0.01017145383828045
22 0.874901316495659 0.4367962661207779 0.015390671507498026 0.01023541453428864
5 0.38920688239936857 0.41712511606960084 0.013614835674822417 0.010107466939611055
12 0.39946708760852406 0.49737708085977483 0.015587995580110498 0.017528139201637667
5 0.5240726124704025 0.4982087533265097 0.014601415627466457 0.00972365035823951
6 0.6022097932123126 0.37551164790173996 0.014996063772691397 0.00972365035823951
2 0.7794987845303867 0.21128133306038896 0.013614835674822417 0.010875126305015354
4 0.38496459668508287 0.5189995168884339 0.010457771744277821 0.010363362128966222
21 0.8423442588792424 0.6635108618219038 0.01775847955801105 0.015225187308085976
7 0.7109558453038675 0.23451093551688845 0.017709138437253354 0.014857354350051177
5 0.5876087008681926 0.1496929211873081 0.013417511602209945 0.011003073899692937
8 0.6679163251775849 0.27392524053224154 0.014601415627466457 0.00972365035823951
5 0.7279993433307025 0.41683717502558854 0.014601415627466457 0.01023541453428864
5 0.7618390276243094 0.39611060798362335 0.014206767482241514 0.01023541453428864
0 0.3601024909234412 0.39727002333674516 0.022691379321231255 0.008460210440122825
2 0.7618390276243094 0.5177839754350051 0.013812159747434886 0.010363362128966222
5 0.6907558895027625 0.6209058587512793 0.014502773796369377 0.010747178710337769
6 0.8091947845303868 0.6825740839303991 0.015390671507498026 0.010747178710337769
10 0.5982637158642463 0.6379221289662231 0.013417511602209945 0.016376663254861822
0 0.5157852438831887 0.2530705424769703 0.023283351539068665 0.010491309723643807
2 0.593330816101026 0.39684221248720575 0.011049743962115234 0.007604588741044012
10 0.7513812154696132 0.18756388945752303 0.012825579794790843 0.01791198198567042
13 0.6769929092344119 0.5759979037871034 0.00868193591160221 0.01688842743091095
0 0.6258878737174427 0.2318642047082907 0.023677999684293606 0.010811165609007165
7 0.666929906866614 0.4190122579324463 0.01736387182320442 0.013817816171954964
4 0.8433306771902132 0.3958546079836233 0.009471191791633781 0.011258969089048106
28 0.5179556874506709 0.556678681678608 0.0205208953433307 0.01842374616171955
22 0.770718408839779 0.6000511606960083 0.014206767482241514 0.01023541453428864
7 0.4583660805051302 0.15237974206755375 0.01617996779794791 0.014329580348004094
8 0.6994869644830308 0.25319867349027636 0.015193387845303866 0.00997951934493347
18 0.7812748224151539 0.2500001146366428 0.01756115548539858 0.01586489907881269
9 0.6707773827940016 0.4371801351074719 0.015193387845303866 0.010747178710337769
13 0.6846882651933701 0.5978121694984647 0.00868193591160221 0.016504610849539407
9 0.7154696890292028 0.16914027430910952 0.015193387845303866 0.010747178710337769
2 0.4206789202841357 0.45851460388945753 0.013417511602209945 0.01068321801432958
1 0.8222178500394632 0.5818832835209826 0.014601415627466457 0.013306025793244625
1 0.5554460489344909 0.19370526919140224 0.013417511602209945 0.014841344524053224
2 0.7371745288082083 0.2528148045035824 0.013022903867403315 0.00997951934493347
0 0.5031569881610103 0.6210337277379734 0.022494095659037094 0.010747178710337769
2 0.5690607229676401 0.6200102517911975 0.011049743962115234 0.01023541453428864
5 0.5860298658247829 0.4554758812691914 0.013417511602209945 0.006141248720573183
5 0.7527624435674822 0.2120010153531218 0.013812159747434886 0.01023541453428864
0 0.7111288018942383 0.6415045568065507 0.022494095659037094 0.010747178710337769
6 0.6745262573007104 0.23272784442169908 0.014206767482241514 0.00997951934493347
10 0.3565015185477506 0.31288388126919137 0.015094705603788476 0.01714432262026612
0 0.5116415595895817 0.6417605568065508 0.022494095659037094 0.01023541453428864
18 0.7458563030781373 0.33162743091095187 0.01736387182320442 0.01688842743091095
9 0.6629834254143646 0.6625510583418628 0.014206767482241514 0.010363362128966222
2 0.7049625761641674 0.21136140839303993 0.012726897553275452 0.00921185997952917
0 0.3660222131018153 0.6218014657113613 0.021014225730071032 0.01023541453428864
6 0.4395222983425414 0.23336745138178097 0.01854773543804262 0.00972365035823951
12 0.3699682904498816 0.33345061207778914 0.014009483820047354 0.017336230910951895
22 0.6838990497237569 0.2737973715455476 0.014206767482241514 0.00972365035823951
21 0.4980268855564326 0.3587513776867963 0.022494095659037094 0.018167850972364383
12 0.6543016511444356 0.4754349723643807 0.014996063772691397 0.018167850972364383
5 0.8563537426992897 0.7026613060388945 0.014996063772691397 0.011003073899692937
14 0.8577349707971585 0.22960108085977482 0.007892639621152327 0.016616548618219037
18 0.846093133385951 0.35299386693961105 0.01736387182320442 0.01586489907881269
2 0.697119318074191 0.5998292765609007 0.013417511602209945 0.010199438280450359
7 0.49437661247040254 0.5205347308085978 0.021112867561168112 0.01368986857727738
22 0.6590369439621152 0.39676625097236434 0.014206767482241514 0.00745266571136131
0 0.522494181531176 0.47812179324462645 0.021310191633780583 0.01023541453428864
18 0.5720203820047356 0.14636649334698057 0.01696922367797948 0.016376663254861822
8 0.4812549455406472 0.23221584442169907 0.014996063772691397 0.010747178710337769
21 0.7207969944751382 0.2131526223132037 0.018942383583267563 0.014841344524053224
22 0.6738356432517759 0.14943692118730809 0.014502773796369377 0.010747178710337769
5 0.5053274317284925 0.2947160040941658 0.013417511602209945 0.00921185997952917
1 0.42245455406471977 0.23592640327533265 0.013022903867403315 0.013817816171954964
8 0.6428570165745856 0.39703013797338793 0.014996063772691397 0.007932436438075742
10 0.4658642336227309 0.5360797215967247 0.013022903867403315 0.017400191606960082
10 0.5978689060773481 0.5758700348004093 0.012628255722178374 0.017400191606960082
7 0.5398581341752171 0.6019702436028659 0.01578531965272297 0.013561920982599795
5 0.6077347056037885 0.6412488188331628 0.014206767482241514 0.01023541453428864
0 0.48579303551696923 0.2953556110542477 0.021704799368587213 0.010363362128966222
6 0.44386358958168903 0.2538382804503582 0.015193387845303866 0.01023541453428864
8 0.7100433780584057 0.6211615967246673 0.014206767482241514 0.00997951934493347
5 0.4968428602999211 0.17118722620266122 0.012233607576953433 0.00972365035823951
12 0.734115864246251 0.5767656417604914 0.0274269954222573 0.01791198198567042
2 0.6124704025256511 0.4557318812691914 0.012628255722178374 0.005629484544524053
0 0.35995458879242304 0.41760491299897645 0.023381993370165745 0.010491309723643807
13 0.850631223362273 0.5972364708290686 0.00828728776637727 0.01893551033776868
2 0.4340963914759274 0.6416324257932446 0.012628255722178374 0.01023541453428864
8 0.6201657584846093 0.1495650522006141 0.014996063772691397 0.011003073899692937
5 0.8681927829518548 0.17016375025588537 0.013417511602209945 0.01023541453428864
8 0.6594317537490134 0.23272784442169908 0.014108125651144436 0.00997951934493347
22 0.3769237316495659 0.4371801351074719 0.014798739700078925 0.00946775516888434
29 0.8597078074191002 0.3132677502558854 0.023677999684293606 0.020087012487205732
21 0.41182418942383586 0.25550162538382803 0.018893042462509866 0.013050156806550665
0 0.6158248713496448 0.2737973715455476 0.020915543488555642 0.00946775516888434
5 0.6219413922651933 0.39680421862845444 0.013812159747434886 0.007512643602865916
5 0.7732832580899763 0.5588535025588536 0.014206767482241514 0.010747178710337769
5 0.8725336700868193 0.6825740839303991 0.014206767482241514 0.009851597952917093
5 0.8180741657458565 0.6407368188331627 0.014206767482241514 0.00997951934493347
5 0.42442779479084447 0.4787614002047083 0.014404091554853986 0.00972365035823951
5 0.37204013259668506 0.5197030583418628 0.014404091554853986 0.00946775516888434
18 0.3584747592738753 0.27392524053224154 0.01726518958168903 0.01791198198567042
5 0.7516770197316496 0.6621032548618219 0.013812159747434886 0.01023541453428864
5 0.47711126124704023 0.5803480696008189 0.014404091554853986 0.01023541453428864
5 0.7642066740331492 0.25332654247697034 0.014206767482241514 0.01023541453428864
22 0.5576164925019732 0.4367962661207779 0.014206767482241514 0.01023541453428864
18 0.8010064214680347 0.6601841719549643 0.01637725146014207 0.014585475537359264
5 0.6764008966061562 0.39698216090071653 0.014206767482241514 0.007852492118730809
2 0.6519336006314128 0.6004030100307062 0.011838999842146803 0.010507293346980553
5 0.4838201988950276 0.150460659160696 0.014206767482241514 0.01023541453428864
8 0.7344120726124704 0.17016375025588537 0.01578531965272297 0.010747178710337769
9 0.753748861878453 0.23259971340839306 0.014996063772691397 0.01023541453428864
5 0.6185873275453828 0.33520985875127945 0.013417511602209945 0.00972365035823951
5 0.42008690765587997 0.43781974206755375 0.014206767482241514 0.01023541453428864
8 0.6037886282557221 0.3151228986693961 0.014996063772691397 0.00946775516888434
9 0.5962904751381215 0.19037857932446264 0.014996063772691397 0.011258969089048106
0 0.6203629613259668 0.7027891750255885 0.023677999684293606 0.011258969089048106
0 0.654104044198895 0.1499489211873081 0.022099447513812154 0.010747178710337769
9 0.46093133385951063 0.23247184442169908 0.014206767482241514 0.01023541453428864
2 0.6629834254143646 0.375895516888434 0.012628255722178374 0.00921185997952917
16 0.6586425382794001 0.5372313285568066 0.0205208953433307 0.011258969089048106
2 0.7941988823993686 0.16990801228249744 0.011838999842146803 0.01023541453428864
0 0.8279399652722967 0.2525588045035824 0.021704799368587213 0.00972365035823951
5 0.6452495962115233 0.2324398771750256 0.01474939857932123 0.00972365035823951
0 0.46921870244672453 0.6003150476970317 0.022494095659037094 0.010699201637666326
9 0.6339840606156275 0.1700358812691914 0.01478641452249408 0.011258969089048106
18 0.7826560505130229 0.45477233981576254 0.01835045177584846 0.016248715660184238
7 0.39542240883977897 0.46108953940634595 0.017166547750591947 0.014361573797338793
22 0.5818861815311761 0.2126406223132037 0.014996063772691397 0.010747178710337769
2 0.6823206187845304 0.25358228045035824 0.013220187529597475 0.01023541453428864
5 0.6341752423046566 0.37576764790174005 0.012628255722178374 0.00972365035823951
4 0.7647986866614048 0.66171964790174 0.01006312359905288 0.011770733265097236
22 0.7440806692975532 0.43692413510747186 0.014206767482241514 0.009851597952917093
5 0.5319651712707182 0.6412488188331628 0.014996063772691397 0.01023541453428864
6 0.5706391539068666 0.19114631729785056 0.015390671507498026 0.01023541453428864
6 0.42265175690607737 0.6419523602865916 0.01026044767166535 0.00972365035823951
9 0.883188685082873 0.27296569907881274 0.014206767482241514 0.010619231115660184
21 0.3876284514601421 0.6225692036847492 0.019928963535911604 0.014841344524053224
0 0.5507103520126282 0.47812179324462645 0.023283351539068665 0.01023541453428864
13 0.5958956653512234 0.5964687328556807 0.00868193591160221 0.01791198198567042
1 0.39285715548539857 0.6646622067553737 0.014206767482241514 0.013817816171954964
2 0.8693764041041832 0.27277389559877174 0.013417511602209945 0.00997951934493347
10 0.8528020710339383 0.2906857727737973 0.013022903867403315 0.01688842743091095
5 0.6375234475138122 0.47837779324462637 0.016685582951854776 0.00946775516888434
5 0.44988150907655877 0.6000052012282497 0.015390671507498026 0.011446868372569089
6 0.6830112328334649 0.6417925240532242 0.015390671507498026 0.01068321801432958
8 0.4581688776637727 0.41760491299897645 0.014206767482241514 0.01023541453428864
5 0.6452250670876085 0.6206498587512794 0.01578531965272297 0.010747178710337769
5 0.424624997632202 0.6825740839303991 0.014601415627466457 0.00997951934493347
10 0.3711030149960537 0.6587608433981575 0.013713477505919495 0.01768808024564995
22 0.5461718579321231 0.6210656949846469 0.014206767482241514 0.01119498219037871
5 0.8752961262825572 0.375895516888434 0.01578531965272297 0.010747178710337769
8 0.8743093038674034 0.25268667349027635 0.014601415627466457 0.00972365035823951
14 0.4088398800315707 0.4549641432958035 0.007103383741120757 0.015736951484135106
7 0.37638101973164956 0.5014712466734903 0.025256511444356748 0.01471339692937564
19 0.5114443567482242 0.6005628986693962 0.011838999842146803 0.00972365035823951
1 0.7763419226519337 0.5207267963152508 0.014404091554853986 0.013561920982599795
2 0.7819654364640883 0.6412488188331628 0.013022903867403315 0.010363362128966222
7 0.801302225730071 0.6432957707267144 0.01736387182320442 0.013050156806550665
8 0.5647198358326756 0.2117450153531218 0.014206767482241514 0.010491309723643807
13 0.6600237663772691 0.5542475987717502 0.009076543646408839 0.022006147799385874
9 0.8788477979479085 0.29401220061412486 0.014206767482241514 0.00972365035823951
2 0.7974547498026835 0.41651739774820884 0.013220187529597475 0.009595702763561923
0 0.8261643314917126 0.7030449129989764 0.022888703393843725 0.010747178710337769
13 0.4492894964483031 0.22943312180143297 0.007103383741120757 0.016568571545547594
8 0.6661406913970008 0.2531344769703173 0.014996063772691397 0.009851597952917093
4 0.7398383835832676 0.3945751320368475 0.01026044767166535 0.011770733265097236
6 0.8531964767166534 0.5591095025588537 0.01578531965272297 0.01023541453428864
6 0.554459226519337 0.1496929211873081 0.014996063772691397 0.010747178710337769
0 0.6389109392265194 0.518807451381781 0.022888703393843725 0.010491309723643807
5 0.48046573007103394 0.6207779897645854 0.01617996779794791 0.011258969089048106
5 0.48875309865824784 0.6411206878198566 0.014601415627466457 0.01023541453428864
13 0.38397777426992896 0.33108372569089045 0.011049743962115234 0.019511261412487206
5 0.5108523441199684 0.5390225424769702 0.014206767482241514 0.010491309723643807
6 0.5394633243883188 0.7035569129989764 0.015390671507498026 0.01023541453428864
7 0.4216653385951066 0.40008075660184234 0.023677999684293606 0.014081703172978506
7 0.8705604293606946 0.5210464687819857 0.01657457553275454 0.013433973387922212
22 0.8251775090765588 0.6827661494370523 0.014206767482241514 0.010619231115660184
4 0.7748616890292028 0.39611060798362335 0.009865839936858722 0.011258969089048106
2 0.49743487292817684 0.2531344769703173 0.012628255722178374 0.01017145383828045
5 0.4802685272296764 0.3551689498464688 0.014206767482241514 0.00972365035823951
8 0.5418309707971586 0.4370522661207779 0.014996063772691397 0.01023541453428864
6 0.8295183962115233 0.39649447697031726 0.014996063772691397 0.00921185997952917
8 0.6793605556432518 0.6832139529170932 0.014601415627466457 0.010363362128966222
9 0.5400553370165745 0.2741812405322415 0.014601415627466457 0.011003073899692937
2 0.8642463014996055 0.6415045568065507 0.013812159747434886 0.010363362128966222
0 0.7138666077348066 0.39611060798362335 0.02293804451460142 0.00972365035823951
2 0.5426201862667719 0.5184238444216991 0.012233607576953433 0.00997951934493347
5 0.877663772691397 0.14892518321392015 0.013812159747434886 0.01023541453428864
5 0.4905287324388319 0.375895516888434 0.014601415627466457 0.01023541453428864
9 0.7861087166535122 0.6003071606960082 0.013614835674822417 0.010491309723643807
6 0.8251775090765588 0.6207779897645854 0.009471191791633781 0.01023541453428864
13 0.8243882936069457 0.22914541658137152 0.00828728776637727 0.019191405527123846
7 0.49112074506708764 0.3376406796315251 0.015390671507498026 0.013050156806550665
5 0.6981057363851618 0.4987844257932446 0.014601415627466457 0.00997951934493347
0 0.6146408460931334 0.519063451381781 0.023283351539068665 0.009595702763561923
5 0.5226913843725336 0.6207137932446264 0.014206767482241514 0.010043506243602866
18 0.42225735122336233 0.353121735926305 0.01775847955801105 0.014841344524053224
0 0.7773283409629045 0.4163254370522006 0.023480675611681136 0.010491309723643807
13 0.6586300110497237 0.4344293797338792 0.00732535816890292 0.01548105629477994
8 0.7375689344909234 0.21161714636642784 0.014009483820047354 0.01023541453428864
5 0.7207969944751382 0.5383829355168884 0.014601415627466457 0.00997951934493347
9 0.5994473370165746 0.43602852814738996 0.013417511602209945 0.011770733265097236
6 0.7399369850039463 0.4784417277379734 0.020915543488555642 0.00946775516888434
12 0.6902131775848461 0.6599923684749233 0.02683502320441989 0.018295798567041967
0 0.3896998895027624 0.2538382804503582 0.022099447513812154 0.011258969089048106
2 0.5402525398579322 0.23221584442169907 0.012628255722178374 0.01023541453428864
18 0.45175614838200473 0.17016375025588537 0.01696922367797948 0.01791198198567042
2 0.4644830055248618 0.1916580552712385 0.021310191633780583 0.01023541453428864
9 0.7107339921073401 0.6003071606960082 0.014009483820047354 0.01023541453428864
5 0.37874907024467247 0.7036847819856704 0.015193387845303866 0.010747178710337769
13 0.8668115548539859 0.2285055475946776 0.00868193591160221 0.01842374616171955
5 0.6346623494869771 0.2738613060388946 0.014219133070244671 0.00946775516888434
13 0.5418309707971586 0.6582491054247697 0.00868193591160221 0.018455739611054248
14 0.8618782509865824 0.6793115905834186 0.006314127861089187 0.016248715660184238
8 0.5080898879242305 0.49891255680655067 0.013417511602209945 0.010107466939611055
1 0.7663771176006314 0.6226970726714433 0.014601415627466457 0.014585475537359264
22 0.750592 0.6206338751279427 0.014206767482241514 0.010907119754350053
22 0.37500019573796367 0.19293753121801432 0.014404091554853986 0.010747178710337769
9 0.8453039179163379 0.4163254370522006 0.014601415627466457 0.01023541453428864
5 0.6590369439621152 0.5184238444216991 0.014996063772691397 0.011003073899692937
11 0.8212314317284924 0.4529171914022518 0.014206767482241514 0.011258969089048106
5 0.798145363851618 0.6209058587512793 0.014206767482241514 0.00946775516888434
6 0.46921870244672453 0.17144322620266123 0.015390671507498026 0.00972365035823951
8 0.45935290292028413 0.2134083602865916 0.014996063772691397 0.01023541453428864
2 0.6357536732438832 0.1496929211873081 0.012628255722178374 0.010747178710337769
2 0.4708957348066299 0.39611060798362335 0.021704799368587213 0.01023541453428864
21 0.5749804451460142 0.5603889785056295 0.022099447513812154 0.01586489907881269
4 0.44563922336227313 0.4989764912998977 0.009471191791633781 0.012282497441146366
5 0.5972768934490923 0.2740531095189355 0.014601415627466457 0.00972365035823951
13 0.4082478674033149 0.43449331422722615 0.008089963693764798 0.017400191606960082
16 0.35684702762430937 0.5998432687819857 0.01983032170481452 0.012314490890481065
0 0.854380501973165 0.14943692118730809 0.030781383425414366 0.010747178710337769
21 0.7642066740331492 0.2752047164790174 0.020915543488555642 0.014329580348004094
13 0.6243094427782163 0.5353122456499488 0.007103383741120757 0.01842374616171955
5 0.4604379226519337 0.6207779897645854 0.014009483820047354 0.010747178710337769
4 0.5445934269928966 0.210593670419652 0.011049743962115234 0.012282497441146366
14 0.5343332217837411 0.6181870706243603 0.006314127861089187 0.016376663254861822
9 0.565903861089187 0.25332654247697034 0.014206767482241514 0.010491309723643807
2 0.7259275011838989 0.6206498587512794 0.013812159747434886 0.011003073899692937
24 0.5702447482241515 0.375895516888434 0.01578531965272297 0.011258969089048106
6 0.4297555043409629 0.5195751893551689 0.013812159747434886 0.00921185997952917
13 0.3479922967640095 0.5772773797338793 0.00887925998421468 0.01791198198567042
6 0.6985005461720599 0.16901240532241557 0.014996063772691397 0.01023541453428864
2 0.5497239337016575 0.4987844257932446 0.011838999842146803 0.00997951934493347
2 0.3897988950276243 0.5391504114636643 0.013417511602209945 0.010747178710337769
14 0.36449308287292814 0.5772773797338793 0.006412769692186267 0.01688842743091095
6 0.4457378247829518 0.6207779897645854 0.013022903867403315 0.01023541453428864
16 0.6440410418310971 0.43628452814739 0.0205208953433307 0.011258969089048106
22 0.5552484419889503 0.6416324257932446 0.014206767482241514 0.010427322824974411
6 0.606156274664562 0.23285571340839303 0.014996063772691397 0.00972365035823951
2 0.8533936795580112 0.19063457932446265 0.011444351696921862 0.00921185997952917
2 0.5355168429360694 0.45509201228249746 0.011838999842146803 0.006908908085977482
5 0.44149553906866607 0.375895516888434 0.013614835674822417 0.00972365035823951
16 0.7664761231254933 0.43602852814738996 0.02032361168113654 0.012282497441146366
13 0.814127684293607 0.6586489580348004 0.007892639621152327 0.018807562743091095
13 0.84747436148382 0.1667091914022518 0.00868193591160221 0.01791198198567042
10 0.5122335722178374 0.37231308904810645 0.014996063772691397 0.01688842743091095
2 0.5554460489344909 0.3749999099283521 0.012233607576953433 0.00972365035823951
22 0.5349248303078137 0.37576764790174005 0.014601415627466457 0.010491309723643807
13 0.48747047198105764 0.3930399181166837 0.007892639621152327 0.01791198198567042
4 0.6923836211523283 0.21072159181166839 0.013022903867403315 0.010843132855680657
9 0.7486187592738752 0.5588535025588536 0.014798739700078925 0.011258969089048106
6 0.6483819289660616 0.66171964790174 0.013417511602209945 0.010747178710337769
9 0.4603393212312549 0.25358228045035824 0.014996063772691397 0.010491309723643807
13 0.4288672833464877 0.5979561269191402 0.007695355958958169 0.016792473285568064
6 0.6227310118389897 0.19114631729785056 0.014601415627466457 0.00972365035823951
7 0.6235447968429361 0.21404822927328557 0.025799142541436466 0.014073685158648925
7 0.6436710844514602 0.31729798157625383 0.026983046566692974 0.014585475537359264
4 0.49782968271507494 0.4161815582395087 0.01026044767166535 0.010843132855680657
9 0.6890291523283346 0.579580331627431 0.014206767482241514 0.01023541453428864
13 0.8431334743488555 0.18756388945752303 0.007498031886345699 0.018167850972364383
13 0.7040254585635359 0.5150971545547595 0.006314127861089187 0.017400191606960082
10 0.41456199526440407 0.2296571545547595 0.012233607576953433 0.016632558444216988
5 0.501973367008682 0.27456510951893554 0.014601415627466457 0.010747178710337769
2 0.49141654932912393 0.6823183459570112 0.011838999842146803 0.01023541453428864
13 0.4123915516969219 0.49616180143295807 0.007892639621152327 0.018679641351074718
5 0.604775046566693 0.6205219897645855 0.014601415627466457 0.011258969089048106
13 0.7369769218626677 0.5557830747185262 0.007498031886345699 0.017400191606960082
2 0.7831490576164167 0.35606455680655064 0.013022903867403315 0.00997951934493347
2 0.6251356741910024 0.5999232917093142 0.011888300552486188 0.010747178710337769
2 0.684786866614049 0.18948323439099285 0.012628255722178374 0.010491309723643807
2 0.6063534775059195 0.25300660798362334 0.01026044767166535 0.009595702763561923
2 0.7045184656669298 0.33546559672466736 0.014009483820047354 0.00972365035823951
6 0.43133393528018943 0.7030449129989764 0.014601415627466457 0.01023541453428864
19 0.6898183677979479 0.43714816786079835 0.01026044767166535 0.009787611054247696
0 0.40400558168902917 0.21282464360286593 0.023283351539068665 0.00954772569089048
7 0.6795581625887924 0.4597621125895599 0.01578531965272297 0.014585475537359264
12 0.48549723125493294 0.6601841719549643 0.028413575374901343 0.022006147799385874
0 0.5222965745856353 0.4370522661207779 0.021704799368587213 0.01023541453428864
6 0.750592 0.25287873899692936 0.014206767482241514 0.00997951934493347
8 0.699881774269929 0.27450091299897644 0.014601415627466457 0.011770733265097236
2 0.4647788097868981 0.6414725895598772 0.023283351539068665 0.01017145383828045
13 0.5532756053670087 0.5972364708290686 0.00868193591160221 0.019959064892528147
9 0.522494181531176 0.3549129498464688 0.013417511602209945 0.00972365035823951
4 0.43212315074980273 0.4367962661207779 0.009668515864246252 0.011770733265097236
6 0.6142464404104184 0.17016375025588537 0.022099447513812154 0.010747178710337769
13 0.5355168429360694 0.20905845649948823 0.007498031886345699 0.01688842743091095
7 0.8115628350434095 0.2346469273285568 0.015390671507498026 0.014585475537359264
13 0.49102214364640884 0.4506142395087001 0.00848461183898974 0.01586489907881269
12 0.5635358105761642 0.6595445649948823 0.02604576732438832 0.01791198198567042
14 0.5165744593528019 0.29151744524053225 0.0067087760063141285 0.017528139201637667
8 0.6506509739542226 0.2542541166837257 0.014996063772691397 0.01119498219037871
2 0.7594713812154695 0.19114631729785056 0.012233607576953433 0.01023541453428864
9 0.7154696890292028 0.29318052814738993 0.014206767482241514 0.010491309723643807
2 0.4385358800315706 0.41658143705220063 0.0230860274664562 0.01023541453428864
1 0.7308604009471192 0.6427840327533265 0.014206767482241514 0.015353134902763563
4 0.6483819289660616 0.27341350255885366 0.011838999842146803 0.013050156806550665
5 0.39354776953433307 0.39726195291709315 0.021507515706393053 0.01023541453428864
4 0.7849250955011838 0.2730296335721597 0.01026044767166535 0.011003073899692937
22 0.35861053827940015 0.2122570153531218 0.01482339005524862 0.010747178710337769
10 0.7764405240726124 0.699974485158649 0.014206767482241514 0.01714432262026612
21 0.7238556590370955 0.5610285854657113 0.018942383583267563 0.014329580348004094
14 0.3854576037884767 0.5980041039918117 0.006511451933701657 0.016376663254861822
14 0.3512728145224941 0.6188586448311157 0.006412769692186267 0.01586489907881269
6 0.5244674222573007 0.600650913408393 0.014206767482241514 0.010731195087001023
4 0.6002369565903709 0.14918118321392015 0.01026044767166535 0.013817816171954964
1 0.6720600094711917 0.33802454861821907 0.014996063772691397 0.013306025793244625
6 0.37425987687450674 0.5997951606960081 0.013516193843725335 0.012282497441146366
13 0.5370956779794791 0.3925281801432958 0.007892639621152327 0.018167850972364383
13 0.5574192896606157 0.41235914022517905 0.007498031886345699 0.01765608679631525
4 0.6771901120757695 0.4782496622313203 0.01026044767166535 0.011258969089048106
13 0.6329912170481452 0.6172914636642783 0.00828728776637727 0.020278920777891507
4 0.5627465951065509 0.599365489457523 0.01026044767166535 0.011574815967246672
13 0.8504340205209155 0.5759979037871034 0.007892639621152327 0.018167850972364383
22 0.4431729755327546 0.21238488433981575 0.014601415627466457 0.00972365035823951
5 0.4299527071823205 0.19280966223132037 0.01578531965272297 0.011003073899692937
4 0.5483427056037884 0.5386386734902764 0.009471191791633781 0.011258969089048106
13 0.6069454901341752 0.33149956192425795 0.009471191791633781 0.02021493387922211
14 0.5911603725335438 0.37282508904810646 0.005524871981057617 0.015097239713408393
13 0.7672653385951066 0.45099784646878205 0.00828728776637727 0.015097239713408393
14 0.740528997632202 0.6175794309109519 0.0067087760063141285 0.01714432262026612
2 0.6073402999210734 0.6820623459570112 0.012628255722178374 0.010491309723643807
8 0.5931332091554854 0.5584698955987718 0.014601415627466457 0.010747178710337769
13 0.8149173038674032 0.4142464131013306 0.00868193591160221 0.016024813920163767
13 0.4494871033938438 0.5559109437052201 0.009076543646408839 0.01765608679631525
6 0.7503947971586424 0.6415045568065507 0.021704799368587213 0.00997951934493347
0 0.6582477284925019 0.2945239385875128 0.024467255564325177 0.00997951934493347
13 0.5268350686661404 0.14713396929375638 0.00868193591160221 0.01842374616171955
13 0.8127464561957379 0.1464943623336745 0.006314127861089187 0.016120768065506653
13 0.4441593938437253 0.4769701862845445 0.00887925998421468 0.020726724257932445
4 0.4917127576953434 0.6005628986693962 0.017955803630623518 0.01023541453428864
4 0.6637726408839779 0.6201381207778915 0.010457771744277821 0.011642785670419651
13 0.6110336909234412 0.18730815148413513 0.00848461183898974 0.018167850972364383
1 0.8622730607734808 0.29580341453428866 0.014206767482241514 0.014073685158648925
2 0.7306627940015785 0.33520985875127945 0.011838999842146803 0.01023541453428864
13 0.4717835516969219 0.6227929744114638 0.004340967955801105 0.010427322824974411
18 0.8601026172059983 0.619786219037871 0.025256511444356748 0.01317810440122825
4 0.45876089029202843 0.5585977645854656 0.010655095816890291 0.011770733265097236
13 0.7034334459352802 0.6379221289662231 0.007498031886345699 0.01893551033776868
13 0.622138999210734 0.16555784646878197 0.007498031886345699 0.019959064892528147
22 0.8818074569850038 0.21110540839303993 0.014601415627466457 0.011258969089048106
9 0.5126283820047356 0.579580331627431 0.014996063772691397 0.010747178710337769
13 0.666929906866614 0.4750511033776868 0.007892639621152327 0.01688842743091095
4 0.3771706393054459 0.3958546079836233 0.00917522588792423 0.012794261617195496
22 0.49773067719021313 0.4370522661207779 0.012628255722178374 0.00997951934493347
6 0.6653510718232044 0.7042604544524053 0.023677999684293606 0.011003073899692937
2 0.5343332217837411 0.2538382804503582 0.012233607576953433 0.010491309723643807
18 0.6687055406471981 0.19037857932446264 0.01835045177584846 0.011514838075742067
6 0.7345106740331491 0.2326316806550665 0.022099447513812154 0.00972365035823951
13 0.6758088839779006 0.2899819692937564 0.009471191791633781 0.01906345793244626
10 0.45599843409629043 0.4551562088024565 0.014996063772691397 0.017272270214943708
13 0.7687451681136543 0.5348005076765608 0.009865839936858722 0.019959064892528147
2 0.5580108981846883 0.5573182886386898 0.011838999842146803 0.011770733265097236
2 0.4634965872138911 0.5798363316274309 0.011049743962115234 0.00997951934493347
5 0.5880031065509076 0.4163254370522006 0.014601415627466457 0.01023541453428864
22 0.6511443851617995 0.33597759672466737 0.01617996779794791 0.011258969089048106
13 0.877663772691397 0.31128447082906857 0.009471191791633781 0.016120768065506653
9 0.5039462036306235 0.4567553572159672 0.014601415627466457 0.010875126305015354
13 0.5931332091554854 0.29094177277379735 0.01026044767166535 0.01714432262026612
8 0.6329912170481452 0.33572159672466734 0.014601415627466457 0.00972365035823951
10 0.7709156116811365 0.16760479836233366 0.014996063772691397 0.016376663254861822
7 0.37939038358326754 0.21441593121801433 0.023184669297553275 0.013529927533265098
14 0.3508780047355959 0.638945866939611 0.007004741910023677 0.01586489907881269
14 0.5440014143646409 0.6378581944728762 0.006314127861089187 0.016376663254861822
2 0.3792917821625888 0.6620393203684749 0.012036323914759275 0.010107466939611055
9 0.46241116337805843 0.2957394800409417 0.014601415627466457 0.010747178710337769
2 0.4165352359905288 0.5198311893551689 0.010655095816890291 0.00895599099283521
8 0.5982637158642463 0.21161714636642784 0.014996063772691397 0.011003073899692937
14 0.3561438863456985 0.5774052487205731 0.00673342636148382 0.01586489907881269
2 0.4317283409629045 0.27456510951893554 0.011444351696921862 0.00997951934493347
10 0.5193369155485399 0.39278391811668373 0.01578531965272297 0.01688842743091095
6 0.675611681136543 0.6210337277379734 0.013812159747434886 0.010491309723643807
13 0.8510260331491714 0.5149692855680655 0.007892639621152327 0.018679641351074718
0 0.7172699731649567 0.5189995168884339 0.03073204230465667 0.010363362128966222
6 0.5343332217837411 0.19140231729785057 0.011049743962115234 0.00972365035823951
8 0.7755523030781374 0.19037857932446264 0.018153127703235992 0.010491309723643807
13 0.7502957916337806 0.2695913203684749 0.008089963693764798 0.016088800818833165
22 0.7790053733228098 0.579324593654043 0.014996063772691397 0.010491309723643807
13 0.8346489029202842 0.45138171545547595 0.01026044767166535 0.014329580348004094
8 0.6930742352012628 0.519063451381781 0.015193387845303866 0.011770733265097236
8 0.7547356842936069 0.6005628986693962 0.014601415627466457 0.010747178710337769
18 0.3571307087608524 0.47761005527123845 0.021729490134175217 0.01241044503582395
6 0.8334648776637726 0.47863353121801433 0.01973163946329913 0.009595702763561923
4 0.8115628350434095 0.6203461699078813 0.010655095816890291 0.011866687410440122
10 0.5038476022099447 0.6793755250767657 0.012825579794790843 0.016376663254861822
21 0.5140096101026046 0.6826382804503582 0.01736387182320442 0.010107466939611055
18 0.37569080978689817 0.3554246878198567 0.020915543488555642 0.011770733265097236
6 0.5236778026835044 0.5184238444216991 0.014206767482241514 0.00972365035823951
23 0.6389601591160221 0.6003790345957011 0.012776238674033148 0.010027496417604913
18 0.7040254585635359 0.5765096417604912 0.006314127861089187 0.017400191606960082
22 0.7985397695343331 0.19140231729785057 0.024467255564325177 0.00972365035823951
3 0.8350433086029991 0.4344933142272262 0.021310191633780583 0.018103890276356192
9 0.8800314191002369 0.23208797543500512 0.014996063772691397 0.010747178710337769
0 0.4192976921862668 0.5798363316274309 0.022888703393843725 0.010747178710337769
4 0.4344907971586424 0.6203941207778915 0.009471191791633781 0.011386890481064484
7 0.37080721073401735 0.150204659160696 0.03660222131018153 0.021494357420675538
24 0.6002369565903709 0.5003199017400205 0.01736387182320442 0.01317810440122825
6 0.7000789771112864 0.2945239385875128 0.014206767482241514 0.01023541453428864
13 0.5955012596685083 0.3523542599795292 0.007498031886345699 0.016376663254861822
13 0.7288871602209945 0.39278391811668373 0.00868193591160221 0.016376663254861822
18 0.4098016479873717 0.31563463664278407 0.025700460299921075 0.013306025793244625
8 0.6668309013417522 0.6423681965199591 0.014601415627466457 0.01017145383828045
14 0.48747047198105764 0.2510235905834186 0.006511451933701657 0.017400191606960082
4 0.8348461057616416 0.2326557871033777 0.009865839936858722 0.011402900307062435
6 0.44682324861878453 0.6823183459570112 0.013812159747434886 0.010107466939611055
19 0.6862666961325967 0.29388433162743094 0.011838999842146803 0.01023541453428864
6 0.8362273338595106 0.2938203971340839 0.01617996779794791 0.00972365035823951
2 0.4743488050513022 0.5379990665301945 0.013022903867403315 0.00972365035823951
18 0.8575373638516179 0.37691925486182193 0.01736387182320442 0.00972365035823951
6 0.43745086029992103 0.5598772405322416 0.014206767482241514 0.01023541453428864
14 0.5351224372533544 0.1476459692937564 0.006314127861089187 0.01893551033776868
2 0.5812945730071034 0.43686020061412484 0.021310191633780583 0.009851597952917093
9 0.6356797625887924 0.5379990665301945 0.01326952865035517 0.010747178710337769
4 0.8646407071823206 0.661655451381781 0.01026044767166535 0.011514838075742067
14 0.5142068129439621 0.270982681678608 0.00828728776637727 0.01714432262026612
6 0.3938435737963694 0.2956116110542477 0.022691379321231255 0.01023541453428864
0 0.7248420773480663 0.3968862067553736 0.01637725146014207 0.007660557625383828
24 0.7950866992896606 0.3155707021494371 0.01736387182320442 0.012282497441146366
18 0.629439545382794 0.6607601064483112 0.022099447513812154 0.012922209211873082
16 0.4144633938437254 0.5997951606960081 0.019534315390686664 0.011770733265097236
7 0.6177981120757695 0.49955216376663253 0.015390671507498026 0.016376663254861822
11 0.7338200599842146 0.5975563005117708 0.025651159589581685 0.015992846673490275
13 0.8725336700868193 0.49443452200614124 0.007103383741120757 0.01714432262026612
22 0.8784529881610103 0.4557318812691914 0.01578531965272297 0.005629484544524053
6 0.5236778026835044 0.1916580552712385 0.013417511602209945 0.00972365035823951
2 0.7010653954222573 0.1473899692937564 0.012233607576953433 0.014329580348004094
6 0.7881805588003157 0.5589816335721597 0.014996063772691397 0.011003073899692937
4 0.39522480189423836 0.5998732446264073 0.011838999842146803 0.01372584483111566
14 0.699881774269929 0.556678681678608 0.006511451933701657 0.021238488433981576
12 0.3654423235990529 0.2505757871033777 0.02700769692186267 0.016376663254861822
22 0.6353592675611681 0.49961609825997955 0.014996063772691397 0.01189868085977482
16 0.6101027561168113 0.5376151975435005 0.018942383583267563 0.010747178710337769
16 0.5814917758484609 0.5990276847492323 0.018942383583267563 0.012282497441146366
22 0.6961324956590371 0.6825740839303991 0.014798739700078925 0.01023541453428864
13 0.46408859984214684 0.33287493961105424 0.007498031886345699 0.014393541044012281
19 0.6223362020520916 0.6409928188331628 0.012628255722178374 0.010747178710337769
4 0.580504953433307 0.6199463172978505 0.009471191791633781 0.011514838075742067
13 0.7393449723756906 0.18807562743091094 0.007892639621152327 0.019959064892528147
1 0.6200146639305446 0.35772763971340843 0.023289493922651935 0.013817816171954964
4 0.49072593528018943 0.5797082006141249 0.012233607576953433 0.011258969089048106
2 0.6781769344909234 0.5182317789150461 0.011543033938437253 0.009083938587512793
4 0.5087312012628256 0.17246670214943705 0.01016180584056827 0.014841344524053224
7 0.7046170670876085 0.2332314595701126 0.005130223835832675 0.01677648966223132
13 0.5292027150749802 0.3127560122824975 0.00868193591160221 0.018551693756397133
10 0.5485399084451461 0.2927969211873081 0.014601415627466457 0.019191405527123846
19 0.583267409629045 0.37512804094165814 0.009471191791633781 0.008700095803480041
13 0.4604379226519337 0.3715456131013306 0.00828728776637727 0.02047082906857728
10 0.4940804041041831 0.3126918157625384 0.014996063772691397 0.015353134902763563
7 0.5734016101026045 0.5806038075742067 0.01578531965272297 0.014585475537359264
10 0.5169692691397001 0.2301688925281474 0.01578531965272297 0.01676047983623337
13 0.8496448050513024 0.2081707365404299 0.007498031886345699 0.01827981494370522
10 0.6722572123125494 0.20854645649948822 0.0205208953433307 0.017400191606960082
6 0.6201657584846093 0.4168692470829069 0.013417511602209945 0.011386890481064484
13 0.8356353212312551 0.33073182395087003 0.007498031886345699 0.01893551033776868
13 0.40346286977111284 0.22940927737973385 0.009964481767955802 0.017128338996929376
14 0.503749000789266 0.3322670378710338 0.0067087760063141285 0.016120768065506653
4 0.6029994127861089 0.29318052814738993 0.011049743962115234 0.011514838075742067
6 0.7823598421468034 0.6207779897645854 0.015587995580110498 0.011258969089048106
0 0.6274663046566693 0.2942682006141249 0.020915543488555642 0.00972365035823951
4 0.6195737458563535 0.47741798976458544 0.009471191791633781 0.011386890481064484
18 0.5767560789265983 0.3965903263050154 0.018153127703235992 0.0070688229273285575
12 0.824585496448303 0.5374873285568066 0.023677999684293606 0.01842374616171955
8 0.42738745382794 0.2136643602865916 0.014996063772691397 0.010747178710337769
6 0.6884864404104183 0.3362333346980552 0.015982643725335435 0.011258969089048106
6 0.37623311760063144 0.5598772405322416 0.020816901657458566 0.00972365035823951
4 0.49704006314127863 0.1496929211873081 0.011838999842146803 0.012282497441146366
13 0.36863636306235203 0.41095179529170933 0.007399349644830308 0.012026602251791198
19 0.6301548906077348 0.45758702968270215 0.012085624625098658 0.00997951934493347
13 0.5769532817679558 0.41248727123848516 0.006314127861089187 0.01791198198567042
2 0.5919495880031571 0.6611437134083931 0.012628255722178374 0.012026602251791198
2 0.5130227876874507 0.21212888433981578 0.012628255722178374 0.00921185997952917
4 0.5258486503551697 0.21140928065506653 0.011444351696921862 0.010427322824974411
8 0.866613947908445 0.49808088433981573 0.01617996779794791 0.00921185997952917
13 0.372533543804262 0.2711265342886387 0.00927386771902131 0.01992707144319345
13 0.7487173606945541 0.47383582395087 0.007695355958958169 0.015736951484135106
13 0.7821626393054459 0.43177452610030703 0.009076543646408839 0.02066273735926305
4 0.7701263962115232 0.6821262804503582 0.01026044767166535 0.012282497441146366
4 0.8419494490923443 0.5386386734902764 0.009865839936858722 0.011770733265097236
38 0.702644230465667 0.47479536540429884 0.009076543646408839 0.01688842743091095
13 0.4093328871349645 0.6387218341862846 0.011641675769534333 0.016312702558853635
13 0.661898001578532 0.338152417604913 0.005820837884767166 0.014585475537359264
7 0.6463595087608525 0.5578300266120777 0.01756115548539858 0.02047082906857728
6 0.3762824183109708 0.6832778874104402 0.021704799368587213 0.009595702763561923
13 0.8567481483820047 0.6528914472876152 0.004735616101026046 0.004350061003070625
14 0.4363654364640884 0.6797593940634595 0.006511451933701657 0.01586489907881269
2 0.5808997632202052 0.29490780757420676 0.013417511602209945 0.008700095803480041
13 0.8555645272296765 0.6591606960081884 0.007892639621152327 0.017400191606960082
22 0.6977109265982636 0.4578749969293756 0.014996063772691397 0.01068321801432958
4 0.5696527355958958 0.7026613060388945 0.01026044767166535 0.012282497441146366
8 0.5487371112865035 0.25435001842374616 0.014601415627466457 0.011258969089048106
2 0.7961721231254933 0.25332654247697034 0.011838999842146803 0.01023541453428864
11 0.8011050228887135 0.699910550665302 0.025651159589581685 0.01676047983623337
13 0.6746252628255721 0.5354401146366428 0.00828728776637727 0.018167850972364383
13 0.749210771902131 0.5765096417604912 0.0027624319494869774 0.016376663254861822
12 0.6129451845303868 0.5330092937563972 0.013577860142067877 0.019191405527123846
18 0.7170481199684293 0.2502558526100307 0.015390671507498026 0.01496929211873081
12 0.8030782636148383 0.39946103746161715 0.022888703393843725 0.012842238689866938
5 0.8058407198105761 0.518679582395087 0.013812159747434886 0.010747178710337769
2 0.8401738153117599 0.6415045568065507 0.024467255564325177 0.00997951934493347
4 0.5706391539068666 0.23152016376663254 0.01026044767166535 0.012394435209825999
23 0.8368193464877663 0.6200102517911975 0.012628255722178374 0.011258969089048106
3 0.45876089029202843 0.4340536335721597 0.021310191633780583 0.021222504810644832
13 0.3971487419100237 0.17067548822927328 0.00828728776637727 0.011003073899692937
13 0.726815318074191 0.2292732855680655 0.01006312359905288 0.016376663254861822
6 0.7895617868981847 0.43756400409416585 0.021704799368587213 0.00946775516888434
10 0.545777452249408 0.413254747185261 0.022099447513812154 0.017400191606960082
10 0.5870166882399368 0.1674769293756397 0.013417511602209945 0.018679641351074718
14 0.7427980426203631 0.27021494370522003 0.005524871981057617 0.015097239713408393
13 0.8058407198105761 0.16709306038894575 0.00828728776637727 0.01791198198567042
6 0.5295975248618785 0.23282374616171952 0.007103383741120757 0.00946775516888434
13 0.38511249881610105 0.5557830747185262 0.007596673717442779 0.016120768065506653
10 0.483622591949487 0.20880245649948823 0.022099447513812154 0.01688842743091095
6 0.521112953433307 0.41658143705220063 0.021310191633780583 0.01023541453428864
13 0.5347276274664562 0.556678681678608 0.01026044767166535 0.018679641351074718
6 0.36261844356748224 0.6420162947799386 0.014305449723756905 0.00972365035823951
13 0.7054062825572218 0.51061911975435 0.008089963693764798 0.007676567451381781
13 0.6229775153906867 0.5771495107471853 0.010359129913180741 0.019191405527123846
13 0.5593921262825572 0.198872905629478 0.006314127861089187 0.004673899692937564
9 0.6874507213891082 0.3561924257932446 0.014601415627466457 0.00972365035823951
15 0.3913773259668508 0.6391057031729784 0.022494095659037094 0.019191405527123846
18 0.6385161294396211 0.6818066079836234 0.01657457553275454 0.011642785670419651
13 0.7681531554853985 0.24904031115660186 0.00868193591160221 0.018167850972364383
13 0.6742797537490134 0.5301946038894575 0.007103383741120757 0.007932436438075742
10 0.40257505288082085 0.5162487615148413 0.014502773796369377 0.01765608679631525
13 0.8646407071823206 0.46775837871033776 0.006314127861089187 0.007932436438075742
18 0.619832776637727 0.3117962088024565 0.014453432675611682 0.015609003889457523
18 0.4031177647987372 0.7022774370522006 0.02683502320441989 0.013050156806550665
7 0.3883190655090765 0.19800829117707267 0.014798739700078925 0.0029766747185261005
14 0.4355762209944752 0.47479536540429884 0.006314127861089187 0.016632558444216988
13 0.521112953433307 0.16901240532241557 0.011444351696921862 0.023797335516888434
13 0.7748616890292028 0.2911335762538383 0.00848461183898974 0.017272270214943708
13 0.5619573796369376 0.5772773797338793 0.00868193591160221 0.02047082906857728
14 0.5931332091554854 0.6169395619242579 0.007892639621152327 0.017400191606960082
13 0.48776627624309393 0.4785056622313204 0.007892639621152327 0.016120768065506653
1 0.6622435106550908 0.49891255680655067 0.014897381531176007 0.01676047983623337
21 0.6499603599052881 0.21123327737973388 0.022099447513812154 0.011258969089048106
13 0.6450274601420679 0.6727866038894575 0.005130223835832675 0.0052456417604913
23 0.4467246471981058 0.6412807860798363 0.011838999842146803 0.009275846878198567
11 0.42857147908445153 0.495905801432958 0.023677999684293606 0.016120768065506653
18 0.8664167450670875 0.39711409129989766 0.025256511444356748 0.00814834636642784
13 0.8299132059984214 0.6583290235414534 0.007892639621152327 0.01906345793244626
5 0.6090420270876086 0.6202662517911975 0.005753029202841357 0.011386890481064484
2 0.8204418121546962 0.4985286878198567 0.020915543488555642 0.00946775516888434
14 0.5430149960536701 0.14828557625383829 0.007103383741120757 0.01944730071647902
18 0.7012630023677979 0.5355679836233367 0.011838999842146803 0.01714432262026612
21 0.5534728082083662 0.45509201228249746 0.019337031728492503 0.006908908085977482
12 0.606156274664562 0.41490213469805526 0.013812159747434886 0.018391752712384853
18 0.8575373638516179 0.47882559672466735 0.018153127703235992 0.00997951934493347
13 0.8342540931333859 0.6994627471852609 0.007103383741120757 0.01765608679631525
6 0.6089187308602999 0.5585977645854656 0.014996063772691397 0.011770733265097236
12 0.7520718295185478 0.3532498669396111 0.014996063772691397 0.01688842743091095
13 0.40923428571428566 0.3766632548618219 0.004143643883188635 0.01023541453428864
4 0.750592 0.3958546079836233 0.009076543646408839 0.011003073899692937
13 0.3673048397790055 0.7013818300921187 0.009767157695343332 0.01893551033776868
10 0.8030782636148383 0.23029676151484135 0.013812159747434886 0.01893551033776868
2 0.5177584846093133 0.3155707021494371 0.012628255722178374 0.010619231115660184
6 0.5181532943962115 0.33559372773797336 0.01973163946329913 0.00921185997952917
13 0.5045382162588792 0.6516119713408394 0.007892639621152327 0.006653012896622313
13 0.8437254869771112 0.7014457645854657 0.011049743962115234 0.014201632753326511
13 0.8149173038674032 0.2765481269191402 0.0031570639305445935 0.011003073899692937
18 0.7221782225730071 0.37512804094165814 0.023283351539068665 0.011770733265097236
10 0.8279399652722967 0.14611049334698056 0.022099447513812154 0.01842374616171955
46 0.3953234033149171 0.45598761924257936 0.017166547750591947 0.005117694165813715
7 0.7935082683504342 0.5406858874104401 0.03453037916337806 0.015353134902763563
4 0.505130228887135 0.14982079017400204 0.028018927229676402 0.012282497441146366
18 0.6499603599052881 0.35568068781985673 0.023677999684293606 0.011258969089048106
8 0.6819258089976322 0.16990801228249744 0.014601415627466457 0.011258969089048106
2 0.7621348318863457 0.3148668986693961 0.011838999842146803 0.00997951934493347
6 0.4350828097868982 0.5394064114636643 0.00828728776637727 0.00921185997952917
18 0.47286897553275453 0.3752559099283521 0.01775847955801105 0.010747178710337769
7 0.7048146740331491 0.4159896237461617 0.004735616101026046 0.011099028045035823
18 0.7366811176006315 0.6824462149437053 0.022691379321231255 0.011003073899692937
21 0.7604577995264404 0.2923491177072671 0.022888703393843725 0.01241044503582395
13 0.44583642620363056 0.1473899692937564 0.00927386771902131 0.01688842743091095
4 0.37736784214680347 0.4163894501535312 0.009076543646408839 0.011131021494370522
23 0.46132614364640884 0.49904042579324465 0.012233607576953433 0.01023541453428864
24 0.6623914127861089 0.4556040122824975 0.01578531965272297 0.005885353531218014
22 0.8164957348066298 0.6007628511770726 0.024467255564325177 0.009675673285568067
2 0.4196920978689819 0.45598761924257936 0.010852419889502763 0.005117694165813715
6 0.8618782509865824 0.35606455680655064 0.014206767482241514 0.00997951934493347
13 0.7066396085240726 0.413510747185261 0.007399349644830308 0.016632558444216988
13 0.5116415595895817 0.3321072016376664 0.007892639621152327 0.01644062395087001
6 0.37652932596685085 0.5806038075742067 0.015292029676400948 0.00972365035823951
4 0.8604974269928967 0.5794524626407369 0.009865839936858722 0.011770733265097236
7 0.7052090797158642 0.6205859242579325 0.003946327892659826 0.012026602251791198
8 0.8516180457774271 0.4980169498464688 0.013417511602209945 0.009339807574206755
13 0.7048146740331491 0.3935516560900716 0.004735616101026046 0.014841344524053224
2 0.6949488745067087 0.6420802292732856 0.007103383741120757 0.0071008163766632555
6 0.4408049250197316 0.29605941453428863 0.022888703393843725 0.011770733265097236
2 0.6341752423046566 0.4158136990788127 0.011838999842146803 0.011258969089048106
12 0.6908051902131018 0.7024053060388946 0.025256511444356748 0.022006147799385874
4 0.4543214017363852 0.3968482128966223 0.009668515864246252 0.007576604298874105
13 0.8650355169692187 0.4534289293756397 0.007892639621152327 0.01023541453428864
13 0.5359116527229677 0.1816785097236438 0.007498031886345699 0.0040941658137154556
8 0.4281766692975532 0.255373494370522 0.013417511602209945 0.013050156806550665
11 0.8516180457774271 0.4535567983623337 0.01736387182320442 0.00997951934493347
18 0.7259275011838989 0.43666839713408395 0.021310191633780583 0.01196264155578301
