18 0.7051104782951855 0.20458034309109518 0.01696922367797948 0.016120768065506653
18 0.4131807671665351 0.40967258137154555 0.018153127703235992 0.016376663254861822
18 0.6298343551696922 0.6748977523029682 0.01736387182320442 0.016376663254861822
18 0.49506722651933704 0.6340839631525077 0.01775847955801105 0.016376663254861822
18 0.7910420205209155 0.34877183213920165 0.01736387182320442 0.015353134902763563
10 0.7394435737963694 0.4490787635619243 0.013812159747434886 0.01688842743091095
18 0.6836028413575376 0.6338279631525077 0.017166547750591947 0.01688842743091095
10 0.8032754664561957 0.368730923234391 0.014206767482241514 0.01688842743091095
21 0.6992897616416732 0.353121735926305 0.01578531965272297 0.014841344524053224
7 0.6906075832675612 0.4135907177072672 0.01617996779794791 0.014745390378710338
12 0.7122138216258879 0.4098963783009212 0.024269931491712707 0.01890354309109519
10 0.7655879021310181 0.49104389764585465 0.014601415627466457 0.01714432262026612
18 0.4513613385951066 0.39048096622313205 0.01835045177584846 0.013306025793244625
18 0.5384769060773481 0.511322923234391 0.018153127703235992 0.016376663254861822
18 0.5668902794001579 0.511706792221085 0.01736387182320442 0.015736951484135106
12 0.5449882367797948 0.6553864646878199 0.025256511444356748 0.019319353121801434
10 0.48914750434096294 0.16363876356192425 0.021310191633780583 0.01714432262026612
10 0.8285319779005524 0.20253320777891504 0.014206767482241514 0.01765608679631525
18 0.6585932375690607 0.1833418546571136 0.01637725146014207 0.016376663254861822
38 0.3456246503551697 0.32881274104401226 0.02520717032359905 0.01791198198567042
8 0.7863063235990528 0.6173234309109519 0.014404091554853986 0.011003073899692937
18 0.3390390857142857 0.2677201883316275 0.0180544454617206 0.014201632753326511
24 0.7385557569060773 0.14521488638689867 0.01578531965272297 0.013050156806550665
18 0.4185084767166535 0.6508444953940635 0.015982643725335435 0.00844422681678608
18 0.5919495880031571 0.1420163275332651 0.01736387182320442 0.01714432262026612
18 0.3409629044988161 0.5542475987717502 0.01835045177584846 0.014329580348004094
18 0.7734804609313338 0.5952813068577277 0.01756115548539858 0.011394882292732856
13 0.7195147719021311 0.20465630460593653 0.00927386771902131 0.016272717297850563
18 0.3962116243093923 0.2460338178096213 0.01775847955801105 0.016376663254861822
18 0.47129054459352804 0.3477480941658137 0.01677189960536701 0.01688842743091095
10 0.8206394191002369 0.3274053961105425 0.014206767482241514 0.01765608679631525
18 0.40696524072612467 0.1632548945752303 0.01696922367797948 0.01586489907881269
18 0.825966724546172 0.1403532446264074 0.018153127703235992 0.016376663254861822
10 0.6760064909234412 0.2864637379733879 0.012628255722178374 0.016632558444216988
7 0.7549328871349644 0.2505118526100307 0.014798739700078925 0.014329580348004094
18 0.670086768745067 0.4923873080859775 0.01657457553275454 0.01368986857727738
21 0.7792029802683504 0.4342375762538383 0.01854773543804262 0.01548105629477994
7 0.6509964830307814 0.2508957215967247 0.025256511444356748 0.01496929211873081
10 0.4017365367008682 0.14329580348004095 0.014009483820047354 0.019959064892528147
18 0.5026635769534332 0.4501022395087001 0.017166547750591947 0.016120768065506653
5 0.620289050670876 0.20697927533265098 0.015341370797158643 0.011019057523029683
11 0.7479281452249408 0.22471533265097235 0.014601415627466457 0.016856460184237462
18 0.6448796388318864 0.6949847123848515 0.017807820678768745 0.01714432262026612
22 0.633046821783741 0.43295810030706244 0.013602510497237569 0.01023541453428864
38 0.6732440347277032 0.3889457523029683 0.024467255564325177 0.01765608679631525
11 0.5584057079715864 0.4916198321392017 0.014601415627466457 0.016248715660184238
24 0.4637923914759274 0.18858762743091095 0.01677189960536701 0.013306025793244625
21 0.48342538910812943 0.6184750378710338 0.026440415469613256 0.01586489907881269
18 0.840568220994475 0.2456819160696008 0.01736387182320442 0.016248715660184238
21 0.5303867403314917 0.6179310706243603 0.022888703393843725 0.015800912180143296
7 0.7546370828729282 0.16645345342886386 0.015982643725335435 0.014585475537359264
5 0.7045677663772691 0.24872063868986694 0.012924221625887924 0.00972365035823951
18 0.7515784183109708 0.3272772650972364 0.018942383583267563 0.016120768065506653
8 0.7764405240726124 0.22709820266120778 0.014996063772691397 0.01023541453428864
0 0.3419494844514602 0.5770213797338792 0.022790061562746645 0.00997951934493347
6 0.7219810197316495 0.5953173879222109 0.01578531965272297 0.01023541453428864
9 0.7020522178374112 0.391120835209826 0.01026044767166535 0.00972365035823951
0 0.41525260931333857 0.33073182395087003 0.023283351539068665 0.010491309723643807
21 0.8372137521704814 0.26984705834186284 0.024072607419100236 0.016088800818833165
9 0.6856746835043409 0.5952892986693962 0.015390671507498026 0.010963088638689866
21 0.4413969376479874 0.41479022313203684 0.021704799368587213 0.01765608679631525
9 0.8581293764798738 0.33073182395087003 0.013812159747434886 0.00997951934493347
8 0.4922061689029203 0.2276099406345957 0.015587995580110498 0.01093908700102354
5 0.6270718989739542 0.31013312589559877 0.014206767482241514 0.010491309723643807
9 0.8559589329123916 0.6368986530194474 0.014996063772691397 0.010491309723643807
5 0.4741516022099448 0.20720516847492323 0.015390671507498026 0.010519294165813715
5 0.747829543804262 0.31013312589559877 0.013417511602209945 0.01023541453428864
0 0.36853776164167323 0.4534289293756397 0.022000805682715077 0.01023541453428864
7 0.3433307125493291 0.6201381207778915 0.01825176953433307 0.014841344524053224
7 0.6097079463299132 0.7014457645854657 0.01736387182320442 0.01496929211873081
11 0.5966848808208366 0.3077020429887411 0.014996063772691397 0.01688842743091095
11 0.3881214585635359 0.4309108863868987 0.014996063772691397 0.017400191606960082
18 0.7874899447513812 0.286015934493347 0.018153127703235992 0.01676047983623337
18 0.600631362273086 0.5506651709314228 0.01736387182320442 0.016376663254861822
14 0.44810587529597473 0.6547465957011258 0.006906059668508287 0.01688842743091095
5 0.5258486503551697 0.35158652200614127 0.014601415627466457 0.00972365035823951
6 0.5741908255722178 0.4948183909928352 0.014996063772691397 0.00972365035823951
13 0.5087312012628256 0.6338279631525077 0.00858325367008682 0.01893551033776868
11 0.3547873086029992 0.5326254247697032 0.014774089344909234 0.016376663254861822
7 0.4615233464877664 0.638945866939611 0.01696922367797948 0.014777383828045037
10 0.6057614648776638 0.511578923234391 0.013417511602209945 0.016248715660184238
2 0.7426994411996842 0.18564480655066531 0.013022903867403315 0.010747178710337769
5 0.513812003157064 0.2482408679631525 0.014206767482241514 0.010811165609007165
7 0.7254340899763221 0.5159288270214943 0.015982643725335435 0.014201632753326511
8 0.6610101846882399 0.3318834309109519 0.014206767482241514 0.01023541453428864
21 0.824585496448303 0.37397643398157626 0.024072607419100236 0.015353134902763563
5 0.4314325367008681 0.4949462599795292 0.014601415627466457 0.010107466939611055
2 0.7432910497237569 0.4936028495394063 0.012628255722178374 0.00997951934493347
8 0.681136593528019 0.14559875537359265 0.014996063772691397 0.011258969089048106
7 0.593330816101026 0.208628523234391 0.014996063772691397 0.01518918485158649
11 0.5236778026835044 0.4715968065506653 0.015390671507498026 0.015992846673490275
4 0.7176401325966851 0.24872063868986694 0.011049743962115234 0.011770733265097236
46 0.36306255406471977 0.4337255762538383 0.031866605209155484 0.013306025793244625
5 0.7172453228097869 0.5539918607983624 0.013812159747434886 0.00972365035823951
9 0.4075572533543804 0.6368986530194474 0.014404091554853986 0.010491309723643807
13 0.6716651996842936 0.1833418546571136 0.00868193591160221 0.01842374616171955
5 0.4668506519337017 0.31077273285568063 0.014996063772691397 0.010107466939611055
9 0.3762824183109708 0.33057198771750257 0.013417511602209945 0.009787611054247696
22 0.7545384814522494 0.5129223336745138 0.014404091554853986 0.00946775516888434
10 0.7626282430939226 0.6133571340839303 0.013812159747434886 0.01791198198567042
13 0.6910023930544594 0.44920663254861826 0.00838597000789266 0.01765608679631525
7 0.7874899447513812 0.5775333797338792 0.015587995580110498 0.015097239713408393
11 0.648184726124704 0.2867194759467759 0.015390671507498026 0.01676047983623337
2 0.6104971617995264 0.24859250767656088 0.013417511602209945 0.01023541453428864
5 0.6672257111286504 0.4114635332650972 0.014206767482241514 0.010747178710337769
2 0.5852406503551697 0.6777124421699079 0.012628255722178374 0.010747178710337769
5 0.6701853701657459 0.5954892249744115 0.015292029676400948 0.01101106571136131
2 0.6434490292028413 0.18577267553735924 0.012233607576953433 0.010747178710337769
5 0.38960128808208366 0.2281216786079836 0.014404091554853986 0.01023541453428864
6 0.8602998200473558 0.5348005076765608 0.014996063772691397 0.00972365035823951
8 0.8417522462509865 0.22799380962128968 0.014996063772691397 0.01023541453428864
9 0.40972769692186267 0.2077789805527124 0.014601415627466457 0.01023541453428864
4 0.6409333190213102 0.30955719140225174 0.009964481767955802 0.011386890481064484
4 0.861681048145225 0.4111717928352098 0.013022903867403315 0.013441965199590584
8 0.5396605272296764 0.6781602456499488 0.014206767482241514 0.010363362128966222
5 0.5076954822415154 0.5350562456499488 0.014601415627466457 0.01023541453428864
18 0.38456978689818466 0.6967119918116684 0.01696922367797948 0.01688842743091095
9 0.6837018468823994 0.18602867553735924 0.015390671507498026 0.011770733265097236
11 0.8046566945540647 0.510939054247697 0.014206767482241514 0.015353134902763563
8 0.6298343551696922 0.37128961310133063 0.014996063772691397 0.00972365035823951
9 0.7164561073401737 0.6366429150460594 0.014206767482241514 0.011003073899692937
22 0.4354776195737963 0.6583929580348004 0.014996063772691397 0.010363362128966222
14 0.35107520757695343 0.24590594882292732 0.007004741910023677 0.016376663254861822
9 0.4563932438831886 0.24820890071647903 0.015390671507498026 0.011258969089048106
5 0.7395421752170481 0.24872063868986694 0.014206767482241514 0.00972365035823951
0 0.4956588350434096 0.43282996929375633 0.022099447513812154 0.01023541453428864
9 0.5574192896606157 0.698695009211873 0.014601415627466457 0.011514838075742067
2 0.8595106045777426 0.20618764053224156 0.013417511602209945 0.011338913408393039
5 0.597474500394633 0.4946263254861822 0.013417511602209945 0.00997951934493347
0 0.6471979037095501 0.6368986530194474 0.022099447513812154 0.010747178710337769
22 0.7105367892659826 0.22799380962128968 0.014798739700078925 0.011258969089048106
5 0.659628956590371 0.47351588945752304 0.014206767482241514 0.01023541453428864
5 0.6440903829518548 0.5752301658137154 0.014601415627466457 0.010491309723643807
5 0.8135360757695342 0.6374103909928353 0.014601415627466457 0.01023541453428864
9 0.6355564704025256 0.45317292937563974 0.014601415627466457 0.00972365035823951
2 0.392413044988161 0.6170674309109518 0.011543033938437253 0.00997951934493347
18 0.6927780268350433 0.3709057441146366 0.0205208953433307 0.012026602251791198
5 0.7255326913970007 0.35184225997952917 0.01657457553275454 0.00972365035823951
0 0.6981057363851618 0.5136898096212897 0.018153127703235992 0.010491309723643807
5 0.46211535911602214 0.61642782395087 0.014996063772691397 0.010747178710337769
4 0.7473361325966851 0.47262028249744115 0.010457771744277821 0.011131021494370522
2 0.5876087008681926 0.33073182395087003 0.013022903867403315 0.00946775516888434
8 0.6588397411207577 0.5752301658137154 0.014996063772691397 0.010747178710337769
8 0.8488555895816889 0.5964687328556807 0.014996063772691397 0.01023541453428864
2 0.807221947908445 0.5959370284544524 0.013812159747434886 0.01101106571136131
4 0.5595897332280978 0.5953173879222109 0.011049743962115234 0.012282497441146366
13 0.4204813133385951 0.1629988945752303 0.00828728776637727 0.01893551033776868
2 0.696625906866614 0.14470314841351076 0.013022903867403315 0.01023541453428864
6 0.7006709897395422 0.5545035987717503 0.013022903867403315 0.010747178710337769
1 0.34315803883188634 0.6607118935516889 0.015440012628255721 0.013274058546571137
12 0.6631806282557222 0.6139169539406346 0.028314933543804263 0.017816027840327535
2 0.37820635832675614 0.6792476560900716 0.013022903867403315 0.00997951934493347
7 0.5765588760852407 0.3930399181166837 0.01617996779794791 0.014841344524053224
1 0.4716849502762431 0.5983878157625384 0.014404091554853986 0.014329580348004094
6 0.6278611144435674 0.699206747185261 0.01578531965272297 0.010491309723643807
9 0.696625906866614 0.698950747185261 0.014700097868981847 0.010491309723643807
5 0.3373618917127072 0.4342375762538383 0.01578531965272297 0.011258969089048106
6 0.35571230307813734 0.5971086018423746 0.015292029676400948 0.01023541453428864
1 0.4825375722178374 0.2503197871033777 0.014404091554853986 0.014585475537359264
22 0.6296367482241515 0.24849660593654044 0.014206767482241514 0.010555270419651996
24 0.5055250386740332 0.14687823132036848 0.01578531965272297 0.014329580348004094
5 0.6081295153906866 0.2900461658137154 0.014996063772691397 0.009851597952917093
13 0.6904103804262036 0.38843401432958036 0.009076543646408839 0.01688842743091095
6 0.6026046029992107 0.16479010849539405 0.014601415627466457 0.00972365035823951
5 0.5146016227308603 0.4326381658137155 0.014206767482241514 0.011003073899692937
4 0.6448302573007103 0.35030704605936547 0.01026044767166535 0.010747178710337769
11 0.6432518263614839 0.4091766960081883 0.014206767482241514 0.01640865670419652
0 0.443370178374112 0.61642782395087 0.022494095659037094 0.011003073899692937
8 0.3785518674033149 0.24923237666325487 0.014700097868981847 0.00972365035823951
5 0.5955012596685083 0.615916085977482 0.014996063772691397 0.010747178710337769
0 0.8253747119179162 0.5963408638689867 0.022494095659037094 0.010747178710337769
2 0.4745460078926599 0.5149692855680655 0.011838999842146803 0.00972365035823951
2 0.5063142541436465 0.3903530972364381 0.013022903867403315 0.010747178710337769
22 0.8591161988950275 0.4536846673490276 0.014206767482241514 0.00972365035823951
8 0.37810775690607734 0.6174512998976458 0.014700097868981847 0.01023541453428864
6 0.47720986266771903 0.6374103909928353 0.014601415627466457 0.01023541453428864
6 0.822809862667719 0.2482408679631525 0.014996063772691397 0.010299375230296826
5 0.5071034696132597 0.18628467553735925 0.015390671507498026 0.010747178710337769
5 0.34074093007103395 0.5974922088024566 0.014700097868981847 0.010747178710337769
2 0.5270322715074981 0.22733821903787105 0.012233607576953433 0.010395355578300921
9 0.39660602999210737 0.35107478403275333 0.014601415627466457 0.010747178710337769
5 0.6140488334648776 0.37103387512794267 0.014206767482241514 0.00972365035823951
18 0.3382497894238358 0.5140097441146366 0.01736387182320442 0.013945763766632547
13 0.40084831570639307 0.4292556642784033 0.008089963693764798 0.018151867349027635
22 0.4558998326756117 0.5959569948822928 0.014206767482241514 0.010747178710337769
8 0.5246646250986583 0.18641254452405323 0.009471191791633781 0.01023541453428864
5 0.3633583583267561 0.24923237666325487 0.014404091554853986 0.00972365035823951
14 0.6560772849250197 0.40903271238485156 0.007103383741120757 0.016120768065506653
9 0.8622730607734808 0.26778412282497444 0.015390671507498026 0.010747178710337769
35 0.7925218500394633 0.26677636847492325 0.03453037916337806 0.019159412077789147
5 0.720896 0.39124870419652 0.014996063772691397 0.01023541453428864
10 0.46921870244672453 0.4916198321392017 0.020718219415943175 0.016248715660184238
7 0.5619573796369376 0.3725690890481064 0.01578531965272297 0.014841344524053224
8 0.5207181436464089 0.1865404135107472 0.011049743962115234 0.01023541453428864
1 0.8093923914759275 0.7011258300921188 0.014996063772691397 0.014073685158648925
2 0.6732440347277032 0.31026099488229275 0.012628255722178374 0.01023541453428864
13 0.3522592328334649 0.5115147267144319 0.00838597000789266 0.01893551033776868
22 0.7933110655090766 0.2272263336745138 0.014601415627466457 0.010747178710337769
8 0.6570641073401736 0.3105169948822927 0.014206767482241514 0.01023541453428864
13 0.396803636937648 0.206179622517912 0.009471191791633781 0.019319353121801434
6 0.7522690323599053 0.2895341658137155 0.01617996779794791 0.00946775516888434
5 0.7840372786108919 0.41235914022517905 0.014601415627466457 0.01023541453428864
0 0.36321045619573794 0.6376663909928353 0.022198089344909234 0.010747178710337769
2 0.6116811870560379 0.6573694820880246 0.013417511602209945 0.010619231115660184
5 0.4206789202841357 0.24865670419651997 0.013614835674822417 0.010043506243602866
2 0.7211918042620363 0.2695753367451381 0.011444351696921862 0.00972365035823951
9 0.5092739131807419 0.5550153367451383 0.013022903867403315 0.010747178710337769
2 0.5059194443567482 0.16581358444216993 0.012233607576953433 0.010747178710337769
5 0.5142068129439621 0.2899180348004094 0.014206767482241514 0.00997951934493347
9 0.7092541625887924 0.2897901658137155 0.014798739700078925 0.00972365035823951
0 0.6450276217837411 0.4947544564994882 0.022099447513812154 0.00997951934493347
2 0.5199289281767956 0.4525333224155578 0.012628255722178374 0.00997951934493347
5 0.4271902509865825 0.14483101740020468 0.013812159747434886 0.011514838075742067
2 0.8567481483820047 0.2265544974411464 0.012628255722178374 0.01093908700102354
13 0.7642066740331492 0.4292478034800409 0.00828728776637727 0.01842374616171955
5 0.5623521894238358 0.26880759877175026 0.014996063772691397 0.011003073899692937
5 0.6073402999210734 0.26893546775844424 0.014206767482241514 0.00997951934493347
0 0.6314127861089187 0.5145854165813716 0.022099447513812154 0.01023541453428864
13 0.6140488334648776 0.5515607778915046 0.00868193591160221 0.018167850972364383
5 0.529794727703236 0.5955731258955989 0.014996063772691397 0.011003073899692937
5 0.5661010639305446 0.43180649334698057 0.014996063772691397 0.011003073899692937
22 0.46290457458563533 0.43260619856704197 0.014404091554853986 0.010555270419651996
5 0.42748605524861877 0.3105169948822927 0.014404091554853986 0.010363362128966222
46 0.781175816890292 0.5135619406345957 0.03157063930544594 0.011770733265097236
2 0.737766541436464 0.5954452569089048 0.012825579794790843 0.010747178710337769
0 0.3998125966850829 0.6793115905834186 0.022987385635359115 0.010875126305015354
4 0.33524070844514603 0.14585475537359263 0.010507112865035516 0.011770733265097236
0 0.37046170165745856 0.18692428249744114 0.03018941120757695 0.011003073899692937
5 0.8079125619573797 0.3100049948822928 0.014798739700078925 0.010747178710337769
8 0.5047354191002368 0.6579451545547594 0.014996063772691397 0.010875126305015354
7 0.4806629329123914 0.18858762743091095 0.01578531965272297 0.015353134902763563
5 0.8409630307813734 0.16376663254861823 0.014996063772691397 0.010491309723643807
5 0.6862666961325967 0.5541197297850563 0.014206767482241514 0.01023541453428864
2 0.866613947908445 0.14406354145342887 0.012628255722178374 0.010747178710337769
2 0.8103788097868982 0.20637163561924257 0.013022903867403315 0.011003073899692937
22 0.5516967703235991 0.5342885076765609 0.014996063772691397 0.011258969089048106
8 0.7941988823993686 0.20624350460593652 0.015390671507498026 0.011258969089048106
2 0.5935280189423836 0.2273542026612078 0.012233607576953433 0.01023541453428864
8 0.36459168429360694 0.35184225997952917 0.014404091554853986 0.01023541453428864
8 0.45846468192580897 0.41248727123848516 0.014404091554853986 0.00972365035823951
22 0.47158634885556433 0.4536846673490276 0.024072607419100236 0.00972365035823951
5 0.5588001136543015 0.4113997035823951 0.013417511602209945 0.01023541453428864
1 0.7058503930544594 0.5969804708290686 0.01568667782162589 0.014841344524053224
22 0.34372536069455406 0.6379540962128967 0.01617996779794791 0.010491309723643807
13 0.5860298658247829 0.30725423950870007 0.006314127861089187 0.01676047983623337
14 0.6983029392265193 0.22492311975435006 0.007103383741120757 0.017400191606960082
0 0.7265195138121547 0.37141748208802455 0.021704799368587213 0.00997951934493347
0 0.5639306203630623 0.5541197297850563 0.022494095659037094 0.010491309723643807
5 0.4770126598263615 0.2273542026612078 0.014009483820047354 0.010491309723643807
7 0.7864049250197317 0.6594007123848517 0.01578531965272297 0.01564099733879222
14 0.5254538405682715 0.24507427635619242 0.007103383741120757 0.017400191606960082
2 0.6535124356748224 0.4327660348004094 0.023677999684293606 0.010747178710337769
22 0.7000789771112865 0.5744626898669396 0.013812159747434886 0.01023541453428864
24 0.7685475611681137 0.6586489580348004 0.01696922367797948 0.013306025793244625
2 0.7243486661404894 0.14355180348004093 0.012628255722178374 0.01023541453428864
13 0.854380501973165 0.2446264728761515 0.007892639621152327 0.01791198198567042
2 0.866613947908445 0.16453437052200615 0.011838999842146803 0.011003073899692937
0 0.49309398579321234 0.20726724257932447 0.022099447513812154 0.010747178710337769
6 0.5095204167324389 0.5958370653019447 0.01568667782162589 0.010731195087001023
7 0.5440014143646409 0.16939601228249743 0.025651159589581685 0.017400191606960082
3 0.34246742478295183 0.368730923234391 0.023628658563535913 0.01791198198567042
2 0.7022494206787687 0.61617182395087 0.012628255722178374 0.01023541453428864
4 0.825966724546172 0.6569856131013306 0.009471191791633781 0.011642785670419651
9 0.5453826424625099 0.6368986530194474 0.014206767482241514 0.010747178710337769
9 0.5054753338595106 0.616299954964176 0.015094705603788476 0.010747178710337769
32 0.3469068729281768 0.6778403111566019 0.018991724704025256 0.020982593244626407
14 0.41880428097868977 0.593654042988741 0.007103383741120757 0.016376663254861822
4 0.7805842083662194 0.4532048966223132 0.011049743962115234 0.01068321801432958
5 0.6937648492501973 0.533521031729785 0.014206767482241514 0.01023541453428864
5 0.6464086882399369 0.5542475987717502 0.014206767482241514 0.010491309723643807
5 0.5655090513022889 0.6371546530194473 0.014206767482241514 0.010747178710337769
6 0.4981254869771113 0.24862473694984646 0.015193387845303866 0.010043506243602866
12 0.4149564009471192 0.49193950460593655 0.01657457553275454 0.015992846673490275
0 0.6274663046566693 0.2894062968270215 0.022888703393843725 0.01023541453428864
24 0.8196525966850828 0.496033670419652 0.01696922367797948 0.014073685158648925
13 0.49358739700078924 0.18346972364380756 0.00848461183898974 0.01791198198567042
0 0.6598261594317285 0.4533007983623336 0.022888703393843725 0.00997951934493347
22 0.6859708918705604 0.22799380962128968 0.014601415627466457 0.010747178710337769
16 0.6104971617995264 0.3296124462640737 0.0205208953433307 0.01170674636642784
0 0.6227310118389897 0.39099296622313207 0.023677999684293606 0.011258969089048106
0 0.8277427624309392 0.4326381658137155 0.021310191633780583 0.010107466939611055
13 0.7691395737963693 0.16197541862845447 0.00887925998421468 0.019959064892528147
5 0.7815706266771902 0.6368986530194474 0.014601415627466457 0.010747178710337769
13 0.3896998895027624 0.38843401432958036 0.0060181619573796375 0.01765608679631525
22 0.6150356558800316 0.47377162743091095 0.014601415627466457 0.010491309723643807
12 0.4492894964483031 0.5323694247697032 0.006906059668508287 0.016632558444216988
13 0.39483039621152327 0.6339560941658137 0.007596673717442779 0.01765608679631525
5 0.732734636148382 0.6162040532241555 0.014009483820047354 0.010587263868986693
5 0.8068271381215469 0.24795290071647902 0.014206767482241514 0.01023541453428864
5 0.4741516022099448 0.4117195332650973 0.014404091554853986 0.010747178710337769
0 0.579123725335438 0.533776769703173 0.022888703393843725 0.00997951934493347
6 0.8293211933701659 0.6985671402251791 0.023283351539068665 0.010619231115660184
8 0.4423837600631413 0.14521488638689867 0.014996063772691397 0.010491309723643807
22 0.6416733954222573 0.33085969293756395 0.014206767482241514 0.010491309723643807
9 0.4123915516969219 0.43270210030706246 0.013417511602209945 0.010747178710337769
13 0.4747436148382005 0.428480065506653 0.009471191791633781 0.019191405527123846
13 0.8597078074191002 0.43014341044012283 0.00868193591160221 0.016632558444216988
6 0.7973561483820047 0.6372825220061412 0.015390671507498026 0.010747178710337769
5 0.525256637726914 0.6780963111566018 0.014601415627466457 0.011003073899692937
0 0.43695744909234413 0.6374743254861822 0.030781383425414366 0.011386890481064484
6 0.6122731996842936 0.3103249293756397 0.014206767482241514 0.00972365035823951
0 0.5363060584056827 0.5545035987717503 0.03157063930544594 0.011258969089048106
2 0.8145224940805051 0.6580732855680654 0.012233607576953433 0.010363362128966222
7 0.8043608902920285 0.6801432630501535 0.014798739700078925 0.014073685158648925
4 0.8110201231254933 0.5749744278403275 0.01016180584056827 0.01023541453428864
13 0.5130227876874507 0.6747696212896622 0.00868193591160221 0.018167850972364383
5 0.7636146614048934 0.4114635332650972 0.013812159747434886 0.01023541453428864
6 0.5455802494080505 0.5951892569089048 0.015390671507498026 0.01023541453428864
0 0.8565509455406471 0.699206747185261 0.022494095659037094 0.010491309723643807
0 0.570047545382794 0.22799380962128968 0.030781383425414366 0.011770733265097236
18 0.5734016101026045 0.142784065506653 0.014996063772691397 0.014841344524053224
13 0.8502368176795579 0.26599290890481064 0.007103383741120757 0.01676047983623337
5 0.4799723188634569 0.33063592221084953 0.014206767482241514 0.01017145383828045
6 0.6809393906866614 0.6980551402251791 0.014206767482241514 0.011514838075742067
12 0.727703134964483 0.6759851627430911 0.02604576732438832 0.01944730071647902
13 0.4265982383583267 0.4095444503582395 0.007498031886345699 0.016376663254861822
0 0.8026834538279399 0.45317292937563974 0.022494095659037094 0.01023541453428864
4 0.7760457142857142 0.14380754145342886 0.012628255722178374 0.011258969089048106
9 0.40084831570639307 0.3913765731832139 0.014996063772691397 0.011003073899692937
13 0.5094711160220995 0.49097996315250764 0.007892639621152327 0.017528139201637667
18 0.5793213322809787 0.5742066898669396 0.022099447513812154 0.012794261617195496
2 0.6014205777426993 0.18577267553735924 0.013417511602209945 0.010491309723643807
0 0.4015389297553275 0.45317292937563974 0.03157063930544594 0.010491309723643807
7 0.8563537426992897 0.6187307758444217 0.024467255564325177 0.014329580348004094
13 0.6432518263614839 0.6746417523029683 0.009076543646408839 0.018167850972364383
13 0.6973165209155485 0.286079868986694 0.007892639621152327 0.01791198198567042
13 0.7963693259668507 0.5514329089048107 0.007892639621152327 0.01688842743091095
46 0.49664565745856354 0.5748465588536336 0.03314915106550908 0.013306025793244625
4 0.5943172344119968 0.6361309150460593 0.011049743962115234 0.011770733265097236
4 0.3689818721389108 0.5960689588536335 0.009865839936858722 0.011978625179119755
13 0.7375689344909234 0.4687818546571136 0.007892639621152327 0.021494357420675538
0 0.5315707655880032 0.14559875537359265 0.028413575374901343 0.011258969089048106
0 0.6193765430149961 0.6374103909928353 0.03157063930544594 0.011258969089048106
13 0.8006116116811366 0.5724154759467758 0.009076543646408839 0.020982593244626407
7 0.5505131491712708 0.2074590460593654 0.01736387182320442 0.016664525690890483
6 0.502367772691397 0.33073182395087003 0.015390671507498026 0.01023541453428864
13 0.3640489723756906 0.3279171340839304 0.009668515864246252 0.01714432262026612
13 0.3329715826361484 0.41082392630501535 0.00956983362273086 0.018167850972364383
28 0.7613456164167325 0.20435644135107472 0.01973163946329913 0.015656980962128964
14 0.6410319608524072 0.5952293469805527 0.006906059668508287 0.011322929785056295
19 0.7535516590370955 0.45307702763561924 0.012233607576953433 0.010299375230296826
5 0.7564127166535123 0.5963408638689867 0.014798739700078925 0.01023541453428864
2 0.4265982383583267 0.37128961310133063 0.024072607419100236 0.010747178710337769
6 0.7673639400157852 0.37128961310133063 0.01657457553275454 0.00921185997952917
6 0.37894627308603 0.3108366673490276 0.01617996779794791 0.009851597952917093
13 0.7607536037884767 0.22377177482088023 0.009471191791633781 0.01893551033776868
5 0.5968824877663772 0.4521494534288638 0.014996063772691397 0.010747178710337769
10 0.5777429013417522 0.5925024360286592 0.014996063772691397 0.018679641351074718
13 0.7982439652722967 0.4698695271238485 0.009668515864246252 0.01906345793244626
9 0.5919495880031571 0.6575612855680655 0.014996063772691397 0.010491309723643807
0 0.6274663046566693 0.2689994022517912 0.018942383583267563 0.009851597952917093
9 0.6510950844514601 0.16530184646878196 0.014206767482241514 0.011514838075742067
6 0.3519880789265982 0.29017403480040943 0.01504536448303078 0.00972365035823951
2 0.3607931049723757 0.3918883111566018 0.012628255722178374 0.01023541453428864
2 0.5734016101026045 0.16555784646878197 0.011838999842146803 0.01023541453428864
9 0.704419864246251 0.2895983623336745 0.005524871981057617 0.009851597952917093
2 0.6989935532754538 0.6567938096212896 0.011838999842146803 0.010107466939611055
10 0.5820837884767167 0.34800409416581374 0.01578531965272297 0.01688842743091095
0 0.7176154822415154 0.473259889457523 0.031619980426203634 0.011003073899692937
2 0.8241910907655879 0.41119178546571133 0.012233607576953433 0.01119498219037871
0 0.4252170102604578 0.3917604421699079 0.022888703393843725 0.011258969089048106
10 0.8151145067087608 0.40873688433981575 0.013022903867403315 0.017096345547594677
10 0.5757696606156275 0.6752813592630502 0.014206767482241514 0.017400191606960082
13 0.4646802083662194 0.22377177482088023 0.007498031886345699 0.01842374616171955
18 0.3680940552486188 0.5534801228249744 0.01835045177584846 0.015353134902763563
6 0.8486583867403314 0.43321383828045035 0.01736387182320442 0.01023541453428864
13 0.39660602999210737 0.5122185301944728 0.007103383741120757 0.01688842743091095
10 0.5418309707971586 0.5722876069600819 0.014996063772691397 0.018167850972364383
13 0.6823206187845304 0.4901482906857728 0.007892639621152327 0.019191405527123846
19 0.6381217237569061 0.20675524257932448 0.011838999842146803 0.011258969089048106
6 0.6310179763220205 0.35107478403275333 0.01578531965272297 0.00997951934493347
9 0.7322416290449881 0.20646751115660186 0.015390671507498026 0.011594808597748208
8 0.5808997632202052 0.4534928638689867 0.015390671507498026 0.01023541453428864
9 0.8279399652722967 0.5139458096212897 0.013812159747434886 0.00997951934493347
13 0.545777452249408 0.6961360573183214 0.009076543646408839 0.01893551033776868
2 0.6172322045777427 0.1646622395087001 0.012329178216258879 0.00997951934493347
6 0.4733623867403315 0.26963927123848513 0.01617996779794791 0.00972365035823951
14 0.44435659668508287 0.5933980429887411 0.007103383741120757 0.01688842743091095
5 0.7362863078137332 0.6366429150460594 0.014601415627466457 0.010747178710337769
22 0.5209153464877664 0.6579451545547594 0.014601415627466457 0.010363362128966222
9 0.5228885872138911 0.5747184278403276 0.014996063772691397 0.011770733265097236
2 0.6137776391475928 0.5143936131013306 0.014108125651144436 0.009851597952917093
13 0.815903722178374 0.5103633817809621 0.00828728776637727 0.016120768065506653
24 0.4373518547750592 0.22972921187308085 0.01637725146014207 0.014441518116683726
19 0.6848361673243883 0.6157882169907881 0.013022903867403315 0.00997951934493347
13 0.6578533228097869 0.6947287123848516 0.00868193591160221 0.018167850972364383
13 0.4094318926598263 0.24526607983623336 0.009471191791633781 0.01765608679631525
4 0.7090569597474349 0.43167862436028653 0.010655095816890291 0.012026602251791198
4 0.6095044879558011 0.2052200286591607 0.006671760063141278 0.014841344524053224
5 0.351198863456985 0.22824980962128968 0.014650756748224152 0.011770733265097236
2 0.41249015311760057 0.22799380962128968 0.0230860274664562 0.010491309723643807
13 0.8393841957379637 0.1403532446264074 0.007892639621152327 0.017400191606960082
5 0.6799525682715075 0.43228626407369497 0.014996063772691397 0.01093908700102354
13 0.49506722651933704 0.6131013961105426 0.005919479715864246 0.01791198198567042
18 0.5595897332280978 0.45182951893551687 0.025256511444356748 0.01317810440122825
13 0.4106155138121547 0.368218923234391 0.00828728776637727 0.01688842743091095
9 0.7762429171270718 0.533776769703173 0.014206767482241514 0.01023541453428864
10 0.4991119052880821 0.2659289744114637 0.014798739700078925 0.01676047983623337
0 0.85477490765588 0.5142015475946776 0.021704799368587213 0.010363362128966222
23 0.6311661209155486 0.18577267553735924 0.012726897553275452 0.011003073899692937
2 0.8494476022099448 0.18526093756397133 0.013022903867403315 0.01023541453428864
13 0.48401740173638513 0.3465967492323439 0.007892639621152327 0.019959064892528147
0 0.4948696195737964 0.4947544564994882 0.021704799368587213 0.01023541453428864
22 0.33940904309392267 0.5350562456499488 0.01474939857932123 0.011258969089048106
8 0.39118012312549333 0.26995894370522006 0.014601415627466457 0.010491309723643807
13 0.8518152486187845 0.25997966018423746 0.005919479715864246 0.0040941658137154556
18 0.6288475327545383 0.5515607778915046 0.01854773543804262 0.01714432262026612
2 0.4765192486187846 0.39099296622313207 0.013220187529597475 0.012282497441146366
10 0.7169495185477506 0.3069345670419652 0.022494095659037094 0.016376663254861822
13 0.4972376700868193 0.5923745670419652 0.00828728776637727 0.017400191606960082
13 0.5382792991318074 0.36719544728761516 0.007892639621152327 0.01688842743091095
6 0.7422060299921074 0.2691914677584442 0.012825579794790843 0.00921185997952917
13 0.48401740173638513 0.3673233162743091 0.0067087760063141285 0.018167850972364383
13 0.8005130102604578 0.6502046264073694 0.011444351696921862 0.00972365035823951
2 0.5807025603788476 0.6984390092118731 0.011838999842146803 0.011003073899692937
2 0.7720996369376479 0.6160439549641761 0.012233607576953433 0.011610792221084952
2 0.4323203535911603 0.4534289293756397 0.012233607576953433 0.00997951934493347
24 0.825966724546172 0.4536846673490276 0.014996063772691397 0.00946775516888434
2 0.8608918326756118 0.39150470419651995 0.020915543488555642 0.011258969089048106
2 0.5785321168113654 0.20701124257932446 0.013417511602209945 0.00972365035823951
2 0.33568469771112863 0.31128447082906857 0.013022903867403315 0.010747178710337769
6 0.6850826708760852 0.2897901658137155 0.013417511602209945 0.00972365035823951
18 0.5319651712707182 0.5330092937563972 0.021704799368587213 0.012282497441146366
13 0.6908051902131018 0.4896365527123848 0.007300707813733228 0.019959064892528147
6 0.6127786936069456 0.6781602456499488 0.013195537174427781 0.010619231115660184
13 0.580110547750592 0.512026726714432 0.007892639621152327 0.01765608679631525
13 0.3590174711917916 0.18065503377686795 0.009076543646408839 0.01688842743091095
2 0.6970207166535123 0.3106448638689867 0.014108125651144436 0.00946775516888434
8 0.7861087166535122 0.2474411627430911 0.015193387845303866 0.009851597952917093
2 0.653537086029992 0.5135619406345957 0.018498434727703236 0.010619231115660184
5 0.5151932312549329 0.37077787512794275 0.013812159747434886 0.010747178710337769
0 0.8168901404893449 0.2270023009211873 0.030781383425414366 0.01093908700102354
10 0.6867601073401736 0.2663767778915046 0.013812159747434886 0.016248715660184238
0 0.39118012312549333 0.4136666792221085 0.022099447513812154 0.013314043807574207
22 0.5071527703235991 0.47453936540429886 0.014897381531176007 0.010491309723643807
12 0.4196920978689819 0.6160439549641761 0.015982643725335435 0.02047082906857728
21 0.7219810197316495 0.6590168433981577 0.03275454333070244 0.014873337973387923
2 0.4191000852407262 0.6784799181166837 0.012233607576953433 0.00997951934493347
13 0.46438440410418313 0.4692296581371545 0.00887925998421468 0.01944730071647902
4 0.6787689471191792 0.6774564421699079 0.009865839936858722 0.012282497441146366
10 0.6776835232833465 0.22466738178096213 0.014206767482241514 0.01791198198567042
2 0.5386741089187056 0.3947151669191402 0.010655095816890291 0.003322523643807574
4 0.5899763472770323 0.5134980061412487 0.01026044767166535 0.012538392630501535
18 0.755130089976322 0.5510490399181167 0.02012628760852407 0.01688842743091095
10 0.3378304909234412 0.4925793735926305 0.016821240726124707 0.018167850972364383
8 0.6503551696921863 0.2694472057318321 0.014996063772691397 0.00997951934493347
7 0.5002959305445935 0.6803992630501535 0.015982643725335435 0.014841344524053224
21 0.3423194418310971 0.473259889457523 0.02402326629834254 0.012794261617195496
23 0.4060774238358327 0.5766377727737974 0.013614835674822417 0.01023541453428864
13 0.8291239905288081 0.2238996438075742 0.00868193591160221 0.01688842743091095
14 0.49072593528018943 0.32714939611054245 0.007498031886345699 0.016632558444216988
6 0.3911308224151539 0.5765096417604912 0.013812159747434886 0.00972365035823951
4 0.7646014838200473 0.6366429150460594 0.01026044767166535 0.011770733265097236
1 0.7000789771112865 0.6797593940634595 0.014206767482241514 0.015609003889457523
7 0.6981057363851618 0.33354651381780964 0.018153127703235992 0.015609003889457523
13 0.4563932438831886 0.45023037052200615 0.007498031886345699 0.016504610849539407
0 0.3415055355958958 0.18730815148413513 0.023184669297553275 0.010491309723643807
9 0.6071426929755328 0.22709820266120778 0.013812159747434886 0.010747178710337769
0 0.8000195990528808 0.4321903623336746 0.021902123441199687 0.011770733265097236
9 0.4012431254932913 0.3949790486796316 0.014206767482241514 0.0038662550665301944
13 0.5347276274664562 0.42988741044012285 0.007892639621152327 0.01893551033776868
11 0.3385457957379637 0.24616168679631525 0.01696922367797948 0.016248715660184238
9 0.5329519936858721 0.4526611914022518 0.012233607576953433 0.00921185997952917
22 0.48599064246250984 0.5548874677584442 0.014206767482241514 0.010491309723643807
6 0.3663180173638516 0.2281216786079836 0.015193387845303866 0.00997951934493347
6 0.6835042399368587 0.4529171914022518 0.022099447513812154 0.010363362128966222
14 0.5262430560378848 0.4292556642784033 0.006314127861089187 0.01776805076765609
22 0.8382005745856355 0.3950620115455476 0.01578531965272297 0.004044197338792221
4 0.6864638989739542 0.6576414657113613 0.013022903867403315 0.01020342108495394
6 0.6515391949486977 0.20701124257932446 0.014206767482241514 0.011770733265097236
4 0.6578533228097869 0.5954332560900717 0.01026044767166535 0.011490862640736949
18 0.6014205777426993 0.3500513080859775 0.021704799368587213 0.012282497441146366
24 0.38570451144435675 0.5172722374616172 0.014996063772691397 0.012538392630501535
24 0.48421460457774274 0.6796315250767656 0.015587995580110498 0.013050156806550665
2 0.6531176258879242 0.533904900716479 0.013417511602209945 0.011258969089048106
0 0.6643646535122336 0.6559621371545548 0.024072607419100236 0.012026602251791198
0 0.5828730039463299 0.37103387512794267 0.022888703393843725 0.00972365035823951
10 0.85477490765588 0.14124858955987718 0.0205208953433307 0.01688842743091095
13 0.8054459100236779 0.34800409416581374 0.007892639621152327 0.017400191606960082
10 0.6732440347277032 0.5312180798362335 0.01973163946329913 0.01714432262026612
2 0.8496448050513024 0.6779042456499489 0.011049743962115234 0.009595702763561923
5 0.4039069802683504 0.29017403480040943 0.014798739700078925 0.01023541453428864
24 0.559984138910813 0.2480488024564995 0.024072607419100236 0.01119498219037871
4 0.4471190528808208 0.18551693756397133 0.009471191791633781 0.011770733265097236
0 0.8395818026835045 0.20502814657113613 0.022494095659037094 0.013210071647901741
13 0.6492943962115233 0.5926305670419653 0.00818864593528019 0.01842374616171955
6 0.7397393780584057 0.698950747185261 0.024467255564325177 0.01023541453428864
13 0.6053670591949487 0.1422723275332651 0.00868193591160221 0.019959064892528147
21 0.6170333449092344 0.4529171914022518 0.02175414048934491 0.011003073899692937
13 0.39423838358326757 0.5519446468781986 0.007695355958958169 0.017400191606960082
13 0.6166140868192581 0.3476202251791197 0.007892639621152327 0.017400191606960082
13 0.7081687387529598 0.368730923234391 0.007892639621152327 0.015353134902763563
0 0.7526638421468035 0.43295810030706244 0.015193387845303866 0.010747178710337769
14 0.36681142857142857 0.5322415557830092 0.007399349644830308 0.016376663254861822
18 0.358819864246251 0.6545867594677585 0.01627860962904499 0.01644062395087001
4 0.4086176227308603 0.6972876642784033 0.010704436937647988 0.014841344524053224
0 0.38604961641673247 0.6379221289662231 0.021902123441199687 0.01023541453428864
12 0.8476715643251774 0.34877183213920165 0.01657457553275454 0.017400191606960082
13 0.4421861531176006 0.6756652282497441 0.007892639621152327 0.01765608679631525
18 0.6551894680347277 0.22681049744114634 0.022494095659037094 0.013306025793244625
6 0.7511840126282557 0.6374103909928353 0.014601415627466457 0.010747178710337769
4 0.7894631854775059 0.13587520982599796 0.01006312359905288 0.006653012896622313
8 0.4352800126282557 0.24929631115660186 0.014009483820047354 0.010619231115660184
13 0.7822612407261247 0.38843401432958036 0.007695355958958169 0.01688842743091095
6 0.5305839431728493 0.6366429150460594 0.013812159747434886 0.01023541453428864
18 0.5410417553275454 0.32996408597748206 0.022099447513812154 0.012282497441146366
13 0.6341320435674822 0.6502046264073694 0.007880314443567482 0.00972365035823951
2 0.6685083378058406 0.24897637666325487 0.009471191791633781 0.00997951934493347
2 0.5365036653512233 0.2473452610030706 0.013417511602209945 0.013433973387922212
2 0.4117995390686661 0.2693193367451382 0.023875283346487766 0.00997951934493347
2 0.7306627940015785 0.33047582395087 0.022494095659037094 0.00997951934493347
14 0.5868190812943962 0.49181163561924257 0.006314127861089187 0.01586489907881269
46 0.4293606945540647 0.5142015475946776 0.031175991160220996 0.012538392630501535
5 0.8433306771902132 0.4129390051177073 0.022099447513812154 0.009715658546571136
6 0.508287090765588 0.22748207164790174 0.01578531965272297 0.01023541453428864
4 0.6173848347277032 0.49385884953940634 0.022358437884767168 0.011003073899692937
6 0.5808997632202052 0.6368666857727738 0.01578531965272297 0.011322929785056295
2 0.5816889786898184 0.24788896622313206 0.011838999842146803 0.011131021494370522
6 0.7105367892659826 0.533776769703173 0.01696922367797948 0.00972365035823951
7 0.7623324388318863 0.6795036560900717 0.01617996779794791 0.015353134902763563
6 0.5376872865035518 0.18628467553735925 0.015390671507498026 0.010491309723643807
22 0.6874507213891082 0.20649950460593652 0.014206767482241514 0.012282497441146366
6 0.48954231412786103 0.5959569948822928 0.020915543488555642 0.00972365035823951
6 0.8622730607734808 0.6783520491299898 0.012628255722178374 0.00972365035823951
2 0.3871843409629045 0.16658132241555784 0.023184669297553275 0.01023541453428864
6 0.5955012596685083 0.5962129948822927 0.00868193591160221 0.01023541453428864
4 0.7303669897395423 0.5324975557830092 0.009865839936858722 0.013306025793244625
46 0.3500148382004736 0.2075229805527124 0.03615823204419889 0.012282497441146366
2 0.6104170683504341 0.5748465588536336 0.008521587371744278 0.010747178710337769
10 0.5982637158642463 0.2449461453428864 0.02012628760852407 0.017528139201637667
14 0.5485399084451461 0.4089128090071648 0.006314127861089187 0.016616548618219037
13 0.6414757884767166 0.5312180798362335 0.00868193591160221 0.01688842743091095
5 0.8247831033938438 0.6782881146366428 0.023677999684293606 0.011514838075742067
24 0.7717048271507497 0.39150470419651995 0.012233607576953433 0.01023541453428864
22 0.36681142857142857 0.7009979611054248 0.014996063772691397 0.012538392630501535
18 0.736878320441989 0.16427837052200614 0.01854773543804262 0.011770733265097236
5 0.7575967419100237 0.3945862262436029 0.014798739700078925 0.0030646370522006143
11 0.6123162367797947 0.6504606264073696 0.012221282399368587 0.00921185997952917
18 0.5491319210734017 0.43206249334698055 0.01854773543804262 0.011386890481064484
13 0.574585635359116 0.2890224278403275 0.003946327892659826 0.012026602251791198
13 0.6651538689818469 0.14073685158648924 0.00927386771902131 0.01842374616171955
10 0.5657062541436464 0.16248715660184238 0.013417511602209945 0.01791198198567042
2 0.4586622888713497 0.16555784646878197 0.012430931649565904 0.01023541453428864
2 0.8168901404893449 0.3505630460593654 0.011838999842146803 0.01023541453428864
10 0.6816300047355959 0.40916058137154554 0.012430931649565904 0.01791198198567042
9 0.5477506929755328 0.47370769293756393 0.014206767482241514 0.010619231115660184
0 0.6196200561957379 0.39479113367451385 0.015199530228887134 0.0034584630501535312
6 0.34002566566692977 0.3953069016171955 0.017067865509076557 0.004486000409416582
19 0.5388713117600632 0.41162360532241554 0.011444351696921862 0.010267407983623337
4 0.7800907971586425 0.32996408597748206 0.009471191791633781 0.012282497441146366
5 0.5538672138910813 0.616555692937564 0.01775847955801105 0.010747178710337769
5 0.528413499605367 0.2691914677584442 0.022494095659037094 0.01023541453428864
13 0.6079814516179953 0.5516889089048107 0.0035640291712707183 0.01791198198567042
5 0.34917632202052096 0.41346277011258953 0.0224447545382794 0.010267407983623337
11 0.42423059194948703 0.28748721392016374 0.025651159589581685 0.01791198198567042
8 0.8356353212312551 0.2885106898669396 0.014996063772691397 0.012794261617195496
22 0.6776835232833465 0.33073182395087003 0.014897381531176007 0.00997951934493347
18 0.623914632991318 0.5331371627430911 0.02604576732438832 0.013306025793244625
22 0.8662195422257302 0.5950613879222109 0.014996063772691397 0.011770733265097236
13 0.7012630023677979 0.16223141862845447 0.009076543646408839 0.01791198198567042
7 0.4540251933701657 0.23004102354145342 0.013614835674822417 0.014329580348004094
10 0.7097475737963694 0.26880759877175026 0.011247027624309392 0.01023541453428864
10 0.4260062257300711 0.4501022395087001 0.015390671507498026 0.01688842743091095
14 0.3651339921073402 0.6759212282497441 0.010655095816890291 0.016248715660184238
11 0.4470204514601421 0.3077020429887411 0.023677999684293606 0.015992846673490275
22 0.3904402083662194 0.3709057441146366 0.014601415627466457 0.011003073899692937
6 0.7669691302288871 0.4535567983623337 0.013417511602209945 0.00972365035823951
2 0.5781373070244673 0.6567298751279427 0.012628255722178374 0.012666314022517913
24 0.666041685872139 0.628166616171955 0.011937641673243883 0.006077288024564995
12 0.7677583456985004 0.24421063664278403 0.007498031886345699 0.017016375025588535
11 0.8148675990528808 0.285952 0.025355153275453828 0.01714432262026612
12 0.38185663141278614 0.5959650128966223 0.007991321862667718 0.012810271443193449
6 0.7994275864246251 0.4117195332650973 0.014798739700078925 0.011258969089048106
6 0.3484857079715864 0.14559875537359265 0.015440012628255721 0.011258969089048106
6 0.8089975816890291 0.18551693756397133 0.023283351539068665 0.010747178710337769
8 0.5803077505919495 0.4114635332650972 0.014996063772691397 0.010747178710337769
9 0.6172060994475138 0.14457527942681678 0.014206767482241514 0.010747178710337769
18 0.6657458816101025 0.35107478403275333 0.0205208953433307 0.011258969089048106
13 0.4311367324388319 0.2652891054247697 0.009668515864246252 0.017784034390992836
2 0.5130227876874507 0.2052200286591607 0.012628255722178374 0.013817816171954964
12 0.3964581278610892 0.3298362169907882 0.014404091554853986 0.01970316970317298
13 0.35304844830307813 0.2589559222108495 0.006511451933701657 0.006141248720573183
2 0.7154696890292028 0.4532368638689867 0.013812159747434886 0.009595702763561923
22 0.8575373638516179 0.5555270747185261 0.014206767482241514 0.01023541453428864
4 0.6203629613259668 0.5749744278403275 0.009865839936858722 0.012282497441146366
4 0.4696131081294396 0.16504610849539406 0.009076543646408839 0.012794261617195496
4 0.6819258089976322 0.35133052200614123 0.009865839936858722 0.013817816171954964
2 0.45294017363851613 0.2899180348004094 0.011838999842146803 0.01023541453428864
10 0.4457378247829518 0.6957521883316274 0.013812159747434886 0.01688842743091095
0 0.4284728776637727 0.5727993449334698 0.023875283346487766 0.01688842743091095
5 0.7207969944751382 0.394889089703173 0.015390671507498026 0.0036863475946775845
14 0.4029201578531965 0.368474923234391 0.006906059668508287 0.016376663254861822
6 0.6941592549329124 0.16581358444216993 0.022099447513812154 0.011258969089048106
2 0.7581887545382795 0.14291193449334696 0.021310191633780583 0.00997951934493347
13 0.704419864246251 0.5307063418628454 0.005524871981057617 0.017400191606960082
13 0.7316496164167325 0.6952404503582394 0.009076543646408839 0.01791198198567042
13 0.7188241578531964 0.368218923234391 0.007103383741120757 0.01586489907881269
8 0.7473361325966851 0.41159166427840327 0.01578531965272297 0.011770733265097236
0 0.4260062257300711 0.3952889108700102 0.021704799368587213 0.004473999590583418
6 0.6969710118389898 0.2694472057318321 0.013417511602209945 0.01023541453428864
13 0.668311134964483 0.51113111975435 0.006906059668508287 0.01791198198567042
2 0.43537901815311764 0.18641254452405323 0.012036323914759275 0.011003073899692937
14 0.5382792991318074 0.6958803193449336 0.007103383741120757 0.01714432262026612
19 0.3370165846882399 0.2287615475946776 0.012825579794790843 0.01023541453428864
4 0.40568261404893446 0.5143296786079836 0.01026044767166535 0.012026602251791198
2 0.6539068413575375 0.3925281801432958 0.007103383741120757 0.006653012896622313
21 0.3435528082083662 0.45394066734902766 0.026687040252565113 0.00921185997952917
13 0.4917127576953434 0.39495705940634596 0.006314127861089187 0.0038342878198567043
4 0.4349842083662194 0.1629988945752303 0.020718219415943175 0.01791198198567042
2 0.37618381689029207 0.2697671402251791 0.013417511602209945 0.00972365035823951
10 0.7951853007103393 0.6976715332650972 0.013812159747434886 0.020726724257932445
12 0.4337015816890292 0.20442842006141249 0.023283351539068665 0.015816922006141248
0 0.8486583867403314 0.653403185261003 0.02762431949486977 0.0033265064483111563
6 0.4073600505130229 0.5972364708290686 0.013417511602209945 0.01023541453428864
4 0.6599744656669297 0.5133059406345957 0.00858325367008682 0.011258969089048106
2 0.7901537995264404 0.6778403111566019 0.013417511602209945 0.010491309723643807
6 0.46546942383583273 0.6983111402251791 0.014601415627466457 0.010747178710337769
10 0.6348905067087608 0.5724154759467758 0.01297356274664562 0.017400191606960082
13 0.7261247040252565 0.6377942599795292 0.005919479715864246 0.013114117502558854
0 0.7325374333070245 0.4118194964176049 0.015390671507498026 0.010611239303991812
10 0.5532756053670087 0.368091054247697 0.012628255722178374 0.01765608679631525
9 0.6026046029992107 0.3947421556601843 0.013417511602209945 0.003376474923234391
13 0.39917128334648777 0.6956882538382804 0.009076543646408839 0.018679641351074718
6 0.511049546961326 0.26880759877175026 0.00868193591160221 0.00997951934493347
10 0.7941988823993686 0.595941011258956 0.012233607576953433 0.011210965813715456
4 0.48579303551696923 0.5144575475946775 0.00868193591160221 0.011258969089048106
13 0.4444556022099448 0.24526607983623336 0.009076543646408839 0.022006147799385874
0 0.484116003157064 0.4948183909928352 0.01835045177584846 0.010107466939611055
8 0.736878320441989 0.39554079705220063 0.014206767482241514 0.005001747389969294
18 0.7024466235201263 0.5949974534288638 0.009471191791633781 0.010635240941658136
2 0.4921071633780584 0.6587768270214943 0.007498031886345699 0.006908908085977482
18 0.8563537426992897 0.31013312589559877 0.014996063772691397 0.010363362128966222
4 0.7359905035516969 0.308725780962129 0.01026044767166535 0.013050156806550665
2 0.726321906866614 0.4534289293756397 0.007300707813733228 0.006141248720573183
4 0.6432518263614839 0.6572575967246673 0.01026044767166535 0.011738739815762539
10 0.6045778437253354 0.368218923234391 0.013022903867403315 0.017400191606960082
19 0.6097079463299132 0.6160439549641761 0.011444351696921862 0.010491309723643807
2 0.8088003788476716 0.5546314677584443 0.012233607576953433 0.00972365035823951
18 0.40030600789265985 0.4728762824974412 0.02614444956590371 0.012922209211873082
6 0.3653315990528808 0.47466723439099284 0.007498031886345699 0.00997951934493347
13 0.400453910023678 0.308277977482088 0.005722196053670086 0.019831117297850562
2 0.36089170639305446 0.39498804405322413 0.012628255722178374 0.0038682726714431934
2 0.8247831033938438 0.61642782395087 0.024467255564325177 0.011258969089048106
18 0.7312548066298342 0.22748207164790174 0.01677189960536701 0.011770733265097236
9 0.6422650039463299 0.3949020836028659 0.013022903867403315 0.003712340634595701
2 0.5619573796369376 0.18564480655066531 0.022888703393843725 0.010747178710337769
2 0.6357536732438832 0.47377162743091095 0.023283351539068665 0.010491309723643807
9 0.6427091548539858 0.39124870419652 0.013664176795580112 0.011258969089048106
4 0.33901439494869773 0.3917604421699079 0.017117206629834254 0.011514838075742067
2 0.5726123946329913 0.33047582395087 0.013022903867403315 0.01023541453428864
18 0.45116413575374903 0.39511098955987717 0.014996063772691397 0.004126159263050154
2 0.3792917821625888 0.6553225301944728 0.013121545698500395 0.016248715660184238
7 0.3808209123914759 0.20769895762538385 0.0230860274664562 0.01097108045035824
4 0.7854185067087609 0.16146368065506653 0.023480675611681136 0.01842374616171955
13 0.5741908255722178 0.5956371651995905 0.007892639621152327 0.012154549846468783
0 0.5714283693764799 0.3097492569089048 0.023677999684293606 0.011258969089048106
6 0.6814816985003946 0.5340327697031729 0.010852419889502763 0.00972365035823951
22 0.5627465951065509 0.33073182395087003 0.012628255722178374 0.01023541453428864
4 0.4713891460142068 0.5759979037871034 0.012628255722178374 0.010747178710337769
12 0.7036306487766376 0.40942059037871037 0.006314127861089187 0.017776042579324462
4 0.5923439936858721 0.699078878198567 0.009471191791633781 0.012794261617195496
18 0.7018546108918706 0.20649950460593652 0.010655095816890291 0.010747178710337769
2 0.6860694932912391 0.2488165404298874 0.023875283346487766 0.010299375230296826
4 0.791239223362273 0.39099296622313207 0.009865839936858722 0.012026602251791198
14 0.38299135595895817 0.49219550460593653 0.006906059668508287 0.01714432262026612
18 0.8032754664561957 0.61617182395087 0.01617996779794791 0.011770733265097236
27 0.5643250260457775 0.353121735926305 0.01026044767166535 0.013306025793244625
13 0.6508732312549329 0.33149956192425795 0.004340967955801105 0.011258969089048106
