4 0.34999665351223364 0.23545475537359264 0.009823570639305446 0.011222390174002046
2 0.49024464719810573 0.21550431115660182 0.01237536732438832 0.009555586489252815
4 0.4049564388318863 0.6242131586489253 0.009300619415943172 0.011266515455475946
6 0.3661838547750592 0.4405780962128966 0.013680947119179165 0.009870463868986695
8 0.7821654680347278 0.42130918321392014 0.014225396685082872 0.009615197543500511
1 0.6344645808997632 0.422150550665302 0.014042862825572218 0.013234387717502558
7 0.6873258531965273 0.38168840122824976 0.017179357853196527 0.013295544728761514
12 0.4315982194159431 0.2336121842374616 0.01546987592738753 0.01821053510747185
22 0.4355143930544594 0.44091270419651996 0.014043953906866614 0.009761932446264074
9 0.38283900868192583 0.44019422722620266 0.01445630181531176 0.01041613428863869
18 0.33412699731649564 0.6231569293756396 0.015469997158642463 0.013275499692937565
5 0.42369474980268346 0.42016700921187305 0.013871684293606946 0.009535672466734903
23 0.47549039936858717 0.6455806427840328 0.012702893764798738 0.009336663254861821
13 0.37666025572217837 0.41694539201637665 0.00738443820047356 0.016323995905834186
2 0.6409014756116811 0.6243939570112589 0.012553051933701657 0.009575212282497442
12 0.6771953654301499 0.23449311770726713 0.016023539068666142 0.01848482456499488
6 0.6438737426992897 0.3795206550665302 0.014146515548539858 0.009486175639713408
8 0.6284062509865825 0.3802142395087001 0.01421109139700079 0.009233110337768679
1 0.3364066298342541 0.6474737850562947 0.015441022888713497 0.014135890276356191
8 0.6716320631412785 0.6045386284544524 0.01412538089976322 0.009712750051177072
1 0.7314839337016575 0.6070394104401228 0.013457154222573008 0.013300418423746163
19 0.6580872991318074 0.3799454002047083 0.009455229676400946 0.008589966018423746
5 0.711960044198895 0.6043538996929375 0.014623035201262825 0.010058756192425793
6 0.6707923346487766 0.37983403889457523 0.013015104656669298 0.009231171340839305
14 0.3288940906077348 0.2540979488229273 0.007355423520126283 0.01572382395087001
2 0.368094863456985 0.6445534984646878 0.013140781057616418 0.009679289252814739
5 0.7598568966061563 0.2164261207778915 0.014482002841357538 0.009810302558853633
0 0.829785913180742 0.21773572978505631 0.02255927766377269 0.010038318116683726
23 0.7347975880031571 0.6248802784032753 0.012483141910023678 0.00944239099283521
11 0.7662603314917127 0.41819211463664274 0.014932215311760064 0.015470103582395088
22 0.33223182951854774 0.399642988741044 0.014256755169692187 0.010239344933469806
2 0.5956091554853986 0.39995296622313203 0.012378680978689818 0.00987897973387922
5 0.52077027308603 0.2163765977482088 0.014335636306235203 0.009731327737973387
12 0.6961029960536701 0.21291582886386898 0.015329449723756905 0.017354127328556804
7 0.5140835611681136 0.40210499078812695 0.015323711444356748 0.013490020880245649
6 0.5934504309392266 0.6041102149437052 0.01405591539068666 0.009952609211873081
5 0.493269771112865 0.6444536663254862 0.014238772533543805 0.009765076765609008
0 0.6386062446724546 0.5840646550665302 0.021918287608524073 0.009701273285568066
0 0.4761054459352802 0.6038793694984647 0.021884140805051303 0.009837212691914022
5 0.7717731207576953 0.257684307062436 0.014453473086029992 0.00930718526100307
16 0.36342261089187056 0.41956801637666324 0.019342891239147595 0.010902036438075743
7 0.5282490292028413 0.626098964176049 0.016662225730071034 0.013947388331627432
19 0.8043326029992107 0.237658923234391 0.011690289502762432 0.008959868986693962
18 0.644123802367798 0.64238470419652 0.01744885493291239 0.015788649334698056
8 0.504098955011839 0.21592643602865916 0.01328573322809787 0.009405025997952917
0 0.39787491712707185 0.45740072876151483 0.02290442304656669 0.002291692610030706
5 0.6101827687450672 0.604078142886387 0.014367560536700867 0.009739109928352098
5 0.6487779510655091 0.5635036888433981 0.014428378216258881 0.010036693551688843
13 0.6750580584056827 0.6198750460593654 0.00863118042620363 0.0206342812691914
22 0.8190015848460931 0.3536127737973388 0.01150331049723757 0.007541361719549642
5 0.6678742983425414 0.42099841965199597 0.0144995409629045 0.009369416581371545
4 0.6325030591949488 0.665822198567042 0.008894454301499606 0.011142760286591608
1 0.7315198989739543 0.23860955578300921 0.014185996527229676 0.01405133428863869
29 0.6158093537490134 0.2348499979529171 0.01930579447513812 0.01931846223132037
1 0.5028995737963694 0.2577393326509724 0.014958280031570638 0.008574375435005117
18 0.5767241546961326 0.2119729785056295 0.017171841515390685 0.015606750460593654
16 0.3342207494869771 0.2358619447287615 0.01874873685872139 0.01168350460593654
4 0.374272 0.6034556724667349 0.009660837884767166 0.011053173387922211
4 0.7346678705603789 0.440569187308086 0.009899986740331492 0.01123826898669396
0 0.568548318863457 0.4414713449334698 0.02125430402525651 0.009555403070624361
7 0.6644850765588003 0.20037573306038894 0.015448417995264405 0.0077115480040941655
5 0.7048114411996843 0.4410866898669396 0.014663728492501972 0.010230278812691914
13 0.561807861089187 0.601020397134084 0.009044781057616417 0.016536709109518936
18 0.5760141436464088 0.600851547185261 0.016935723441199684 0.015776124462640737
23 0.6822179763220205 0.27773458341862844 0.012192833464877664 0.009323011668372568
6 0.4390111065509077 0.3999288597748209 0.013930521862667718 0.009108595291709314
8 0.7848135627466456 0.2576654411463664 0.010475916022099447 0.009367739611054249
23 0.8268165556432517 0.25788711566018424 0.01268967955801105 0.008278809416581372
2 0.6164532533543805 0.5838835946775844 0.0128740318863457 0.010171637256908905
9 0.6245652407261247 0.6038517518935517 0.013343560536700867 0.009569080859774821
0 0.7154801957379637 0.13198516274309108 0.02508298910812944 0.010218042169907881
9 0.39399228413575377 0.378529670419652 0.013897102446724546 0.01002906857727738
2 0.695288726124704 0.25695115660184237 0.012266218784530386 0.009921401842374616
0 0.5193906614048935 0.19840719525076767 0.03189032612470403 0.00374349559877175
8 0.7438054743488556 0.216407516888434 0.014610386740331492 0.009500115455475947
13 0.7599635801104971 0.25426171545547593 0.008529426992896607 0.015529662231320369
