28 0.29400155327545385 0.23848509314227226 0.018942383583267563 0.01688842743091095
18 0.6722572123125494 0.33610546571136135 0.01696922367797948 0.013561920982599795
38 0.5970796906077349 0.39935709150460597 0.029202831254932914 0.012634346775844421
10 0.45442000315706393 0.33802454861821907 0.014996063772691397 0.01688842743091095
21 0.2900550718232044 0.7151995414534289 0.030781383425414366 0.01714432262026612
18 0.2178372091554854 0.5070369539406345 0.01736387182320442 0.01586489907881269
11 0.6284531270718232 0.47927340020470827 0.014601415627466457 0.01586489907881269
10 0.5919495880031571 0.2945239385875128 0.013417511602209945 0.01688842743091095
10 0.39404118074191 0.4011243037871034 0.015193387845303866 0.016168745138178096
4 0.3273482304656669 0.36463675742067553 0.010655095816890291 0.012282497441146366
18 0.39413978216258877 0.25694093756397135 0.01657457553275454 0.016184754964176047
35 0.4169296416732439 0.3391761555783009 0.022494095659037094 0.018679641351074718
6 0.47277037411207584 0.2576764462640737 0.015390671507498026 0.008700095803480041
18 0.5149960284135754 0.642752065506653 0.01578531965272297 0.01592885977482088
10 0.6357536732438832 0.43724406960081885 0.012233607576953433 0.017528139201637667
12 0.3973952454617206 0.6870521187308086 0.013417511602209945 0.018551693756397133
18 0.3563536164167324 0.6676050276356191 0.01736387182320442 0.01586489907881269
4 0.7004733827940016 0.6640225997952918 0.011049743962115234 0.011770733265097236
9 0.48914750434096294 0.25742070829068575 0.014601415627466457 0.00921185997952917
9 0.6910023930544593 0.3582396397134084 0.014601415627466457 0.010747178710337769
10 0.3906867119179163 0.64572659160696 0.013812159747434886 0.017400191606960082
28 0.16771899605367008 0.17988729580348004 0.020915543488555642 0.017400191606960082
2 0.5595897332280978 0.5028146571136131 0.012628255722178374 0.00997951934493347
10 0.4909235422257301 0.7064994718526101 0.014601415627466457 0.01893551033776868
8 0.40666943646408843 0.6492450849539406 0.014798739700078925 0.010619231115660184
8 0.5102110307813733 0.2576764462640737 0.015094705603788476 0.008700095803480041
18 0.2030385098658248 0.1791198198567042 0.018153127703235992 0.016376663254861822
18 0.5406473496448303 0.5609007164790174 0.01657457553275454 0.01586489907881269
11 0.4364640378847671 0.33904802456499483 0.014996063772691397 0.016376663254861822
8 0.5639306203630623 0.6050409334698056 0.015390671507498026 0.00997951934493347
3 0.2148775501183899 0.30181666325486184 0.021310191633780583 0.017528139201637667
18 0.5505131491712708 0.2341351893551689 0.01696922367797948 0.015353134902763563
1 0.6057614648776638 0.3817808966223132 0.014206767482241514 0.013306025793244625
10 0.604775046566693 0.4790174002047083 0.012628255722178374 0.017400191606960082
18 0.4410025319652722 0.6258956315250768 0.017955803630623518 0.014329580348004094
6 0.6219413922651933 0.19511261412487205 0.014996063772691397 0.01023541453428864
10 0.228097818468824 0.46596716479017397 0.014206767482241514 0.017016375025588535
2 0.6902131775848461 0.5212385342886386 0.012628255722178374 0.01023541453428864
0 0.48036712865035525 0.6463664605936541 0.022691379321231255 0.01023541453428864
4 0.694109954222573 0.39887729457523025 0.011345709865824782 0.011418883930399183
7 0.6101027561168113 0.6676050276356191 0.01578531965272297 0.015097239713408393
21 0.23283351539068667 0.3267015926305015 0.018942383583267563 0.017784034390992836
9 0.3267562178374112 0.38395597952917093 0.014996063772691397 0.01023541453428864
8 0.6325968113654302 0.23615017400204708 0.01578531965272297 0.010875126305015354
16 0.4346884041041831 0.3811412896622313 0.020915543488555642 0.011258969089048106
7 0.4897395169692186 0.4036590706243603 0.01578531965272297 0.014585475537359264
18 0.6539068413575375 0.5199590583418628 0.018153127703235992 0.01586489907881269
21 0.2805840820836622 0.22287616786079836 0.021704799368587213 0.015353134902763563
8 0.5390685146014207 0.21673478812691913 0.014996063772691397 0.010491309723643807
4 0.5092739131807419 0.3196009334698055 0.009865839936858722 0.010747178710337769
9 0.3307022951854775 0.7123848515864892 0.014996063772691397 0.012666314022517913
24 0.5893843346487766 0.1555783009211873 0.015390671507498026 0.013306025793244625
7 0.6428570165745856 0.15609003889457523 0.01736387182320442 0.014841344524053224
10 0.17383592107340173 0.6303736663254862 0.014996063772691397 0.01714432262026612
5 0.5489343141278611 0.6458547226202662 0.014206767482241514 0.01023541453428864
0 0.5445934269928966 0.2571647082906858 0.022494095659037094 0.00972365035823951
5 0.5876087008681926 0.35913498464687815 0.014601415627466457 0.00997951934493347
0 0.392659952644041 0.46519968884339813 0.022888703393843725 0.011258969089048106
21 0.6507499794790844 0.646686395087001 0.01973163946329913 0.01548105629477994
5 0.6876479242304656 0.6641504687819857 0.014996063772691397 0.010747178710337769
21 0.19376472296764008 0.2658487942681679 0.020915543488555642 0.01512923316274309
18 0.6195737458563535 0.2532626079836233 0.01736387182320442 0.015992846673490275
10 0.5232833970007893 0.37794273080859775 0.013417511602209945 0.01688842743091095
11 0.26262811681136544 0.4028115455475947 0.01578531965272297 0.016728512589559878
5 0.34767184214680347 0.5464431361310134 0.01578531965272297 0.01023541453428864
18 0.6582477284925019 0.29414033162743086 0.018153127703235992 0.016376663254861822
5 0.6621942099447514 0.35772763971340843 0.014206767482241514 0.01023541453428864
7 0.663920543014996 0.2171867054247697 0.022888703393843725 0.01489731340839304
5 0.31610120284135756 0.6297337973387922 0.014206767482241514 0.01023541453428864
24 0.22987385635359117 0.22351577482088025 0.01578531965272297 0.012794261617195496
11 0.32754543330702446 0.2383572241555783 0.014996063772691397 0.01586489907881269
5 0.5159824467245461 0.15532230092118732 0.014601415627466457 0.01023541453428864
7 0.3970008397790055 0.4872057318321392 0.014206767482241514 0.015353134902763563
2 0.1752171491712707 0.6540430542476969 0.013022903867403315 0.009595702763561923
16 0.16752179321231256 0.20252526837256907 0.022099447513812154 0.011850703787103378
5 0.3253749897395422 0.6498207574206755 0.014206767482241514 0.00997951934493347
9 0.6764008966061562 0.19472874513817812 0.014601415627466457 0.011003073899692937
2 0.5357144498816101 0.4003046583418628 0.011838999842146803 0.010531294984646878
22 0.19790840726124703 0.40788136745138176 0.014996063772691397 0.010747178710337769
4 0.5945144372533544 0.5230297482088024 0.011049743962115234 0.012026602251791198
6 0.3847669897395422 0.2397645690890481 0.01578531965272297 0.010747178710337769
14 0.6562744877663773 0.15058852814738996 0.00868193591160221 0.01688842743091095
4 0.30682701183898975 0.32324729580348005 0.009865839936858722 0.011386890481064484
5 0.4968428602999211 0.2178384180143296 0.014601415627466457 0.010491309723643807
13 0.418705679558011 0.44076256294779936 0.007892639621152327 0.01791198198567042
10 0.4483030781373323 0.3989252978505629 0.012825579794790843 0.017400191606960082
5 0.34737563378058406 0.4041209449334698 0.014502773796369377 0.010335377686796316
2 0.5536700110497238 0.48247195905834184 0.011838999842146803 0.00997951934493347
3 0.6022097932123126 0.5602611095189355 0.024467255564325177 0.017400191606960082
13 0.49467241673243884 0.15276361105424768 0.008089963693764798 0.01791198198567042
22 0.37470398737174426 0.6706754554759468 0.015390671507498026 0.010491309723643807
5 0.5895815374901342 0.42041960286591606 0.013417511602209945 0.01023541453428864
1 0.35161791949486976 0.6306933387922211 0.014601415627466457 0.015609003889457523
0 0.4405091207576953 0.21839813306038894 0.022691379321231255 0.00997951934493347
0 0.6870559116022099 0.3787102067553736 0.022099447513812154 0.010747178710337769
1 0.2924231223362273 0.4683343132036848 0.014996063772691397 0.01368986857727738
6 0.47987371744277824 0.6668372896622313 0.014996063772691397 0.00997951934493347
18 0.3975928524072612 0.6273029764585466 0.013022903867403315 0.011770733265097236
11 0.20915543488555643 0.44536846673490277 0.014996063772691397 0.016952414329580348
21 0.2476322146803473 0.5108751197543501 0.020915543488555642 0.014841344524053224
6 0.36740344119968427 0.5662743582395087 0.01617996779794791 0.010747178710337769
0 0.5726123946329913 0.21582330235414535 0.023283351539068665 0.00994755209825998
2 0.5996449439621152 0.29721075946775843 0.011444351696921862 0.010491309723643807
0 0.5288083093922652 0.42144307881269194 0.022099447513812154 0.010747178710337769
0 0.25276231728492504 0.6320367492323439 0.022888703393843725 0.011770733265097236
4 0.4936859984214681 0.6659416827021494 0.011049743962115234 0.011003073899692937
5 0.3437007103393844 0.1791198198567042 0.01504536448303078 0.010747178710337769
6 0.36148371902131016 0.5876407942681678 0.014996063772691397 0.00997951934493347
2 0.3953731081294396 0.6692041760491301 0.011937641673243883 0.010107466939611055
13 0.6101027561168113 0.29401220061412486 0.007892639621152327 0.01791198198567042
13 0.18587216416732438 0.6480298055271239 0.007103383741120757 0.014073685158648925
7 0.5560380615627466 0.2008020503582395 0.025256511444356748 0.008564156397134084
0 0.20017745224940806 0.5916068290685773 0.022296771586424624 0.010747178710337769
13 0.6637726408839778 0.3985574386898669 0.007892639621152327 0.010811165609007165
6 0.39404118074191 0.3216478853633572 0.014996063772691397 0.010491309723643807
7 0.20920473559589584 0.34800409416581374 0.02673638137332281 0.015353134902763563
2 0.36286494711917916 0.69076241555783 0.013022903867403315 0.010491309723643807
10 0.32261253354380426 0.5040941330603889 0.012628255722178374 0.017400191606960082
18 0.6503551696921863 0.39870938792221083 0.01736387182320442 0.011338913408393039
8 0.41959349644830307 0.19831117297850562 0.014404091554853986 0.010747178710337769
2 0.6837018468823994 0.17374617809621287 0.013022903867403315 0.010747178710337769
11 0.5493291239147593 0.4179247688843398 0.01578531965272297 0.015545043193449336
10 0.37490119021310186 0.503326395087001 0.013516193843725335 0.017528139201637667
2 0.2908446913970008 0.6093550182190379 0.012628255722178374 0.00998753735926305
5 0.5824781941594317 0.7074590133060389 0.014996063772691397 0.010363362128966222
2 0.35063150118389896 0.20051017891504605 0.012233607576953433 0.007980413510747186
8 0.3733227592738753 0.44504853224155577 0.014996063772691397 0.010619231115660184
7 0.23204429992107342 0.6513562333674514 0.01736387182320442 0.007420672262026612
6 0.20481454775059194 0.3669397093142272 0.014206767482241514 0.01023541453428864
5 0.49704006314127863 0.3201126714431935 0.013812159747434886 0.010363362128966222
5 0.3395816764009471 0.34288645240532245 0.013812159747434886 0.01023541453428864
5 0.5088791033938437 0.564099275332651 0.014601415627466457 0.01023541453428864
7 0.6373321041831097 0.5854657113613101 0.01657457553275454 0.014329580348004094
2 0.6840962525651144 0.5015351811668373 0.013022903867403315 0.011258969089048106
1 0.6685083378058406 0.7084824892528148 0.01617996779794791 0.01586489907881269
6 0.6022097932123126 0.2562691013306039 0.01578531965272297 0.01023541453428864
2 0.5311759558011049 0.3802456827021495 0.012628255722178374 0.00972365035823951
13 0.33089990213101816 0.17630512998976458 0.007892639621152327 0.017400191606960082
5 0.5327543867403315 0.23707774820880245 0.014996063772691397 0.010747178710337769
24 0.16120766535122336 0.16453437052200615 0.014996063772691397 0.013306025793244625
9 0.5953040568271508 0.6867963807574207 0.014206767482241514 0.01023541453428864
5 0.4658642336227309 0.5849539733879222 0.013417511602209945 0.00921185997952917
1 0.17600636464088398 0.6976715332650972 0.015193387845303866 0.014329580348004094
7 0.6118783898973954 0.2171186571136131 0.01578531965272297 0.015353134902763563
5 0.38585241357537486 0.34250258341862844 0.014404091554853986 0.010491309723643807
9 0.23599037726913968 0.6113101821903787 0.014996063772691397 0.011770733265097236
9 0.37766364640883976 0.6905706120777891 0.014996063772691397 0.010619231115660184
8 0.33820044830307816 0.3019447942681679 0.01617996779794791 0.01023541453428864
13 0.5280190939226519 0.6420802292732856 0.007498031886345699 0.018999497236438075
5 0.6835042399368587 0.6440635087001023 0.014305449723756905 0.010875126305015354
2 0.44623123599052883 0.4429376458546571 0.012628255722178374 0.010491309723643807
13 0.3184688492501973 0.7086745547594677 0.009471191791633781 0.019831117297850562
6 0.3987764735595896 0.21929374002047083 0.01578531965272297 0.010491309723643807
7 0.30485417521704816 0.4897646837256909 0.01657457553275454 0.014201632753326511
8 0.19751400157853197 0.6330604872057318 0.014206767482241514 0.011514838075742067
5 0.19751400157853197 0.46916572364380754 0.014996063772691397 0.010491309723643807
2 0.18685858247829518 0.1825741166837257 0.012628255722178374 0.010491309723643807
5 0.6286503299131808 0.21545557420675537 0.014206767482241514 0.01023541453428864
22 0.5945144372533544 0.31806545752302967 0.014601415627466457 0.00972365035823951
18 0.17176407892659826 0.4682701166837257 0.01775847955801105 0.014073685158648925
9 0.5440014143646409 0.6046570644831116 0.014996063772691397 0.010747178710337769
8 0.597474500394633 0.5031345916069601 0.014996063772691397 0.009595702763561923
8 0.48599064246250984 0.23912496212896622 0.01617996779794791 0.012026602251791198
5 0.6231254175217048 0.33853628659160695 0.014206767482241514 0.00972365035823951
13 0.5556432517758485 0.5605168474923234 0.00868193591160221 0.01765608679631525
2 0.6347672549329123 0.6645343377686797 0.012628255722178374 0.009851597952917093
5 0.38437258405682717 0.5465712671443194 0.014996063772691397 0.010747178710337769
18 0.3533939573796369 0.4237462927328557 0.022099447513812154 0.012538392630501535
4 0.22868983109707972 0.6315250112589559 0.011049743962115234 0.012282497441146366
22 0.6112863772691397 0.4614891299897646 0.014206767482241514 0.010363362128966222
0 0.18883182320441988 0.44933476356192426 0.022888703393843725 0.011258969089048106
14 0.3423441325966851 0.5844422354145343 0.007498031886345699 0.01688842743091095
9 0.45165754696132593 0.5440123152507677 0.014404091554853986 0.010491309723643807
1 0.2977504277821626 0.26317821903787103 0.015390671507498026 0.014201632753326511
7 0.3178768366219416 0.18155064073694985 0.01657457553275454 0.014841344524053224
0 0.1722574901341752 0.4085209744114637 0.022099447513812154 0.010139460388945754
21 0.40923428571428566 0.5882804012282498 0.021310191633780583 0.015353134902763563
22 0.5078433843725336 0.6256396315250767 0.014305449723756905 0.01023541453428864
2 0.4143647924230465 0.5655066202661208 0.012233607576953433 0.00997951934493347
9 0.6531176258879242 0.25617319959058343 0.014996063772691397 0.011131021494370522
14 0.4153512107340174 0.31838539201637667 0.007892639621152327 0.01676047983623337
9 0.6102999589581689 0.31755371954964173 0.014996063772691397 0.011003073899692937
7 0.6340765600631413 0.4630885404298874 0.028018927229676402 0.015992846673490275
5 0.650947182320442 0.27673993039918116 0.014601415627466457 0.010747178710337769
8 0.31767963378058406 0.42553724462640735 0.014206767482241514 0.00946775516888434
7 0.28137329755327545 0.5504094329580348 0.025256511444356748 0.015353134902763563
9 0.3772692407261247 0.58687305629478 0.014996063772691397 0.010491309723643807
12 0.294396363062352 0.6899310051177072 0.02762431949486977 0.018679641351074718
0 0.5674822920284136 0.29823449744114633 0.029202831254932914 0.00972365035823951
13 0.4723755643251775 0.5616684544524053 0.00828728776637727 0.01688842743091095
6 0.5159824467245461 0.19651995905834185 0.015390671507498026 0.00997951934493347
5 0.2934095406471981 0.15890472876151485 0.014601415627466457 0.010747178710337769
2 0.34372536069455406 0.15839299078812694 0.011740317600631413 0.010747178710337769
4 0.6956394885556433 0.6424001637666326 0.01026044767166535 0.011770733265097236
2 0.18350451775848461 0.6325807164790174 0.012233607576953433 0.010491309723643807
4 0.6365428887134964 0.7061156028659161 0.010655095816890291 0.012282497441146366
0 0.6223362020520916 0.15378708700102356 0.022888703393843725 0.011003073899692937
11 0.2663773954222573 0.3623335435005118 0.01578531965272297 0.016120768065506653
10 0.33524078926598266 0.15532230092118732 0.013812159747434886 0.01688842743091095
5 0.3099287134964483 0.5273796519959059 0.013602510497237569 0.00997951934493347
2 0.2600632675611681 0.6517081351074718 0.011838999842146803 0.010555270419651996
2 0.40568261404893446 0.20030226079836233 0.013614835674822417 0.007548619856704197
5 0.18133367008681928 0.5921188290685773 0.014206767482241514 0.011258969089048106
8 0.6379241168113654 0.3386641555783009 0.014601415627466457 0.010491309723643807
2 0.2154695627466456 0.550025563971341 0.011838999842146803 0.010491309723643807
6 0.22138928492501975 0.5701125240532241 0.014206767482241514 0.01023541453428864
3 0.366614225730071 0.6051688024564995 0.023677999684293606 0.01791198198567042
6 0.2709154853985793 0.20112586284544523 0.013812159747434886 0.00972365035823951
4 0.2683502320441989 0.2420675209825998 0.01026044767166535 0.012282497441146366
13 0.406866639305446 0.2567169048106448 0.007695355958958169 0.018167850972364383
9 0.24565897395422256 0.25946766018423745 0.014601415627466457 0.005117694165813715
0 0.5024663741120758 0.4631684585465711 0.021112867561168112 0.01045931627430911
22 0.5473558831886346 0.5436284462640737 0.014206767482241514 0.00997951934493347
10 0.16278609629044988 0.22042925854657114 0.01617996779794791 0.01768808024564995
6 0.3280879835832676 0.6086553285568065 0.006363468981846882 0.009115905834186285
8 0.3693762778216259 0.34288645240532245 0.014206767482241514 0.010747178710337769
10 0.2772296132596685 0.48477491095189357 0.013417511602209945 0.017272270214943708
2 0.5303867403314917 0.6045291954964176 0.011838999842146803 0.01023541453428864
5 0.6139379472770324 0.23592640327533265 0.014971373007103394 0.01023541453428864
5 0.2458561767955801 0.20150973183213922 0.014601415627466457 0.01023541453428864
13 0.3493981752170482 0.4617291463664278 0.00917522588792423 0.01743218505629478
5 0.35793204735595896 0.44472885977482085 0.014206767482241514 0.010619231115660184
24 0.3007104909234412 0.18014329580348004 0.01578531965272297 0.013306025793244625
2 0.16692978058405683 0.3874105383828045 0.013022903867403315 0.010747178710337769
8 0.49033152959747434 0.6256396315250767 0.014798739700078925 0.00972365035823951
21 0.4185084767166535 0.7122569825997953 0.023677999684293606 0.01688842743091095
7 0.2772296132596685 0.5941578153531217 0.022494095659037094 0.009195876356192427
8 0.6649566661404893 0.6037295164790174 0.01578531965272297 0.01145087737973388
0 0.21764000631412786 0.40711362947799384 0.022494095659037094 0.010747178710337769
2 0.2245461468034728 0.7143039344933471 0.01578531965272297 0.011770733265097236
2 0.609313136543015 0.706563406345957 0.014206767482241514 0.010619231115660184
13 0.5039462036306235 0.1935774002047083 0.00868193591160221 0.016632558444216988
19 0.37184292975532757 0.28134583418628456 0.011049743962115234 0.00997951934493347
0 0.3733227592738753 0.3017527287615148 0.023677999684293606 0.010747178710337769
2 0.5024663741120758 0.2383572241555783 0.012825579794790843 0.010747178710337769
9 0.3484610576164167 0.28134583418628456 0.014996063772691397 0.010619231115660184
13 0.5684687103393844 0.33661720368474923 0.007892639621152327 0.01765608679631525
2 0.49112074506708764 0.42246681678607984 0.012628255722178374 0.011514838075742067
13 0.32517778689818466 0.5639714063459571 0.007892639621152327 0.01791198198567042
0 0.6550908666140489 0.541709363357216 0.023677999684293606 0.011003073899692937
6 0.20205209155485399 0.20266133879222106 0.015390671507498026 0.01023541453428864
0 0.5008879431728492 0.6883955291709314 0.021902123441199687 0.010875126305015354
9 0.4528411681136543 0.1765608679631525 0.015390671507498026 0.010747178710337769
5 0.6535124356748224 0.17451391606960084 0.014206767482241514 0.011003073899692937
22 0.5655090513022889 0.2572928393039918 0.014996063772691397 0.00946775516888434
21 0.16890302131018153 0.285568131013306 0.019928963535911604 0.01765608679631525
0 0.6789661499605366 0.48132035209825996 0.022099447513812154 0.011514838075742067
6 0.2551303677979479 0.6724666693961106 0.014206767482241514 0.010107466939611055
0 0.5153908382004735 0.21801426407369498 0.023283351539068665 0.011770733265097236
8 0.21310191633780584 0.2645213674513818 0.01578531965272297 0.011003073899692937
0 0.195639362273086 0.5107472507676561 0.022296771586424624 0.01023541453428864
0 0.3121547213891081 0.15864899078812691 0.022888703393843725 0.010747178710337769
6 0.5149960284135754 0.1768168679631525 0.014996063772691397 0.011258969089048106
14 0.623520227308603 0.6627431238485159 0.007103383741120757 0.01676047983623337
6 0.6247163756906078 0.5630757993858752 0.01911501689029203 0.010491309723643807
4 0.6481600757695343 0.6026101125895599 0.009767157695343332 0.012282497441146366
13 0.5621545824782952 0.43807574206755373 0.007892639621152327 0.01842374616171955
2 0.18192568271507498 0.5307063418628454 0.010655095816890291 0.01023541453428864
14 0.3699682904498816 0.3794779447287615 0.0067087760063141285 0.016376663254861822
6 0.6045778437253354 0.4206756028659161 0.01578531965272297 0.01023541453428864
9 0.3987764735595896 0.23874109314227226 0.010655095816890291 0.010747178710337769
0 0.34772114285714284 0.6496928884339815 0.021408833464877663 0.00997951934493347
10 0.41130612786108917 0.4202917338792221 0.014996063772691397 0.01765608679631525
0 0.35230853354380426 0.322671361310133 0.022296771586424624 0.00946775516888434
0 0.3650353906866614 0.46558329580348007 0.022099447513812154 0.010491309723643807
22 0.3188632549329124 0.5468270051177073 0.014206767482241514 0.00972365035823951
8 0.3512235138121547 0.5666582272262026 0.014601415627466457 0.01023541453428864
19 0.486385048145225 0.564227144319345 0.010655095816890291 0.00946775516888434
2 0.5840566250986582 0.5024307881269192 0.011049743962115234 0.00997951934493347
13 0.666041685872139 0.43727603684749233 0.007695355958958169 0.016056807369498466
5 0.25197310181531174 0.7141121310133061 0.015390671507498026 0.012154549846468783
14 0.40708849250197315 0.3193449334698055 0.007054083030781373 0.016376663254861822
6 0.3772692407261247 0.15762525281473902 0.023677999684293606 0.011258969089048106
2 0.6606157790055248 0.48157635209825994 0.011838999842146803 0.010491309723643807
5 0.1696922367797948 0.4501022395087001 0.015193387845303866 0.01023541453428864
13 0.3449093859510655 0.44223384237461616 0.007892639621152327 0.01906345793244626
4 0.3271506235201263 0.2174865686796315 0.023677999684293606 0.01717631606960082
6 0.5670874822415154 0.2366938792221085 0.014996063772691397 0.00972365035823951
9 0.23677999684293605 0.5697286550665303 0.014996063772691397 0.011003073899692937
9 0.4151540078926598 0.21916587103377688 0.014996063772691397 0.011514838075742067
13 0.6981057363851618 0.4558277830092119 0.007892639621152327 0.021686291914022517
5 0.6156276685082873 0.17425791606960084 0.014206767482241514 0.010747178710337769
5 0.18034725177584846 0.36629984032753327 0.013220187529597475 0.01023541453428864
10 0.23638518705603787 0.19907891095189356 0.014206767482241514 0.01893551033776868
5 0.6543016511444356 0.5831627594677584 0.014305449723756905 0.010491309723643807
8 0.6681135280189423 0.17464178505629477 0.014996063772691397 0.010491309723643807
6 0.6437450759273875 0.21465982558853636 0.015292029676400948 0.01016343582395087
5 0.24980265824782955 0.4472875496417605 0.013812159747434886 0.009851597952917093
14 0.3204666595106551 0.5245969293756397 0.007892639621152327 0.015289148004094167
22 0.47553283030781374 0.7098900962128967 0.014601415627466457 0.011770733265097236
4 0.36306255406471977 0.5450357911975434 0.013220187529597475 0.014329580348004094
5 0.4370560505130229 0.17707260593654042 0.014206767482241514 0.01023541453428864
2 0.17640077032359905 0.26381782599795295 0.013417511602209945 0.010747178710337769
22 0.2586820394632991 0.6113101821903787 0.014996063772691397 0.010491309723643807
7 0.5607733543804262 0.7106575721596725 0.02604576732438832 0.015225187308085976
13 0.46290457458563533 0.41926825793244626 0.00828728776637727 0.018679641351074718
5 0.623914632991318 0.706819406345957 0.014601415627466457 0.010747178710337769
2 0.45876089029202843 0.21817425752302969 0.012628255722178374 0.00997951934493347
13 0.6114839842146803 0.33520985875127945 0.009865839936858722 0.019191405527123846
0 0.320442089976322 0.6912744155578301 0.022099447513812154 0.01023541453428864
6 0.31905770986582477 0.20048625588536334 0.013621018468823994 0.01023541453428864
22 0.18399752486187845 0.3046316151484135 0.014601415627466457 0.010363362128966222
14 0.4355762209944752 0.4401229559877175 0.006906059668508287 0.016376663254861822
10 0.5426201862667719 0.5211106653019447 0.013417511602209945 0.01714432262026612
2 0.4225531554853985 0.3001535803480041 0.012430931649565904 0.010747178710337769
6 0.19711919179163376 0.6948565813715455 0.024072607419100236 0.010491309723643807
22 0.5335436022099447 0.6668372896622313 0.013417511602209945 0.010619231115660184
2 0.6483819289660616 0.2352225997952917 0.011838999842146803 0.010363362128966222
4 0.4435673812154696 0.4841350419651996 0.01026044767166535 0.013050156806550665
9 0.5880031065509076 0.48221595905834186 0.013417511602209945 0.01023541453428864
4 0.43340577742699293 0.4026355946775844 0.010655095816890291 0.012026602251791198
21 0.19435673559589584 0.24721712998976458 0.022099447513812154 0.01906345793244626
2 0.3906867119179163 0.3820368966223132 0.014206767482241514 0.00972365035823951
13 0.6851816764009471 0.31397129170931426 0.007498031886345699 0.01714432262026612
6 0.38792425572217837 0.2810900962128966 0.02012628760852407 0.00997951934493347
22 0.3371892179952644 0.465903230296827 0.01474939857932123 0.010363362128966222
10 0.16752179321231256 0.42630498259979527 0.01637725146014207 0.01765608679631525
0 0.19968444514601422 0.42720058955987716 0.022099447513812154 0.012794261617195496
18 0.515440138910813 0.6653018137154555 0.022000805682715077 0.012538392630501535
13 0.6714679968429361 0.293244724667349 0.00828728776637727 0.019191405527123846
8 0.4364640378847671 0.30053744933469806 0.015390671507498026 0.00997951934493347
10 0.3634569597474349 0.19600822108495394 0.013417511602209945 0.01765608679631525
7 0.63496445777427 0.17528139201637666 0.01657457553275454 0.014841344524053224
13 0.3046565682715075 0.6266633694984647 0.007892639621152327 0.016376663254861822
7 0.5382792991318074 0.3625895435005118 0.02683502320441989 0.014841344524053224
1 0.5449882367797948 0.3820368966223132 0.014601415627466457 0.013306025793244625
13 0.36148371902131016 0.3792222067553736 0.009076543646408839 0.01944730071647902
0 0.2419100994475138 0.40685762947799387 0.022888703393843725 0.01023541453428864
14 0.3921172407261247 0.3600305916069601 0.007202065982636148 0.016120768065506653
13 0.615232858721389 0.41658143705220063 0.007892639621152327 0.01791198198567042
13 0.44988150907655877 0.3787102067553736 0.00848461183898974 0.01714432262026612
13 0.2134963220205209 0.5940018833162742 0.005524871981057617 0.008836035209825998
6 0.45846468192580897 0.27917101330603894 0.015193387845303866 0.010107466939611055
6 0.25611678610891875 0.5903276151484136 0.014206767482241514 0.01023541453428864
9 0.1957379636937648 0.2231319058341863 0.014996063772691397 0.011258969089048106
13 0.32340174901341756 0.40110038075742066 0.007103383741120757 0.01714432262026612
13 0.45442000315706393 0.6233366796315251 0.00848461183898974 0.023029676151484133
21 0.5217049660615627 0.6896750051177073 0.018153127703235992 0.016376663254861822
4 0.33376702131018154 0.40225172569089046 0.011629350591949488 0.014073685158648925
9 0.2186268287292818 0.20138186284544524 0.01578531965272297 0.011258969089048106
5 0.703038636148382 0.5208546653019447 0.00828728776637727 0.010491309723643807
0 0.6689027434885556 0.5619241924257932 0.023677999684293606 0.010747178710337769
7 0.3950275990528808 0.17963155783009213 0.01736387182320442 0.014841344524053224
0 0.3180740394632991 0.6708035864892528 0.023283351539068665 0.011386890481064484
4 0.396803636937648 0.15711351484135105 0.014206767482241514 0.012794261617195496
0 0.677880726124704 0.4602738505629478 0.030978707498026833 0.011514838075742067
6 0.6451262636148382 0.4817042210849539 0.015834660773480662 0.010747178710337769
22 0.5674822920284136 0.6660056171954964 0.01657457553275454 0.010619231115660184
8 0.5864246756116812 0.2571647082906858 0.01578531965272297 0.00972365035823951
2 0.3545775785319653 0.3017527287615148 0.012233607576953433 0.010619231115660184
7 0.22355972849250197 0.5921188290685773 0.01578531965272297 0.014329580348004094
2 0.4646802083662194 0.44312944933469806 0.011444351696921862 0.010363362128966222
5 0.6373321041831097 0.5221341412487206 0.014206767482241514 0.010747178710337769
8 0.5643250260457775 0.5241810931422722 0.014996063772691397 0.00972365035823951
4 0.624901455406472 0.4178608081883316 0.009865839936858722 0.01368986857727738
10 0.2766376006314128 0.6079834923234391 0.01973163946329913 0.017400191606960082
2 0.6014205777426993 0.6251278935516889 0.011838999842146803 0.01023541453428864
2 0.5004931333859511 0.6459825916069601 0.012825579794790843 0.01023541453428864
6 0.3906867119179163 0.6075358198567042 0.021310191633780583 0.011131021494370522
8 0.31373315232833465 0.5885364012282498 0.014206767482241514 0.010747178710337769
13 0.5595897332280978 0.5391504114636643 0.00868193591160221 0.01893551033776868
5 0.5092739131807419 0.4219550788126919 0.014996063772691397 0.010747178710337769
6 0.6258878737174427 0.3792222067553736 0.022888703393843725 0.010747178710337769
5 0.2659825856353591 0.25921192221084954 0.013417511602209945 0.005629484544524053
8 0.6037886282557221 0.44089043193449334 0.014601415627466457 0.010747178710337769
14 0.23796361799526441 0.44492066325486185 0.007103383741120757 0.01586489907881269
22 0.5264402588792423 0.4424259078812692 0.014996063772691397 0.011258969089048106
22 0.22790061562746647 0.24334699692937561 0.014996063772691397 0.011514838075742067
6 0.4120213922651934 0.36271741248720574 0.016525274822415156 0.00972365035823951
8 0.5964876779794791 0.23631001023541454 0.014601415627466457 0.010299375230296826
0 0.45412379479084447 0.32075227840327536 0.03137331523283347 0.010619231115660184
13 0.6858722904498816 0.3332907758444217 0.00868193591160221 0.02021493387922211
23 0.6827150244672454 0.21507170522006142 0.014206767482241514 0.011258969089048106
14 0.5781373070244673 0.4178609129989765 0.007103383741120757 0.016376663254861822
13 0.30978707498026836 0.21788639508700103 0.00868193591160221 0.016632558444216988
4 0.25887924230465664 0.20061412487205732 0.01026044767166535 0.012794261617195496
22 0.39285715548539857 0.3014969907881269 0.014601415627466457 0.010619231115660184
0 0.31097069613259665 0.4051284896622313 0.01736387182320442 0.010847141862845446
6 0.30939226519337015 0.3849794554759468 0.01578531965272297 0.00997951934493347
5 0.2782164356748224 0.38549119344933475 0.01578531965272297 0.010747178710337769
7 0.274269954222573 0.6736182763561924 0.022888703393843725 0.014329580348004094
2 0.3307022951854775 0.5069088229273285 0.012233607576953433 0.00997951934493347
24 0.48046573007103394 0.3817808966223132 0.014601415627466457 0.012026602251791198
5 0.38259654617205996 0.5666582272262026 0.014996063772691397 0.010747178710337769
6 0.5272298784530387 0.5841862354145343 0.018153127703235992 0.00972365035823951
6 0.4385358800315706 0.5253007328556807 0.014601415627466457 0.009275846878198567
6 0.19761260299921074 0.6743857523029683 0.024269931491712707 0.010491309723643807
13 0.28531977900552485 0.2589559222108495 0.007892639621152327 0.017528139201637667
10 0.4105169123914759 0.5229016171954964 0.015390671507498026 0.01586489907881269
13 0.3725828445146014 0.23656601023541451 0.007991321862667718 0.01791198198567042
2 0.6888319494869771 0.4188843889457523 0.013417511602209945 0.011258969089048106
6 0.484116003157064 0.34122310747185264 0.015193387845303866 0.00997951934493347
13 0.40015770165745856 0.3595188536335721 0.007300707813733228 0.01688842743091095
7 0.4960536448303078 0.3830603725690891 0.015390671507498026 0.014585475537359264
0 0.6653510718232044 0.5008955742067553 0.021310191633780583 0.012282497441146366
14 0.18310970797158643 0.19959064892528147 0.006314127861089187 0.01688842743091095
2 0.41396998263614837 0.5455475291709313 0.013022903867403315 0.010491309723643807
9 0.3920679400157853 0.7116171136131013 0.01578531965272297 0.011514838075742067
24 0.6495166535122336 0.6674129621289662 0.01657457553275454 0.014585475537359264
5 0.7054062825572217 0.4392273490276356 0.0035516959116022096 0.009083938587512793
0 0.622928174269929 0.624616155578301 0.030682701183898976 0.010811165609007165
14 0.16258889344909233 0.3023286632548618 0.007892639621152327 0.016376663254861822
23 0.2478294175217048 0.6512283643807574 0.012628255722178374 0.007676567451381781
9 0.6767957063930545 0.19832914800409418 0.014996063772691397 0.003586384442169908
6 0.31254314632991315 0.24158775025588536 0.015255013733228098 0.009787611054247696
5 0.6835042399368587 0.29599548004094167 0.014996063772691397 0.012154549846468783
14 0.3788476716653512 0.3805014206755374 0.007892639621152327 0.015609003889457523
6 0.41199674191002367 0.17720073694984648 0.015982643725335435 0.010491309723643807
6 0.6361484830307814 0.25614123234390995 0.013417511602209945 0.00972365035823951
6 0.3142943318074191 0.3647646264073695 0.016068960378847672 0.010747178710337769
9 0.4352800126282557 0.19818330399181167 0.014601415627466457 0.011258969089048106
10 0.28176810734017366 0.32068834390992834 0.014206767482241514 0.01676047983623337
12 0.6307098468823994 0.49961609825997955 0.015267379321231256 0.017400191606960082
14 0.4793803062352012 0.41862838894575227 0.007892639621152327 0.01688842743091095
2 0.5824781941594317 0.23599033776867961 0.013022903867403315 0.010491309723643807
2 0.1781768082083662 0.42835219651995904 0.012430931649565904 0.01023541453428864
14 0.4710929376479873 0.4183726509723644 0.006906059668508287 0.017400191606960082
5 0.336621936543015 0.5670418341862845 0.014206767482241514 0.010747178710337769
12 0.6359508760852407 0.31691411258955987 0.014996063772691397 0.02021493387922211
6 0.6586425382794001 0.19524048311156603 0.017955803630623518 0.010747178710337769
6 0.20639297868981848 0.2840326550665302 0.007892639621152327 0.00997951934493347
6 0.5655090513022889 0.42093134083930395 0.014996063772691397 0.01023541453428864
22 0.42008690765587997 0.6271751074718527 0.013812159747434886 0.010747178710337769
6 0.43824007576953433 0.4229785547594678 0.014206767482241514 0.01023541453428864
13 0.6109319374901342 0.3554246878198567 0.008774435359116022 0.018167850972364383
2 0.2750591696921863 0.4470318116683726 0.012628255722178374 0.011003073899692937
14 0.42699304814522493 0.44089043193449334 0.007103383741120757 0.01791198198567042
4 0.49940811365430154 0.36041446059365406 0.009471191791633781 0.012026602251791198
2 0.680149771112865 0.6038895885363358 0.013022903867403315 0.010747178710337769
5 0.4153512107340174 0.6897389396110543 0.014798739700078925 0.011003073899692937
6 0.6658444830307814 0.27673993039918116 0.014996063772691397 0.00997951934493347
2 0.6888319494869771 0.5621801924257932 0.013022903867403315 0.00997951934493347
13 0.22849262825572217 0.20246929948822928 0.004735616101026046 0.011738739815762539
6 0.24980265824782955 0.3449334042988741 0.01657457553275454 0.01023541453428864
9 0.3914759273875296 0.525844438075742 0.013812159747434886 0.00997951934493347
7 0.45363078768745063 0.36374115046059363 0.026440415469613256 0.014585475537359264
13 0.16179967797947908 0.4510298137154555 0.0031570639305445935 0.009659663459570113
0 0.5477506929755328 0.4617611136131013 0.01973163946329913 0.01020342108495394
4 0.45017771744277824 0.15634603889457524 0.009471191791633781 0.012282497441146366
9 0.4038083788476717 0.44396112180143293 0.014206767482241514 0.011258969089048106
13 0.18587216416732438 0.4669909027635619 0.007892639621152327 0.016120768065506653
21 0.37371756906077347 0.2589559222108495 0.024467255564325177 0.006141248720573183
2 0.5753748508287292 0.15378708700102356 0.011838999842146803 0.00946775516888434
2 0.21507515706393054 0.22287616786079836 0.013417511602209945 0.012282497441146366
6 0.46764027150749804 0.4637281473899693 0.014206767482241514 0.010747178710337769
13 0.23204429992107342 0.5067809539406346 0.009076543646408839 0.021750252610030708
4 0.6168112896606156 0.6036335885363356 0.009865839936858722 0.011770733265097236
18 0.3481401988950276 0.36386901944728767 0.02274072044198895 0.011258969089048106
22 0.6826164230465667 0.4401229559877175 0.024467255564325177 0.01023541453428864
2 0.42245455406471977 0.6473899365404299 0.012628255722178374 0.011258969089048106
6 0.4204813133385951 0.4027634636642784 0.013417511602209945 0.01023541453428864
13 0.4746450134175217 0.31755371954964173 0.008089963693764798 0.017016375025588535
2 0.554459226519337 0.2159673121801433 0.012233607576953433 0.01023541453428864
3 0.26677180110497234 0.5670418341862845 0.021310191633780583 0.01842374616171955
0 0.4747436148382005 0.1558343009211873 0.030386735280189425 0.011258969089048106
18 0.4363654364640884 0.2581884462640737 0.011049743962115234 0.007676567451381781
0 0.37805845619573797 0.3222235578300921 0.014996063772691397 0.009851597952917093
2 0.6584453354380427 0.31627424360286593 0.022888703393843725 0.013050156806550665
13 0.6343724451460142 0.5583417645854657 0.007498031886345699 0.020726724257932445
6 0.37115231570639307 0.200470193654043 0.015390671507498026 0.007868475742067553
6 0.5163772565114444 0.1990068457727738 0.013417511602209945 0.004957779324462641
4 0.4846094143646409 0.31883319549641764 0.009865839936858722 0.014841344524053224
18 0.4465270402525651 0.2368298710337769 0.023283351539068665 0.016488601023541456
2 0.4447514064719811 0.46462375435005115 0.011838999842146803 0.011131021494370522
6 0.5951064498816101 0.6661974206755373 0.013417511602209945 0.010491309723643807
22 0.4917127576953434 0.6055607156601842 0.015390671507498026 0.011210965813715456
13 0.36385176953433307 0.3600305916069601 0.00868193591160221 0.01791198198567042
0 0.5188932091554853 0.4827916315250767 0.02772296132596685 0.010107466939611055
0 0.6728492249408051 0.5831627594677584 0.022494095659037094 0.011514838075742067
4 0.5038476022099447 0.4014842497441146 0.010852419889502763 0.012794261617195496
13 0.6373321041831097 0.6210337277379734 0.00868193591160221 0.01791198198567042
10 0.33202816101026045 0.2587960859774821 0.01333119494869771 0.01772007369498465
6 0.31610120284135756 0.46628709928352097 0.014601415627466457 0.009595702763561923
2 0.636740495659037 0.6031218505629478 0.011444351696921862 0.01023541453428864
14 0.5347276274664562 0.684429494370522 0.006314127861089187 0.01714432262026612
13 0.2979480347277032 0.564099275332651 0.00868193591160221 0.01765608679631525
4 0.3129439368587214 0.6509084298874105 0.011049743962115234 0.013561920982599795
8 0.2123127008681926 0.24360299692937562 0.014206767482241514 0.010747178710337769
2 0.33411232833464877 0.5463152671443193 0.012023958326756116 0.01023541453428864
13 0.18261629676400945 0.28198570317297855 0.007498031886345699 0.01842374616171955
0 0.2738751444356748 0.15916072876151485 0.021310191633780583 0.00972365035823951
13 0.608561070370955 0.5997153211873081 0.004791099605367008 0.01864764790174002
4 0.39344916811365427 0.4231064237461617 0.009964481767955802 0.011770733265097236
22 0.4130821657458563 0.46481581985670417 0.014798739700078925 0.010747178710337769
7 0.6665350970797159 0.3789662067553736 0.015390671507498026 0.014841344524053224
7 0.5970796906077349 0.33904802456499483 0.01578531965272297 0.017400191606960082
0 0.22888703393843723 0.6939612364380757 0.01657457553275454 0.010747178710337769
6 0.4297555043409629 0.46443195087001027 0.01617996779794791 0.011003073899692937
6 0.46408859984214684 0.6885236601842375 0.014206767482241514 0.010107466939611055
5 0.29064708445146015 0.20061412487205732 0.021310191633780583 0.00972365035823951
2 0.6436462320441989 0.4396751525076766 0.011444351696921862 0.011131021494370522
14 0.636882134175217 0.19191405527123848 0.01293654680347277 0.016376663254861822
23 0.2158643725335438 0.2840326550665302 0.012628255722178374 0.00997951934493347
6 0.5477506929755328 0.6254797952917093 0.013022903867403315 0.010107466939611055
2 0.4391278926598264 0.15609003889457523 0.011641675769534333 0.010491309723643807
13 0.3943369850039463 0.19600822108495394 0.008089963693764798 0.018167850972364383
0 0.2951855785319653 0.28307311361310133 0.03157063930544594 0.010875126305015354
13 0.2738751444356748 0.42349029273285566 0.00828728776637727 0.01791198198567042
8 0.2501974680347277 0.32497431320368475 0.01578531965272297 0.011258969089048106
0 0.6193765430149961 0.541709363357216 0.01617996779794791 0.011258969089048106
9 0.6752168713496448 0.541709363357216 0.013417511602209945 0.01023541453428864
4 0.4196920978689819 0.15609003889457523 0.013417511602209945 0.00972365035823951
14 0.5248618279400157 0.2753325854657114 0.005919479715864246 0.015097239713408393
4 0.220797272296764 0.18129490276356194 0.011444351696921862 0.013050156806550665
6 0.37174432833464877 0.6292220593654043 0.021902123441199687 0.010747178710337769
6 0.5128255848460931 0.278275406345957 0.014996063772691397 0.00946775516888434
5 0.24072607419100236 0.5908393531218015 0.014996063772691397 0.011258969089048106
4 0.36760064404104187 0.4002047737973388 0.024467255564325177 0.01842374616171955
14 0.49625084767166533 0.5609007164790174 0.007695355958958169 0.01688842743091095
0 0.5110992517758485 0.6051688024564995 0.022000805682715077 0.01023541453428864
4 0.45254536385161803 0.6880758567041965 0.00868193591160221 0.011514838075742067
5 0.4625097647987372 0.38152515864892533 0.014601415627466457 0.010747178710337769
6 0.6258878737174427 0.39927313817809623 0.022888703393843725 0.011362915046059366
13 0.5185477000789266 0.45419640532241556 0.006314127861089187 0.008700095803480041
6 0.28689820994475135 0.5685773101330605 0.01736387182320442 0.00972365035823951
18 0.1712706677190213 0.34518940429887407 0.022296771586424624 0.012794261617195496
1 0.3575376416732439 0.15992846673490277 0.014601415627466457 0.014585475537359264
18 0.5820837884767167 0.6044013265097237 0.01973163946329913 0.011258969089048106
22 0.4652722209944751 0.23790942067553736 0.014601415627466457 0.010811165609007165
0 0.63521112296764 0.4568832262026612 0.024467255564325177 0.0033265064483111563
10 0.37993309550118387 0.36041446059365406 0.01568667782162589 0.016376663254861822
24 0.6497631570639305 0.3793500757420675 0.01637725146014207 0.012794261617195496
4 0.5370956779794791 0.6452787881269191 0.01026044767166535 0.011642785670419651
6 0.6886347466456195 0.70624347185261 0.024467255564325177 0.011770733265097236
6 0.6677191223362273 0.1535313490276356 0.014996063772691397 0.010747178710337769
2 0.6037886282557221 0.15365921801432958 0.012233607576953433 0.011003073899692937
6 0.5438042115232833 0.27865927533265095 0.014996063772691397 0.010491309723643807
22 0.2586820394632991 0.4265609825997953 0.014206767482241514 0.010747178710337769
10 0.5449882367797948 0.4804247451381781 0.014206767482241514 0.01893551033776868
8 0.2600632675611681 0.22236442988741043 0.014601415627466457 0.011514838075742067
23 0.332089827308603 0.1998463868986694 0.013306544593528018 0.01023541453428864
4 0.3987764735595896 0.3418629764585466 0.010655095816890291 0.012282497441146366
2 0.4666534490923441 0.6266633694984647 0.014601415627466457 0.011770733265097236
8 0.2855169818468824 0.4265609825997953 0.01578531965272297 0.011258969089048106
6 0.2987372501973165 0.2213409539406346 0.014996063772691397 0.01023541453428864
6 0.5000001262825573 0.5244370931422723 0.01578531965272297 0.00997951934493347
0 0.4368588476716654 0.5655066202661208 0.031175991160220996 0.011258969089048106
22 0.19692198895027624 0.3252303132036848 0.014206767482241514 0.011258969089048106
5 0.32811267434885555 0.31467509518935516 0.013072204577742698 0.007292724667349027
14 0.4327151633780584 0.7072032753326509 0.007103383741120757 0.01714432262026612
11 0.6093534176479874 0.6832139529170932 0.006357286187845304 0.015609003889457523
14 0.19119987371744276 0.1993346489252815 0.007103383741120757 0.01842374616171955
1 0.668311134964483 0.6253838935516889 0.014601415627466457 0.014841344524053224
8 0.6002369565903709 0.1748975230296827 0.014996063772691397 0.00997951934493347
13 0.27545397947908445 0.40424289211873077 0.00868193591160221 0.014121662231320367
2 0.526637865824783 0.2571647082906858 0.012628255722178374 0.00972365035823951
3 0.35556440094711916 0.21732662763561925 0.0205208953433307 0.01724027676560901
8 0.5524863898973954 0.17566526100307062 0.014996063772691397 0.00997951934493347
13 0.3071601149171271 0.2785950788126919 0.008163955169692186 0.020087012487205732
5 0.30189411207576955 0.4252815066530195 0.014206767482241514 0.010491309723643807
4 0.4782952865035517 0.5852097113613102 0.01026044767166535 0.011770733265097236
13 0.4570838579321232 0.5026867881269191 0.007103383741120757 0.016376663254861822
11 0.574585635359116 0.43871534902763565 0.015390671507498026 0.01688842743091095
4 0.30741902446724545 0.20023025588536333 0.011049743962115234 0.011514838075742067
2 0.6793605556432518 0.2554054616171955 0.024269931491712707 0.01170674636642784
13 0.6661406913970008 0.4575230951893552 0.008089963693764798 0.016504610849539407
13 0.36325975690607737 0.5234775516888434 0.007103383741120757 0.01548105629477994
7 0.4737567924230466 0.5244370931422723 0.03472770323599053 0.018167850972364383
14 0.31037868350434095 0.7093141617195496 0.007892639621152327 0.017400191606960082
6 0.3676499447513812 0.24053230706243603 0.017067865509076557 0.00972365035823951
12 0.21704799368587213 0.3977178268167861 0.022099447513812154 0.009355817400204707
19 0.4253156116811365 0.525844438075742 0.011247027624309392 0.00997951934493347
2 0.2501974680347277 0.6930656294779939 0.024467255564325177 0.011258969089048106
13 0.6179953149171271 0.3968780839303992 0.007892639621152327 0.01586489907881269
5 0.5165744593528019 0.36079832958034797 0.014206767482241514 0.00972365035823951
13 0.4788872991318074 0.39790182190378715 0.006314127861089187 0.014841344524053224
2 0.18350451775848461 0.32433470624360283 0.013022903867403315 0.012026602251791198
6 0.4494871033938438 0.2595957911975435 0.015390671507498026 0.010107466939611055
4 0.1923834948697711 0.5301946038894575 0.00927386771902131 0.011003073899692937
24 0.6819258089976322 0.2778915373592631 0.01657457553275454 0.012538392630501535
18 0.37865046882399367 0.4827276970317298 0.01617996779794791 0.01688842743091095
18 0.31373315232833465 0.25639723234390993 0.01578531965272297 0.011258969089048106
2 0.4563932438831886 0.4019719074718526 0.011049743962115234 0.010667208188331627
0 0.6885357411207577 0.624040483111566 0.023776641515390686 0.011131021494370522
18 0.2324387056037885 0.34390992835209827 0.018153127703235992 0.015353134902763563
14 0.5761640662983425 0.35593642579324464 0.006314127861089187 0.016376663254861822
6 0.5647198358326756 0.3794779447287615 0.022888703393843725 0.010747178710337769
8 0.3543803756906077 0.34365392835209824 0.014206767482241514 0.01023541453428864
13 0.39344916811365427 0.5835466284544524 0.007892639621152327 0.018679641351074718
16 0.623520227308603 0.6851330358239509 0.0205208953433307 0.012282497441146366
6 0.49990152486187844 0.7095701617195497 0.015587995580110498 0.010747178710337769
12 0.20441973796369375 0.48707786284544524 0.014601415627466457 0.015609003889457523
23 0.29321233780584055 0.6710593244626407 0.013417511602209945 0.01023541453428864
10 0.4131807671665351 0.2984902354145343 0.013417511602209945 0.016120768065506653
6 0.38427398263614837 0.5061413469805527 0.014996063772691397 0.010363362128966222
13 0.6631806282557222 0.6411206878198566 0.006511451933701657 0.015992846673490275
14 0.3502366913970008 0.5846979733879222 0.007103383741120757 0.016376663254861822
21 0.2786108413575375 0.6505884953940635 0.024467255564325177 0.00895599099283521
18 0.44692185003946333 0.5844422354145343 0.022888703393843725 0.014841344524053224
14 0.2594712549329124 0.1774564749232344 0.007892639621152327 0.017400191606960082
2 0.6176005051302288 0.2762281924257933 0.011838999842146803 0.011258969089048106
12 0.28334653827940015 0.3629734124872057 0.01578531965272297 0.018167850972364383
13 0.6610101846882399 0.5529683848515864 0.005327547908445146 0.01023541453428864
13 0.6597275580110498 0.41744497195496416 0.008089963693764798 0.01765608679631525
10 0.1719612817679558 0.5890481392016377 0.015390671507498026 0.017400191606960082
6 0.6374247652722967 0.1983111572569089 0.01293654680347277 0.0035544171954964175
11 0.37608521546961327 0.4212193080859775 0.022099447513812154 0.016376663254861822
6 0.5370956779794791 0.15481056294779938 0.023677999684293606 0.010747178710337769
5 0.6996841673243883 0.2761003234390993 0.009865839936858722 0.010107466939611055
6 0.6361484830307814 0.5414533633572159 0.014996063772691397 0.010491309723643807
8 0.2628257237569061 0.4470318116683726 0.012233607576953433 0.01023541453428864
0 0.16949503393843723 0.2602353981576254 0.02604576732438832 0.003582401637666326
22 0.6274663046566693 0.6451509191402252 0.024467255564325177 0.01068321801432958
13 0.3862472233622731 0.20969806345957012 0.006906059668508287 0.004861825179119755
14 0.27742681610102604 0.2567808393039918 0.006314127861089187 0.010491309723643807
13 0.3802782004735596 0.6242642538382804 0.00927386771902131 0.019575222108495393
22 0.16880441988950276 0.24411473490276356 0.02545383551696922 0.010619231115660184
6 0.27900565114443565 0.63075753531218 0.01775847955801105 0.01023541453428864
14 0.5455802494080505 0.3998088777891505 0.006314127861089187 0.013537945547594677
4 0.5568272770323599 0.39986885568065506 0.011838999842146803 0.013449983213920163
13 0.6801497711128651 0.5736949518935517 0.004636933859510655 0.007932436438075742
13 0.206590181531176 0.2225562857727738 0.004735616101026046 0.011386890481064484
13 0.4820441610102605 0.29721075946775843 0.005130223835832675 0.01791198198567042
18 0.5732044072612471 0.5827788904810646 0.025651159589581685 0.013561920982599795
2 0.4411997348066299 0.6476459365404299 0.022099447513812154 0.010747178710337769
11 0.6124210614048935 0.45419640532241556 0.012406281294396212 0.008700095803480041
7 0.3498422857142857 0.5078683643807574 0.024072607419100236 0.015992846673490275
18 0.18044585319652723 0.7157112794268168 0.023677999684293606 0.012794261617195496
10 0.5919495880031571 0.6216094002047082 0.013022903867403315 0.017528139201637667
1 0.17067865509076557 0.5097235127942682 0.01736387182320442 0.019831117297850562
4 0.29459356590370955 0.6297337973387922 0.012233607576953433 0.010747178710337769
13 0.5236778026835044 0.2378135189355169 0.004735616101026046 0.010363362128966222
6 0.5743884325177585 0.64572659160696 0.014206767482241514 0.01023541453428864
2 0.37894627308603 0.2607151688843398 0.013417511602209945 0.009659663459570113
9 0.5307815501183899 0.1988209274104401 0.014206767482241514 0.004601947185261003
12 0.30670999539068666 0.42089937359263047 0.007239041515390687 0.018871549641760493
18 0.40213094238358327 0.27769947185261 0.003946327892659826 0.01688842743091095
18 0.1771903898973954 0.5703685240532241 0.02683502320441989 0.013306025793244625
0 0.4641872012628256 0.564738882292733 0.021310191633780583 0.010747178710337769
6 0.5171664719810576 0.4002007123848516 0.014996063772691397 0.010819157420675537
14 0.6720600094711917 0.35478508085977484 0.006314127861089187 0.016120768065506653
8 0.398184865035517 0.5666582272262026 0.011838999842146803 0.010747178710337769
2 0.3484610576164167 0.609518968270215 0.007103383741120757 0.005629484544524053
13 0.40272295501183897 0.5429888393039918 0.00868193591160221 0.01842374616171955
8 0.3131411397000789 0.5916059617604913 0.01657457553275454 0.004080173592630501
13 0.5370956779794791 0.5800920696008188 0.00868193591160221 0.01791198198567042
18 0.23914764325177584 0.5280195209825999 0.02683502320441989 0.012538392630501535
18 0.4348856069455407 0.6656856827021495 0.018153127703235992 0.01714432262026612
13 0.3504342983425414 0.6882037256908905 0.007892639621152327 0.015353134902763563
8 0.3392363693764799 0.6906345465711361 0.013318869771112865 0.010619231115660184
13 0.6853295785319653 0.47198067553735923 0.005919479715864246 0.008188331627430911
13 0.6004341594317285 0.27501291299897646 0.009076543646408839 0.014073685158648925
13 0.20086806629834256 0.6477738055271238 0.009076543646408839 0.014585475537359264
8 0.472671772691397 0.218270264073695 0.014404091554853986 0.011514838075742067
22 0.6273184833464878 0.29772249744114637 0.024171289660615627 0.01023541453428864
18 0.25572197632202054 0.4676944442169908 0.01775847955801105 0.01023541453428864
6 0.5078926850828729 0.5441401842374616 0.022099447513812154 0.00946775516888434
4 0.5041438105761641 0.15532230092118732 0.01026044767166535 0.012282497441146366
0 0.6777821247040252 0.45598761924257936 0.031175991160220996 0.005117694165813715
1 0.006813600631412786 0.01975114677584442 0.013553169376479874 0.039502345957011256
13 0.6634768366219416 0.5385108045035824 0.006906059668508287 0.016632558444216988
4 0.16298329913180742 0.26394569498464693 0.013417511602209945 0.010747178710337769
12 0.3065188419889503 0.3023286632548618 0.0068320681925809 0.014585475537359264
2 0.26519337016574585 0.5080604298874104 0.012628255722178374 0.010747178710337769
6 0.5201261310181532 0.29938584237461613 0.022099447513812154 0.010491309723643807
13 0.34666036937647987 0.38101342067553734 0.013614835674822417 0.016376663254861822
13 0.5280190939226519 0.2888945588536336 0.007103383741120757 0.005501536949846468
8 0.4540251933701657 0.6060644880245649 0.015193387845303866 0.011546831525076766
0 0.6065510844514601 0.19852606100307063 0.014206767482241514 0.003984219447287616
10 0.4866812565114444 0.21518359058341863 0.012036323914759275 0.018135883725690888
13 0.20560376322020524 0.691146284544524 0.009471191791633781 0.017400191606960082
5 0.6786206408839779 0.3986254083930399 0.018942383583267563 0.010835141044012283
6 0.23756921231254935 0.3043116806550665 0.022888703393843725 0.00946775516888434
13 0.3075177471191792 0.5447800532241556 0.008854569218626677 0.016120768065506653
4 0.5964876779794791 0.706947275332651 0.012233607576953433 0.011386890481064484
23 0.33741123283346486 0.6082394923234391 0.011838999842146803 0.010747178710337769
4 0.6471979037095501 0.623848417604913 0.01026044767166535 0.012282497441146366
6 0.19425813417521706 0.6536591852610031 0.0230860274664562 0.010747178710337769
6 0.3052485808997632 0.466670968270215 0.007498031886345699 0.009339807574206755
13 0.4885554917127072 0.5821392835209827 0.00868193591160221 0.014841344524053224
5 0.694356861878453 0.684173494370522 0.014404091554853986 0.013561920982599795
4 0.3538008902920284 0.52635617604913 0.01201163314917127 0.01023541453428864
5 0.6939620520915548 0.31525076765609006 0.007892639621152327 0.00844422681678608
8 0.6191793401736385 0.4406346939611054 0.01578531965272297 0.011770733265097236
14 0.26677180110497234 0.17732860593654043 0.007103383741120757 0.017400191606960082
6 0.45599843409629043 0.4849667144319345 0.014206767482241514 0.010875126305015354
14 0.568666317284925 0.3552968188331628 0.007103383741120757 0.018167850972364383
3 0.4745460078926599 0.19950061658137155 0.020915543488555642 0.005961341248720574
18 0.27940005682715074 0.5081882988741043 0.014996063772691397 0.011514838075742067
18 0.5808997632202052 0.5227737482088025 0.01578531965272297 0.011770733265097236
11 0.4336029802683505 0.6036655557830092 0.025059187371744278 0.01717631606960082
18 0.3715471254932912 0.6486054779938587 0.022888703393843725 0.012922209211873082
14 0.5319651712707182 0.27456510951893554 0.007103383741120757 0.016376663254861822
8 0.3877270528808208 0.20066611095189357 0.017955803630623518 0.00829227758444217
46 0.24072607419100236 0.2833291136131013 0.03393844735595896 0.01189868085977482
6 0.5043410134175218 0.1992427299897646 0.007892639621152327 0.005421566427840328
4 0.42511840883977897 0.1768168679631525 0.009865839936858722 0.012282497441146366
6 0.38891067403314916 0.443193383828045 0.014601415627466457 0.012794261617195496
27 0.30793090323599054 0.5093399058341863 0.009656190686661405 0.015353134902763563
10 0.4805643314917127 0.3582396397134084 0.022691379321231255 0.016120768065506653
13 0.17166547750591948 0.30220053224155574 0.00848461183898974 0.016376663254861822
19 0.5153908382004735 0.2383572241555783 0.011838999842146803 0.011003073899692937
2 0.28531977900552485 0.4868218628454452 0.014996063772691397 0.011514838075742067
14 0.39453418784530386 0.5422211013306039 0.006511451933701657 0.016120768065506653
1 0.5901735501183899 0.4630885404298874 0.014996063772691397 0.01471339692937564
6 0.2786108413575375 0.18065503377686795 0.015390671507498026 0.010747178710337769
13 0.24506696132596686 0.30053744933469806 0.007892639621152327 0.017400191606960082
2 0.4303471128650356 0.15711351484135105 0.005130223835832675 0.006141248720573183
2 0.3358573310181531 0.52661217604913 0.02214878863456985 0.00997951934493347
13 0.6805445808997632 0.5786847246673491 0.007103383741120757 0.01791198198567042
21 0.40684198895027623 0.5928124135107472 0.017807820678768745 0.006505072671443193
6 0.49309398579321234 0.1970316970317298 0.015390671507498026 0.01023541453428864
12 0.6386148520915549 0.5021750501535313 0.019632997632202054 0.018167850972364383
4 0.41574602052091547 0.2601714636642784 0.01026044767166535 0.011386890481064484
13 0.6348103324388319 0.375895516888434 0.009187551065509078 0.01688842743091095
4 0.27052107971586425 0.4668627717502559 0.01026044767166535 0.012026602251791198
7 0.3321329856353591 0.44709574616171954 0.01627860962904499 0.01548105629477994
