12 0.32557219258089976 0.1402154050294275 0.014996063772691397 0.019194767683253077
35 0.37845286187845306 0.25621997645799893 0.022099447513812154 0.02367576757624398
21 0.38496459668508287 0.3515248453718566 0.015390671507498026 0.015516312038523274
18 0.24309372059984216 0.6205190711610488 0.01578531965272297 0.014446234777956127
10 0.466259043409629 0.6640916682718031 0.015390671507498026 0.01812466302835741
10 0.5552484419889503 0.18405564472980204 0.013812159747434886 0.018191532584269664
18 0.3435281578531965 0.6431245971107543 0.014996063772691397 0.013911168753344035
5 0.23520116179952644 0.16546284002140182 0.014996063772691397 0.011503481219903692
10 0.5866218784530387 0.639646887105404 0.015390671507498026 0.018191532584269664
9 0.38723364167324387 0.6439272509363295 0.014700097868981847 0.012306052862493312
21 0.5812945730071034 0.12145522097378278 0.01657457553275454 0.016318883681112895
12 0.3164956085240726 0.4618779668271803 0.014206767482241514 0.02086678052434457
10 0.5651146456195738 0.43444021829855534 0.013417511602209945 0.01852596254681648
12 0.44583642620363056 0.41599794542536117 0.013812159747434886 0.021936857784911716
0 0.3324351343330702 0.4840991503477796 0.02484953812154696 0.012272604387372927
5 0.6381217237569061 0.2549491535580524 0.01657457553275454 0.012306052862493312
10 0.14473152959747435 0.619850101658641 0.014404091554853986 0.018191532584269664
10 0.2395420489344909 0.25414649973247727 0.011049743962115234 0.018191532584269664
12 0.33583280189423836 0.7152220866773676 0.014206767482241514 0.02287319593365436
10 0.5670874822415154 0.5025415601926164 0.013022903867403315 0.01765649395398609
12 0.294396363062352 0.21134286142322095 0.013417511602209945 0.021936857784911716
8 0.31767963378058406 0.2569555141787052 0.01578531965272297 0.011704117281968967
21 0.6331888239936859 0.5311664419475656 0.01617996779794791 0.01658641669341894
9 0.5883979163378059 0.323301290529695 0.01578531965272297 0.011771014232209739
10 0.1957379636937648 0.16211881433921885 0.012233607576953433 0.018191532584269664
21 0.1788674222573007 0.5116372990904227 0.015587995580110498 0.01658641669341894
10 0.40864227308603 0.2075975088282504 0.01835045177584846 0.018191532584269664
18 0.4350828097868982 0.5278892584269662 0.014601415627466457 0.014713740395933653
12 0.6122731996842936 0.3689139432851793 0.014601415627466457 0.021401819154628143
5 0.4555050228887135 0.18699834349919744 0.015587995580110498 0.012306052862493312
8 0.4743488050513022 0.4601392487961477 0.01736387182320442 0.012306052862493312
5 0.5491319210734017 0.4159936719101124 0.021310191633780583 0.010140777742108078
7 0.3654302004735596 0.4413790647405029 0.01657457553275454 0.015516312038523274
12 0.4786896921862667 0.5523006185125735 0.013417511602209945 0.02247189641519529
2 0.15173627150749802 0.6228138392723381 0.011049743962115234 0.012481595719636168
7 0.5463694648776637 0.46201165115034776 0.01578531965272297 0.016051378063135367
11 0.6614049944751381 0.5242107479935795 0.014996063772691397 0.01738898833600856
0 0.6642781752170481 0.6824505254146602 0.024245281136543013 0.004815402461209203
5 0.18330691081294395 0.44029233172819693 0.013417511602209945 0.010132422471910112
0 0.6132596179952644 0.6185124365971107 0.024072607419100236 0.013108624505082933
18 0.6762036937647987 0.20853384697699304 0.01775847955801105 0.013911168753344035
12 0.6205605682715075 0.14151964901016587 0.014206767482241514 0.02247189641519529
5 0.2158643725335438 0.7154894553237026 0.014206767482241514 0.012306052862493312
6 0.17699278295185478 0.3718566420545747 0.014996063772691397 0.010700909577314071
35 0.14739538437253355 0.12118785232744785 0.023480675611681136 0.027019793258426968
8 0.4134765714285714 0.34804713536650617 0.01696922367797948 0.01257355848047084
21 0.3989740805051302 0.30557798180845375 0.01026044767166535 0.015917611556982344
5 0.3626677442778216 0.21129281198501873 0.01578531965272297 0.011670668806848583
10 0.2713102951854775 0.6656635548421616 0.015390671507498026 0.01779026046013911
12 0.48342538910812943 0.21067416586409846 0.014206767482241514 0.02220439079721776
7 0.61412294617206 0.48388163937934725 0.015933302604577742 0.016318883681112895
2 0.22059966535122336 0.6224083758159444 0.013417511602209945 0.012071968325307651
8 0.32813744593528016 0.6448635890850722 0.01657457553275454 0.011971650294275014
9 0.6385161294396211 0.20947018512573568 0.014206767482241514 0.01257355848047084
11 0.6160220741910024 0.2752809502407705 0.014996063772691397 0.018191532584269664
12 0.4896409155485399 0.506286912787587 0.013220187529597475 0.02220439079721776
2 0.6201657584846093 0.39085077367576243 0.013022903867403315 0.012306052862493312
9 0.5951064498816101 0.4593365949705725 0.014996063772691397 0.012306052862493312
8 0.18656277821625888 0.622926758694489 0.015193387845303866 0.011771014232209739
11 0.392659952644041 0.504012909577314 0.014206767482241514 0.01845906559657571
18 0.6249876508287292 0.5489565928303906 0.015168697079715866 0.01417870176565008
2 0.6154300615627467 0.2545478266452649 0.013022903867403315 0.01264045543071161
18 0.6738356432517758 0.3903157624398074 0.01617996779794791 0.0149812734082397
8 0.6483819289660616 0.2778223220973783 0.01647593370165746 0.011503481219903692
21 0.16653497079715865 0.6032636575708936 0.024861863299131808 0.016853922311396468
18 0.2809784877663773 0.11704117281968968 0.01578531965272297 0.01658641669341894
6 0.6241398402525651 0.21000547030497593 0.015137863930544594 0.012038519850187265
7 0.45343318074190997 0.6243562769395399 0.022494095659037094 0.015967770572498662
0 0.4088398800315707 0.7146202332798287 0.025651159589581685 0.014312468271803103
18 0.3847669897395422 0.16399149063670412 0.01578531965272297 0.014446234777956127
0 0.4594515043409629 0.21080785018726592 0.022691379321231255 0.012841091492776886
2 0.6740332501973165 0.4154210208667737 0.012628255722178374 0.009012158801498128
8 0.3697710876085241 0.71482075976458 0.01736387182320442 0.014847506902086678
7 0.39216654143646407 0.1453986859283039 0.01657457553275454 0.01658641669341894
5 0.6573473843725336 0.391519469234885 0.01738852217837411 0.01337613012306046
5 0.40551006156274666 0.4168840423756019 0.016919882557221783 0.011871332263242376
5 0.18587216416732438 0.530765115034778 0.014798739700078925 0.011235948207597645
5 0.49516582794001573 0.2554841647940075 0.014996063772691397 0.011771014232209739
11 0.6334907706393055 0.4555578212948101 0.014885056353591159 0.018860365115034777
5 0.26124688871349644 0.7146870754414125 0.01578531965272297 0.012841091492776886
8 0.5532756053670087 0.5506955848047084 0.018153127703235992 0.01257355848047084
9 0.6205605682715075 0.3004281219903692 0.014601415627466457 0.012841091492776886
0 0.6755130797158643 0.2549491535580524 0.02624309139700079 0.012841091492776886
2 0.1442385224940805 0.34834792509363294 0.013022903867403315 0.012239155912252542
2 0.4799723188634569 0.41519529159978596 0.012430931649565904 0.012306052862493312
5 0.2924231223362273 0.6691078437667202 0.01578531965272297 0.013041727554842161
5 0.499605316495659 0.21093331621187802 0.01657457553275454 0.010951704654895667
0 0.3239937616416732 0.16506151310861425 0.024467255564325177 0.012306052862493312
5 0.659628956590371 0.21087480192616373 0.015982643725335435 0.010734358052434457
5 0.18468813891081295 0.48455060888175494 0.012628255722178374 0.011235948207597645
0 0.41229295027624313 0.6441946195826646 0.025651159589581685 0.012306052862493312
9 0.6655979794790844 0.6407169095773141 0.01608128555643252 0.012306052862493312
6 0.4291634917127072 0.39339214553237023 0.01617996779794791 0.012038519850187265
0 0.3488554632991318 0.5759764408774747 0.02604576732438832 0.012306052862493312
5 0.580504953433307 0.45913579454253617 0.014996063772691397 0.012707324986623863
0 0.3830899573796369 0.21080785018726592 0.023283351539068665 0.01337613012306046
7 0.5947120441988951 0.23542001070090957 0.01617996779794791 0.01658641669341894
2 0.398184865035517 0.3481808196896736 0.011838999842146803 0.012038519850187265
5 0.38003169692186267 0.4606742600321027 0.01677189960536701 0.011771014232209739
13 0.25532757063930545 0.618780079186731 0.009471191791633781 0.018726598608881755
2 0.29123909707971585 0.2796281562332798 0.012628255722178374 0.012841091492776886
8 0.254143545382794 0.41754030090957733 0.01736387182320442 0.012565203210272874
5 0.5122335722178374 0.4161441489566613 0.01578531965272297 0.010458469769930446
18 0.6720600094711917 0.572231088282504 0.01578531965272297 0.015516312038523274
0 0.3320835232833465 0.6912956062065276 0.024072607419100236 0.013075176029962547
4 0.6223362020520916 0.50341078223649 0.013417511602209945 0.015917611556982344
21 0.37608521546961327 0.624678132905297 0.014996063772691397 0.015625012734082396
8 0.3669100299921073 0.27969499839486356 0.015587995580110498 0.011235948207597645
8 0.36296354853985796 0.46080794435527017 0.01617996779794791 0.010968442589620118
13 0.3011048966061563 0.5508292691278759 0.00868193591160221 0.018191532584269664
0 0.6655486787687451 0.6870653739967897 0.026440415469613256 0.013911168753344035
8 0.4729675769534333 0.6211877667201712 0.01696922367797948 0.012306052862493312
11 0.469021499605367 0.299090456928839 0.014601415627466457 0.01765649395398609
8 0.4615233464877664 0.39379347244515783 0.01756115548539858 0.012841091492776886
4 0.5315707655880032 0.41439263777421076 0.013022903867403315 0.014713740395933653
5 0.31373315232833465 0.5531032723381487 0.014996063772691397 0.011503481219903692
4 0.38555660931333857 0.7133494103798822 0.013417511602209945 0.013242363616907438
5 0.3364248145224941 0.3254413354735153 0.01578531965272297 0.012306052862493312
18 0.3346241262825572 0.18753335473515248 0.015144046724546171 0.0149812734082397
6 0.14561975059194948 0.23478473622257892 0.01736387182320442 0.014580001284109148
6 0.4806629329123914 0.6433922397003745 0.014996063772691397 0.011235948207597645
6 0.3528758958168903 0.7144194328517924 0.016722558484609313 0.012172286356340288
18 0.2040253322809787 0.599250936329588 0.015390671507498026 0.0149812734082397
5 0.4370560505130229 0.4828116169074371 0.014996063772691397 0.011102181701444624
2 0.45935290292028413 0.41618178876404494 0.012233607576953433 0.010516984055644728
18 0.3771706393054459 0.48220976350989836 0.021112867561168112 0.015382545532370251
8 0.506264953433307 0.4832129438202247 0.01667325777426993 0.012306052862493312
6 0.3086615640094712 0.5077582621722846 0.011117552644041042 0.011771014232209739
11 0.4646802083662194 0.6409845521669343 0.015390671507498026 0.01845906559657571
6 0.3816101278610892 0.41728531449973244 0.01696922367797948 0.012506688924558588
2 0.672849224940805 0.6637240363830925 0.014601415627466457 0.013911168753344035
0 0.25611678610891875 0.21170243937934724 0.025256511444356748 0.01228931492776886
10 0.14246248460931332 0.5735687533440342 0.011049743962115234 0.01765649395398609
5 0.3621743330702447 0.5064874392723381 0.01608128555643252 0.012038519850187265
21 0.20797140962904498 0.5576512787586946 0.01578531965272297 0.015516312038523274
5 0.5524863898973954 0.5969769331193152 0.014206767482241514 0.011771014232209739
8 0.1781768082083662 0.6453484686998394 0.01657457553275454 0.012205734831460674
13 0.14956582794001577 0.4596039636169075 0.009076543646408839 0.018191532584269664
5 0.4455406219415943 0.23301232316746923 0.013812159747434886 0.011771014232209739
0 0.5870166882399368 0.3686463006955591 0.023677999684293606 0.014446234777956127
13 0.646803498026835 0.4555912423756019 0.011049743962115234 0.0197966758694489
2 0.6662392928176796 0.14044935259497057 0.012628255722178374 0.013643663135366507
6 0.23322792107340173 0.18913866238630284 0.014996063772691397 0.012306052862493312
0 0.36074380426203634 0.41708467843766717 0.024072607419100236 0.012138837881219902
5 0.5962904751381215 0.11724197324772606 0.014996063772691397 0.013242363616907438
10 0.3580306487766377 0.5963082375601926 0.012726897553275452 0.018191532584269664
0 0.6536849881610103 0.4360620995184591 0.025799142541436466 0.011771014232209739
5 0.2174428034727703 0.18873733547351526 0.01578531965272297 0.012038519850187265
0 0.3070246187845304 0.48495193579454254 0.025651159589581685 0.012306052862493312
5 0.21093147277032362 0.5077582621722846 0.01578531965272297 0.011771014232209739
10 0.5323599810576164 0.5489565928303906 0.01578531965272297 0.01845906559657571
5 0.3696724861878453 0.3485487255216694 0.01578531965272297 0.012907961048689139
2 0.5473558831886346 0.6881855280898876 0.012628255722178374 0.01233947394328518
6 0.3267562178374112 0.2343666987693954 0.023677999684293606 0.01086812455858748
8 0.3429361452249408 0.6005886013911182 0.01578531965272297 0.012306052862493312
7 0.29163390686661406 0.18967367362225787 0.02762431949486977 0.019261637239165328
0 0.35798134806629833 0.6902085992509364 0.027131029518547747 0.014446234777956127
5 0.5923439936858721 0.5045479208132692 0.014996063772691397 0.011771014232209739
0 0.41633762904498817 0.6674022728731942 0.024664579636937647 0.012907961048689139
0 0.669692363062352 0.7093364151952916 0.023677999684293606 0.01658641669341894
0 0.5664954696132596 0.25521679614767256 0.025256511444356748 0.012306052862493312
5 0.14463292817679557 0.28069817870519 0.01617996779794791 0.012038519850187265
0 0.2158643725335438 0.302969493846977 0.025256511444356748 0.012306052862493312
22 0.2184292217837411 0.43994113643659716 0.014206767482241514 0.010968442589620118
4 0.2687450418310971 0.41586398715890854 0.013022903867403315 0.0149812734082397
0 0.6339780394632991 0.5952382150882825 0.025256511444356748 0.012841091492776886
6 0.1459155548539858 0.4173356104868914 0.017166547750591947 0.012306052862493312
0 0.5363060584056827 0.2549491535580524 0.024467255564325177 0.012974857998929909
18 0.37638101973164956 0.30056180631353663 0.014404091554853986 0.014713740395933653
6 0.36582460615627466 0.599785947565543 0.014996063772691397 0.012038519850187265
18 0.29952646566692975 0.39379347244515783 0.021310191633780583 0.015516312038523274
5 0.2865034001578532 0.48448376672017124 0.014996063772691397 0.01257355848047084
0 0.18567496132596686 0.280430810058855 0.03235989518547751 0.012841091492776886
0 0.5248618279400157 0.2790931449973248 0.025256511444356748 0.01337613012306046
5 0.4682318800315707 0.3242376286784377 0.015390671507498026 0.011235948207597645
6 0.35516959116022095 0.5537385468164794 0.01617996779794791 0.01183788378812199
5 0.6288475327545383 0.43632957774210807 0.015390671507498026 0.01183788378812199
8 0.5264402588792423 0.5287587544141251 0.014996063772691397 0.011771014232209739
0 0.15134186582478296 0.7149544440877474 0.02624309139700079 0.013643663135366507
9 0.5177584846093133 0.16425885928303904 0.014996063772691397 0.012841091492776886
13 0.41880428097868977 0.5498929309791333 0.009471191791633781 0.01845906559657571
2 0.26381214206787684 0.4622792937399679 0.010655095816890291 0.011235948207597645
5 0.4449486093133386 0.3929908186195826 0.014009483820047354 0.011771014232209739
5 0.6164168839779005 0.5278224162653825 0.014206767482241514 0.011771014232209739
13 0.3558727324388319 0.6401526685928304 0.00944654143646409 0.02072465874799358
18 0.49072593528018943 0.6876672273943285 0.015390671507498026 0.016318883681112895
21 0.6181432574585636 0.6447800363830927 0.016525274822415156 0.015951032637774212
5 0.40893848145224937 0.5069556083467095 0.014996063772691397 0.012306052862493312
2 0.3676992454617206 0.3936597881219904 0.013022903867403315 0.012038519850187265
5 0.6460142825572218 0.6864799571963617 0.013417511602209945 0.012005071375066881
23 0.34313334806629836 0.6675696522204387 0.013417511602209945 0.011971650294275014
6 0.5728095974743488 0.3016318287854468 0.01617996779794791 0.012306052862493312
21 0.14581695343330703 0.4886972883895131 0.01736387182320442 0.01658641669341894
7 0.4029694585635359 0.6927669555912253 0.025157869613259668 0.018158111503477795
4 0.3425413354380426 0.2778223220973783 0.013417511602209945 0.014312468271803103
6 0.45382799052880823 0.4829453012306046 0.01657457553275454 0.01056714307116105
6 0.6323992044198895 0.6412519208132691 0.014996063772691397 0.011235948207597645
5 0.5516967703235991 0.2782403595505618 0.01657457553275454 0.012540137399678974
5 0.2198104498816101 0.5767790947030498 0.01578531965272297 0.011771014232209739
21 0.5181532943962115 0.6936865831995719 0.01617996779794791 0.018191532584269664
0 0.5935280189423836 0.14165333333333335 0.02604576732438832 0.012306052862493312
9 0.4963494490923441 0.6431245971107543 0.014601415627466457 0.012841091492776886
8 0.6511443851617995 0.14111832209737826 0.018153127703235992 0.013108624505082933
0 0.4820441610102605 0.27882550240770465 0.024467255564325177 0.011771014232209739
14 0.32004728018942386 0.2082664783306581 0.00828728776637727 0.018994104226859286
8 0.22277051302288872 0.6924157602996255 0.01617996779794791 0.010834676083467094
2 0.14532354222573007 0.3254413354735153 0.013614835674822417 0.011771014232209739
2 0.20994465035516968 0.41740234307116103 0.013417511602209945 0.012907961048689139
18 0.5142068129439621 0.3689139432851793 0.014996063772691397 0.014446234777956127
2 0.3212313054459353 0.4168840423756019 0.011838999842146803 0.011570350775815943
8 0.6566692975532754 0.16399149063670412 0.01736387182320442 0.01337613012306046
0 0.4297555043409629 0.25632023970037454 0.022888703393843725 0.011302845157838417
8 0.49506722651933704 0.41573030283574103 0.01657457553275454 0.012841091492776886
9 0.40775445619573797 0.3251739668271803 0.014206767482241514 0.012038519850187265
9 0.5422257805840569 0.39218843873729264 0.014996063772691397 0.012306052862493312
5 0.3685870623520126 0.16479387051899413 0.01657457553275454 0.012306052862493312
8 0.14621135911602212 0.2580258105939005 0.01913970765588003 0.013108624505082933
13 0.1811364672454617 0.2528759507758159 0.00828728776637727 0.020331741894060996
2 0.5564324672454617 0.23225991054039594 0.013417511602209945 0.013275812092027823
8 0.6603074475138122 0.41385762653825575 0.01482339005524862 0.011771014232209739
13 0.2036798232044199 0.1399477624398074 0.009372549960536701 0.019194767683253077
11 0.4103197095501184 0.5264847512038523 0.014404091554853986 0.01765649395398609
8 0.6598261594317285 0.3686463006955591 0.014996063772691397 0.011235948207597645
4 0.396803636937648 0.5971108913857678 0.013417511602209945 0.013911168753344035
10 0.5966848808208366 0.5249465596575709 0.014601415627466457 0.01765649395398609
6 0.5319651712707182 0.7120785874799358 0.014996063772691397 0.013509896629213484
11 0.3180740394632991 0.39218843873729264 0.014996063772691397 0.017924026966292132
6 0.6544249029202841 0.25518337506688066 0.016525274822415156 0.01264045543071161
0 0.33346475138121545 0.5533709149277689 0.024861863299131808 0.012841091492776886
5 0.6189817332280979 0.7110754071696094 0.01578531965272297 0.013911168753344035
5 0.3312943078137332 0.5295611342964153 0.01578531965272297 0.011771014232209739
2 0.2478294175217048 0.11864620652755485 0.012628255722178374 0.01257355848047084
18 0.29952646566692975 0.16318883681112895 0.023283351539068665 0.01658641669341894
8 0.5402525398579322 0.6203851128945961 0.01617996779794791 0.012306052862493312
13 0.4128849629044989 0.6195827330123062 0.00887925998421468 0.018726598608881755
13 0.6130624151539069 0.1833869491706795 0.009076543646408839 0.0197966758694489
5 0.24506696132596686 0.43940612520064204 0.01578531965272297 0.011503481219903692
7 0.5236778026835044 0.39486349491706796 0.022099447513812154 0.018191532584269664
8 0.5998421468034728 0.2554841647940075 0.01696922367797948 0.011771014232209739
5 0.6322020015785319 0.27810667522739435 0.01578531965272297 0.012540137399678974
8 0.6799525682715075 0.4596039636169075 0.017166547750591947 0.01337613012306046
6 0.21428553749013418 0.3493848004280364 0.01657457553275454 0.010700909577314071
0 0.4177188571428572 0.484232834670947 0.024072607419100236 0.013075176029962547
5 0.3346487766377269 0.39138578491171744 0.01617996779794791 0.018191532584269664
8 0.42442779479084447 0.4604066174424827 0.014996063772691397 0.01337613012306046
11 0.3453037916337806 0.504012909577314 0.014601415627466457 0.018592832102728732
13 0.3127713035516969 0.6650614275013377 0.009249217363851618 0.019261637239165328
5 0.39640882715074977 0.6670680620652755 0.014206767482241514 0.012239155912252542
5 0.5674822920284136 0.3686463006955591 0.01657457553275454 0.012306052862493312
0 0.5209153464877664 0.644060935259497 0.024467255564325177 0.013108624505082933
6 0.3808209123914759 0.6663322504012842 0.01657457553275454 0.012306052862493312
32 0.6389109392265194 0.16425885928303904 0.01578531965272297 0.02407703970037453
9 0.5232833970007893 0.3242376286784377 0.014206767482241514 0.012306052862493312
13 0.6527228161010261 0.6383092220438737 0.01026044767166535 0.01765649395398609
18 0.5621545824782952 0.16238618298555377 0.01696922367797948 0.015516312038523274
2 0.2389504404104183 0.41754446484751206 0.011444351696921862 0.012423081433921884
5 0.6588890418310971 0.11811119529159977 0.01687054143646409 0.01257355848047084
11 0.37529599999999996 0.18539330979133226 0.015390671507498026 0.018191532584269664
4 0.6764008966061562 0.32149545639379346 0.013417511602209945 0.014847506902086678
18 0.6008285651144436 0.18566067843766718 0.014996063772691397 0.014446234777956127
5 0.5666930765588003 0.6876672273943285 0.01578531965272297 0.012439819368646333
22 0.5994473370165746 0.27842417549491705 0.013417511602209945 0.011771014232209739
13 0.5236778026835044 0.6625534767255217 0.011049743962115234 0.020331741894060996
2 0.19119987371744276 0.4173356104868914 0.013417511602209945 0.012841091492776886
7 0.4295578973954223 0.23595502193686463 0.01578531965272297 0.016853922311396468
2 0.3606945035516969 0.18753335473515248 0.013417511602209945 0.012841091492776886
13 0.38871347119179167 0.2990236147672552 0.009865839936858722 0.018325299090422686
9 0.1926797032359905 0.2568218298555377 0.014404091554853986 0.012306052862493312
13 0.4465270402525651 0.5485552659176031 0.00848461183898974 0.018994104226859286
24 0.6085239210734018 0.598180913857678 0.014996063772691397 0.017121455323702513
13 0.4174230528808208 0.11543613911182452 0.01006312359905288 0.018994104226859286
5 0.434293594317285 0.2992241412520064 0.01578531965272297 0.017924026966292132
6 0.2492106456195738 0.4618111246655966 0.01736387182320442 0.010767779133226324
6 0.6688041420678769 0.482059368646335 0.023480675611681136 0.012071968325307651
13 0.4210733259668508 0.5733011107544141 0.007695355958958169 0.017121455323702513
4 0.646803498026835 0.6178437410379883 0.013022903867403315 0.01337613012306046
6 0.3835833685872139 0.27929367148207596 0.01657457553275454 0.011235948207597645
9 0.23875283346487766 0.2799626409844837 0.014206767482241514 0.012038519850187265
9 0.32951867403314916 0.30230079828785444 0.014996063772691397 0.012038519850187265
7 0.14976303078137332 0.30537718138041736 0.02683502320441989 0.01845906559657571
9 0.48164975532754534 0.666666735152488 0.015390671507498026 0.012841091492776886
8 0.6565706961325968 0.664125089352595 0.01696922367797948 0.013911168753344035
0 0.39384357379636936 0.3713216308186196 0.0205208953433307 0.011235948207597645
0 0.20520895343330703 0.46254693632958804 0.023283351539068665 0.011771014232209739
5 0.6358277455406472 0.39125210058855003 0.016722558484609313 0.012306052862493312
0 0.5749804451460142 0.23301232316746923 0.023283351539068665 0.013911168753344035
0 0.6101027561168113 0.4772607041198502 0.023677999684293606 0.004280363830925628
13 0.2204024625098658 0.5516653440342428 0.009076543646408839 0.018659701658640986
18 0.20422253512233624 0.6226926193686463 0.01854773543804262 0.012138837881219902
18 0.2640093449092344 0.2782236490101659 0.022888703393843725 0.016720183199571963
0 0.6081295153906866 0.4367643257356875 0.024467255564325177 0.012740773461744249
4 0.24348853038674034 0.39352582985553775 0.012628255722178374 0.015516312038523274
10 0.6635754380426204 0.5016052220438738 0.013022903867403315 0.01845906559657571
5 0.5410417553275454 0.6431245971107543 0.014996063772691397 0.011771014232209739
18 0.40410418310970797 0.11737565757089352 0.015982643725335435 0.019261637239165328
13 0.2888714506708761 0.1402154050294275 0.009865839936858722 0.022940065489566612
10 0.5408445524861878 0.5256820973782771 0.011444351696921862 0.01805779347244516
13 0.31767963378058406 0.3006954906367041 0.00868193591160221 0.017924026966292132
1 0.28985786898184684 0.4192080128410915 0.01657457553275454 0.01765649395398609
13 0.5495263267561168 0.4349961588014981 0.009076543646408839 0.018517579882289994
0 0.1535123093922652 0.21207448175494917 0.03314915106550908 0.012765839272338148
13 0.20639297868981848 0.43713212199036916 0.00868193591160221 0.017121455323702513
2 0.4846094143646409 0.3471107972177635 0.013022903867403315 0.011771014232209739
6 0.6724544151539068 0.5052166163723917 0.014206767482241514 0.011503481219903692
8 0.513812003157064 0.4604066174424827 0.01696922367797948 0.012841091492776886
2 0.5718231791633781 0.4154168295345105 0.022099447513812154 0.00900380353130016
0 0.26953425730071034 0.43980745211342964 0.03314915106550908 0.011302845157838417
6 0.16179967797947908 0.6447466153023007 0.01578531965272297 0.0134764481540931
2 0.6284531270718232 0.48134026752273945 0.012628255722178374 0.01257355848047084
2 0.5299919305445935 0.23314600749063671 0.012628255722178374 0.011904753344034244
5 0.45580123125493294 0.46033977528089887 0.021112867561168112 0.012038519850187265
8 0.3273482304656669 0.2799459304440877 0.01696922367797948 0.012874539967897272
4 0.2924231223362273 0.4380016179775281 0.010655095816890291 0.013911168753344035
0 0.4546172059984215 0.3706526613162119 0.025256511444356748 0.01257355848047084
9 0.4581688776637727 0.5524345767790262 0.013812159747434886 0.012038519850187265
6 0.30643260615627466 0.4184056329588015 0.01578531965272297 0.012306052862493312
14 0.469021499605367 0.41278760406634557 0.00828728776637727 0.018191532584269664
2 0.4742502036306235 0.3699839657570893 0.013022903867403315 0.012841091492776886
6 0.2202052596685083 0.6000535901551632 0.01578531965272297 0.011771014232209739
2 0.43824007576953433 0.4600721326912788 0.011838999842146803 0.012439819368646333
5 0.37416127545382794 0.5757087982878545 0.014108125651144436 0.011771014232209739
14 0.3405189556432518 0.45906895238095236 0.00838597000789266 0.018726598608881755
6 0.5370956779794791 0.5969769331193152 0.01617996779794791 0.01257355848047084
0 0.47158634885556433 0.6900749149277688 0.023480675611681136 0.01257355848047084
6 0.6010261720599842 0.21000547030497593 0.0205208953433307 0.012038519850187265
7 0.1452249408050513 0.6471375922953452 0.01696922367797948 0.01845906559657571
13 0.6057614648776638 0.7070626859283039 0.011838999842146803 0.021401819154628143
7 0.44978290765588 0.6698099604066345 0.015193387845303866 0.016452650187265917
6 0.450276318863457 0.25601917602996255 0.01696922367797948 0.010700909577314071
6 0.440212912391476 0.21027283895131085 0.015193387845303866 0.011771014232209739
0 0.4956588350434096 0.23341365008025683 0.03157063930544594 0.01337613012306046
13 0.34806624782951856 0.1852596254681648 0.011049743962115234 0.024344572712680576
5 0.40400558168902917 0.18699834349919744 0.014798739700078925 0.011771014232209739
4 0.458958093133386 0.11556982343499198 0.012628255722178374 0.01738898833600856
2 0.24802702446724548 0.2572231567683253 0.011049743962115234 0.01183788378812199
6 0.5074978752959748 0.3238363017656501 0.014601415627466457 0.012038519850187265
18 0.5343332217837411 0.36784364686998394 0.021704799368587213 0.016051378063135367
2 0.6464088498816102 0.3681112894596041 0.011937641673243883 0.011771014232209739
0 0.6065510844514601 0.6869314157303371 0.03314915106550908 0.013242363616907438
6 0.5303867403314917 0.4601392487961477 0.01578531965272297 0.012841091492776886
5 0.14502773796369378 0.599785947565543 0.015587995580110498 0.012306052862493312
5 0.2245461468034728 0.28063133654360617 0.013812159747434886 0.011503481219903692
22 0.6387133322809787 0.32316760620652757 0.013812159747434886 0.01257355848047084
18 0.4444556022099448 0.7136167790262172 0.015982643725335435 0.01845906559657571
4 0.27584838516179955 0.211359681540931 0.013417511602209945 0.011787724772605672
21 0.2202052596685083 0.2594971599785982 0.02683502320441989 0.01658641669341894
4 0.67610509234412 0.5497592466559658 0.013318869771112865 0.01337613012306046
13 0.4378452659826362 0.66385772070626 0.009076543646408839 0.016987688817549494
2 0.4650750181531176 0.16425885928303904 0.012233607576953433 0.012306052862493312
18 0.5812945730071034 0.6819155141787052 0.014996063772691397 0.0058855071161048695
13 0.63496445777427 0.6153023691813805 0.011049743962115234 0.018726598608881755
22 0.2365823898973954 0.302969493846977 0.013812159747434886 0.011503481219903692
1 0.41209534333070247 0.39593351738897803 0.01617996779794791 0.01765649395398609
10 0.63274467308603 0.683921874799358 0.017709138437253354 0.01845906559657571
18 0.6063534775059195 0.3436330872124131 0.0205208953433307 0.0149812734082397
2 0.6266155441199684 0.3681112894596041 0.0118143090765588 0.011771014232209739
8 0.1650551412786109 0.5762440834670947 0.01696922367797948 0.012306052862493312
5 0.3511742131018153 0.5308987993579455 0.014206767482241514 0.011235948207597645
4 0.19277830465666929 0.644060935259497 0.013022903867403315 0.014044935259497057
14 0.626282683504341 0.25210671803103263 0.007892639621152327 0.018258429534510432
18 0.5588001136543015 0.6170410872124131 0.019337031728492503 0.01765649395398609
5 0.5852406503551697 0.711476734082397 0.01578531965272297 0.013911168753344035
5 0.4451458121546961 0.4376671332263242 0.013417511602209945 0.011771014232209739
4 0.1957379636937648 0.44000797859818086 0.012233607576953433 0.011102181701444624
0 0.31097069613259665 0.7149544440877474 0.023677999684293606 0.014713740395933653
7 0.27288872612470405 0.14312468271803103 0.021704799368587213 0.021401819154628143
0 0.22553256511444356 0.23461735687533442 0.024072607419100236 0.011771014232209739
21 0.17245469297553276 0.34724448154093096 0.015390671507498026 0.020599247512038524
14 0.6366909928966061 0.36597124451578383 0.00818864593528019 0.018726598608881755
18 0.5329519936858721 0.5724987308721242 0.021310191633780583 0.0149812734082397
6 0.39201863930544595 0.6213214510433387 0.015390671507498026 0.011771014232209739
14 0.40472084609313347 0.6185124365971107 0.008237946645619573 0.018726598608881755
14 0.6846882651933701 0.5007357260567148 0.007892639621152327 0.01805779347244516
8 0.5365036653512233 0.21040652327447834 0.015390671507498026 0.012038519850187265
18 0.4299527071823205 0.34590681647940075 0.01617996779794791 0.015516312038523274
10 0.17048145224940806 0.437048541894061 0.01854773543804262 0.017021137292669877
2 0.5951064498816101 0.5967095644729802 0.013022903867403315 0.01257355848047084
1 0.3636541625887924 0.6692749491706795 0.01696922367797948 0.01805779347244516
2 0.36750204262036307 0.3702513344034243 0.021704799368587213 0.011771014232209739
9 0.37174432833464877 0.5529695880149813 0.014700097868981847 0.012841091492776886
5 0.23993685872138912 0.48542010486891385 0.013417511602209945 0.011771014232209739
22 0.6181925177584846 0.5730337421080792 0.013022903867403315 0.010700909577314071
18 0.5556432517758485 0.5737024376672016 0.013417511602209945 0.012841091492776886
13 0.3526540426203631 0.3440675612627073 0.01006312359905288 0.022940065489566612
4 0.3488554632991318 0.39272344997324776 0.013417511602209945 0.0149812734082397
2 0.32991307971586425 0.460841365436062 0.011838999842146803 0.011971650294275014
4 0.4909235422257301 0.4592363317281969 0.01617996779794791 0.014379337827715355
9 0.5106551412786109 0.2546817849117175 0.014206767482241514 0.012306052862493312
22 0.41594322336227313 0.278491291599786 0.014206767482241514 0.01136971471375067
7 0.27486196685082875 0.5556446441947566 0.01578531965272297 0.0149812734082397
2 0.1511442588792423 0.5762440834670947 0.011049743962115234 0.011771014232209739
6 0.19435673559589584 0.5074906195826645 0.015193387845303866 0.011235948207597645
9 0.3405680947119179 0.14192070197966827 0.014206767482241514 0.011771014232209739
4 0.34638921546961327 0.4373996823970037 0.013022903867403315 0.013643663135366507
18 0.6290451397000789 0.18512566720171214 0.022494095659037094 0.016051378063135367
22 0.5501183393843725 0.3467094703049759 0.014206767482241514 0.010968442589620118
13 0.5046368176795579 0.680845491706795 0.00887925998421468 0.008025689031567683
6 0.6077347056037885 0.5041465939004816 0.014996063772691397 0.010968442589620118
14 0.5532756053670087 0.6396970187265918 0.007892639621152327 0.018158111503477795
5 0.3102062118389897 0.1428570401284109 0.014157466771902131 0.014446234777956127
14 0.45501201578531963 0.16144984483681113 0.007498031886345699 0.01845906559657571
18 0.6022097932123126 0.5714287084002141 0.018153127703235992 0.016051378063135367
13 0.6791633528018943 0.47889915890850726 0.009471191791633781 0.018793468164794006
6 0.568666317284925 0.5735687533440342 0.012628255722178374 0.011235948207597645
13 0.2075770039463299 0.11550298127340823 0.01026044767166535 0.021936857784911716
24 0.5818861815311761 0.5282237431781701 0.013812159747434886 0.011637247726056715
2 0.5852406503551697 0.2554841647940075 0.011049743962115234 0.011771014232209739
13 0.4733623867403315 0.21343299390048154 0.006116803788476717 0.015884163081861958
0 0.15331510655090766 0.6686730957731407 0.03275454333070244 0.01417870176565008
8 0.16949503393843723 0.6915462643124666 0.01696922367797948 0.01257355848047084
13 0.3979872580899763 0.5273542471910112 0.00868193591160221 0.018726598608881755
0 0.4988161010260458 0.43793477581594437 0.035911607261247036 0.012841091492776886
6 0.6208810228887135 0.23261099625468165 0.017191198105761644 0.011235948207597645
14 0.3439225635359116 0.3453718052434457 0.007103383741120757 0.018191532584269664
18 0.5430149960536701 0.16238618298555377 0.022494095659037094 0.0149812734082397
9 0.3151143804262036 0.3263108314606742 0.014206767482241514 0.013242363616907438
6 0.5036503993685872 0.2788923445692884 0.01677189960536701 0.011102181701444624
0 0.18301110655090766 0.6693752124130551 0.02545383551696922 0.013242363616907438
2 0.16160207103393842 0.23401550347779562 0.012628255722178374 0.011904753344034244
2 0.34964467876874505 0.46080794435527017 0.01026044767166535 0.010968442589620118
1 0.17876882083662196 0.12185654788657035 0.01578531965272297 0.01845906559657571
4 0.4314325367008681 0.5738363959336543 0.013812159747434886 0.013911168753344035
13 0.5621545824782952 0.3208936029962547 0.00868193591160221 0.018191532584269664
13 0.20994465035516968 0.5288924387372926 0.007103383741120757 0.018726598608881755
10 0.6787192423046566 0.1381756233279829 0.011543033938437253 0.017924026966292132
18 0.3058405935280189 0.2336475976457999 0.01736387182320442 0.012239155912252542
13 0.2105366629834254 0.619315090422686 0.007103383741120757 0.018726598608881755
0 0.1687054143646409 0.18833600856072766 0.03157063930544594 0.012306052862493312
22 0.3121547213891081 0.6910112530765115 0.014206767482241514 0.012306052862493312
4 0.6113358396211523 0.1625201412520064 0.010359129913180741 0.014713740395933653
7 0.5714283693764799 0.28034698341359016 0.023677999684293606 0.01661983777421081
10 0.24388334017363852 0.2549491535580524 0.013417511602209945 0.01658641669341894
2 0.41278595737963697 0.16452650187265916 0.011641675769534333 0.01337613012306046
7 0.28492496921862664 0.35098983413590157 0.021310191633780583 0.017924026966292132
22 0.5726123946329913 0.32396998608881755 0.013417511602209945 0.011235948207597645
6 0.32256315201262825 0.5759764408774747 0.026440415469613256 0.012306052862493312
0 0.4372532533543804 0.11530218084537186 0.031175991160220996 0.018325299090422686
18 0.23816082083662193 0.34724448154093096 0.015390671507498026 0.014446234777956127
2 0.3068363991791634 0.39499745318352064 0.007516539857932123 0.013911168753344035
2 0.16012224151539067 0.46201165115034776 0.011247027624309392 0.011503481219903692
13 0.45599843409629043 0.32142861423220975 0.007892639621152327 0.017924026966292132
6 0.6112186898184688 0.2107661286249331 0.010112464719810576 0.010533694596040664
1 0.6473955106550907 0.48461745104333864 0.01696922367797948 0.019127870733012305
9 0.6345696479873717 0.572231088282504 0.014996063772691397 0.011771014232209739
14 0.3783049597474349 0.5951042568218298 0.007596673717442779 0.017121455323702513
9 0.6369376985003947 0.11663984590690209 0.014996063772691397 0.014312468271803103
8 0.47918310339384373 0.16452650187265916 0.01736387182320442 0.013643663135366507
18 0.3149171775848461 0.5296950925628678 0.014996063772691397 0.013911168753344035
9 0.37845286187845306 0.6900582043873729 0.014996063772691397 0.012607006955591225
23 0.4491908950276243 0.14178701765650079 0.014798739700078925 0.012038519850187265
6 0.6227310118389897 0.3234349748528625 0.01657457553275454 0.012038519850187265
23 0.5054753338595106 0.18699834349919744 0.014305449723756905 0.011235948207597645
13 0.4830305793212312 0.2528759507758159 0.007892639621152327 0.01805779347244516
13 0.5882003093922652 0.2751302814339219 0.00828728776637727 0.01635233215623328
5 0.6762036937647987 0.3677099625468165 0.01617996779794791 0.016318883681112895
13 0.2947907687450671 0.1160379925093633 0.011049743962115234 0.018592832102728732
6 0.21033946014206786 0.4850020674157303 0.01657457553275454 0.011804435313001604
7 0.4693173038674033 0.44055970037453185 0.024467255564325177 0.018492514071696095
0 0.511049546961326 0.5742374489031568 0.023283351539068665 0.01257355848047084
46 0.4366612407261248 0.16546284002140182 0.02683502320441989 0.014446234777956127
18 0.4885554917127072 0.18552699411449974 0.01973163946329913 0.014713740395933653
0 0.2825573228097869 0.69089427929374 0.03235989518547751 0.01361021466024612
6 0.2265193875295975 0.3263776736222579 0.022099447513812154 0.011503481219903692
2 0.3100844148382005 0.2113387796682718 0.012526502288871349 0.011729210486891385
10 0.2580900268350434 0.346141037988229 0.013417511602209945 0.018258429534510432
6 0.5069062667719022 0.5056179432851792 0.01775847955801105 0.01578384505082932
14 0.3898481957379637 0.5266184355270198 0.007695355958958169 0.01765649395398609
2 0.646803498026835 0.5275547736757624 0.011444351696921862 0.012306052862493312
13 0.20481454775059194 0.7122793879079722 0.00828728776637727 0.019662909363295882
13 0.4375494617205999 0.367576278223649 0.007892639621152327 0.01765649395398609
11 0.6104078143646409 0.32022463349384694 0.008490794632991319 0.01845906559657571
10 0.2772296132596685 0.5965756062065276 0.01775847955801105 0.017121455323702513
4 0.522494181531176 0.4812901359015516 0.014206767482241514 0.014145253290529696
9 0.551302364640884 0.21027283895131085 0.014996063772691397 0.013911168753344035
12 0.3055661744593528 0.32671215837346174 0.004902066614048934 0.013242363616907438
13 0.19129847513812154 0.6653290700909577 0.00927386771902131 0.019261637239165328
5 0.48717426361483823 0.4831628121990369 0.021310191633780583 0.012005071375066881
8 0.6022097932123126 0.6420211261637239 0.014996063772691397 0.011235948207597645
5 0.27782162588792425 0.2572231567683253 0.0205208953433307 0.011503481219903692
2 0.203433319652723 0.16506151310861425 0.011049743962115234 0.012841091492776886
14 0.6081295153906866 0.23011972862493313 0.00828728776637727 0.019295085714285714
13 0.3862472233622731 0.5955055837346174 0.00887925998421468 0.016853922311396468
4 0.47277037411207584 0.231674658105939 0.013022903867403315 0.014446234777956127
13 0.4526439652722968 0.6399143927233815 0.00828728776637727 0.02069956554307116
2 0.6114221562746646 0.3445691514178705 0.010531763220205208 0.013108624505082933
13 0.44810587529597473 0.5256820973782771 0.009471191791633781 0.019529170251471373
14 0.5968824877663772 0.7074640128410915 0.00828728776637727 0.019529170251471373
13 0.3356351949486977 0.23140728945960407 0.007892639621152327 0.01658641669341894
4 0.3962116243093923 0.23301232316746923 0.014601415627466457 0.01337613012306046
12 0.6174341354380426 0.11570350775815944 0.02248173007103394 0.02086678052434457
6 0.16130626677190213 0.48473442482611023 0.015390671507498026 0.011001863670411985
7 0.39285715548539857 0.5778491171749599 0.021507515706393053 0.01765649395398609
4 0.5278214869771113 0.34550548956661314 0.013022903867403315 0.014713740395933653
13 0.4023281452249408 0.1399477624398074 0.0035516959116022096 0.02133494959871589
7 0.5319651712707182 0.508159315141787 0.022099447513812154 0.018860365115034777
6 0.38792425572217837 0.3251739668271803 0.022494095659037094 0.011235948207597645
5 0.6779793275453828 0.5268860781166399 0.01578531965272297 0.013643663135366507
13 0.2707182825572218 0.6804441647940075 0.006314127861089187 0.008828260674157304
0 0.6055642620363062 0.6827181680042804 0.03196528745067087 0.004280363830925628
14 0.3052485808997632 0.6650614275013377 0.007498031886345699 0.01845906559657571
13 0.2353987687450671 0.32269943713215626 0.007103383741120757 0.017522727447833068
0 0.3568591507498027 0.3006286484751204 0.023258701183898976 0.01845906559657571
46 0.3417028596685083 0.3707866195826645 0.025749801420678772 0.011771014232209739
14 0.5726123946329913 0.6155697378277153 0.007892639621152327 0.019529170251471373
1 0.24802702446724548 0.6469535024077047 0.015390671507498026 0.017756811985018727
6 0.6410813827940015 0.5509629534510433 0.01696922367797948 0.011771014232209739
0 0.28492496921862664 0.6459336115569824 0.023677999684293606 0.012306052862493312
18 0.30445936543014995 0.30096313322632423 0.01854773543804262 0.0149812734082397
6 0.60161818468824 0.30096313322632423 0.024467255564325177 0.01377742964151953
18 0.6049722494080505 0.5478865703584804 0.022099447513812154 0.01738898833600856
4 0.19396192580899763 0.7137507372926698 0.011838999842146803 0.016720183199571963
0 0.4291634917127072 0.3706526613162119 0.025651159589581685 0.012038519850187265
13 0.6670778089976322 0.5451443980738363 0.009767157695343332 0.023140728945960407
13 0.27841363851617995 0.41937533739967897 0.005919479715864246 0.01680376329588015
7 0.17472373796369378 0.3970038138041734 0.01696922367797948 0.017121455323702513
18 0.5280190939226519 0.14098436383092564 0.01578531965272297 0.012306052862493312
13 0.5761640662983425 0.4737827201712146 0.007892639621152327 0.011235948207597645
22 0.15765599368587213 0.3485821466024612 0.012233607576953433 0.010433376565008026
14 0.39413978216258877 0.2528091086142322 0.00848461183898974 0.01765649395398609
10 0.21172068823993687 0.2774209951845907 0.01775847955801105 0.01779026046013911
18 0.30820823993685875 0.6449972734082398 0.021310191633780583 0.012841091492776886
13 0.6078565874664562 0.6400482140181916 0.0034006256037884762 0.017924026966292132
2 0.3075084931333859 0.11958254467629749 0.008860752012628256 0.014044935259497057
10 0.42580902288871353 0.4141252691278759 0.015982643725335435 0.01765649395398609
23 0.6031966156274664 0.6645264162653824 0.013812159747434886 0.011235948207597645
10 0.4038083788476717 0.16185117174959873 0.011444351696921862 0.018191532584269664
9 0.6531176258879242 0.18552699411449974 0.014996063772691397 0.013108624505082933
14 0.1894238358326756 0.3683789320492242 0.007498031886345699 0.01765649395398609
6 0.1963299763220205 0.2337478608881755 0.023283351539068665 0.013041727554842161
1 0.23125508445146017 0.4641519700374532 0.01657457553275454 0.01805779347244516
6 0.3970008397790055 0.27059925949705727 0.011838999842146803 0.006688078758694489
5 0.2799920694554065 0.23354733440342432 0.024467255564325177 0.012372922418405563
4 0.36760064404104187 0.14125200642054575 0.024467255564325177 0.015248806420545746
0 0.456195636937648 0.5298287768860354 0.020915543488555642 0.012038519850187265
38 0.24112088397790055 0.3694489545211343 0.03314915106550908 0.018726598608881755
6 0.1730467056037885 0.7150884023542 0.01775847955801105 0.012841091492776886
14 0.5852406503551697 0.2981541187800963 0.007892639621152327 0.018726598608881755
6 0.24980265824782955 0.18793468164794006 0.01736387182320442 0.01257355848047084
13 0.6088416277821626 0.7058587051899411 0.005327547908445146 0.0211342861423221
23 0.3563536164167324 0.2565541872659176 0.013022903867403315 0.012038519850187265
23 0.6702839715864247 0.3456394478330658 0.01578531965272297 0.011235948207597645
9 0.2478294175217048 0.3255752937399679 0.014996063772691397 0.012172286356340288
11 0.8330700678768745 0.4751203852327448 0.02683502320441989 0.008560727661851257
18 0.5402525398579322 0.6645264162653824 0.022099447513812154 0.014446234777956127
2 0.5189425098658248 0.21109214852862496 0.0205208953433307 0.01126939668271803
13 0.4060774238358327 0.2546480898876404 0.014798739700078925 0.024545208774745853
13 0.22770341278610892 0.4824941166399144 0.009471191791633781 0.019763254788657036
1 0.16515374269928967 0.16720183199571964 0.01578531965272297 0.01765649395398609
6 0.6674107908445146 0.6205816945960406 0.026267741752170483 0.008401895345104334
7 0.5793213322809787 0.18953998929909044 0.01736387182320442 0.016051378063135367
13 0.28966066614048935 0.5734350690208668 0.01026044767166535 0.017924026966292132
23 0.4581688776637727 0.5979132712680578 0.014601415627466457 0.011503481219903692
2 0.4265982383583267 0.1867309748528625 0.012628255722178374 0.012306052862493312
13 0.45797167482241513 0.2986222878544676 0.00848461183898974 0.018592832102728732
5 0.4005525114443567 0.4169759777421081 0.007103383741120757 0.011603799250936329
5 0.6578040220994474 0.10955046762974853 0.01578531965272297 0.006420545746388443
8 0.41831086977111287 0.30189947137506684 0.01617996779794791 0.012038519850187265
6 0.33829913054459354 0.25648734510433385 0.02402326629834254 0.01257355848047084
13 0.5386741089187056 0.34433520385232746 0.007892639621152327 0.01812466302835741
10 0.6633782352012628 0.4561930957731407 0.014996063772691397 0.01812466302835741
0 0.4563932438831886 0.506286912787587 0.02604576732438832 0.014446234777956127
13 0.4106155138121547 0.4753880278223649 0.007498031886345699 0.008025689031567683
6 0.2644041546961326 0.3027018512573569 0.027229671349644834 0.011503481219903692
18 0.6314127861089187 0.6625200556447298 0.029992127545382795 0.014580001284109148
2 0.4731647797947908 0.14175359657570893 0.021704799368587213 0.01183788378812199
7 0.43942369692186267 0.18967367362225787 0.01657457553275454 0.01765649395398609
18 0.17531575059194948 0.4154629341894061 0.01835045177584846 0.015516312038523274
2 0.33109710497237566 0.21107549277688603 0.013417511602209945 0.012841091492776886
13 0.4642858026835043 0.6801765222043874 0.0067087760063141285 0.008560727661851257
27 0.5649170386740332 0.2111757560192616 0.011049743962115234 0.011436584269662922
13 0.5785321168113654 0.3889780973782772 0.00868193591160221 0.018191532584269664
18 0.4327151633780584 0.6441946195826646 0.013417511602209945 0.012306052862493312
21 0.32932106708760855 0.11610483467094702 0.022494095659037094 0.020064208881754947
10 0.39611302288871353 0.41332261530230074 0.012825579794790843 0.018191532584269664
13 0.4009473212312549 0.2536114884965222 0.006314127861089187 0.017857130016051364
13 0.4333071760063141 0.502942887105404 0.009471191791633781 0.020331741894060996
12 0.28038687924230465 0.715690255751739 0.022494095659037094 0.020733014018191546
35 0.21502545224940806 0.6426565102193686 0.02614444956590371 0.01651951974317817
4 0.2598656606156275 0.2569555141787052 0.012233607576953433 0.011971650294275014
6 0.6760064909234412 0.43706527982878546 0.018153127703235992 0.014713740395933653
18 0.6779793275453828 0.5944355612627074 0.013417511602209945 0.014446234777956127
6 0.6171998358326757 0.41513258598180847 0.021963789739542224 0.0084353164258962
3 0.580504953433307 0.2067951289459604 0.0205208953433307 0.018726598608881755
13 0.6783741373322809 0.47458537399678974 0.00828728776637727 0.009630804922418405
13 0.6183897205998421 0.6793738683788122 0.00868193591160221 0.010968442589620118
6 0.565903861089187 0.6403491133226324 0.01736387182320442 0.017589624398073836
6 0.5732044072612471 0.6208199704654895 0.007892639621152327 0.008895130230069555
6 0.2663773954222573 0.3493848004280364 0.015390671507498026 0.012841091492776886
0 0.18044585319652723 0.4624463991439272 0.026440415469613256 0.011771014232209739
4 0.4477110655090765 0.3006954906367041 0.011444351696921862 0.014312468271803103
46 0.23164949013417524 0.21214551524879616 0.023677999684293606 0.01337613012306046
6 0.5848462446724546 0.48261109042268596 0.024467255564325177 0.011503481219903692
14 0.5580108981846883 0.11490112787586944 0.01026044767166535 0.02086678052434457
18 0.5516967703235991 0.3683789320492242 0.014206767482241514 0.014446234777956127
14 0.4108131207576953 0.5497592466559658 0.00828728776637727 0.01845906559657571
6 0.5943172344119968 0.6209620922418405 0.013812159747434886 0.009179373782771534
6 0.27150749802683505 0.3715889994649545 0.025256511444356748 0.011235948207597645
2 0.41327936858721387 0.2111757560192616 0.011247027624309392 0.011403163188871055
16 0.3395816764009471 0.41680032530765115 0.01617996779794791 0.011771014232209739
14 0.4030684640883978 0.21097511995719637 0.007991321862667718 0.01103531214553237
18 0.5240726124704025 0.4368311952915998 0.013417511602209945 0.013108624505082933
4 0.1864641767955801 0.6900916254681648 0.01854773543804262 0.015482890957731407
8 0.3145223677979479 0.3685126163723917 0.018153127703235992 0.017121455323702513
7 0.5771508887134964 0.34657578598180844 0.01578531965272297 0.01257355848047084
38 0.5552484419889503 0.480069444622793 0.03235989518547751 0.018726598608881755
8 0.35240713496448306 0.32490632423756016 0.01657457553275454 0.012306052862493312
18 0.20619577584846094 0.6827181680042804 0.01578531965272297 0.004280363830925628
4 0.25927405209155485 0.691144937399679 0.013417511602209945 0.012841091492776886
12 0.49585644198895024 0.11630563509898342 0.022888703393843725 0.01845906559657571
13 0.1977112044198895 0.36918131193151416 0.009865839936858722 0.018726598608881755
22 0.5142068129439621 0.3470105339753879 0.013417511602209945 0.011169078651685394
11 0.19859902131018153 0.20893517388978064 0.014798739700078925 0.017121455323702513
12 0.3897988950276243 0.18258429534510434 0.012430931649565904 0.021669352166934188
6 0.3453037916337806 0.16238618298555377 0.01657457553275454 0.01765649395398609
23 0.14463292817679557 0.18887101979668272 0.014996063772691397 0.011503481219903692
18 0.6594317537490133 0.5952382150882825 0.022888703393843725 0.01337613012306046
0 0.5749804451460142 0.27273930444087746 0.01578531965272297 0.002407703970037453
18 0.4291634917127072 0.7129480834670947 0.014009483820047354 0.013911168753344035
18 0.6778314254143646 0.18646333226324238 0.022395413417521704 0.01337613012306046
16 0.3989740805051302 0.4609416286784377 0.01026044767166535 0.012306052862493312
4 0.6754144782951854 0.16372384804708398 0.02012628760852407 0.014446234777956127
13 0.4372532533543804 0.41892387886570354 0.004735616101026046 0.015934322097378276
23 0.303078137332281 0.3485821466024612 0.014206767482241514 0.012306052862493312
14 0.2265193875295975 0.4172268002140182 0.01026044767166535 0.012607006955591225
14 0.17363871823204421 0.48220976350989836 0.00828728776637727 0.018592832102728732
14 0.2809784877663773 0.5734350690208668 0.007498031886345699 0.01738898833600856
14 0.5440014143646409 0.7086677196361691 0.00828728776637727 0.0197966758694489
5 0.6590369439621152 0.32303364794007494 0.022099447513812154 0.013643663135366507
6 0.5274270812943962 0.30089629106474053 0.024467255564325177 0.013643663135366507
2 0.17087626203630624 0.14325836704119851 0.011444351696921862 0.012306052862493312
4 0.6351616606156275 0.41524964194756553 0.013812159747434886 0.008652690422685929
4 0.6602209692186267 0.5492242354200106 0.018942383583267563 0.015248806420545746
23 0.33484597947908445 0.6221241322632424 0.014601415627466457 0.011503481219903692
13 0.4901343267561168 0.26835867736757624 0.0067087760063141285 0.005818610165864099
10 0.5426201862667719 0.32122781380417337 0.014996063772691397 0.01779026046013911
7 0.1993882367797948 0.19168003424291064 0.015587995580110498 0.01765649395398609
13 0.2805840820836622 0.36704126698769396 0.009471191791633781 0.0197966758694489
13 0.36858706235201266 0.4135902578919208 0.008089963693764798 0.018191532584269664
10 0.16880441988950276 0.3683789320492242 0.012430931649565904 0.01765649395398609
24 0.36799545382794 0.32731401177100056 0.014601415627466457 0.016051378063135367
4 0.40015770165745856 0.43713212199036916 0.007892639621152327 0.01337613012306046
6 0.6512922872928176 0.34550548956661314 0.022790061562746645 0.010968442589620118
13 0.1663377679558011 0.20840016265382558 0.00868193591160221 0.020331741894060996
13 0.3405436059984215 0.26993056393793474 0.0066594348855564325 0.008025689031567683
18 0.6708759842146803 0.23180834242910647 0.01854773543804262 0.01337613012306046
13 0.26677180110497234 0.32323444836811127 0.013417511602209945 0.019127870733012305
13 0.3149171775848461 0.4751203852327448 0.005130223835832675 0.006955584376672017
6 0.5741908255722178 0.3919207961476726 0.014996063772691397 0.012306052862493312
7 0.29696121231254935 0.3707866195826645 0.01578531965272297 0.012841091492776886
0 0.6148443529597475 0.6843232017121456 0.017252864404104184 0.01805779347244516
14 0.6444358516179952 0.6381462257891921 0.007103383741120757 0.017447502621722847
18 0.666929906866614 0.2715355976457999 0.0205208953433307 0.004815402461209203
18 0.48145214838200473 0.3919207961476726 0.022099447513812154 0.012306052862493312
2 0.2924231223362273 0.5993846206527554 0.014996063772691397 0.011771014232209739
6 0.3168904183109708 0.622838905082932 0.022888703393843725 0.012866184697699304
12 0.40134172691397 0.16104879186730875 0.005524871981057617 0.0211342861423221
2 0.1604184498816101 0.4169342835741038 0.011049743962115234 0.012038519850187265
12 0.584648637726914 0.6640582471910111 0.023283351539068665 0.014847506902086678
32 0.20619577584846094 0.691679948635634 0.014601415627466457 0.022338157303370788
0 0.3860989171270718 0.39125210058855003 0.023579317442778216 0.018191532584269664
0 0.5327543867403315 0.6837881904761905 0.013417511602209945 0.002140181915462814
18 0.5955012596685083 0.16452650187265916 0.01696922367797948 0.012841091492776886
12 0.615245183898974 0.2700642482611022 0.013935492344119968 0.007758156019261637
24 0.4101225067087609 0.5757087982878545 0.014009483820047354 0.011771014232209739
21 0.5396605272296764 0.11690748849652222 0.01696922367797948 0.02273942942750134
13 0.46487781531176003 0.5036115826645264 0.009076543646408839 0.017924026966292132
4 0.5380820962904499 0.43646342643124664 0.012628255722178374 0.015248806420545746
14 0.4025257521704815 0.6183787522739433 0.0031570639305445935 0.018191532584269664
2 0.42709164956590373 0.4380684601391118 0.021704799368587213 0.012306052862493312
22 0.63496445777427 0.14075041626538254 0.013022903867403315 0.011704117281968967
11 0.5205209408050513 0.622232805564473 0.023677999684293606 0.011720827822364902
23 0.27486196685082875 0.16506151310861425 0.014996063772691397 0.011771014232209739
11 0.4025257521704815 0.5064874392723381 0.0031570639305445935 0.01337613012306046
