28 0.7147534995118776 0.2739913088671073 0.01761309990237553 0.018691559607932527
12 0.6379759921900423 0.6909049610211989 0.019199416856492027 0.01641212673808981
12 0.7578912905955093 0.18167316890813767 0.017084272046859746 0.01595626350581263
28 0.6378132118451025 0.18155914474584 0.017409666124308495 0.02097110918623205
28 0.5263383325740318 0.25096881513562797 0.019077456557110316 0.025188019147481196
12 0.7162381828831761 0.3656256539776613 0.017409666124308495 0.01595626350581263
18 0.5239179537910836 0.55211421381354 0.01789784054669704 0.016127241395030772
18 0.5404733979824276 0.10982732619101891 0.015213147803449399 0.014788011853202642
18 0.5593069339407745 0.17905178025985868 0.018223234624145785 0.017323969911100977
18 0.7571591955743573 0.711135204923638 0.01692149170191995 0.0167540825165261
4 0.6455418626749105 0.4826760665602917 0.01106409840546697 0.01287901162525644
1 0.3739017871786528 0.3715523428310919 0.013992845037422715 0.015044420332801458
18 0.6428570699642044 0.36665152131297013 0.021640122356003905 0.013790738089810805
18 0.7674909990237553 0.1364257670389788 0.016758877969410998 0.015500283565078644
19 0.29222254214123006 0.3459083437428767 0.010494633778067034 0.010713474538408936
21 0.6317930048812236 0.6485069961249145 0.01789784054669704 0.01584223934351493
19 0.7534982206313049 0.6909049610211989 0.010413276928083305 0.010941417825393207
4 0.8010087549625772 0.6421885169819922 0.010738687666775139 0.01389052382037839
4 0.7712332808330621 0.275700971050832 0.01106409840546697 0.012992919079097333
19 0.779388959323137 0.46056529929336676 0.009355671200780995 0.010371553772509687
1 0.49316629742922224 0.62645318258491 0.015294504653433127 0.01607017095965352
1 0.5349210387243736 0.7204240310006839 0.015497888447770908 0.01686798997036699
3 0.46532302766026684 0.32009348347390015 0.02151799544419134 0.018577652154091632
18 0.7736688213472177 0.41258260132208796 0.013921651545720793 0.013790738089810805
19 0.8005207471526196 0.574652367449282 0.008786206573381061 0.01059949705949396
18 0.7723722434103483 0.11363120492363801 0.016270736869508622 0.016469080465010257
4 0.33363156264236904 0.2273193635741965 0.012691185421412302 0.012764987462958741
4 0.6779206560364465 0.2739913088671073 0.01228441783273674 0.01253705584682015
18 0.41518868076797916 0.3675632477775245 0.015294504653433127 0.01595626350581263
18 0.6330947478034494 0.6677969199908821 0.015294504653433127 0.014303671757465239
9 0.628701677839245 0.15887849008434007 0.014969093914741296 0.010713474538408936
18 0.5920721015294501 0.27171187599726465 0.018263888057273022 0.01618419512195122
2 0.7284412105434429 0.5511738937770686 0.01171493654409372 0.0063824937314793705
18 0.3532378470549951 0.2735354456348302 0.015619915392124959 0.014474532938226578
18 0.31833720794012366 0.45896966127193983 0.01757244646924829 0.015728331889674037
8 0.5312399036771884 0.5326105500797811 0.015619915392124959 0.014132693868247092
19 0.5206638464041653 0.6008662539320719 0.010413276928083305 0.010485531251424663
18 0.5263586592905956 0.6450235988146797 0.015294504653433127 0.014716819694552085
18 0.7423526820696388 0.1355709943013449 0.017084272046859746 0.016982014132664692
4 0.8009274480963228 0.528094329610212 0.010901401366742596 0.01287901162525644
1 0.609664874715262 0.6263391584226122 0.014969093914741296 0.01595626350581263
27 0.6519687705824927 0.18469340870754503 0.009111617312072893 0.01584223934351493
8 0.6353726729580215 0.20475273307499428 0.01659616426944354 0.01059949705949396
9 0.5679711135698016 0.25051283519489403 0.013992845037422715 0.01139730439936175
9 0.528148410022779 0.46056529929336676 0.015294504653433127 0.01139730439936175
8 0.6445655138301334 0.3444836836106679 0.015782629092092416 0.011283338591292455
9 0.4007483813862675 0.46124909414178256 0.015497888447770908 0.010941417825393207
18 0.31711677188415227 0.531371094597675 0.022779084933289947 0.012351839525871895
9 0.7370647367393427 0.184180533394119 0.013992845037422715 0.011169361112377478
9 0.7613081783273674 0.4600667207658992 0.013342006898795965 0.010912929291087304
1 0.782297345916043 0.4859812500569866 0.013342006898795965 0.015785285616594487
11 0.7750568695086235 0.5300604002735355 0.013504720598763422 0.00974470098016868
18 0.7129840754962576 0.6191019503077273 0.017409666124308495 0.01641212673808981
1 0.5711030940449072 0.3712103870526556 0.014643666514806378 0.01618419512195122
4 0.5104133498210217 0.4363460770458172 0.012691185421412302 0.013562806473672213
19 0.6739342870159453 0.6226350654205607 0.010738687666775139 0.010713474538408936
18 0.6556703989586723 0.7135856156826988 0.015457201692157502 0.014816488716662869
19 0.8012528421737716 0.1861181271939822 0.009843795639440286 0.010257576293594712
1 0.37504074975593876 0.18419478349669477 0.015619915392124959 0.016811036243446546
9 0.7230719583468923 0.4138362835650787 0.014969093914741296 0.011055395304308182
4 0.5549951708428246 0.5504900989286527 0.01171493654409372 0.007750165124230681
11 0.7106248434754312 0.7121038851151129 0.01513179095346567 0.015728331889674037
8 0.6566872346241457 0.13616935855938 0.016270736869508622 0.011169361112377478
14 0.46257725479986983 0.5287211707317073 0.0071591362186788155 0.01641212673808981
9 0.4666449306866254 0.6002963665374972 0.013992845037422715 0.01139730439936175
21 0.4541165089489098 0.6261681805333942 0.016758877969410998 0.01641212673808981
8 0.7841685701269118 0.5524419311602461 0.014318255776114546 0.010627997264645545
2 0.4837292027334852 0.2281741363118304 0.012365774682720468 0.011055395304308182
21 0.5292873726000651 0.3234556206975154 0.01773506020175724 0.01584223934351493
23 0.6856899602993817 0.6223501800775016 0.011308168955418158 0.01002963300661044
4 0.38057278229742925 0.6700478759972647 0.01171493654409372 0.013448782311374516
8 0.7795314129515132 0.6901640957374059 0.014969093914741296 0.010941417825393207
7 0.7346241978522616 0.5329880902666971 0.016270736869508622 0.015600069295646229
4 0.5217215021151969 0.6692500569865512 0.01171493654409372 0.013334874857533622
9 0.531727911487146 0.6934123255071802 0.014480969476082003 0.011169361112377478
23 0.5891637149365441 0.6469754310462731 0.01171493654409372 0.0102433378618646
4 0.7928327497559388 0.6891383451105539 0.010169223039375203 0.012423031684522452
8 0.4947934344288968 0.46102116252564396 0.016270736869508622 0.011169361112377478
7 0.7569252383989588 0.37132441121495324 0.01433859915392125 0.015728331889674037
2 0.5618287796941099 0.43851148575336224 0.013504720598763422 0.010713474538408936
18 0.4413846534331272 0.5291771506724413 0.015213147803449399 0.014816488716662869
8 0.6568500149690856 0.576532890813768 0.01692149170191995 0.010941417825393207
7 0.5386429938171168 0.2541599744700251 0.005694762902700943 0.015500283565078644
18 0.47412949430523915 0.45828586642352404 0.018874022779043282 0.017095921586505584
0 0.6740867373901724 0.18235696375655344 0.02328758607224211 0.010485531251424663
2 0.8004392736739342 0.4597674802826533 0.010087866189391474 0.010485531251424663
4 0.5526765922551253 0.6004102739913381 0.012609828571428573 0.013676830635969911
18 0.6506467009437032 0.6210394273991339 0.015091120859095346 0.014588557100524277
23 0.7632607094044908 0.48318900022794625 0.01122681210543443 0.010257576293594712
5 0.7016759232020827 0.5304450596763164 0.014480969476082003 0.010485531251424663
5 0.7889685076472502 0.6423594948712105 0.013016596160104133 0.012522817415090039
2 0.7524863666775138 0.6682812600866195 0.005440528994467946 0.011169361112377478
1 0.5878416452977546 0.2537041112377479 0.015009764009111618 0.014588557100524277
14 0.5174097390172471 0.3418053412354684 0.008460779173446143 0.01618419512195122
9 0.6394606255776115 0.29685006063369046 0.014847050309144159 0.011497031775700935
4 0.7413764998372926 0.48204922543879647 0.011389525805401887 0.013220850695235925
18 0.7183533276928084 0.5959653157054935 0.01773506020175724 0.01686798997036699
18 0.659372027334852 0.2269774077957602 0.014155542076147089 0.014018669705949395
9 0.5089489931662871 0.2980966236608161 0.015457201692157502 0.012195100068383861
9 0.5789130517409697 0.4141212856165945 0.01513179095346567 0.010827440346478232
0 0.7652130738691832 0.6679108274447231 0.020175765701269117 0.010428542511967176
19 0.7017165766352098 0.3678481331205835 0.009925152489424015 0.010257576293594712
5 0.7082656114546045 0.46045127513106904 0.014155542076147089 0.010941417825393207
0 0.5760249918646274 0.6711732956462275 0.03180931207289294 0.01096990635969911
4 0.7883175528799219 0.4345794611351721 0.006182887341360234 0.01595626350581263
14 0.6111292313699968 0.643321172555277 0.006996422518711357 0.0181787426487349
2 0.7745688616986659 0.3227575874173695 0.011552222844126263 0.01096990635969911
23 0.5655710615034168 0.6008662539320719 0.010901401366742596 0.010257576293594712
6 0.3883827399934917 0.6471392897196261 0.016433450569476083 0.010713474538408936
19 0.5208722785551578 0.18167316890813767 0.011298005597136349 0.010827440346478232
2 0.4082735984380084 0.18210765115112834 0.012691185421412302 0.010927167722817415
2 0.6398470497884803 0.27404837930248466 0.012528471721444842 0.011055395304308182
8 0.3298892808330622 0.6707601477091407 0.015619915392124959 0.011340327330749944
19 0.4962577910836316 0.4381125762480054 0.010413276928083305 0.01002963300661044
2 0.3110152580540189 0.7170048233416914 0.01106409840546697 0.010485531251424663
9 0.42417825447445495 0.20506609528151357 0.01513179095346567 0.011853144289947572
1 0.5093556941099902 0.20768748392979258 0.01513179095346567 0.01618419512195122
9 0.6617109326391148 0.36733531616138587 0.014440282720468597 0.011169361112377478
4 0.6290346361210543 0.38944608342831094 0.00843537077774162 0.012992919079097333
2 0.7686909417507323 0.5507180305447914 0.011552222844126263 0.007294278550262138
2 0.5091929137650504 0.6006382056074766 0.011877650244061178 0.010941417825393207
2 0.6391962616335828 0.39087074356051976 0.012203060982753009 0.011169361112377478
0 0.610803837292548 0.46102116252564396 0.024406055320533682 0.011169361112377478
9 0.5256263976570127 0.5072943150216549 0.015294504653433127 0.012081192614542968
23 0.5809468896843476 0.6238317939366309 0.012691185421412302 0.01059949705949396
2 0.7720468493328995 0.713015728288124 0.010738687666775139 0.010941417825393207
8 0.7779857494305239 0.43742878139958974 0.014480969476082003 0.010485531251424663
18 0.6597787282785551 0.24971501618418057 0.013342006898795965 0.014360625484385686
5 0.7795314129515132 0.30003421746067926 0.013504720598763422 0.01139730439936175
2 0.7612268714611129 0.41417823934351494 0.010575990628050765 0.010485531251424663
0 0.5903839843800847 0.4845565899247778 0.031890618939147415 0.010485531251424663
2 0.6797104067686299 0.5989856138591292 0.012528471721444842 0.010713474538408936
2 0.4005857676537586 0.7164349359471165 0.012040347282785552 0.010941417825393207
5 0.6947608408721119 0.7151241832687486 0.015782629092092416 0.010827440346478232
5 0.6291083787829482 0.34442672988374745 0.013667417637487796 0.010941417825393207
19 0.5585746723071917 0.5776441887394574 0.010738687666775139 0.010770463277866424
5 0.6492841444842173 0.6694495117392295 0.014318255776114546 0.010656485798951449
8 0.3276928291571754 0.11289033963984499 0.017084272046859746 0.012195100068383861
2 0.7517084698991214 0.48324595395486664 0.009762455450699642 0.010143610485525416
5 0.7888057273023105 0.5291771506724413 0.01277254227139603 0.010713474538408936
6 0.510250569476082 0.6238317939366309 0.016270736869508622 0.010485531251424663
2 0.6927676563618613 0.1825279416457716 0.011796293394077449 0.010827440346478232
12 0.7516269964204361 0.11236328424891726 0.024894229742922224 0.016098647823113744
19 0.7875039843800846 0.20862780396626396 0.0078099576960624795 0.009915655527695464
7 0.7853888395704524 0.2339868010029633 0.012040347282785552 0.014816488716662869
22 0.7603319960950211 0.5296330139047185 0.013016596160104133 0.01002963300661044
8 0.5047185369345917 0.5551060351037155 0.016433450569476083 0.011910214725324823
2 0.5473478268792711 0.5313675349897424 0.011633579694109992 0.0107063436516982
5 0.7657012482915718 0.6905060515158422 0.01317930986007159 0.010827440346478232
2 0.78758545785877 0.2547868155915204 0.007647243996095021 0.010257576293594712
5 0.6690936960624797 0.46079323090950536 0.014643666514806378 0.010713474538408936
8 0.7783924503742271 0.44011069505356737 0.013667417637487796 0.00490796407567814
6 0.7465831383013342 0.4606222530202872 0.014480969476082003 0.010428542511967176
5 0.7831109144158802 0.6667426925005698 0.013016596160104133 0.011283338591292455
2 0.6207289397982427 0.2510257688625484 0.012040347282785552 0.011169361112377478
2 0.6477383143507972 0.15887849008434007 0.012040347282785552 0.01002963300661044
8 0.7874430042303937 0.18566214725324823 0.014277585681744224 0.010485531251424663
2 0.5296127666775138 0.48392974880328243 0.012691185421412302 0.010770463277866424
22 0.6556297455255451 0.6462916361978572 0.013992845037422715 0.010813201914748119
21 0.6374242384640416 0.13847726829268292 0.018146926130816792 0.01527235194894005
18 0.783436308493329 0.1613858545703214 0.01594532613081679 0.014588557100524277
1 0.5488223468922877 0.2771825849099612 0.014786036836967132 0.015728331889674037
2 0.6985844295476733 0.6224640875313426 0.011552222844126263 0.01002963300661044
5 0.580702969085584 0.7174037328470481 0.014969093914741296 0.010827440346478232
2 0.6773105213146762 0.15933435331661727 0.011877650244061178 0.010143610485525416
2 0.5022778314350798 0.3211192341007522 0.012365774682720468 0.010713474538408936
5 0.7637487172144485 0.43720084978345114 0.013016596160104133 0.010941417825393207
18 0.7888057273023105 0.34454063733758833 0.005206638464041653 0.014246601322087988
0 0.6886186736088513 0.4609072550718031 0.022860391799544418 0.01139730439936175
5 0.7640742779043279 0.4401427548666515 0.012365774682720468 0.004972072031000684
23 0.6061666801171494 0.18190110052427627 0.012203060982753009 0.010713474538408936
2 0.7762773055645948 0.6440905147025302 0.01106409840546697 0.010827440346478232
9 0.35445811649853565 0.18201500797811715 0.014643666514806378 0.012081192614542968
4 0.5009762551252848 0.2508547909733303 0.012203060982753009 0.012309124230681558
0 0.39830784249918644 0.3226435632550718 0.02310447901073869 0.01096990635969911
23 0.7901481236576635 0.4600524823341692 0.010250563228115848 0.009915655527695464
5 0.7279532027334852 0.44012494515614314 0.013342006898795965 0.004936464280829724
0 0.3745525753335503 0.696147738317757 0.022779084933289947 0.01527235194894005
5 0.7496746319557436 0.3459083437428767 0.014155542076147089 0.011169361112377478
5 0.5344127041978523 0.6706177633918395 0.013830131337455257 0.010941417825393207
0 0.7845752710706151 0.7131297524504217 0.013342006898795965 0.010485531251424663
5 0.6525382518711357 0.2052370731707317 0.014480969476082003 0.010656485798951449
2 0.6684124178327367 0.6687941937542741 0.011694593166287017 0.010257576293594712
5 0.7731451584770582 0.18486432824253476 0.012325087927107061 0.010485531251424663
0 0.38089817637487794 0.5085479972646455 0.024731616010413276 0.011055395304308182
2 0.45354702766026683 0.6001823423751995 0.011877650244061178 0.010941417825393207
2 0.6016108298080052 0.6470537424207887 0.012528471721444842 0.011340327330749944
0 0.38504715912788806 0.44101180104855253 0.03140261112918972 0.006710164394802827
46 0.7325088864301985 0.6928424381126055 0.026358586397657015 0.014132693868247092
0 0.7273022479661568 0.4609072550718031 0.021802736088512853 0.010941417825393207
5 0.34770581451350474 0.6012080930020516 0.016270736869508622 0.011169361112377478
2 0.4273510549951188 0.6240027718258491 0.012040347282785552 0.010257576293594712
2 0.3747966625447446 0.275700971050832 0.012365774682720468 0.010941417825393207
5 0.5231043852912464 0.44031193544563485 0.013992845037422715 0.005303313973102348
2 0.48991219004230396 0.5517437811716435 0.012040347282785552 0.005242765625712332
0 0.5653269742922226 0.5328242899475724 0.02310447901073869 0.012992919079097333
2 0.5255450907907583 0.6237748402097105 0.01171493654409372 0.010827440346478232
2 0.341360213472177 0.18247098791885116 0.011389525805401887 0.010257576293594712
2 0.35698012886430197 0.36870302256667425 0.012365774682720468 0.011169361112377478
8 0.6603888630003254 0.4401783626168224 0.014806380214773835 0.005029060770458171
2 0.7905954780344939 0.574652367449282 0.010575990628050765 0.010827440346478232
8 0.4157378353400586 0.7165488434009574 0.01704361861373251 0.010713474538408936
14 0.679303539212496 0.1995099557784363 0.007647243996095021 0.009459768953726919
9 0.5223722902700944 0.27410533302940504 0.014969093914741296 0.011169361112377478
18 0.6358606807679791 0.41235466970594936 0.02082655385616661 0.013904762252108502
8 0.7770907074520014 0.5752792085707773 0.014969093914741296 0.010941417825393207
7 0.7749755626423691 0.25638245361294737 0.014318255776114546 0.014588557100524277
18 0.7703892222583795 0.20594934488260772 0.02243336413927758 0.014987466605881013
8 0.763097929059551 0.6441118723501253 0.014318255776114546 0.011069633736038295
0 0.3880573459160429 0.20594934488260772 0.02342987308818744 0.01111237237291999
16 0.6339896231695411 0.22803163528607248 0.016758877969410998 0.010428542511967176
2 0.48503094565571103 0.4378846446318669 0.012040347282785552 0.010827440346478232
8 0.4480963019850309 0.18212903214041487 0.016514807419459814 0.010941417825393207
2 0.7549625772860397 0.39155453840893545 0.011389525805401887 0.010770463277866424
23 0.5370973302961276 0.6242307034419876 0.008786206573381061 0.010713474538408936
2 0.7346241978522616 0.5984157264645544 0.011552222844126263 0.01059949705949396
19 0.3224861906931338 0.716662867563255 0.010901401366742596 0.010713474538408936
5 0.7863651884152294 0.1164662867563255 0.010087866189391474 0.011368815865055847
16 0.7587048590953466 0.16195574196489626 0.015294504653433127 0.010257576293594712
0 0.7681419537910836 0.3467061627535901 0.021151947933615363 0.01139730439936175
0 0.4069313686950862 0.6476521066788238 0.019199416856492027 0.010941417825393207
6 0.7579725974617638 0.2762708584454069 0.014806380214773835 0.010713474538408936
2 0.7609319008135373 0.23036813859129243 0.011247155483241133 0.01088442908593572
2 0.8015782362512204 0.32362659858673354 0.011389525805401887 0.010827440346478232
4 0.5912788597461763 0.6932984180533395 0.009437028050764724 0.012081192614542968
23 0.34738042043605594 0.1366536986551174 0.01122681210543443 0.010371553772509687
7 0.5483648291571753 0.2537041112377479 0.024894229742922224 0.01686798997036699
2 0.4739668805727302 0.5310007203100069 0.012365774682720468 0.010827440346478232
2 0.36169859290595513 0.7167768917255527 0.012040347282785552 0.010713474538408936
16 0.6476570074845428 0.5071233371324367 0.016758877969410998 0.01059949705949396
1 0.528311023755288 0.2307955249601094 0.014643666514806378 0.01595626350581263
2 0.7091604868206964 0.41417823934351494 0.012691185421412302 0.010713474538408936
16 0.3863489020501139 0.11471390927741053 0.01789784054669704 0.013562806473672213
0 0.7711519739668077 0.3921529026669706 0.019687591278880572 0.01054250832003647
23 0.748454362512203 0.5298039917939367 0.01106409840546697 0.010485531251424663
2 0.4028636928083307 0.5777296193298381 0.012691185421412302 0.011283338591292455
14 0.48682069638789455 0.3421472970139047 0.007484546957370648 0.01595626350581263
4 0.33973307647250245 0.4375426888534306 0.012365774682720468 0.014132693868247092
19 0.7068825616661244 0.1372520629131525 0.010738687666775139 0.010086621746067928
0 0.7458508766677514 0.43993260961932984 0.020501159778717866 0.004551804878048781
22 0.5151318138626749 0.5318697314793709 0.013992845037422715 0.011269088488716663
2 0.39228763553530754 0.13628338272167767 0.01122681210543443 0.010770463277866424
1 0.6670192046859746 0.5511738937770686 0.013748774487471525 0.0063824937314793705
19 0.7404003176049463 0.4141212856165945 0.009762455450699642 0.010257576293594712
18 0.3740644009111617 0.5503760747663551 0.021151947933615363 0.007978120082060634
18 0.4462252443865929 0.274219240483246 0.021965516433452653 0.014474532938226578
14 0.7371460436055972 0.3659106560291771 0.007972671396029939 0.015500283565078644
5 0.4018873439635535 0.6939822129017552 0.015782629092092416 0.010485531251424663
2 0.39684348584445167 0.5310932817870982 0.012691185421412302 0.010642235696375655
23 0.32940127302310446 0.18281282698883064 0.011389525805401887 0.009801689719626168
7 0.612674894890986 0.533493846364258 0.025707798242759518 0.015642784590836564
23 0.30353069443540515 0.3457944362890358 0.011796293394077449 0.009801689719626168
0 0.780995769606248 0.5067244276270799 0.01985037162382037 0.011169361112377478
13 0.39757558086560363 0.5531684413038523 0.008135368434754311 0.0180647184864372
2 0.5471750497884803 0.5777296193298381 0.011409852521965505 0.010713474538408936
13 0.47835995053693464 0.34100752222475494 0.008623492873413602 0.018235696375655346
18 0.7755908623494956 0.3674457223615227 0.020084128864301984 0.014310790973330295
13 0.5476732209567198 0.6210679276042854 0.0067523519687601695 0.016440603601550034
2 0.7816465577611454 0.27684062913152496 0.009762455450699642 0.010371553772509687
13 0.600064999674585 0.6905630052427628 0.007484546957370648 0.017323969911100977
23 0.4712007809957696 0.22825968361066787 0.012365774682720468 0.0103145650330522
19 0.45924184054669703 0.36819008889901983 0.010413276928083305 0.010941417825393207
8 0.29539534266189393 0.7174606865739686 0.01757244646924829 0.011625259357191702
13 0.5253823104458184 0.34134947800319126 0.0078099576960624795 0.01686798997036699
5 0.7423526820696388 0.2767267216776841 0.01513179095346567 0.011853144289947572
0 0.4852750328669053 0.20241622976977433 0.0224536908558412 0.003647139275131069
13 0.39977219915392126 0.11081036152268064 0.0071591362186788155 0.017038967859585138
5 0.47949891311422066 0.2522794511055391 0.015294504653433127 0.011967168452245271
23 0.7892124282460137 0.2771825849099612 0.0043931032866905305 0.009801689719626168
8 0.5322160859095346 0.5776726656029177 0.016270736869508622 0.010827440346478232
2 0.6121054136023429 0.5543651698199225 0.012691185421412302 0.010827440346478232
2 0.7286852977546372 0.7146113663095509 0.011389525805401887 0.010713474538408936
0 0.5615033856166612 0.20196036653749716 0.02326709274324764 0.0045589240939138366
19 0.4193886469248292 0.18193668493275586 0.01006752281158477 0.011155122680647368
14 0.3896843163032867 0.5524561695919763 0.008135368434754311 0.016640058354228403
13 0.5120403202082655 0.6678823505812628 0.0078099576960624795 0.01686798997036699
2 0.6692564764074195 0.20218829815363576 0.011552222844126263 0.004103025849099612
5 0.2952733823625122 0.36927279325279233 0.01513179095346567 0.010941417825393207
0 0.7888463807354378 0.7152382074310463 0.022046823299707127 0.014930512878960564
22 0.3969247927107062 0.39183954046045133 0.014969093914741296 0.010827440346478232
5 0.7869346697038724 0.6388762142694324 0.008948903612105433 0.006040572965580123
22 0.5143182453628377 0.6936402571233189 0.014643666514806378 0.010713474538408936
0 0.4907255919297104 0.3683931616138591 0.022779084933289947 0.010877309870070663
20 0.43231377286039696 0.5787553699566902 0.025382404165310773 0.023478473672213358
5 0.380821867881549 0.32231596261682244 0.011867470224536283 0.010713474538408936
0 0.3156524152294175 0.371267340779576 0.024324748454279205 0.014360625484385686
1 0.4214529749430524 0.4615340961932984 0.015619915392124959 0.01059949705949396
0 0.34013994402863645 0.5328242899475724 0.02375526716563619 0.013106943241395032
2 0.6604295164334527 0.1127764321860041 0.011389525805401887 0.011454293138819238
7 0.7173771454604622 0.5325963583314337 0.01659616426944354 0.016298102575792114
23 0.38398967002928736 0.39258040574424435 0.01106409840546697 0.010143610485525416
7 0.7534169137650505 0.5557043993617506 0.015294504653433127 0.015044420332801458
0 0.34298735047185164 0.7172327549578299 0.022941698665798895 0.01059949705949396
1 0.4110803514480963 0.14078529473444268 0.010901401366742596 0.01886253749715067
2 0.528311023755288 0.3913266067927969 0.01106409840546697 0.010827440346478232
4 0.7897819095346567 0.6890813913836334 0.0032541407094044904 0.013448782311374516
6 0.3804100019524894 0.5312571287896056 0.015294504653433127 0.011340327330749944
11 0.6397657429222259 0.31821284340095735 0.024406055320533682 0.017095921586505584
8 0.29638185486495283 0.5313639753818099 0.017226725675235924 0.012294885798951447
0 0.469573643996095 0.7164349359471165 0.02375526716563619 0.01139730439936175
6 0.6044582362512203 0.25096881513562797 0.01659616426944354 0.010941417825393207
7 0.6617312593556786 0.30071801230909506 0.009437028050764724 0.014816488716662869
4 0.615115600390498 0.4127535792113062 0.011877650244061178 0.013220850695235925
1 0.36397651806052717 0.5344199279689993 0.015619915392124959 0.01618419512195122
18 0.7960868571428572 0.34465466149988605 0.02025707256752359 0.014360625484385686
22 0.47071260657338104 0.6240597255527696 0.015619915392124959 0.011055395304308182
4 0.3115440859095347 0.5518578053339411 0.01171493654409372 0.005014822338728061
2 0.5672388519362187 0.7174037328470481 0.012203060982753009 0.010684974333257352
14 0.3481939889358933 0.1995099557784363 0.0071591362186788155 0.009459768953726919
16 0.6321998724373576 0.5540374524732163 0.017084272046859746 0.01074196307271484
23 0.43979816986657994 0.6240810948712104 0.012203060982753009 0.010841690449054024
13 0.7704197123332249 0.15939142375199453 0.0063455843800846075 0.01595626350581263
0 0.5421818418483567 0.43845453202644175 0.022209603644646924 0.010941417825393207
2 0.619834064432151 0.4398275486665147 0.012365774682720468 0.004341659630727149
8 0.6350471122681419 0.20184634237519947 0.015782629092092416 0.0047868673808981075
2 0.5521477643996096 0.36847509095053566 0.012365774682720468 0.011169361112377478
22 0.6385454734786854 0.7165488434009574 0.014480969476082003 0.010257576293594712
22 0.313130569476082 0.6705606929564623 0.014318255776114546 0.010371553772509687
2 0.7284412105434429 0.13765097241850924 0.011389525805401887 0.010770463277866424
6 0.39277580995769606 0.1820435431958058 0.01594532613081679 0.012437270116252563
0 0.6571754090465343 0.41417823934351494 0.018548628701594534 0.010485531251424663
6 0.3981450621542467 0.6706177633918395 0.0071591362186788155 0.010713474538408936
1 0.4816140579238529 0.2784362671529519 0.014969093914741296 0.017323969911100977
0 0.40481622388545396 0.6244586350581263 0.02342987308818744 0.012081192614542968
23 0.6173120520663846 0.11189306587645316 0.011389525805401887 0.010770463277866424
13 0.4908070654083957 0.24937317711420107 0.007647243996095021 0.017095921586505584
8 0.5772046078750407 0.4404365917483474 0.016270736869508622 0.005559745794392523
13 0.6483892691181256 0.24903122133576477 0.007972671396029939 0.017779833143378162
0 0.6182884009111618 0.7168907991793937 0.02375526716563619 0.010485531251424663
5 0.5383989066059225 0.20423979940733986 0.006182887341360234 0.01384769181673125
18 0.5850757123332249 0.199908865283793 0.01631142362512203 0.00866196161385913
2 0.49096967914090467 0.7169477529063141 0.011389525805401887 0.010827440346478232
6 0.5388870810283111 0.22771827307955325 0.005206638464041653 0.010371553772509687
6 0.5793199192971038 0.6006382056074766 0.01594532613081679 0.01059949705949396
8 0.6592092469899121 0.43720084978345114 0.014480969476082003 0.011169361112377478
27 0.6797510602017572 0.5305234177342147 0.009030260462089164 0.010656485798951449
18 0.5971362863651155 0.7143834346934124 0.014969093914741296 0.014588557100524277
23 0.5148064197852262 0.3212759735582402 0.011389525805401887 0.010058121540916343
18 0.43223229938171165 0.7143834346934124 0.015457201692157502 0.014588557100524277
13 0.4287341047835991 0.18146654825621156 0.008135368434754311 0.012807702758149077
6 0.5261958789456557 0.20483816366537497 0.01594532613081679 0.01054250832003647
16 0.6353726729580215 0.2507408835194894 0.01692149170191995 0.011283338591292455
5 0.6640091845102505 0.4595395486665147 0.004881227725349821 0.012821941189879189
13 0.5981126352098927 0.19916799999999998 0.0071591362186788155 0.010143610485525416
6 0.4383338132118451 0.46193300569865514 0.015619915392124959 0.009801689719626168
38 0.2993410582492678 0.27319348985639386 0.022372217377155876 0.02028719762935947
5 0.7549295213797591 0.3233417132436745 0.010347181776765376 0.011625259357191702
0 0.6842662570777741 0.36893095418281285 0.0224536908558412 0.011853144289947572
6 0.4082329450048812 0.2052370731707317 0.01594532613081679 0.010200587554137224
2 0.5597136348844777 0.29729880465010255 0.012365774682720468 0.010827440346478232
13 0.7124145942076147 0.4348073927513107 0.006671011780019525 0.01595626350581263
13 0.6522941646599415 0.6898792103943469 0.0071591362186788155 0.017095921586505584
5 0.6515975580865604 0.2021313444267153 0.013677597657012692 0.004217003328014588
11 0.4136023638138627 0.6904490977889218 0.005857459941425317 0.01641212673808981
0 0.7965343781321185 0.27991799772053794 0.019199416856492027 0.015500283565078644
0 0.796463068011715 0.30285506086163666 0.0201554389847055 0.014987466605881013
4 0.7635861034819394 0.29895139639845 0.014969093914741296 0.012423031684522452
13 0.7377155248942402 0.7116480218828356 0.006182887341360234 0.01686798997036699
13 0.6474129202733485 0.22558122452701163 0.008135368434754311 0.016583104627307953
14 0.7020826241457858 0.1806474182812856 0.005532049202733485 0.015500283565078644
23 0.7505695073218352 0.4138362835650787 0.010413276928083305 0.010143610485525416
22 0.5917670341685649 0.5308866961477092 0.014318255776114546 0.010371553772509687
8 0.6614871721444843 0.599384523364486 0.009925152489424015 0.010941417825393207
22 0.5099251753986332 0.646968311830408 0.015294504653433127 0.010713474538408936
2 0.776317958997722 0.6402439206747207 0.01122681210543443 0.003305218509231821
13 0.7290106918320859 0.3651697907453841 0.006996422518711357 0.018691559607932527
21 0.7571489655711031 0.11622411670845681 0.014786036836967132 0.022167720993845452
4 0.7531066980800522 0.5042169464326419 0.006671011780019525 0.01527235194894005
23 0.5269484672958021 0.11243447640756782 0.01175560663846404 0.010713474538408936
2 0.628864291571754 0.1126481695919763 0.011389525805401887 0.011482793343970822
1 0.6236576531077124 0.6029747089126966 0.0224536908558412 0.015500283565078644
13 0.4349170920924178 0.15785273945748804 0.007647243996095021 0.019831334397082286
7 0.33119102375528797 0.20867763847731935 0.026521366742596808 0.01619843355368133
7 0.3904165279531403 0.4185092901755186 0.02668398047510576 0.015500283565078644
13 0.7124959010738693 0.5020372992933668 0.008135368434754311 0.019859811260542513
8 0.7131671825577611 0.5511169400501481 0.014602996420436056 0.006496471210394347
4 0.37316952554507 0.7155230927741053 0.009437028050764724 0.012764987462958741
6 0.5257891780019526 0.20190329610211988 0.01513179095346567 0.004672901572828812
5 0.2938903325740319 0.2025872076589925 0.013911488187438986 0.003305218509231821
2 0.36316311617312075 0.43868246364258034 0.012040347282785552 0.010827440346478232
18 0.46304510250569475 0.2001367968999316 0.02151799544419134 0.008206063369044905
13 0.4543199427269769 0.5278094442671529 0.008054011584770582 0.019603402780943698
13 0.7525422984705499 0.6367677592888078 0.005552392580540189 0.010257576293594712
18 0.3462414578587699 0.15813762480054705 0.0224536908558412 0.014816488716662869
4 0.39977219915392126 0.15808067107362664 0.012365774682720468 0.013904762252108502
4 0.4127887953140254 0.4802826095281514 0.007484546957370648 0.01897656165944837
7 0.6239830471851611 0.27661269751538636 0.015619915392124959 0.015500283565078644
7 0.3195574773836642 0.3977945894688853 0.025382404165310773 0.021028062913152495
13 0.7549625772860397 0.13659674492819693 0.0071591362186788155 0.016982014132664692
7 0.5343312307191669 0.2974626633234556 0.014318255776114546 0.022125005698655116
0 0.3883012665148064 0.20241622976977433 0.023592653433127237 0.003647139275131069
2 0.7512202954767329 0.25296324595395486 0.01171493654409372 0.010713474538408936
13 0.709546861047836 0.18053339411898792 0.0065489681744223885 0.016640058354228403
16 0.4084770322160755 0.2987805352176886 0.016108039830784248 0.01059949705949396
8 0.659941508623495 0.32104792523364484 0.013016596160104133 0.01074196307271484
13 0.7794501060852587 0.1367677228174151 0.006833708818743898 0.0167540825165261
11 0.2986902700943703 0.5058125844540688 0.024324748454279205 0.01641212673808981
19 0.5346566247966157 0.28903572919990883 0.013667417637487796 0.0054707089126966035
6 0.42267324438659293 0.44096905074082515 0.026033192320208266 0.006624687121039434
18 0.5097623950536935 0.5760770275814908 0.024406055320533682 0.014588557100524277
4 0.35161087666775137 0.4410331703669934 0.010738687666775139 0.006752903031684522
13 0.7358444672958021 0.199908865283793 0.007972671396029939 0.00866196161385913
7 0.5605272033843149 0.46355712058354226 0.024731616010413276 0.015215398222019602
11 0.7554964534982103 0.5483245735126511 0.011460702635860723 0.012081192614542968
1 0.37798975645948585 0.3712103870526556 0.006223557435730556 0.01595626350581263
7 0.6040513686950862 0.4428816689309323 0.016433450569476083 0.010449911830408023
7 0.3304995821672633 0.3264189651242307 0.016677571103156527 0.0167540825165261
13 0.40202979759192975 0.27302251196717575 0.007850627790432801 0.016640058354228403
13 0.5172469586723072 0.11079612309095054 0.006833708818743898 0.0174663542284021
7 0.6130002889684347 0.34704811853202644 0.017409666124308495 0.01595626350581263
2 0.5016855409046534 0.4846421372236152 0.0036863333550276605 0.012935965352176886
7 0.4403676511552229 0.5099157036699339 0.026358586397657015 0.015614307727376339
13 0.4305646755613407 0.27205383177570097 0.008054011584770582 0.01755190152723957
29 0.7863651884152294 0.32093401777980396 0.010087866189391474 0.016440603601550034
4 0.7888870341685649 0.4058582101664007 0.011389525805401887 0.007636199316161385
4 0.6495485584119752 0.5508320547070891 0.014765693459160428 0.0070663352632778665
18 0.5301822479661568 0.639845011169364 0.021640122356003905 0.004103025849099612
13 0.44854382297429224 0.3680761814451789 0.008542136023429873 0.022224791429222703
8 0.29498864171819067 0.5990425675860498 0.016270736869508622 0.01618419512195122
11 0.5394565623169542 0.41172782858445406 0.004067692547998699 0.014588557100524277
6 0.7274650283110966 0.20652635149304766 0.01985037162382037 0.010357303669933895
35 0.9136022700943703 0.2606564340095738 0.005532049202733485 0.011055395304308182
0 0.4712007809957696 0.5519717127877821 0.024731616010413276 0.0047868673808981075
6 0.7947038073543768 0.208912689309323 0.022209603644646924 0.010485531251424663
22 0.31109673153270423 0.11286186277638478 0.015457201692157502 0.01059949705949396
5 0.5423446221932965 0.20116254752678367 0.014399612626098275 0.0061545504444950995
4 0.33932637552879924 0.44115782666970593 0.010413276928083305 0.0070022273079553225
6 0.4985357162382037 0.1818013498062457 0.02554501789781972 0.010827440346478232
21 0.37637030195899773 0.7188995851379074 0.00298466176374878 0.021028062913152495
6 0.5054812053368044 0.181462988648279 0.011287825577611455 0.011190730430818327
5 0.70663847445493 0.44013740961932984 0.01789784054669704 0.0049613932072031
11 0.3656036550602017 0.13394687941645772 0.025057010087862024 0.016241148848871668
7 0.39645711161731206 0.25467290813767945 0.027294115196876016 0.015386376111237748
11 0.5693133433127238 0.31809893594711647 0.024406055320533682 0.01618419512195122
13 0.7276278086560364 0.27416228675632554 0.0078099576960624795 0.019603402780943698
21 0.6297693636186138 0.6030886163665375 0.00994549586723072 0.016298102575792114
18 0.4355678802473153 0.36898790790973335 0.015457201692157502 0.02028719762935947
6 0.7208753400585748 0.1837246701618418 0.015457201692157502 0.010713474538408936
13 0.509869226944354 0.2718258534761796 0.008979410348193946 0.01786526373375883
8 0.3896030094370322 0.275700971050832 0.016433450569476083 0.010713474538408936
9 0.6281371949235275 0.5067244276270799 0.006671011780019525 0.01287901162525644
8 0.46892285584119753 0.4383405078641441 0.016758877969410998 0.012081192614542968
13 0.40107394207614705 0.130499194894005 0.006508298080052067 0.021996859813084114
7 0.34479742792059875 0.46575112286300435 0.028595858119101855 0.01760885525416002
4 0.5104133498210217 0.44038672222475495 0.010413276928083305 0.0054315298837474355
4 0.4638789977220957 0.27478912787782084 0.011552222844126263 0.014132693868247092
13 0.5724048369671331 0.17882384864372008 0.007484546957370648 0.01755190152723957
8 0.7478034077448746 0.2995497606564851 0.014969093914741296 0.011055395304308182
5 0.752192728929385 0.20674716389332118 0.004858335177351123 0.011055395304308182
7 0.606085206638464 0.3937770175518578 0.02766032931988285 0.014702581262821975
6 0.663887057598438 0.3438568424891726 0.022534997722095673 0.012195100068383861
6 0.49707119297103813 0.13460219740141324 0.02310447901073869 0.012138146341463414
4 0.6588025460462089 0.5305020484157739 0.015294504653433127 0.010627997264645545
6 0.6232509521640092 0.2972418509231821 0.016433450569476083 0.010713474538408936
22 0.4554589053042629 0.4615910499202188 0.01553855854214123 0.010485531251424663
2 0.41457854604620886 0.5546786487348986 0.0039049788480312398 0.01088442908593572
1 0.5094370009762447 0.20184634237519947 0.014969093914741296 0.0047868673808981075
2 0.37794653719492355 0.2773535627991794 0.0061269555483241134 0.018691559607932527
14 0.6106410569476082 0.6391610996124915 0.006833708818743898 0.0054707089126966035
8 0.43532379303612107 0.6439408944609072 0.01692149170191995 0.016882228402097105
11 0.6282846635860723 0.27102808114884885 0.006965915782622845 0.018235696375655346
8 0.656361840546697 0.3879644695691816 0.020175765701269117 0.01641212673808981
7 0.3010495021151969 0.5811488269888306 0.02896190562967784 0.016298102575792114
2 0.6267020787504067 0.577273756097561 0.003775321054344289 0.010713474538408936
1 0.708773945981126 0.2026441613859129 0.013626747543117474 0.003191252701162526
8 0.5771639544419135 0.43822660041030315 0.016677571103156527 0.012195100068383861
21 0.649670518711357 0.4611351866879417 0.014440282720468597 0.010827440346478232
4 0.407256762772535 0.5516441121495327 0.011389525805401887 0.017637332117620242
6 0.568987949235275 0.27456119626168224 0.025138316954116502 0.011511281878276727
5 0.7518050384640417 0.46056529929336676 0.0040981992840872115 0.010371553772509687
7 0.4126260149690856 0.5335722044221564 0.0078099576960624795 0.01574257032140415
18 0.41502606703547024 0.11145144107590609 0.022860391799544418 0.0160416940961933
2 0.689310115196876 0.5312286519261453 0.005694762902700943 0.005242765625712332
4 0.6758053446143834 0.4404846756325507 0.01317930986007159 0.005641663460223388
13 0.6223560767979173 0.19888311465694097 0.008460779173446143 0.010713474538408936
6 0.4563131272372275 0.4846421372236152 0.006833708818743898 0.011169361112377478
2 0.7518622365115523 0.5298004088443128 0.004212595379108363 0.009210456348301801
13 0.40445000976244716 0.44114001695919763 0.006426941230068338 0.006945238568497835
27 0.7202245519036772 0.11464271711875997 0.010738687666775139 0.011083883838614087
16 0.535307579563944 0.5985867043537725 0.012365774682720468 0.01618419512195122
21 0.3778168794012366 0.7172897086847504 0.005847296583143508 0.024276292682926828
14 0.3561665603644647 0.19922495372692045 0.008135368434754311 0.01002963300661044
6 0.724698928734136 0.32164628949168 0.021802736088512853 0.01273651059949852
0 0.43101202993817117 0.3448825931160246 0.02456883566547348 0.010485531251424663
29 0.41018547608200456 0.41395030772737634 0.012691185421412302 0.019831334397082286
6 0.33485199869834037 0.5082629952131298 0.01757244646924829 0.011739236836106679
4 0.4424829625772861 0.4408604301800775 0.011389525805401887 0.0064074226578527465
13 0.5568662284412627 0.5311858899475723 0.0063455843800846075 0.011995645315705494
6 0.5518223703221607 0.7171187307955322 0.016270736869508622 0.01002963300661044
8 0.5045557565896518 0.5517437811716435 0.01594532613081679 0.005242765625712332
6 0.5042761476082005 0.1372806564850695 0.00886756342336479 0.0167540825165261
8 0.6976082473153271 0.5502906441759744 0.014643666514806378 0.01595626350581263
23 0.409127820370973 0.6709026487348986 0.014806380214773835 0.010371553772509687
2 0.6644971923202082 0.668053328470481 0.0039049788480312398 0.012081192614542968
8 0.6635819902375529 0.6894233471620698 0.014440282720468597 0.016298102575792114
8 0.7808329892613082 0.7133148520629132 0.005857459941425317 0.010200587554137224
5 0.6396640093719492 0.44041699639844994 0.024284095021151968 0.005520566765443356
6 0.7481288018223234 0.6442044221563711 0.015294504653433127 0.012366077957602006
6 0.40807033127237224 0.20218829815363576 0.015416531597787178 0.004103025849099612
27 0.703221586723072 0.25233640483245956 0.008948903612105433 0.011853144289947572
7 0.3781956727627725 0.2565534315021655 0.0065845732508948915 0.01914742284020971
29 0.38424890231044584 0.6228345085023935 0.01874189912137976 0.01994524185092318
2 0.7289293849658315 0.6219512705721449 0.011877650244061178 0.010371553772509687
6 0.6304914285714286 0.6235467918851152 0.02408066124308493 0.010827440346478232
14 0.5392124751057599 0.15682698883063598 0.0045558169866579895 0.017095921586505584
5 0.505532105434429 0.34482563938910415 0.015294504653433127 0.010371553772509687
6 0.5080539511877644 0.5076932245270116 0.015619915392124959 0.010713474538408936
4 0.7478034077448746 0.639958918623205 0.014318255776114546 0.0038750825621153406
2 0.6649853667425968 0.20543652792341008 0.0029287299707126584 0.009459768953726919
5 0.2965241418808981 0.5523136685662183 0.015965669508623496 0.004103025849099612
46 0.32740808851285386 0.13659674492819693 0.02692806768630003 0.010770463277866424
22 0.6928896166612432 0.2026441613859129 0.014643666514806378 0.003191252701162526
13 0.6281473749430524 0.293587592432186 0.006660831760494631 0.018363958969683153
27 0.42519525675235925 0.15694101299293367 0.009599741750732183 0.015500283565078644
8 0.40115524894240157 0.484613660360155 0.015782629092092416 0.011283338591292455
27 0.40164342336479014 0.3447686856621837 0.009599741750732183 0.010827440346478232
23 0.7417018939147414 0.32277182584909964 0.010087866189391474 0.009915655527695464
29 0.3499837396680768 0.5751653011169364 0.021477342011064104 0.016526150900387507
6 0.39066066514806375 0.6707887412810577 0.008623492873413602 0.010713474538408936
19 0.4428083566547348 0.19899702211078185 0.014969093914741296 0.010485531251424663
13 0.6260626835535308 0.20158993389560065 0.002511799023755288 0.01669701208114885
2 0.3762317470615034 0.39457483656257125 0.002707551968760169 0.014018669705949395
1 0.7870159765701268 0.3891611980852519 0.008786206573381061 0.029063090038750853
13 0.5034321056947608 0.6906770294050605 0.007169299576960625 0.017779833143378162
5 0.4720143494956069 0.368361066788238 0.013667417637487796 0.010941417825393207
4 0.6943539733159779 0.27513108365625716 0.016108039830784248 0.011169361112377478
14 0.7873413706475756 0.1367677228174151 0.008135368434754311 0.01607017095965352
2 0.41860556849983727 0.5517437811716435 0.011552222844126263 0.005242765625712332
6 0.7188415021151969 0.29821064782311374 0.015294504653433127 0.011853144289947572
20 0.9143345317279531 0.3071005643948028 0.004067692547998699 0.011853144289947572
2 0.4080703312723723 0.6008662539320719 0.012528471721444842 0.011169361112377478
4 0.36804419394728277 0.4611351866879417 0.016108039830784248 0.01139730439936175
6 0.5629270888382688 0.6230339749259175 0.02269761145460462 0.012423031684522452
7 0.34965834559062803 0.25427399863232275 0.02310447901073869 0.01641212673808981
12 0.38681663312723724 0.22578067927968998 0.02208747673283436 0.02951906997948484
2 0.7312073101204034 0.6410417396854343 0.015457201692157502 0.0017095921586505586
7 0.41734464562316953 0.14269429496238886 0.02416213472177026 0.022224791429222703
6 0.6867067959648552 0.2511967467517666 0.022128130165961605 0.011853144289947572
2 0.7890498145135046 0.4401480884431274 0.004718514025382362 0.004982762525643948
10 0.7452000885128538 0.5482106660588101 0.014318255776114546 0.012309124230681558
2 0.6921981750732183 0.6409847859585137 0.015294504653433127 0.0018235696375655346
8 0.5363244152294175 0.3680761814451789 0.01594532613081679 0.011055395304308182
21 0.6450028714611129 0.11078188465922043 0.019382523917995446 0.015899193070435375
6 0.39424016661243083 0.3692158395258719 0.02424344158802473 0.011625259357191702
13 0.37704909599739667 0.5981308411214953 0.0043422531727953136 0.017095921586505584
29 0.6605922967783925 0.15648503305219966 0.01171493654409372 0.015728331889674037
6 0.6095020943703221 0.2020173202644176 0.013992845037422715 0.00444494661499886
2 0.6261059028180931 0.2506268593571917 0.0026185809306866255 0.01002963300661044
8 0.5033685597136349 0.5313425593799863 0.0070320109339407745 0.010485531251424663
13 0.6275321418808981 0.7111992778664235 0.00547103573055646 0.021213279234100754
6 0.5131792827855516 0.22788925096877136 0.006508298080052067 0.010713474538408936
8 0.7965242147738366 0.36593913289263735 0.019545304262935242 0.015899193070435375
13 0.4026196055971364 0.36622401823569634 0.010413276928083305 0.017494831091862322
23 0.5322973927757891 0.1814452372919991 0.011796293394077449 0.010941417825393207
29 0.41311418939147415 0.38836337907453844 0.006833708818743898 0.016298102575792114
5 0.6633175763097949 0.27490315204011856 0.014725023364790106 0.010713474538408936
8 0.6402537507321836 0.5738545484385684 0.014643666514806378 0.016298102575792114
5 0.7479661880898144 0.2028720930020515 0.013667417637487796 0.0027353544563483018
5 0.5905467647250244 0.4608501846364258 0.015619915392124959 0.010257576293594712
5 0.4140905382362512 0.5098016795076362 0.004881227725349821 0.014702581262821975
35 0.5475817507321835 0.13029974014132664 0.030283975268467298 0.021540879872350125
0 0.7889685076472502 0.3006610585821746 0.004881227725349821 0.010713474538408936
16 0.4173039921900423 0.27598585639389106 0.01716557891311422 0.011625259357191702
12 0.5013982677513831 0.6032595942557556 0.0031219504067686297 0.019375471164805105
11 0.37771772834363815 0.6466334752678368 0.005669337845753335 0.020045027581490765
19 0.41343958346892284 0.43913832687485754 0.006182887341360234 0.010485531251424663
27 0.3382687198177677 0.559664900843401 0.010087866189391474 0.018577652154091632
4 0.755069359192971 0.5725723893321176 0.01056581060852587 0.016355173011169365
35 0.3017002902700944 0.15671296466833828 0.029856780995769605 0.020743060861636655
5 0.5417243241132443 0.5519147590608616 0.014989420631304913 0.004900844859813084
13 0.36495286690530426 0.5067244276270799 0.007484546957370648 0.015500283565078644
4 0.6727851610803776 0.705571864508776 0.013036939537910837 0.010571008525188054
8 0.53644654214123 0.44096905074082515 0.010087866189391474 0.006624687121039434
2 0.3803642668402213 0.5550560838842032 0.01097257819720143 0.011724998404376567
1 0.46908563618613736 0.18477176676544335 0.02342987308818744 0.016597343059038067
13 0.5778962160754962 0.27268064955550486 0.010331920078099577 0.0200877428766811
29 0.7168076641718191 0.3456804121267381 0.02098933420110641 0.02370640528835195
5 0.41140574552554504 0.15916349213585596 0.010250563228115848 0.010257576293594712
7 0.4554995587373902 0.15790969318440848 0.028636511552229092 0.02279456211534078
6 0.29874108688577933 0.18155914474584 0.023897720794012367 0.013790738089810805
5 0.7021639310120404 0.6693070107134717 0.005938816791409047 0.0045589240939138366
5 0.5379108987959649 0.5517722580351037 0.0071591362186788155 0.018292650102575792
27 0.5143995522290921 0.1348871994529291 0.008948903612105433 0.012081192614542968
7 0.5383989066059225 0.2984101025757921 0.006182887341360234 0.020572199680875314
13 0.38984709664822653 0.7129587745612036 0.006508298080052067 0.017437877364941873
28 0.5982752489424016 0.4120697843628904 0.021151947933615363 0.017779833143378162
13 0.6171494383338757 0.6369956909049463 0.006833708818743898 0.009573734761796215
13 0.6439960325414904 0.6433496494187372 0.0071591362186788155 0.017152992021882835
