0 0.6822826329913181 0.5438596040663457 0.023035191160220996 0.011247481219903693
8 0.3270887955801105 0.38861923167469237 0.016863469613259668 0.01242935473515249
0 0.3009731586424625 0.4110283402889246 0.024959656511444356 0.011855854467629748
0 0.5528654396211523 0.6621129759229535 0.024271184214680348 0.011316487533440342
5 0.15344765272296762 0.6421759315141786 0.017028667403314917 0.012413712573568754
9 0.662797133385951 0.5906778812199037 0.014190603314917127 0.011799285179240235
0 0.6955744277821625 0.5217301915462814 0.023215421625887925 0.012896784162653824
12 0.34688828413575373 0.6840114542536115 0.014739295974743489 0.01765274093097913
0 0.5824535438042621 0.6613560706260032 0.023918926598263616 0.011649082075976458
0 0.6452133480662984 0.22360908293204923 0.02462796779794791 0.011077115890850723
7 0.3534327513812155 0.6199161219903692 0.014949470560378849 0.016355400321027287
5 0.6319688334648776 0.522020023542001 0.014704138910812944 0.011154943178170146
8 0.6402396337805841 0.3844120107009096 0.016168693291239145 0.010989645799892991
7 0.6587132565114444 0.4555885029427501 0.014392049250197316 0.016355783841626538
5 0.6764085745856353 0.521186962011771 0.014392251302288871 0.011760522204387374
0 0.3852688871349645 0.41009145425361154 0.02380007955801105 0.012251839486356341
7 0.6263004640883978 0.2492275741037988 0.015832640252565117 0.016452650187265917
13 0.39489666929755324 0.24618269448903157 0.010223835832675611 0.018287275762439808
14 0.6894195169692185 0.38087649866238626 0.007218513022888714 0.017502236490101658
11 0.3703679494869771 0.4977979582664526 0.01458618089976322 0.017657808881754947
8 0.42300777269139694 0.24842053718566076 0.01591321862667719 0.01131191268057785
11 0.631734453038674 0.6571398095238096 0.014807347119179163 0.01731485928303906
9 0.44256520284135753 0.45305452755484216 0.014327432991318076 0.011011013376136972
12 0.6601514632991319 0.5220005735687533 0.013769769218626679 0.021243479935794545
13 0.6731910970797158 0.6112219839486357 0.011084901026045778 0.018559137078651686
0 0.34889264088397787 0.4556958887105404 0.02497901310181531 0.011859634884965222
6 0.6573356653512233 0.38409177100053504 0.017028222888713498 0.010877055109684322
5 0.7005380394632991 0.3612509277688603 0.013288481136543014 0.011253453183520598
7 0.6843092154696132 0.3634339818084537 0.015509478137332281 0.016685556768325307
7 0.19763038358326757 0.4381147565543071 0.014935084451460141 0.016061541359015517
18 0.6605418279400158 0.6124686998394864 0.014711776479873716 0.014215848475120385
13 0.3714129629044988 0.5448575794542536 0.011769130228887136 0.01867759015516319
8 0.17680487450670876 0.45779867736757623 0.017337726282557222 0.011179461102193687
2 0.6224695564325178 0.2694796532905297 0.011036974269928966 0.01145217164258962
5 0.7007954538279401 0.6137710262172285 0.01277369281767956 0.011766439379347245
9 0.20573792580899766 0.6643190411985019 0.014540961641673244 0.012166341787051898
0 0.6957025288082084 0.5668294745853397 0.022959906550907655 0.012630483895131087
14 0.6554909297553276 0.24364817121455323 0.008283812470402526 0.017555710219368643
0 0.25619114127861087 0.45586135045478865 0.025977837411207575 0.010734631995719637
6 0.6931651586424625 0.49877347030497593 0.015386590055248619 0.011567227822364901
14 0.3461071507498027 0.6603197431781701 0.0071459359116022095 0.017392001712145534
0 0.684360132596685 0.29245938576779024 0.025252551223362275 0.011329992937399678
7 0.4634893133385951 0.4558621722846442 0.01606960694554065 0.015056114713750669
20 0.48390344435674815 0.6217618148742643 0.03068185256511444 0.010778819047619046
11 0.46964745698500393 0.33721843124665596 0.014309409944751382 0.017165888924558587
0 0.1564259005524862 0.41212931835205996 0.025491821310181528 0.012888511075441414
19 0.6460692407261247 0.5220827565543071 0.010979874348855565 0.011213539646869984
13 0.3866056637726914 0.31327058319957196 0.011075606629834254 0.021651792402354198
18 0.3581013670086819 0.546823670411985 0.015194155643251774 0.013077696308186197
0 0.4927145319652723 0.522843771000535 0.021321587371744277 0.01095008838951311
14 0.35772837884767167 0.43049009309791336 0.007805878453038674 0.01695287062600321
6 0.39172283504340966 0.5703028014981273 0.01538586266771902 0.01098726249331193
6 0.31551929281767954 0.15612000428036385 0.017768178058405682 0.011241043552701979
6 0.6429854812943963 0.24589286249331194 0.01579251270718232 0.011275505617977528
12 0.6756027908445146 0.4144630959871589 0.012413555169692187 0.007078256179775281
5 0.26622626045777426 0.4762046527554842 0.013246009786898185 0.0063922200107009094
0 0.20583127387529598 0.6415088796147672 0.022439177900552484 0.01189385040128411
11 0.35592405367008684 0.315890302835741 0.014269605682715075 0.017601650508293206
6 0.5775570134175217 0.43045995933654363 0.01564857079715864 0.010131573247726058
1 0.3953836148382005 0.26943253504547887 0.015439810576164167 0.009021472873194221
5 0.6578173575374902 0.42972655837346174 0.015253680189423836 0.010997535366506153
6 0.3364052962904499 0.2494932990904227 0.017931840252565112 0.010962826752273943
8 0.3877456416732439 0.4778631054039593 0.016509151065509077 0.0117963265917603
9 0.20403583898973957 0.2274545617977528 0.014374672770323598 0.012018850722311398
0 0.38461383425414364 0.4135179341252006 0.025081817205998422 0.005184349277688604
13 0.5490717095501184 0.42854345211342965 0.009900956590370954 0.01750568817549492
12 0.6752180836621942 0.4072736736222579 0.013626029360694555 0.021807803103263777
0 0.30834830244672456 0.4111916104868914 0.010450134175217049 0.011975156768325309
5 0.38693500868192576 0.5009428271803104 0.014598910181531177 0.011212635634028892
0 0.6115167166535123 0.5212710626003211 0.024396901026045775 0.011425188228999465
8 0.45443374269928966 0.26968785018726593 0.016507736700868195 0.008452328303905833
0 0.4875347245461721 0.43115769288389516 0.02454852091554854 0.011630043017656501
9 0.5045212438831886 0.33947298448368113 0.014102387371744279 0.011811174317817015
14 0.6395393212312549 0.35788663028357415 0.0070726718232044196 0.017065653076511502
14 0.7062981404893449 0.4953116490101659 0.008508615627466456 0.018172301765650083
5 0.38003290923441196 0.2698900203317282 0.0146844590370955 0.008106666666666667
11 0.6267793275453828 0.28998129481005885 0.013740875769534333 0.017048641198501874
2 0.38575421625887923 0.5938331599785982 0.011237975690607735 0.011504713964686998
13 0.2767547908445146 0.5454638159443552 0.00859121452249408 0.017555491064740504
14 0.25449067087608523 0.47340686998394865 0.00515576322020521 0.011781177528089888
2 0.7011272233622731 0.22340691278758695 0.011935904025256511 0.012132455002675227
2 0.7006325998421468 0.38359757731407174 0.012478535122336227 0.011975430711610486
