35 0.426608796615685 0.5338500405744244 0.02214862349495607 0.020515129245498063
21 0.6608567107061504 0.34887168816959196 0.029002559062805078 0.016640058354228403
12 0.4321509925154572 0.15933435331661727 0.02001298535632932 0.01607017095965352
18 0.5859096075496257 0.6016639562343288 0.01871140904653433 0.020743060861636655
18 0.6625040078099577 0.2737633772509688 0.018629935567849008 0.016640058354228403
11 0.6370403467621217 0.45896966127193983 0.015355518125610153 0.015500283565078644
21 0.5474293003579564 0.513106863004331 0.016433450569476083 0.01584223934351493
12 0.6575821099902376 0.5059835623432869 0.017409666124308495 0.01607017095965352
18 0.6794663195574357 0.5312642480054708 0.01814192775789131 0.012152384773193525
18 0.3908232788805727 0.6747350043309779 0.015294504653433127 0.014560080237064054
18 0.6984624692482916 0.10967058673353089 0.01814192775789131 0.0167540825165261
28 0.6078751239830784 0.7187713225438797 0.018223234624145785 0.020743060861636655
12 0.2250244165310771 0.23427168634602236 0.02700937455255451 0.017665808981080465
4 0.5859909144158802 0.2760428101208115 0.014155542076147089 0.012309124230681558
4 0.3514480963228116 0.18492139867791202 0.010738687666775139 0.012992919079097333
18 0.3247641158477058 0.6273079553225439 0.014643666514806378 0.014132693868247092
4 0.4843801575008135 0.6276499111009802 0.012691185421412302 0.013676830635969911
19 0.4130735359583469 0.6765443355368133 0.01106409840546697 0.010713474538408936
18 0.5265212730231044 0.34602236790517443 0.015294504653433127 0.014930512878960564
1 0.6526195587373902 0.2552997492591748 0.015294504653433127 0.01595626350581263
23 0.3176862531727953 0.46352864372008207 0.011308168955418158 0.006610437018463642
4 0.24503740188740641 0.25746527467517666 0.010738687666775139 0.012195100068383861
4 0.39830784249918644 0.5102575427399134 0.012040347282785552 0.013220850695235925
4 0.2685485818418484 0.18805560428538864 0.011552222844126263 0.013448782311374516
1 0.656361840546697 0.20936143332573512 0.014318255776114546 0.01619843355368133
8 0.5265212730231044 0.2534761796216093 0.015294504653433127 0.010941417825393207
21 0.5338432229092092 0.5826305575564167 0.015294504653433127 0.01595626350581263
4 0.26033192320208265 0.629245549122407 0.010901401366742596 0.012394554821062229
4 0.37715589456557114 0.1845224891725553 0.01106409840546697 0.013220850695235925
4 0.609664874715262 0.6256553635741965 0.012040347282785552 0.012764987462958741
12 0.22209570322160754 0.11813311693640302 0.026358586397657015 0.0167540825165261
4 0.538378579889359 0.7203527221335765 0.010128536283761796 0.013477375883291544
14 0.2514643097949886 0.13930368087531345 0.007647243996095021 0.016355173011169365
12 0.6580702844126262 0.41313825028493273 0.016758877969410998 0.016896466833827214
4 0.6673039453302961 0.461177901983132 0.012853882460136676 0.013078466377934807
9 0.27041980605271726 0.5593515386368817 0.013992845037422715 0.011169361112377478
4 0.4243410348193947 0.2771825849099612 0.012040347282785552 0.013562806473672213
4 0.2749756563618614 0.443038385046729 0.010738687666775139 0.010763332391155688
19 0.37487796941099905 0.46475384909961254 0.010738687666775139 0.010485531251424663
1 0.6340709300357956 0.5348686486437201 0.015294504653433127 0.01631245771597903
14 0.32858770452326713 0.1138448981080465 0.007484546957370648 0.016326696147709138
28 0.40790755092743247 0.3492705976749487 0.017247052391799543 0.02370640528835195
9 0.6413927133094696 0.39243790471848644 0.01594532613081679 0.011796190563027125
4 0.5932313908232997 0.415203989970367 0.011389525805401887 0.013562806473672213
14 0.2242108480312398 0.7214924969227262 0.0078099576960624795 0.01683951310690677
21 0.2762772326716563 0.39901979484841577 0.016108039830784248 0.01595626350581263
4 0.31939469703872436 0.5816617606564851 0.011552222844126263 0.013448782311374516
8 0.30515783143507974 0.5818327385457032 0.01594532613081679 0.010371553772509687
18 0.3734136127562642 0.25273531433781626 0.018874022779043282 0.016298102575792114
18 0.21851603514480963 0.1890813549122407 0.014318255776114546 0.015044420332801458
19 0.6865033621867881 0.1830978290403465 0.010820044516758867 0.010827440346478232
21 0.2377156186137325 0.39993163802142695 0.016270736869508622 0.015728331889674037
2 0.30580861958997724 0.46540916708456803 0.011552222844126263 0.011169361112377478
14 0.23535638659290595 0.5568084613631182 0.007321833257403189 0.01631245771597903
21 0.47673281353726 0.5603202188283565 0.016270736869508622 0.01527235194894005
4 0.30048002082655384 0.44130385229085933 0.010006509339407743 0.013220850695235925
18 0.5586966326065733 0.4597674802826533 0.015863969280833064 0.014132693868247092
14 0.28701590367718843 0.48620929838158194 0.00829808213472177 0.01584223934351493
4 0.6329319674585095 0.20566445953954868 0.012040347282785552 0.011910214725324823
9 0.37943381972014323 0.34875766400729424 0.015457201692157502 0.011853144289947572
14 0.5359583677188415 0.43714377934807386 0.008786206573381061 0.016640058354228403
8 0.466563623820371 0.5338500405744244 0.016758877969410998 0.011055395304308182
14 0.3519362707452001 0.6026897068611808 0.008460779173446143 0.01595626350581263
16 0.42011057858769935 0.6291315249601094 0.01716557891311422 0.010713474538408936
2 0.6317930048812236 0.5554978253932072 0.012203060982753009 0.010727712970139048
1 0.5848519518385942 0.1870298536585366 0.014643666514806378 0.01527235194894005
4 0.2543117162382037 0.326760920902667 0.012203060982753009 0.013106943241395032
8 0.44691668597461764 0.5338500405744244 0.016514807419459814 0.011169361112377478
9 0.39790114155548323 0.5809493722361522 0.014969093914741296 0.011568270617734215
14 0.4491539576960625 0.6262822046956918 0.007647243996095021 0.01595626350581263
7 0.28685328994467946 0.14337820651926145 0.009437028050764724 0.01595626350581263
1 0.27188416270745197 0.3294392632778664 0.014318255776114546 0.015614307727376339
0 0.5966482785551579 0.43925235103715526 0.02408066124308493 0.010941417825393207
2 0.3405466449723397 0.13944606519261454 0.01171493654409372 0.010713474538408936
7 0.4088024262935242 0.46673415819466607 0.015457201692157502 0.014844965580123092
4 0.37438979498861047 0.48689309322999774 0.010738687666775139 0.012650963300661044
14 0.37528467035470225 0.11212099749259175 0.008135368434754311 0.016355173011169365
18 0.4139277578913114 0.23204920720310007 0.005206638464041653 0.01846362799179394
14 0.5413276199153921 0.27501705949395944 0.00829808213472177 0.017209945748803284
9 0.5063455073218354 0.3473899576020059 0.015294504653433127 0.012081192614542968
0 0.4320696856492028 0.4427392029177114 0.026195972665148063 0.010164979803966264
2 0.622844084607875 0.4619899594255756 0.01171493654409372 0.009687712240711193
11 0.24145790042303938 0.4875199343514931 0.014806380214773835 0.01595626350581263
2 0.55845271200781 0.18446541873717803 0.01212170413276928 0.010941417825393207
0 0.5069149886104783 0.4622178910417142 0.02342987308818744 0.009231825666742648
14 0.2634869295151318 0.3712103870526556 0.007642162316954117 0.015728331889674037
1 0.5415615437683046 0.4622749614770914 0.014989420631304913 0.009117848187827673
19 0.26602673608851285 0.5125940460451333 0.010087866189391474 0.01059949705949396
9 0.2792059459811259 0.11722139047184864 0.014318255776114546 0.012366077957602006
7 0.34437040026033194 0.37331884203328014 0.016433450569476083 0.011967168452245271
18 0.6416368005206639 0.43714377934807386 0.015782629092092416 0.015044420332801458
14 0.5929873036121055 0.5300888771369957 0.007972671396029939 0.015728331889674037
9 0.656361840546697 0.11237752268064737 0.01513179095346567 0.012081192614542968
23 0.6707614864952814 0.1832686902211078 0.011877650244061178 0.010485531251424663
0 0.46208924698991216 0.442472080601778 0.03237879336153596 0.009630723501253704
27 0.7069638685323788 0.5334795962616823 0.009925152489424015 0.01618419512195122
5 0.3261878190693134 0.7027670568497835 0.014562309664822649 0.0050326203783907
14 0.2558422180279857 0.3713813649418737 0.007423533485193621 0.015728331889674037
9 0.48608843475431174 0.44022114793708683 0.015294504653433127 0.011739236836106679
1 0.26830466124308494 0.656428115796672 0.014318255776114546 0.015614307727376339
4 0.6330132743247641 0.159733262821974 0.012040347282785552 0.013334874857533622
14 0.26830466124308494 0.41697060588101204 0.008135368434754311 0.01595626350581263
2 0.31113738496583143 0.6295873881923866 0.011958990432801823 0.010143610485525416
8 0.25471858379433776 0.18873951584226123 0.01659616426944354 0.011853144289947572
18 0.5687438620240807 0.22937086482790062 0.023592653433127237 0.014360625484385686
2 0.3256589912137976 0.3523834573056759 0.011470882655385616 0.004501935354456348
5 0.25333553400585745 0.21244580442215635 0.014643666514806378 0.01088442908593572
18 0.5182233075170842 0.22919988693868248 0.015294504653433127 0.014816488716662869
8 0.4747802824601367 0.20840699156599043 0.01789784054669704 0.01138306596763164
14 0.6388708675561341 0.22786077410531116 0.008135368434754311 0.016127241395030772
5 0.5058574995118776 0.41742646911328923 0.014318255776114546 0.010713474538408936
4 0.2572404295476733 0.6051971880556188 0.011389525805401887 0.013676830635969911
2 0.3874063911487146 0.162069766127194 0.011389525805401887 0.010485531251424663
2 0.6071428623494955 0.34704811853202644 0.01317930986007159 0.010371553772509687
2 0.31178817312072893 0.44221557875541373 0.011958990432801823 0.011169361112377478
8 0.5060201132443866 0.440392125826305 0.016758877969410998 0.011169361112377478
6 0.26147088577936867 0.443159481741509 0.01513179095346567 0.0107063436516982
4 0.397657054344289 0.32431051014360607 0.011389525805401887 0.013106943241395032
18 0.26944362382037096 0.34784593754273996 0.014643666514806378 0.014360625484385686
4 0.4347136583143508 0.4634288579895145 0.01122681210543443 0.012394554821062229
9 0.5205010660592255 0.41691365215409165 0.014318255776114546 0.011283338591292455
2 0.6292405690855841 0.43913832687485754 0.008857383403839897 0.010485531251424663
14 0.5084608187438985 0.5776157118759973 0.007484546957370648 0.01595626350581263
1 0.2941344197852262 0.7032140852518806 0.015050434103481938 0.01527235194894005
14 0.32492672958021473 0.1845224891725553 0.007972671396029939 0.016640058354228403
22 0.4744548883826879 0.27815138180989285 0.013667417637487796 0.009915655527695464
16 0.2232346657988936 0.4442101262821974 0.01594532613081679 0.01139730439936175
14 0.51797922030589 0.3917255162981536 0.00829808213472177 0.01641212673808981
23 0.4692482499186462 0.11494184089354913 0.01106409840546697 0.011340327330749944
1 0.26716569866579887 0.2603145949395943 0.014318255776114546 0.01527235194894005
5 0.3787778665798894 0.2788921303852291 0.00779979433778067 0.010713474538408936
5 0.6143833387569151 0.5324253804422157 0.013992845037422715 0.011055395304308182
2 0.4554995587373902 0.722760417597447 0.013342006898795965 0.011625259357191702
9 0.27465026228441264 0.7027991049920219 0.013016596160104133 0.005096740004558924
19 0.380379511877644 0.20150438659676315 0.011003084933289945 0.0054707089126966035
2 0.543198844126261 0.3227148721221792 0.012528471721444842 0.010941417825393207
18 0.5675235925805402 0.4359471675404604 0.025870411975268466 0.017779833143378162
4 0.39179946111291897 0.5337360164121268 0.011552222844126263 0.012764987462958741
2 0.330621542466645 0.5817471912468658 0.010738687666775139 0.0103145650330522
23 0.3282216570126912 0.13984497469797127 0.012447114871461112 0.010257576293594712
9 0.2910022726976896 0.3731479808525188 0.013992845037422715 0.011283338591292455
5 0.6410673192320208 0.32294280373831774 0.01594532613081679 0.010485531251424663
5 0.28791077904328016 0.44272851242306815 0.014480969476082003 0.010827440346478232
2 0.6963879778717864 0.5316560266241167 0.011389525805401887 0.011140872578071575
38 0.4580214044907257 0.18195805425119674 0.021477342011064104 0.01595626350581263
14 0.2760331454604621 0.2784362671529519 0.006833708818743898 0.015728331889674037
14 0.5087862128213472 0.3917825867335309 0.0071591362186788155 0.015614307727376339
5 0.6531890400260332 0.46193300569865514 0.014684353270419784 0.009801689719626168
4 0.28506353921249594 0.5348757912012765 0.01106409840546697 0.012992919079097333
14 0.5325414799869834 0.5541657150672441 0.007484546957370648 0.015671261454296787
22 0.25382370842824603 0.5596933777068611 0.013992845037422715 0.010428542511967176
0 0.5021152177025708 0.6759744481422385 0.0224536908558412 0.010941417825393207
14 0.6534331272372275 0.319637620241623 0.008460779173446143 0.01595626350581263
12 0.5891637149365441 0.6720993772509688 0.0279857233973316 0.017209945748803284
5 0.389196308493329 0.20939702940506041 0.015619915392124959 0.011169361112377478
23 0.5081354246664498 0.20777291452017324 0.012040347282785552 0.011055395304308182
2 0.22974288057273023 0.3048210148165033 0.01106409840546697 0.0103145650330522
8 0.37504074975593876 0.72350128288124 0.01594532613081679 0.01139730439936175
4 0.35429550276602667 0.1617278103487577 0.011877650244061178 0.012764987462958741
2 0.4611942050113895 0.2779804039206747 0.012365774682720468 0.010713474538408936
19 0.43459153140253826 0.5114542712559835 0.01106409840546697 0.011055395304308182
14 0.28083308298080056 0.5802371005242762 0.007484546957370648 0.016298102575792114
0 0.6287829847054995 0.6506724048324596 0.02424344158802473 0.011283338591292455
11 0.6597787282785551 0.6940391666286756 0.013342006898795965 0.01641212673808981
2 0.2500814266189392 0.7238431219512196 0.01106409840546697 0.010713474538408936
1 0.46257725479986983 0.3040231958057898 0.015457201692157502 0.01584223934351493
19 0.5912788597461763 0.6265101363118304 0.010413276928083305 0.010713474538408936
18 0.48519355938822 0.22965575017095965 0.022128130165961605 0.014018669705949395
18 0.6650666736088513 0.2506268593571917 0.0027660329319882855 0.01618419512195122
14 0.679303539212496 0.366765428766811 0.00829808213472177 0.01618419512195122
14 0.25195248421737715 0.5333940606336905 0.007484546957370648 0.01618419512195122
2 0.2769280208265539 0.30348190198313196 0.01171493654409372 0.010713474538408936
8 0.2216888356654735 0.3534768871666287 0.016108039830784248 0.006703045178937771
8 0.2528473595834689 0.6538636808753134 0.015619915392124959 0.010656485798951449
19 0.3895038417181907 0.6528094533850011 0.010042097754637162 0.01054250832003647
6 0.5105759635535307 0.3708684312742193 0.015619915392124959 0.010001144472304536
6 0.6813373771558738 0.4407945365853659 0.01659616426944354 0.006254277820834283
2 0.6168238776439962 0.1836106459995441 0.01171493654409372 0.010485531251424663
14 0.2502440403514481 0.44332687668110327 0.007484546957370648 0.011340327330749944
2 0.38708099707126586 0.3013448534305904 0.01171493654409372 0.010656485798951449
23 0.3872437774162057 0.6287895691816731 0.012040347282785552 0.010514019785730567
2 0.2795313400585747 0.21122059904262594 0.012365774682720468 0.011169361112377478
2 0.2354376934591604 0.3509801431502166 0.01106409840546697 0.011055395304308182
4 0.43365600260331927 0.37172332072031 0.011633579694109992 0.012764987462958741
13 0.5575578366417182 0.549920211534078 0.010331920078099577 0.0088899049008434
0 0.3112186918320859 0.6062798924093914 0.02383657403189066 0.011283338591292455
22 0.4371135437683046 0.6284477301116936 0.014480969476082003 0.010941417825393207
19 0.24324765115522287 0.6299293439708229 0.009437028050764724 0.01002963300661044
18 0.4210054539537911 0.29884460816047415 0.019687591278880572 0.01662581992249829
2 0.26602673608851285 0.11796213904718487 0.011389525805401887 0.011283338591292455
2 0.2801414747803449 0.18794169683154777 0.012081034038398959 0.01139730439936175
8 0.6398470497884803 0.13605533439708228 0.01692149170191995 0.011055395304308182
2 0.6851611324438659 0.29940737633918396 0.01122681210543443 0.010200587554137224
9 0.6589651597787178 0.22914293321176202 0.014643666514806378 0.012309124230681558
21 0.4824276264236902 0.3970823177570093 0.01757244646924829 0.01527235194894005
5 0.6459485636186137 0.5553339667198541 0.014318255776114546 0.01088442908593572
14 0.39212502180279857 0.6973444668338272 0.008135368434754311 0.015728331889674037
2 0.24096972600065086 0.1895372181445179 0.011389525805401887 0.010485531251424663
7 0.5301822479661568 0.302313650330522 0.01757244646924829 0.01641212673808981
9 0.5746012886430198 0.3704125680419421 0.014643666514806378 0.01059949705949396
5 0.23917997526846732 0.7005926966036016 0.012853882460136676 0.010485531251424663
2 0.26236576114546045 0.7007066040574425 0.010901401366742596 0.010713474538408936
4 0.37333230589000976 0.6763164039206747 0.012365774682720468 0.013562806473672213
2 0.5799300540188741 0.6976293521768863 0.010982758216726327 0.010713474538408936
8 0.25122022258379434 0.11827561796216093 0.015294504653433127 0.011454293138819238
2 0.6448096010413277 0.1596763090950536 0.012040347282785552 0.012423031684522452
1 0.48657660917670026 0.7019602863004332 0.01513179095346567 0.015044420332801458
16 0.5810283631630329 0.46233191520401185 0.017247052391799543 0.009003870708912697
23 0.6736901998047511 0.29932182904034643 0.01171493654409372 0.01054250832003647
2 0.6317930048812236 0.552256714839298 0.012040347282785552 0.004217003328014588
14 0.34380091897168885 0.16047412810576703 0.0078099576960624795 0.01618419512195122
8 0.3560039466319558 0.2325621408707545 0.016270736869508622 0.010713474538408936
19 0.37757280885128536 0.4630726637793481 0.005379515522290921 0.00752222183724641
2 0.255125284738041 0.5129929555504901 0.012040347282785552 0.01002963300661044
46 0.3067849684347543 0.18737180943697287 0.02700937455255451 0.010941417825393207
18 0.3788719359583469 0.25279238477319355 0.007977753075170842 0.01618419512195122
0 0.3199641783273674 0.3733759124686574 0.030751656361861376 0.011511281878276727
14 0.5320533055645948 0.4837018171871438 0.007484546957370648 0.0167540825165261
0 0.3431702909209242 0.3525793524504217 0.02143668857793687 0.00490796407567814
14 0.6116172391799545 0.45925466332345566 0.007484546957370648 0.015158444495099156
6 0.405751752684673 0.7027225325735126 0.01618939668076798 0.004929333394118988
27 0.33363156264236904 0.302313650330522 0.010738687666775139 0.010941417825393207
23 0.2669216114546046 0.21210396535217688 0.011877650244061178 0.009459768953726919
14 0.40115524894240157 0.20620587007066335 0.007647243996095021 0.016640058354228403
9 0.379759213797592 0.35239770740825166 0.013667417637487796 0.004544673991338045
14 0.6533518203709731 0.5994985475267837 0.008623492873413602 0.017095921586505584
14 0.5180605271721445 0.5076361540916344 0.008135368434754311 0.01607017095965352
14 0.5003254669703873 0.5779005972190564 0.0078099576960624795 0.016526150900387507
5 0.49463065408395707 0.18497835240483243 0.014643666514806378 0.010941417825393207
19 0.6864627087536609 0.2769546532938227 0.010901401366742596 0.010485531251424663
2 0.262284454279206 0.39691133986779115 0.010901401366742596 0.010998406564850694
4 0.33639766221932965 0.46238886893093234 0.012853882460136676 0.0088899049008434
13 0.3810607901073869 0.5575849227262366 0.008135368434754311 0.022110767266925006
13 0.23023105499511876 0.18782767266925005 0.007647243996095021 0.017095921586505584
9 0.6295965532053368 0.5084339731023478 0.015294504653433127 0.01139730439936175
1 0.6220305161080378 0.37223613767950764 0.015294504653433127 0.014132693868247092
0 0.40628058054018873 0.6053110955094598 0.020501159778717866 0.010941417825393207
1 0.2805686690530426 0.6326646400729428 0.015091120859095346 0.015500283565078644
2 0.6906931649853564 0.6498176320948257 0.012853882460136676 0.011055395304308182
9 0.34184838789456556 0.7027118420788694 0.013992845037422715 0.004922214178253932
2 0.6195899772209568 0.48524050148165027 0.01106409840546697 0.01059949705949396
8 0.4018873439635535 0.30162985548210625 0.01659616426944354 0.010827440346478232
6 0.6547348701594533 0.5324075357191703 0.02342987308818744 0.01248722133576476
22 0.5377887718841523 0.6281484896284477 0.014318255776114546 0.01074196307271484
1 0.40245682525219656 0.2349555979028949 0.014969093914741296 0.01607017095965352
18 0.4609706111291897 0.6749486975153864 0.022412870810283113 0.014588557100524277
6 0.2678164868206964 0.5360725197173467 0.022779084933289947 0.010941417825393207
5 0.5227789912137976 0.675917494415318 0.015294504653433127 0.011283338591292455
23 0.24682715261958996 0.35103709687713697 0.010738687666775139 0.009801689719626168
7 0.4562316537585422 0.3513790526555733 0.015457201692157502 0.014702581262821975
5 0.606085206638464 0.41628681103259635 0.014643666514806378 0.011967168452245271
13 0.6724292769280833 0.6246011360838842 0.008786206573381061 0.019204493275586963
13 0.24275947673283435 0.5569296047412811 0.0071591362186788155 0.01641212673808981
7 0.40969730165961604 0.7259944089354913 0.013667417637487796 0.01507289719626168
46 0.659941508623495 0.3716662502849327 0.0278229430523918 0.014132693868247092
2 0.5260332652131468 0.11361696649190792 0.012691185421412302 0.011710759972646456
13 0.38224175567849006 0.5315706077045816 0.007075230198503092 0.016640058354228403
4 0.5753742037097299 0.6224925877364942 0.021396035144809634 0.019546332345566447
8 0.24129512007809958 0.42044676726692504 0.014806380214773835 0.011169361112377478
14 0.6016108298080052 0.5303168087531343 0.007972671396029939 0.015386376111237748
8 0.25463711031565245 0.5826875112833372 0.014969093914741296 0.010941417825393207
2 0.44093713244386595 0.6042283911556873 0.012203060982753009 0.01059949705949396
13 0.2524101019199479 0.6271227390015957 0.004982911291897168 0.015357899247777524
4 0.3387568942401562 0.11452869295646227 0.012203060982753009 0.014389102347845907
19 0.28843960689879594 0.5516297570093458 0.010413276928083305 0.0054707089126966035
14 0.5260332652131468 0.5073512687485753 0.0078099576960624795 0.0167540825165261
5 0.6003905603644647 0.27684062913152496 0.013992845037422715 0.012081192614542968
13 0.6761307386918322 0.27433326464554364 0.00724047640741946 0.01641212673808981
5 0.364139298405467 0.18543421563710966 0.014643666514806378 0.011283338591292455
1 0.49397986592905957 0.3729199325279234 0.015782629092092416 0.012764987462958741
13 0.5301822479661568 0.22823109003875086 0.007321833257403189 0.016526150900387507
2 0.5144810257077774 0.7218771679963529 0.012203060982753009 0.011226349851834967
16 0.6436706384640416 0.6976293521768863 0.016270736869508622 0.011169361112377478
6 0.5076472502440612 0.25404606701618415 0.015457201692157502 0.009801689719626168
4 0.7055808187438984 0.46082170777296555 0.011877650244061178 0.014246601322087988
8 0.5028473127237227 0.5569296047412811 0.015457201692157502 0.01139730439936175
8 0.3693459368695086 0.4422690662411671 0.01594532613081679 0.009224694780031913
2 0.5200130582492679 0.5798381910189195 0.011877650244061178 0.010713474538408936
13 0.2582167783924504 0.23333148301800777 0.007484546957370648 0.016127241395030772
6 0.40986008200455576 0.37269200091178484 0.013342006898795965 0.012764987462958741
5 0.5136674572079402 0.3001481249145202 0.013992845037422715 0.011055395304308182
16 0.22551259095346565 0.5362434976065649 0.01594532613081679 0.010485531251424663
0 0.6010413485193622 0.3707545238203784 0.024406055320533682 0.011169361112377478
27 0.5370973302961276 0.16355137998632324 0.008460779173446143 0.015500283565078644
23 0.560689817116824 0.20780150809209028 0.011552222844126263 0.01111237237291999
14 0.5345753179303613 0.6732249136083884 0.007972671396029939 0.016896466833827214
5 0.4129515756589652 0.4861237510827444 0.0071591362186788155 0.012366077957602006
13 0.644484206963879 0.5053567212217916 0.0078099576960624795 0.017323969911100977
4 0.531321210543443 0.31972305083200364 0.010901401366742596 0.01840667426487349
13 0.39103685935567845 0.44224412564394805 0.006671011780019525 0.009146336722133577
13 0.3577123904978848 0.3699567048096649 0.0071591362186788155 0.01686798997036699
4 0.5559713530751709 0.5792113498974242 0.010575990628050765 0.012081192614542968
13 0.5899772834363813 0.6945521002963301 0.007647243996095021 0.017779833143378162
2 0.5496257520338431 0.720295768406656 0.012203060982753009 0.011226349851834967
23 0.628701677839245 0.18343792915431958 0.01106409840546697 0.010346624846136313
5 0.6996014318255775 0.27684062913152496 0.014562309664822649 0.011169361112377478
23 0.2517083970061829 0.39693981673125145 0.010087866189391474 0.011055395304308182
4 0.4004229873088187 0.4869500469569181 0.015619915392124959 0.011283338591292455
27 0.2812397839245038 0.6560861600182357 0.008460779173446143 0.015044420332801458
6 0.27839237748128864 0.5129929555504901 0.014155542076147089 0.009801689719626168
2 0.23625126195899773 0.6772281303852291 0.010738687666775139 0.010713474538408936
0 0.349820959323137 0.44232960291771145 0.022779084933289947 0.010941417825393207
6 0.6015295229417507 0.1840665092318213 0.01594532613081679 0.010941417825393207
4 0.4740481874389847 0.34710507225894693 0.016758877969410998 0.012650963300661044
13 0.6469247458509599 0.2286299995441076 0.008135368434754311 0.01926144700250741
6 0.553734081353726 0.27729660907225895 0.01618939668076798 0.01253705584682015
13 0.6376504315001628 0.18232847522224754 0.006833708818743898 0.014531603373603829
14 0.6793850126911812 0.3427170677000228 0.007972671396029939 0.014702581262821975
7 0.5104946566872763 0.5350752226122635 0.0279857233973316 0.01695353726920447
1 0.6674259056296779 0.5521996444039207 0.01594532613081679 0.004330980806929565
13 0.535307579563944 0.13397535627991794 0.0071591362186788155 0.016526150900387507
7 0.3549462909209242 0.4942443255071803 0.02668398047510576 0.023478473672213358
14 0.45529612495932315 0.5553624435833143 0.0074031901073869175 0.016241148848871668
13 0.2747315691506671 0.16115792295418283 0.008135368434754311 0.018235696375655346
13 0.5999836928083306 0.6240597255527696 0.006996422518711357 0.016298102575792114
8 0.5175723527497559 0.324139532254388 0.016270736869508622 0.012081192614542968
4 0.6391962616335828 0.415203989970367 0.012040347282785552 0.012081192614542968
0 0.531727911487146 0.3937770175518578 0.019524977546371624 0.011283338591292455
2 0.5392124751057599 0.32277182584909964 0.0045558169866579895 0.011055395304308182
4 0.6369996433452653 0.36881693002051513 0.012040347282785552 0.013448782311374516
18 0.5367719362186788 0.20634825438796445 0.009437028050764724 0.014132693868247092
4 0.4601367159127889 0.3710964795988147 0.01171493654409372 0.012309124230681558
2 0.6267122421086886 0.4622178910417142 0.0038159911487146113 0.0088899049008434
1 0.535470193296453 0.6066788019147482 0.012040347282785552 0.015728331889674037
4 0.6163358698340384 0.2763278121723273 0.016758877969410998 0.011511281878276727
13 0.631711681353726 0.27820833553681334 0.008664179629027009 0.02621376977433326
18 0.25976244191343967 0.16343747253248234 0.021151947933615363 0.014132693868247092
13 0.28457536479010737 0.27752454068839755 0.007321833257403189 0.01584223934351493
7 0.621705122030589 0.44497948010029637 0.025057010087862024 0.0146170339639845
8 0.33828921314676214 0.72350128288124 0.016555477513830134 0.01139730439936175
13 0.279043332248617 0.4867790690677 0.007484546957370648 0.0167540825165261
19 0.37675927367393425 0.5346478595851379 0.0037321017897819723 0.010713474538408936
18 0.2653757813211845 0.6755185849099612 0.02082655385616661 0.015044420332801458
13 0.40310778001952485 0.6742649026669706 0.007972671396029939 0.017437877364941873
8 0.5212333276928083 0.627763818554821 0.016108039830784248 0.01139730439936175
4 0.2514643097949886 0.6988830344198769 0.010738687666775139 0.014816488716662869
8 0.4984542427595184 0.722760417597447 0.01659616426944354 0.011739236836106679
6 0.6622192671656362 0.32043532254387963 0.008460779173446143 0.013676830635969911
2 0.2885617338106085 0.5800661226350581 0.006020173641392776 0.014246601322087988
2 0.5030100930686625 0.32425343970822884 0.012040347282785552 0.011055395304308182
2 0.38577942076147087 0.4875768880784135 0.012040347282785552 0.01059949705949396
13 0.4908883722746502 0.46130616457715984 0.008135368434754311 0.016583104627307953
1 0.7045233296452977 0.628333705949396 0.01513179095346567 0.015500283565078644
13 0.5392124751057599 0.5545361477091406 0.0045558169866579895 0.01475953498974242
11 0.31732020566221936 0.7207658700706633 0.024406055320533682 0.01686798997036699
16 0.5227789912137976 0.13733761021198998 0.01692149170191995 0.01002963300661044
46 0.5213146345590628 0.27478912787782084 0.029287299707126586 0.01891949122407112
13 0.6881304991864627 0.34328695509459767 0.009030260462089164 0.01595626350581263
2 0.4207716967133095 0.7001367166628676 0.013158966482264887 0.010713474538408936
0 0.40530423169541163 0.44284604950991563 0.0224536908558412 0.010378672988374743
16 0.6471688330621542 0.6749629359471164 0.017409666124308495 0.013420305447914291
6 0.46046210999023757 0.23187822931388194 0.02456883566547348 0.01059949705949396
6 0.6260981919947933 0.22942781855482106 0.01594532613081679 0.010941417825393207
6 0.6212171142206313 0.34602236790517443 0.014969093914741296 0.011055395304308182
23 0.31390331793036125 0.35242263633462506 0.01065733081679141 0.004594543514930476
28 0.6005531740969736 0.5494643483018007 0.018386014969085585 0.009801689719626168
6 0.37943381972014323 0.5114542712559835 0.02408066124308493 0.011055395304308182
6 0.47380410022779046 0.35174414005014815 0.01659616426944354 0.0032233008434009577
7 0.2625285414904002 0.4689351629815363 0.02554501789781972 0.01562854615910645
13 0.5338432229092092 0.5076361540916344 0.0078099576960624795 0.016640058354228403
8 0.47616333224861696 0.5079211561431503 0.016108039830784248 0.016298102575792114
13 0.6789781451350472 0.6513491971734671 0.009762455450699642 0.024176506952359244
6 0.30971368174422387 0.7027385566446319 0.016352093719492353 0.004968512423068156
6 0.3441466397657013 0.2790061545475268 0.023063825577611455 0.010827440346478232
2 0.3796346210218028 0.653379340779576 0.009513303221607549 0.009972644267152952
6 0.25577607289293847 0.350752211534078 0.006182887341360234 0.009459768953726919
13 0.2537422682720469 0.48563941098700714 0.007606573901724699 0.019033515386368816
13 0.3985977481288643 0.650159587873262 0.007962491376505045 0.01584223934351493
4 0.42905949886104783 0.6040574132664691 0.011877650244061178 0.012423031684522452
13 0.28164665148063783 0.2299407522224755 0.008460779173446143 0.021426972418509233
13 0.47835995053693464 0.11123774789149761 0.006833708818743898 0.017893740597219057
7 0.6950455815164334 0.16229769774333258 0.025789105109013995 0.017095921586505584
2 0.4692482499186462 0.486494183724641 0.013016596160104133 0.011625259357191702
5 0.6627887484542792 0.4355482580351037 0.007321833257403189 0.0167540825165261
4 0.37731475951838594 0.4854114793708685 0.004838008460787504 0.015614307727376339
18 0.41034825642694434 0.1814452372919991 0.022209603644646924 0.019375471164805105
18 0.5297755470224537 0.18321173649418737 0.02342987308818744 0.015044420332801458
23 0.6314676108037749 0.48563941098700714 0.012040347282785552 0.010713474538408936
2 0.5746827621217051 0.7203954374287669 0.011877650244061178 0.010713474538408936
0 0.29016837748128865 0.7240140998404376 0.023470526521314674 0.010827440346478232
22 0.2565896413927758 0.4203327431046273 0.013016596160104133 0.010143610485525416
8 0.659941508623495 0.39121269933895597 0.013016596160104133 0.015728331889674037
2 0.3376992385291246 0.6054251196717575 0.02001298535632932 0.010257576293594712
4 0.22689547412951516 0.7029397970366994 0.011877650244061178 0.00537098153635742
9 0.28978200325414905 0.16434919899703668 0.0035795681093394077 0.012992919079097333
13 0.37747112528473803 0.15933435331661727 0.005160870029287341 0.016640058354228403
13 0.4250732964529776 0.1809892573512651 0.0074031901073869175 0.018805583770230224
7 0.5066710680117149 0.6546045461591065 0.02766032931988285 0.015614307727376339
27 0.6220305161080378 0.7220766227490313 0.009762455450699642 0.014588557100524277
8 0.510250569476082 0.18520628402097106 0.01594532613081679 0.010713474538408936
6 0.6438334188089815 0.27661269751538636 0.015457201692157502 0.011169361112377478
6 0.36283755548324115 0.35194894005014815 0.014969093914741296 0.003647139275131069
18 0.5433208044256427 0.20641244403920675 0.022372217377155876 0.01411845543651698
13 0.5697202108688578 0.20474549715067245 0.0063455843800846075 0.01631245771597903
8 0.5703709990237553 0.2769546532938227 0.016108039830784248 0.01139730439936175
13 0.44325571103156525 0.5071802908593572 0.006915065668727629 0.01755190152723957
18 0.5390498613732508 0.22928543423751993 0.004881227725349821 0.013733784362890359
7 0.22518703026358605 0.26008666332345565 0.026358586397657015 0.01914742284020971
2 0.28929382883176047 0.35243332682926826 0.0045558169866579895 0.004601662730795532
16 0.3621054604620892 0.7029469162525644 0.01513179095346567 0.0053923508547982675
14 0.23535638659290595 0.5515728032824253 0.007484546957370648 0.00558468639161158
4 0.5336601158477058 0.5323256180533394 0.015986012886430197 0.014047146569409618
8 0.32028957240481615 0.535103722817415 0.016108039830784248 0.010941417825393207
13 0.4633095164334527 0.5571005826304991 0.007972671396029939 0.021996859813084114
27 0.5004880807028962 0.23392984727604288 0.008948903612105433 0.01607017095965352
8 0.553937515131793 0.6274824344654661 0.015619915392124959 0.010877309870070663
13 0.5687438620240807 0.18161609847276042 0.008460779173446143 0.01607017095965352
14 0.4556621724698991 0.5508320547070891 0.006996422518711357 0.0070663352632778665
0 0.3041408291571754 0.2806587462958742 0.023592653433127237 0.011055395304308182
21 0.32826231044581844 0.44274988174150903 0.02082655385616661 0.010186349122407113
4 0.47250252391799547 0.7025266374287669 0.013342006898795965 0.004551804878048781
5 0.5026973781972014 0.3942899512195122 0.005699844581841849 0.010143610485525416
6 0.5497172222583794 0.5568155805789834 0.025199297103807354 0.011340327330749944
21 0.5045329306866254 0.6242307034419876 0.009370932899446795 0.022566630499202187
5 0.6473112866905304 0.5521426906770003 0.01704361861373251 0.00444494661499886
8 0.24251538952164012 0.2818554748119444 0.014969093914741296 0.010485531251424663
1 0.28913121509925155 0.7056537821746068 0.004881227725349821 0.010806071028037384
23 0.5270094474454929 0.65189761021199 0.01171493654409372 0.010656485798951449
2 0.38699969020501135 0.4642693922954183 0.012853882460136676 0.010998406564850694
21 0.630191392905955 0.701675400957374 0.010789537780670355 0.018805583770230224
13 0.3130897494305239 0.20161841075906087 0.013667417637487796 0.005242765625712332
13 0.28205335242434104 0.34704811853202644 0.006996422518711357 0.01595626350581263
2 0.2971139498861048 0.35260428137679506 0.020806227139602996 0.0049578335992705716
22 0.3813048773185812 0.5821745776156827 0.014318255776114546 0.010143610485525416
13 0.5752115899772209 0.5777580961932984 0.007891314546046208 0.017494831091862322
1 0.28205335242434104 0.6090722589468885 0.01903680312398308 0.01641212673808981
19 0.584140016921575 0.5523136685662183 0.01134883904978848 0.004103025849099612
8 0.2874227712333225 0.3009744207886939 0.00829808213472177 0.0167540825165261
6 0.24731532704197853 0.3041372199680875 0.021802736088512853 0.011511281878276727
6 0.6330947478034494 0.5781855992705721 0.016270736869508622 0.010827440346478232
4 0.3793270044907257 0.6801914748119444 0.008847220045558086 0.01755190152723957
6 0.6094207875040677 0.2981821709596535 0.023592653433127237 0.012480102119899705
13 0.5363650686625447 0.4417455004330978 0.00829808213472177 0.00816332473216321
13 0.5698015177351123 0.2004786359699111 0.006020173641392776 0.007294278550262138
6 0.33704845037422715 0.6538352040118531 0.02424344158802473 0.010770463277866424
10 0.6307303507972665 0.32040684568041944 0.01172509990237553 0.016241148848871668
22 0.5195248838268793 0.5568725343059038 0.013992845037422715 0.010485531251424663
6 0.49495604816140576 0.1378504271711876 0.024406055320533682 0.011568270617734215
12 0.6301761312072893 0.6746638121723274 0.010759031044581842 0.021426972418509233
13 0.2604947035470225 0.7214497816275359 0.0078099576960624795 0.015500283565078644
6 0.2875447315327042 0.46583655345338504 0.021802736088512853 0.01111237237291999
13 0.5847706449723398 0.5297469213585594 0.008135368434754311 0.01914742284020971
19 0.37373900683371303 0.5345320731251424 0.009762455450699642 0.010318124640984727
5 0.6845916511552229 0.6261112268064737 0.015294504653433127 0.011283338591292455
11 0.38137100579238525 0.6956918750854798 0.012986089424015619 0.01891949122407112
2 0.4464693315977872 0.46381352906314105 0.012040347282785552 0.010371553772509687
5 0.6628702219329645 0.5520001896512423 0.0071591362186788155 0.01755190152723957
2 0.38870813407094046 0.18577617141554595 0.012040347282785552 0.010485531251424663
7 0.6614871721444843 0.6475666760884431 0.009925152489424015 0.026840610895828582
46 0.4146191994793362 0.4628447321632095 0.026114499186462737 0.007978120082060634
2 0.6627074415880247 0.44131097150672444 0.007484546957370648 0.00730852865283793
13 0.6589651597787178 0.2898335482106223 0.013830131337455257 0.0038750825621153406
13 0.3804100019524894 0.5504900989286527 0.006508298080052067 0.007750165124230681
14 0.2520846911812561 0.44232960291771145 0.004332089814513504 0.019489378618646
4 0.663683623820371 0.45896966127193983 0.005532049202733485 0.015728331889674037
6 0.5446225473478685 0.5527695317984956 0.015213147803449399 0.003191252701162526
9 0.6628702219329645 0.5773307098244814 0.0071591362186788155 0.01926144700250741
11 0.503350748844777 0.2994643300661044 0.00702692925479987 0.022566630499202187
6 0.29616825772860395 0.46387048279006154 0.006426941230068338 0.005926595486665147
7 0.5943703534005857 0.5795531889674037 0.029450080052066386 0.02119904080237064
4 0.44260492287666775 0.6975153280145886 0.012447114871461112 0.01527235194894005
6 0.5075608117149365 0.11381642124458627 0.01544703833387569 0.011653747891497606
5 0.4781971701919948 0.604627300661044 0.015782629092092416 0.01059949705949396
6 0.2610641848356655 0.2806837219056303 0.021477342011064104 0.011632378573056759
4 0.47787177611454607 0.4093913252792341 0.013992845037422715 0.007864142603145658
13 0.655019444191344 0.4358900971050832 0.006589654930035795 0.021540879872350125
19 0.5275382753010087 0.16252562935947115 0.012203060982753009 0.012764987462958741
5 0.4260494786853237 0.6752336995669022 0.014318255776114546 0.013448782311374516
6 0.39212502180279857 0.2787782229313882 0.01773506020175724 0.01059949705949396
4 0.45277411259355677 0.5102575427399134 0.012447114871461112 0.013676830635969911
14 0.6100715756589652 0.20053570640528834 0.008948903612105433 0.007408256029177113
13 0.6867067959648552 0.19933897788921814 0.011552222844126263 0.009801689719626168
21 0.656361840546697 0.35368703241395033 0.01985037162382037 0.0071161931160246186
4 0.7100553621867882 0.7180875276954639 0.013016596160104133 0.013106943241395032
12 0.3566547347868532 0.4602233435149305 0.02375526716563619 0.013220850695235925
13 0.48958679596485516 0.5502621673125143 0.008135368434754311 0.008206063369044905
13 0.503676176244712 0.13414633416913607 0.007657424015619915 0.019375471164805105
6 0.29703264301985033 0.5594654460907227 0.015924999414253172 0.01088442908593572
18 0.3942604933289945 0.3692871483929792 0.01773506020175724 0.01712451515842261
6 0.46143829222258376 0.4628732090266697 0.015294504653433127 0.012195100068383861
14 0.4476081275626424 0.550661076817871 0.006996422518711357 0.007408256029177113
14 0.2508948285063456 0.703283491771142 0.009437028050764724 0.006065501891953499
22 0.3792710393752034 0.7028347244130385 0.014318255776114546 0.005146597857305676
7 0.24015615750081354 0.3769659813084112 0.0224536908558412 0.01595626350581263
4 0.27074520013016595 0.7217916206975153 0.014969093914741296 0.015044420332801458
23 0.5373414175073218 0.651470223843173 0.00829808213472177 0.01139730439936175
8 0.22290927172144484 0.46472537223615223 0.014318255776114546 0.004217003328014588
13 0.43247638659290594 0.6968315331661729 0.008623492873413602 0.02803733941189879
13 0.4647738730881874 0.5503760747663551 0.01122681210543443 0.007978120082060634
6 0.4781158633257403 0.18497835240483243 0.016270736869508622 0.01002963300661044
22 0.33232998633257405 0.2098530093457944 0.014480969476082003 0.01054250832003647
8 0.44984539928408723 0.3926373594711648 0.015863969280833064 0.016298102575792114
6 0.40497883761796294 0.699794877592888 0.016270736869508622 0.010941417825393207
23 0.40270091246339085 0.162069766127194 0.017653753335502766 0.010257576293594712
6 0.28246005336804425 0.41953504080237064 0.017247052391799543 0.010485531251424663
1 0.500798919518386 0.3719512523364486 0.0019207081028311097 0.014702581262821975
23 0.5266840533680442 0.719854143606109 0.011877650244061178 0.017437877364941873
9 0.5224535971363489 0.2004786359699111 0.01594532613081679 0.00752222183724641
13 0.41067365050439314 0.20574989012992934 0.01171493654409372 0.017437877364941873
6 0.2960869508623495 0.6299293439708229 0.015375861503416856 0.010257576293594712
2 0.3776923032866905 0.6307271629815363 0.005598161015294501 0.013676830635969911
6 0.49031889098600717 0.3515633936630955 0.014480969476082003 0.002865356006382494
4 0.5593475873739018 0.3626553070435377 0.013748774487471525 0.006767153134260314
13 0.6623007406443215 0.5281514000455892 0.00829808213472177 0.019831334397082286
14 0.39204354832411326 0.7027403422840209 0.008460779173446143 0.004972072031000684
6 0.42832740383989587 0.3241964859813084 0.016108039830784248 0.011853144289947572
8 0.4977221477383664 0.6040004595395486 0.016270736869508622 0.011055395304308182
7 0.2691995366091767 0.23518352951903354 0.015619915392124959 0.020743060861636655
5 0.5021152177025708 0.16201281240027351 0.014643666514806378 0.010485531251424663
27 0.4219818027985682 0.3509801431502166 0.009355671200780995 0.015500283565078644
8 0.6899202499186463 0.41594485525416003 0.00724047640741946 0.009687712240711193
22 0.626423752684673 0.11260545429678596 0.014969093914741296 0.01088442908593572
6 0.35925805401887406 0.6769432450421701 0.01594532613081679 0.01002963300661044
4 0.23885458119101854 0.3248802808297242 0.01171493654409372 0.01607017095965352
4 0.4074193765050439 0.6531228155915204 0.010413276928083305 0.013334874857533622
6 0.6532500201757241 0.18281282698883064 0.022941698665798895 0.012764987462958741
13 0.6273732436055972 0.3698426806473672 0.005132912463390824 0.01891949122407112
5 0.3410348193947283 0.6265101363118304 0.014643666514806378 0.01641212673808981
14 0.36055963032866906 0.5507749842717119 0.007484546957370648 0.007180301071347162
5 0.3695900240807029 0.3728060250740825 0.01513179095346567 0.011169361112377478
0 0.5850145655711031 0.3512330468748575 0.02424344158802473 0.002215348256211534
22 0.23869180084607874 0.44443805789833596 0.013016596160104133 0.01059949705949396
13 0.7033028935893264 0.13255069614770915 0.009111617312072893 0.01686798997036699
8 0.6995606117800196 0.29652946250284934 0.015782629092092416 0.016583104627307953
19 0.4645297858769931 0.39258040574424435 0.011389525805401887 0.015158444495099156
6 0.33171985161080375 0.16320954091634374 0.015863969280833064 0.010485531251424663
11 0.5077285571103156 0.3518768142238432 0.016108039830784248 0.0035028876225210847
6 0.46038080312398305 0.6525530449054023 0.024894229742922224 0.011853144289947572
46 0.44764894760820045 0.41372237611123774 0.027904249918646273 0.018349720537953043
8 0.22095674064432153 0.34841582493731477 0.015294504653433127 0.01686798997036699
11 0.7029774995118776 0.4353772801458856 0.024731616010413276 0.018007764759516754
13 0.40831441848356653 0.15893544381126057 0.0067523519687601695 0.016526150900387507
8 0.3936706853237878 0.3944609291087303 0.02408066124308493 0.013562806473672213
13 0.6544296361861373 0.4423367338044222 0.008745519817767654 0.009360041577387736
13 0.289944616986658 0.6274504563483018 0.0032541407094044904 0.015443329838158194
18 0.4111616583143508 0.3929793152496011 0.010738687666775139 0.019831334397082286
6 0.2632606365115522 0.3043081978573057 0.009111617312072893 0.01059949705949396
6 0.6781749066059226 0.2067757574652382 0.02536207744874715 0.011682283109186233
8 0.2885617338106085 0.5123090439936175 0.006020173641392776 0.010713474538408936
14 0.40160260331923203 0.20104852336448598 0.00829808213472177 0.0063824937314793705
28 0.6920762147738366 0.45891270754501934 0.014318255776114546 0.015728331889674037
6 0.5452326820696387 0.23073857123318894 0.01757244646924829 0.010485531251424663
18 0.41010416921575005 0.4166856038294962 0.012853882460136676 0.014588557100524277
13 0.540758138626749 0.4370868256211534 0.0014643666514806378 0.014588557100524277
4 0.6735274194598113 0.716662867563255 0.023023172144484218 0.01846362799179394
4 0.22860391799544416 0.627763818554821 0.019524977546371624 0.016640058354228403
13 0.33696714350797263 0.1836106459995441 0.015457201692157502 0.01641212673808981
4 0.22372267360885129 0.5514588958285844 0.013342006898795965 0.005812629678595851
2 0.6413114064432152 0.10949960884431274 0.01317930986007159 0.01686798997036699
13 0.7040351552229092 0.366480543423752 0.009274331012040352 0.017665808981080465
18 0.536609155873739 0.6970025110553909 0.009762455450699642 0.024732155915204012
13 0.2834770556459486 0.16047412810576703 0.009599741750732183 0.01846362799179394
18 0.54247674585096 0.2007066842945065 0.02145701529450049 0.0070663352632778665
13 0.3911486729580214 0.2518235878732619 0.015294504653433127 0.017665808981080465
5 0.27530105043931014 0.3731622192842489 0.014155542076147089 0.010656485798951449
22 0.48356658900097627 0.5339639480282653 0.014318255776114546 0.010713474538408936
13 0.24731532704197853 0.6734670836562571 0.009437028050764724 0.01914742284020971
4 0.2697281978522616 0.22806022885798952 0.015457201692157502 0.0063824937314793705
4 0.22209570322160754 0.42061774515614314 0.013992845037422715 0.011283338591292455
13 0.28209400585746824 0.3525045540004559 0.006426941230068338 0.004744128744016412
8 0.28457536479010737 0.6745497880100296 0.015294504653433127 0.01618419512195122
13 0.24227146892287668 0.5516297570093458 0.005857459941425317 0.0054707089126966035
7 0.4777091623820371 0.17764132354684295 0.018548628701594534 0.005135907362662412
4 0.6334201418808981 0.2021313444267153 0.012691185421412302 0.004217003328014588
27 0.3919622414578588 0.3535819597902895 0.009762455450699642 0.006913178755413722
8 0.322730277904328 0.39343517848187826 0.015782629092092416 0.01607017095965352
8 0.54413437292548 0.351548256576248 0.014969093914741296 0.002838641440620014
6 0.4653433543768305 0.6287326154547527 0.024406055320533682 0.010941417825393207
1 0.27839237748128864 0.614632004741281 0.01903680312398308 0.0038252247093685885
4 0.5388870810283111 0.3701276826988831 0.005206638464041653 0.013904762252108502
13 0.5028626410673609 0.5992135454752678 0.0060506803774812885 0.0250741116936403
13 0.426293565896518 0.19797127148392982 0.011308168955418158 0.01253705584682015
4 0.28392457663520987 0.46318668794164575 0.013992845037422715 0.007294278550262138
22 0.5392937819720144 0.48697852382037843 0.0043931032866905305 0.010713474538408936
6 0.6961438906605922 0.36963972464098477 0.02456883566547348 0.010834571233188968
35 0.5385616869508624 0.3407795906086164 0.005857459941425317 0.02416226852062913
13 0.34437040026033194 0.6507008816959198 0.010087866189391474 0.016925060405744246
8 0.5227789912137976 0.2051587617962161 0.016433450569476083 0.01662581992249829
6 0.23592586788154896 0.7241850777296558 0.014969093914741296 0.010257576293594712
4 0.25220418561666125 0.23250518714383406 0.0045558169866579895 0.02108501664007294
13 0.38276923397331597 0.43782769090494644 0.010087866189391474 0.018121672213357646
