1 0.38555660931333857 0.5952453306038895 0.014996063772691397 0.011370906857727738
38 0.521112953433307 0.6074717543500512 0.02880822352012628 0.017400191606960082
8 0.692975633780584 0.7114892446264074 0.014996063772691397 0.010491309723643807
18 0.25789282399368585 0.16351063254861822 0.01696922367797948 0.01586489907881269
18 0.26124688871349644 0.2868476069600819 0.01736387182320442 0.015609003889457523
6 0.6752168713496448 0.5880246632548618 0.013417511602209945 0.00972365035823951
18 0.5333463993685873 0.403755129580348 0.01736387182320442 0.016728512589559878
18 0.38161012786108917 0.5487460880245649 0.01736387182320442 0.015609003889457523
18 0.6913972028413575 0.5649948822927329 0.01736387182320442 0.01586489907881269
18 0.26973146014206784 0.3889457523029683 0.01696922367797948 0.01586489907881269
10 0.5485399084451461 0.2610990378710338 0.012628255722178374 0.016824466734902763
24 0.2340175406471981 0.7222365281473899 0.01578531965272297 0.014073685158648925
12 0.6091561016574586 0.4224028822927329 0.00597500363062352 0.016504610849539407
18 0.3360300047355959 0.5102355127942682 0.01736387182320442 0.016376663254861822
3 0.3121547213891081 0.6738740143295804 0.024467255564325177 0.01842374616171955
18 0.5112471539068666 0.48618225588536335 0.01696922367797948 0.016376663254861822
3 0.6586425382794001 0.6261194022517912 0.024072607419100236 0.019255366223132037
11 0.5463694648776637 0.3426304524053224 0.015390671507498026 0.01688842743091095
8 0.6546960568271507 0.32382296827021495 0.014601415627466457 0.00946775516888434
5 0.37016589739542227 0.5724154759467758 0.013417511602209945 0.00997951934493347
6 0.398184865035517 0.5926305670419653 0.007892639621152327 0.00972365035823951
10 0.6617007987371745 0.6461104605936541 0.013910801578531964 0.017400191606960082
24 0.46369379005524863 0.2264585957011259 0.01657457553275454 0.013561920982599795
5 0.229479046566693 0.6379221289662231 0.014206767482241514 0.010747178710337769
0 0.670086768745067 0.40439282374616176 0.023677999684293606 0.01027139078812692
5 0.1905092596685083 0.6175474636642785 0.014404091554853986 0.009915558648925281
18 0.4705999305445935 0.25921192221084954 0.01578531965272297 0.005629484544524053
18 0.6720600094711917 0.3196648679631525 0.01657457553275454 0.015736951484135106
10 0.4409035264404104 0.6913383500511772 0.014206767482241514 0.017400191606960082
6 0.2797948666140489 0.6367707840327533 0.014996063772691397 0.010491309723643807
6 0.5692579258089977 0.6916580225179121 0.014996063772691397 0.00997951934493347
8 0.25730081136543015 0.5955731258955989 0.014996063772691397 0.01023541453428864
18 0.5706391539068666 0.6064003275332651 0.01657457553275454 0.01548105629477994
10 0.32162571112865035 0.265465187308086 0.011838999842146803 0.01717631606960082
7 0.6243094427782163 0.2635778096212896 0.01617996779794791 0.014297586898669397
5 0.4323203535911603 0.38843401432958036 0.014009483820047354 0.00972365035823951
14 0.45372938910812943 0.4471596806550665 0.007498031886345699 0.01688842743091095
0 0.3962116243093923 0.43023931218014333 0.014996063772691397 0.009147899283520984
9 0.3862965240726125 0.6955603848515866 0.015193387845303866 0.010875126305015354
9 0.3827941531176007 0.308277977482088 0.014996063772691397 0.010363362128966222
5 0.5593921262825572 0.2633220716479018 0.013812159747434886 0.01020342108495394
21 0.554459226519337 0.4904042906857728 0.022888703393843725 0.017016375025588535
1 0.5564324672454617 0.3057829600818833 0.014996063772691397 0.014329580348004094
21 0.2125099037095501 0.6403532118730809 0.0205208953433307 0.016632558444216988
18 0.4101225067087609 0.4877814042988741 0.018153127703235992 0.015992846673490275
11 0.36128651617995267 0.6931934984646878 0.014700097868981847 0.01676047983623337
12 0.5779401041831097 0.20360877461617197 0.015390671507498026 0.014177657318321393
10 0.630870155011839 0.30021751484135106 0.012480272770323599 0.017784034390992836
0 0.28966066614048935 0.4117195332650973 0.022494095659037094 0.011258969089048106
2 0.6831098342541437 0.2007180708290686 0.014206767482241514 0.008364256294779939
5 0.3937449723756906 0.6339560941658137 0.014404091554853986 0.01023541453428864
22 0.5372928808208366 0.6507163643807575 0.015390671507498026 0.008700095803480041
8 0.31866605209155485 0.2896622968270215 0.013417511602209945 0.010491309723643807
5 0.29321233780584055 0.18666828249744113 0.014206767482241514 0.010491309723643807
5 0.5485399084451461 0.24334699692937561 0.014996063772691397 0.011003073899692937
7 0.6146655368587214 0.44971863254861816 0.016944573322809787 0.016376663254861822
5 0.6318075958958169 0.44533649948822923 0.014996063772691397 0.00997951934493347
22 0.38437258405682717 0.18500519959058342 0.014206767482241514 0.01023541453428864
10 0.23460914917127074 0.5117707267144319 0.013417511602209945 0.016632558444216988
11 0.519731725335438 0.6479016745138177 0.014996063772691397 0.014329580348004094
5 0.6858229897395423 0.5066530849539407 0.014206767482241514 0.01023541453428864
5 0.2432913275453828 0.2290172855680655 0.014206767482241514 0.01023541453428864
18 0.545777452249408 0.46492770522006144 0.01775847955801105 0.016664525690890483
1 0.6085239210734018 0.46801437871033774 0.014996063772691397 0.014073685158648925
18 0.6716651996842936 0.4850306489252815 0.01736387182320442 0.014585475537359264
5 0.6923836211523283 0.6699719140225179 0.013812159747434886 0.010363362128966222
18 0.4371546519337017 0.3449334042988741 0.017955803630623518 0.016376663254861822
5 0.22928184372533542 0.47377162743091095 0.014206767482241514 0.00997951934493347
9 0.1977112044198895 0.5967247328556807 0.013812159747434886 0.00972365035823951
9 0.6833070370955011 0.17873595087001024 0.015390671507498026 0.011003073899692937
7 0.5947120441988951 0.7144318034800409 0.01657457553275454 0.014585475537359264
21 0.2884766408839779 0.2914535107471853 0.020915543488555642 0.015609003889457523
2 0.611227943804262 0.5468270051177073 0.010143297868981847 0.00921185997952917
6 0.6395029518547751 0.16018420470829067 0.014601415627466457 0.011258969089048106
0 0.5568272770323599 0.6507163643807575 0.022494095659037094 0.008700095803480041
2 0.5189425098658248 0.20317307676560903 0.013417511602209945 0.010747178710337769
1 0.17936083346487766 0.5990276847492323 0.01578531965272297 0.013817816171954964
6 0.30347294711917916 0.20809676642784034 0.014601415627466457 0.010111475946775843
14 0.23164949013417524 0.4291196724667349 0.007103383741120757 0.016376663254861822
0 0.5824781941594317 0.4065458702149437 0.030781383425414366 0.012330474513817809
21 0.4806629329123914 0.4503582395087001 0.017955803630623518 0.015353134902763563
22 0.6578533228097869 0.6079996069600819 0.014996063772691397 0.01045931627430911
10 0.30943081673243883 0.22517911975435004 0.012131894554064718 0.01714432262026612
5 0.6708759842146803 0.5268998812691913 0.014206767482241514 0.01017145383828045
12 0.6760064909234412 0.46300862231320367 0.015390671507498026 0.01896750378710338
4 0.4072363946329913 0.6123336581371546 0.010704436937647988 0.011770733265097236
5 0.6521312075769535 0.6706754554759468 0.013812159747434886 0.009851597952917093
2 0.3052485808997632 0.2894702313203685 0.012628255722178374 0.00997951934493347
5 0.25335432991318074 0.39214431115660187 0.014206767482241514 0.00972365035823951
9 0.20461734490923442 0.43270210030706246 0.014996063772691397 0.01023541453428864
8 0.4323203535911603 0.5922466980552712 0.015390671507498026 0.010747178710337769
18 0.19721779321231256 0.4095805052200614 0.01637725146014207 0.01585690726714432
13 0.20915543488555643 0.22479525076765608 0.009076543646408839 0.01944730071647902
5 0.31175991160220995 0.6969677297850563 0.014996063772691397 0.01023541453428864
5 0.5177584846093133 0.2446264728761515 0.01617996779794791 0.01023541453428864
7 0.33583280189423836 0.43270210030706246 0.01578531965272297 0.014329580348004094
6 0.3184688492501973 0.5534801228249744 0.01578531965272297 0.00972365035823951
13 0.33879246093133386 0.30552722210849537 0.00868193591160221 0.01970316970317298
7 0.1636739131807419 0.2520470665301945 0.01696922367797948 0.014841344524053224
9 0.5570244798737174 0.5680655721596726 0.014601415627466457 0.01023541453428864
0 0.6440410418310971 0.4668627717502559 0.022987385635359115 0.010875126305015354
6 0.4505721231254933 0.18346972364380756 0.014601415627466457 0.00972365035823951
22 0.4365626393054459 0.43052701740020477 0.015193387845303866 0.011003073899692937
22 0.3350435864246251 0.5532241228249744 0.014601415627466457 0.010747178710337769
7 0.5580108981846883 0.22441138178096212 0.01657457553275454 0.014329580348004094
5 0.6779793275453828 0.4250255066530194 0.014206767482241514 0.01023541453428864
7 0.3257693954222573 0.5962328827021495 0.01578531965272297 0.013330027430910952
6 0.2736779415943173 0.4939867185261003 0.015390671507498026 0.010491309723643807
8 0.5956984625098658 0.20291707676560902 0.014996063772691397 0.011258969089048106
5 0.32754543330702446 0.37128961310133063 0.014996063772691397 0.00972365035823951
5 0.6085239210734018 0.6294780593654044 0.014601415627466457 0.01023541453428864
5 0.29281752801894234 0.3100049948822928 0.014206767482241514 0.01023541453428864
9 0.20501175059194948 0.6169395619242579 0.014601415627466457 0.010747178710337769
9 0.5830702067876875 0.5289151279426817 0.014601415627466457 0.010491309723643807
10 0.49467241673243884 0.5872569252814739 0.014601415627466457 0.01714432262026612
8 0.6329912170481452 0.7120649170931422 0.01578531965272297 0.011131021494370522
6 0.5370956779794791 0.22409170931422723 0.015390671507498026 0.010107466939611055
8 0.6166140868192581 0.5679374411463664 0.014601415627466457 0.00997951934493347
0 0.2726915232833465 0.6165237256908904 0.023677999684293606 0.01097108045035824
0 0.33247833307024466 0.7177584933469805 0.023283351539068665 0.012282497441146366
21 0.5422257805840569 0.7153274104401228 0.022099447513812154 0.016632558444216988
2 0.35220993212312546 0.2267785301944729 0.012628255722178374 0.010363362128966222
22 0.2594712549329124 0.45304506038894576 0.014206767482241514 0.00997951934493347
5 0.6799525682715075 0.38395597952917093 0.014206767482241514 0.00997951934493347
2 0.611563996842936 0.2001023868986694 0.010741412470402526 0.00921185997952917
8 0.3330703456985004 0.35107478403275333 0.015390671507498026 0.010747178710337769
7 0.6278611144435674 0.488613076765609 0.01578531965272297 0.014073685158648925
0 0.5887923220205209 0.6301176663254862 0.022099447513812154 0.010107466939611055
4 0.5611681641673244 0.2428352589559877 0.009471191791633781 0.011770733265097236
2 0.17472373796369378 0.5163766305015353 0.012628255722178374 0.00997951934493347
1 0.35220993212312546 0.18833162743091095 0.015390671507498026 0.014329580348004094
5 0.6857732849250197 0.4446646632548618 0.013812159747434886 0.010107466939611055
21 0.49309398579321234 0.24692942476970317 0.021704799368587213 0.016504610849539407
13 0.20955024467245462 0.16542997748208804 0.007892639621152327 0.01893551033776868
6 0.6328433149171271 0.5670418341862845 0.015390671507498026 0.010747178710337769
10 0.18232049250197316 0.6768168352098259 0.014996063772691397 0.01714432262026612
5 0.5757696606156275 0.1811667717502559 0.014206767482241514 0.01023541453428864
5 0.3528512454617206 0.7175024933469806 0.01568667782162589 0.010747178710337769
14 0.21961324704025256 0.5923745670419652 0.0067087760063141285 0.018167850972364383
9 0.6337804325177585 0.6905066775844421 0.014206767482241514 0.010491309723643807
5 0.3088002525651144 0.3913765731832139 0.014996063772691397 0.01023541453428864
9 0.5321627782162589 0.631013273285568 0.015390671507498026 0.012026602251791198
5 0.5043410134175218 0.6509723643807575 0.015390671507498026 0.008188331627430911
5 0.5209153464877664 0.2842886550665302 0.013417511602209945 0.010747178710337769
8 0.4161404262036306 0.7164790174002047 0.015193387845303866 0.011003073899692937
9 0.6963301026045777 0.6901228085977482 0.014798739700078925 0.011258969089048106
1 0.6245066456195738 0.20317307676560903 0.014206767482241514 0.013817816171954964
18 0.630820773480663 0.38280463459570113 0.021704799368587213 0.012282497441146366
5 0.6753158768745068 0.5676817031729784 0.015587995580110498 0.010491309723643807
9 0.6091159337016575 0.17988729580348004 0.014601415627466457 0.010747178710337769
5 0.6307098468823994 0.4044268085977482 0.014872731176006316 0.00972365035823951
13 0.2105366629834254 0.4086488433981576 0.00828728776637727 0.01893551033776868
13 0.5473558831886346 0.40288349805527124 0.00868193591160221 0.019271376049129988
7 0.42442779479084447 0.1663255844421699 0.01677189960536701 0.014841344524053224
2 0.5368980710339385 0.20266133879222106 0.012628255722178374 0.010747178710337769
18 0.3531963504340963 0.5943137473899692 0.01736387182320442 0.009507740429887411
14 0.6085672370007893 0.7089302927328557 0.004797241988950276 0.016632558444216988
7 0.4325175564325177 0.24788896622313206 0.01696922367797948 0.014201632753326511
5 0.2604576732438832 0.47294021699078814 0.014996063772691397 0.010363362128966222
14 0.34313334806629836 0.4896365527123848 0.007103383741120757 0.01714432262026612
7 0.6067482872928177 0.4072414984646878 0.015390671507498026 0.013561920982599795
9 0.6933700394632991 0.4248976376663255 0.014601415627466457 0.01023541453428864
0 0.372533543804262 0.35030704605936547 0.022888703393843725 0.011258969089048106
6 0.5958956653512234 0.24241942272262026 0.014206767482241514 0.010363362128966222
9 0.5763616732438832 0.4877174698055271 0.014206767482241514 0.011258969089048106
2 0.6369376985003947 0.24181178300921188 0.011049743962115234 0.00997951934493347
5 0.3993684861878453 0.24635375230296827 0.009471191791633781 0.010875126305015354
5 0.6691003504340963 0.24104404503582397 0.014601415627466457 0.00972365035823951
13 0.3022889218626677 0.3265097891504606 0.00868193591160221 0.016632558444216988
5 0.5676794948697711 0.5286591279426817 0.014206767482241514 0.00946775516888434
0 0.580110547750592 0.6504606264073696 0.021704799368587213 0.00921185997952917
2 0.6179953149171271 0.7123848515864892 0.012628255722178374 0.010747178710337769
5 0.5193369155485399 0.16197541862845447 0.014206767482241514 0.011258969089048106
11 0.6574585130228887 0.3611821985670419 0.014996063772691397 0.01688842743091095
5 0.6894239621152328 0.3222874923234391 0.014206767482241514 0.010491309723643807
0 0.4657656322020521 0.24539394882292734 0.021704799368587213 0.00997951934493347
5 0.411404729281768 0.5121545957011259 0.014206767482241514 0.00972365035823951
7 0.5112471539068666 0.3078301740020471 0.01617996779794791 0.014073685158648925
0 0.6215469865824782 0.3239508372569089 0.022099447513812154 0.00997951934493347
0 0.31097069613259665 0.4937307185261003 0.022888703393843725 0.010747178710337769
12 0.6110675952644041 0.5875129252814739 0.009822681610102605 0.012794261617195496
18 0.23520116179952644 0.5317617850562948 0.01736387182320442 0.016824466734902763
7 0.3174824309392265 0.6368986530194474 0.01617996779794791 0.013817816171954964
5 0.21468034727703236 0.6584089416581371 0.014206767482241514 0.01020342108495394
22 0.373026955011839 0.6349795701125895 0.014996063772691397 0.010619231115660184
9 0.466259043409629 0.18346972364380756 0.014601415627466457 0.01023541453428864
5 0.4383386771902131 0.3272772650972364 0.014404091554853986 0.01023541453428864
4 0.45047352170481453 0.5304503418628455 0.01026044767166535 0.011003073899692937
22 0.6364875264404104 0.527123914022518 0.013725843093922652 0.00997951934493347
23 0.41988930071033936 0.6517401023541454 0.013022903867403315 0.006653012896622313
5 0.5343332217837411 0.5924945752302968 0.014996063772691397 0.005853386284544524
9 0.5655090513022889 0.6300537318321392 0.013417511602209945 0.010747178710337769
22 0.6619105288082083 0.22121282292732858 0.015168697079715866 0.010747178710337769
6 0.2683502320441989 0.18705215148413512 0.014206767482241514 0.00972365035823951
7 0.196132773480663 0.23055276151484133 0.015390671507498026 0.013817816171954964
21 0.533938411996843 0.571392 0.018942383583267563 0.016632558444216988
21 0.6306235706393055 0.5086361023541454 0.018942383583267563 0.01496929211873081
5 0.5185477000789266 0.6722109314227227 0.014996063772691397 0.010107466939611055
9 0.6472722588792422 0.4046828085977482 0.014453432675611682 0.01023541453428864
22 0.4241319905288082 0.6127175271238484 0.014798739700078925 0.011258969089048106
2 0.4956588350434096 0.5495138259979528 0.011444351696921862 0.00946775516888434
5 0.6475927134964483 0.5875129252814739 0.014206767482241514 0.010747178710337769
2 0.6302287608524072 0.6294141248720573 0.012628255722178374 0.010363362128966222
4 0.5970796906077349 0.44652007369498464 0.01026044767166535 0.011770733265097236
22 0.295777591160221 0.6360030460593654 0.014601415627466457 0.010747178710337769
0 0.6278611144435674 0.5887921392016376 0.022494095659037094 0.010747178710337769
5 0.5812945730071034 0.2420675209825998 0.014996063772691397 0.00972365035823951
2 0.5615625698500395 0.4469036806550665 0.011838999842146803 0.010491309723643807
2 0.6099051491712707 0.5081882988741043 0.011838999842146803 0.00972365035823951
7 0.6779793275453828 0.22210842988741042 0.01657457553275454 0.014329580348004094
13 0.274269954222573 0.285952 0.00868193591160221 0.01765608679631525
6 0.2673638137332281 0.3718013510747185 0.01578531965272297 0.01023541453428864
14 0.6422158648776637 0.4220829477993859 0.007399349644830308 0.01586489907881269
5 0.20126287608524074 0.18730815148413513 0.013812159747434886 0.01023541453428864
1 0.3393844735595896 0.24923237666325487 0.014996063772691397 0.014329580348004094
0 0.39048950907655877 0.5127942026612078 0.023875283346487766 0.010875126305015354
2 0.6487767387529597 0.7111053756397134 0.013022903867403315 0.010619231115660184
5 0.39779005524861877 0.5520727778915046 0.012628255722178374 0.00997951934493347
22 0.4634965872138911 0.6328044872057319 0.014996063772691397 0.010747178710337769
5 0.602012590370955 0.5680655721596726 0.014996063772691397 0.01023541453428864
9 0.20935263772691398 0.2691914677584442 0.014206767482241514 0.01023541453428864
22 0.5305839431728493 0.3459568802456499 0.014601415627466457 0.01023541453428864
2 0.4646802083662194 0.4291196724667349 0.013417511602209945 0.00972365035823951
2 0.16623916653512233 0.2904939692937564 0.012825579794790843 0.00997951934493347
1 0.23520116179952644 0.21008193244626405 0.014996063772691397 0.014073685158648925
5 0.6973165209155485 0.5877686632548619 0.014996063772691397 0.011258969089048106
2 0.5528807955801106 0.63075753531218 0.011838999842146803 0.010747178710337769
13 0.4370560505130229 0.15992846673490277 0.00868193591160221 0.01791198198567042
18 0.554459226519337 0.2833930481064483 0.021310191633780583 0.013561920982599795
5 0.6136544277821626 0.34416592835209825 0.014996063772691397 0.010747178710337769
0 0.2805840820836622 0.6574334165813716 0.021704799368587213 0.00972365035823951
46 0.33741123283346486 0.6963920573183214 0.030781383425414366 0.012538392630501535
5 0.4956588350434096 0.3060389600818833 0.013812159747434886 0.01023541453428864
7 0.49990152486187844 0.4094165813715456 0.014798739700078925 0.014073685158648925
22 0.2679558263614838 0.2075229805527124 0.014206767482241514 0.01023541453428864
5 0.6537096385161799 0.42534544114636647 0.014206767482241514 0.009915558648925281
2 0.24269931491712704 0.5143936131013306 0.011838999842146803 0.00972365035823951
2 0.3222177237569061 0.5739509518935517 0.012233607576953433 0.00997951934493347
5 0.5063142541436465 0.2238996438075742 0.013812159747434886 0.01023541453428864
6 0.6704815785319653 0.5064610194472876 0.014996063772691397 0.010747178710337769
5 0.24861863299131806 0.7199335762538382 0.014206767482241514 0.01023541453428864
6 0.3236606989739542 0.3300922169907881 0.013392861247040254 0.00997951934493347
14 0.44376498816101023 0.38485158648925283 0.006511451933701657 0.016120768065506653
4 0.5578136953433307 0.20208545670419653 0.013022903867403315 0.011131021494370522
2 0.64068665382794 0.3228634268167861 0.013022903867403315 0.009595702763561923
7 0.4646802083662194 0.4722364135107472 0.01617996779794791 0.014073685158648925
4 0.6107315422257301 0.24181178300921188 0.009076543646408839 0.012282497441146366
5 0.2918311097079716 0.6151483480040941 0.015390671507498026 0.01023541453428864
0 0.6706787813733228 0.5473387430910952 0.022888703393843725 0.010747178710337769
2 0.47592723599052883 0.550025563971341 0.012233607576953433 0.00972365035823951
5 0.554459226519337 0.6923618259979529 0.014996063772691397 0.011003073899692937
5 0.3129439368587214 0.35107478403275333 0.014996063772691397 0.010747178710337769
5 0.33484597947908445 0.20675524257932448 0.014206767482241514 0.011258969089048106
24 0.48756907340173633 0.1844934616171955 0.01617996779794791 0.013817816171954964
5 0.6286503299131808 0.17963155783009213 0.014996063772691397 0.011258969089048106
13 0.5098659258089977 0.2608750051177073 0.009471191791633781 0.019319353121801434
0 0.2600632675611681 0.6984390092118731 0.023677999684293606 0.011258969089048106
5 0.6904103804262036 0.4037872016376663 0.014601415627466457 0.010491309723643807
13 0.22099447513812154 0.5312500470829069 0.00868193591160221 0.018359785465711362
9 0.24506696132596686 0.6368986530194474 0.014206767482241514 0.010491309723643807
11 0.19021305130228885 0.49193950460593655 0.014996063772691397 0.01586489907881269
2 0.21941604419889504 0.7197415107471853 0.013022903867403315 0.010619231115660184
6 0.40992489976322016 0.5934641261003071 0.014206767482241514 0.007792514227226203
24 0.36819265666929757 0.6774564421699079 0.014996063772691397 0.01317810440122825
0 0.2809784877663773 0.653787054247697 0.022099447513812154 0.002558852323439099
14 0.6371349013417521 0.2590198567041965 0.007498031886345699 0.016504610849539407
14 0.2409232770323599 0.47082906857727735 0.007103383741120757 0.016632558444216988
14 0.6460142825572218 0.6051688024564995 0.007103383741120757 0.01791198198567042
2 0.3531963504340963 0.6756652282497441 0.013022903867403315 0.00997951934493347
2 0.6884371397000789 0.34211871443193453 0.013022903867403315 0.010491309723643807
9 0.4792817048145225 0.2862077379733879 0.014206767482241514 0.00997951934493347
13 0.4932911886345698 0.2208289539406346 0.00828728776637727 0.02047082906857728
13 0.6187845303867403 0.4015640892528147 0.007892639621152327 0.016568571545547594
2 0.6156397916337806 0.6090072302968271 0.012504923125493292 0.010747178710337769
1 0.37016589739542227 0.26995894370522006 0.01578531965272297 0.015097239713408393
4 0.2198104498816101 0.29017403480040943 0.01026044767166535 0.010491309723643807
9 0.6499603599052881 0.2417795537359263 0.014206767482241514 0.011067034595701125
9 0.6870559116022099 0.26049139815762534 0.014601415627466457 0.01023541453428864
14 0.6973165209155485 0.4621289989764586 0.006412769692186267 0.01676047983623337
23 0.3066298089976322 0.3716734820880246 0.012628255722178374 0.00997951934493347
0 0.24013406156274666 0.29030190378710335 0.020915543488555642 0.00972365035823951
21 0.6544988539857932 0.5300664728761515 0.01973163946329913 0.01765608679631525
9 0.26519337016574585 0.3100049948822928 0.014206767482241514 0.010491309723643807
13 0.2841357537490134 0.3889457523029683 0.00868193591160221 0.018167850972364383
0 0.26223371112865035 0.3308277256908905 0.022494095659037094 0.009787611054247696
8 0.4098262983425414 0.6326766182190379 0.015390671507498026 0.011770733265097236
5 0.5069062667719022 0.714176065506653 0.014996063772691397 0.011258969089048106
9 0.5074978752959748 0.4682701166837257 0.014996063772691397 0.011003073899692937
1 0.38239934333070247 0.2900461658137154 0.014206767482241514 0.013561920982599795
4 0.6645618563535911 0.38126915864892524 0.014206767482241514 0.015353134902763563
5 0.36582460615627466 0.45147761719549645 0.014996063772691397 0.009915558648925281
4 0.20284130702446723 0.47332382395086997 0.01026044767166535 0.011642785670419651
13 0.37371756906077347 0.6930656294779939 0.00848461183898974 0.019191405527123846
0 0.32721241104972376 0.1867964135107472 0.021976114917127074 0.011258969089048106
5 0.33445157379636936 0.6347235701125895 0.015390671507498026 0.011258969089048106
23 0.6434244192580899 0.4865661248720573 0.013121545698500395 0.00997951934493347
13 0.450769730071034 0.34390992835209827 0.008089963693764798 0.018167850972364383
4 0.7073548729281768 0.7109775066530194 0.011888300552486188 0.013050156806550665
1 0.26361493922651935 0.6384338669396111 0.015390671507498026 0.014841344524053224
10 0.5126283820047356 0.587000925281474 0.013022903867403315 0.01688842743091095
9 0.6614049944751381 0.28172970317297846 0.014206767482241514 0.00997951934493347
6 0.5753748508287292 0.30424774616171957 0.0205208953433307 0.00997951934493347
13 0.6043802367797947 0.3602865916069601 0.00868193591160221 0.01893551033776868
13 0.42324376953433307 0.5092759713408394 0.009076543646408839 0.01906345793244626
2 0.22059966535122336 0.22888941658137152 0.011444351696921862 0.00997951934493347
5 0.5994473370165746 0.22268423336745138 0.014206767482241514 0.012346458137154554
13 0.23086027466456197 0.4496866653019447 0.00868193591160221 0.018359785465711362
9 0.3847669897395422 0.5716479999999999 0.014206767482241514 0.010747178710337769
8 0.28729301973164956 0.2077789805527124 0.01578531965272297 0.010491309723643807
6 0.6890291523283346 0.6494371504605937 0.012628255722178374 0.00921185997952917
2 0.45086833149171274 0.5505373019447288 0.012430931649565904 0.00946775516888434
5 0.4968428602999211 0.3464688802456499 0.014996063772691397 0.01023541453428864
5 0.5505131491712708 0.36540423336745137 0.014996063772691397 0.00972365035823951
5 0.5824781941594317 0.3239508372569089 0.013417511602209945 0.00997951934493347
22 0.19396192580899763 0.6379221289662231 0.014206767482241514 0.01023541453428864
13 0.32186021278610893 0.5099155783009212 0.008558603314917127 0.02059877666325486
2 0.4652722209944751 0.4492066325486182 0.012825579794790843 0.010491309723643807
2 0.3867402304656669 0.16453437052200615 0.013417511602209945 0.010747178710337769
5 0.5276242841357538 0.18244624769703174 0.014206767482241514 0.010747178710337769
0 0.2186268287292818 0.3925281801432958 0.020915543488555642 0.00946775516888434
7 0.2841357537490134 0.4546442088024565 0.02604576732438832 0.015225187308085976
6 0.36740344119968427 0.30840584646878194 0.01578531965272297 0.010619231115660184
22 0.18587216416732438 0.35107478403275333 0.014206767482241514 0.00997951934493347
13 0.6166140868192581 0.42144307881269194 0.00828728776637727 0.019959064892528147
13 0.21073386582478293 0.5959770137154554 0.007892639621152327 0.01229048925281474
13 0.523875409629045 0.3021365977482088 0.007892639621152327 0.01791198198567042
22 0.670086768745067 0.44514469600818835 0.014996063772691397 0.010619231115660184
9 0.3390883864246251 0.6141248720573184 0.014897381531176007 0.010747178710337769
13 0.3733227592738753 0.22287616786079836 0.0067087760063141285 0.01893551033776868
5 0.2732835359116022 0.35158652200614127 0.014206767482241514 0.00997951934493347
6 0.440212912391476 0.30680643602865915 0.015390671507498026 0.00946775516888434
13 0.2717047008681926 0.16338276356192424 0.00868193591160221 0.018679641351074718
14 0.36123721546961324 0.6315250112589559 0.0067087760063141285 0.01586489907881269
6 0.5491319210734017 0.6100307062436029 0.024072607419100236 0.01023541453428864
14 0.30912402083662194 0.44831128761514843 0.006764259510655091 0.01842374616171955
2 0.6389109392265194 0.3030961392016377 0.011049743962115234 0.01023541453428864
0 0.25769521704814524 0.24859250767656088 0.03157063930544594 0.010747178710337769
4 0.36824195737963694 0.5927584360286592 0.009964481767955802 0.011514838075742067
5 0.6564720947119179 0.5070369539406345 0.012233607576953433 0.00946775516888434
11 0.2395420489344909 0.6137730227226202 0.014206767482241514 0.01640865670419652
13 0.3590174711917916 0.3494114390992835 0.005130223835832675 0.011770733265097236
13 0.3393844735595896 0.5905833531218013 0.009471191791633781 0.01688842743091095
2 0.16150346961325968 0.20969806345957012 0.012036323914759275 0.01023541453428864
13 0.6889305509076559 0.4621289989764586 0.00848461183898974 0.018039929580348002
4 0.29360674348855564 0.391120835209826 0.01026044767166535 0.011258969089048106
9 0.48145214838200473 0.6520917420675537 0.014009483820047354 0.011578824974411464
4 0.17758479558011048 0.6179630378710338 0.011049743962115234 0.011258969089048106
6 0.5481450986582478 0.4269126223132037 0.013812159747434886 0.009915558648925281
13 0.5994473370165746 0.525972307062436 0.00868193591160221 0.01944730071647902
8 0.36760064404104187 0.7179502968270215 0.014996063772691397 0.011642785670419651
0 0.6002369565903709 0.5886642702149437 0.030781383425414366 0.010491309723643807
14 0.3013020994475138 0.44959050153531216 0.006314127861089187 0.017528139201637667
7 0.3847669897395422 0.24859250767656088 0.01578531965272297 0.014329580348004094
9 0.6487027876874507 0.5667860962128966 0.014453432675611682 0.010747178710337769
14 0.6195737458563535 0.6262873613101331 0.006314127861089187 0.01584888925281474
6 0.4888517000789266 0.48995648720573187 0.021902123441199687 0.010363362128966222
13 0.21211509392265193 0.6756652282497441 0.007103383741120757 0.016632558444216988
21 0.4638909928966062 0.34902757011258956 0.01854773543804262 0.014841344524053224
6 0.3151143804262036 0.47313202047082903 0.013417511602209945 0.010619231115660184
0 0.5035517979479085 0.5294268659160696 0.021310191633780583 0.01023541453428864
2 0.21625877821625886 0.45317292937563974 0.013022903867403315 0.01023541453428864
4 0.7020522178374112 0.6479016745138177 0.01026044767166535 0.012794261617195496
6 0.23184669297553273 0.6583929580348004 0.018942383583267563 0.009851597952917093
13 0.6288475327545383 0.604833041555783 0.007498031886345699 0.01864764790174002
11 0.3508287040252565 0.3065506980552713 0.014601415627466457 0.016376663254861822
18 0.5895815374901342 0.3631012814738997 0.01578531965272297 0.014585475537359264
0 0.5773480915548539 0.5483622190378711 0.021310191633780583 0.00972365035823951
5 0.3930543583267561 0.2057317666325486 0.014206767482241514 0.011003073899692937
2 0.3927585540647198 0.5314738178096212 0.023480675611681136 0.00946775516888434
14 0.31235192423046565 0.6525075783009212 0.007498031886345699 0.017528139201637667
13 0.4447514064719811 0.6710593244626407 0.007892639621152327 0.016632558444216988
6 0.29262032517758485 0.37128961310133063 0.013022903867403315 0.01023541453428864
6 0.6479875232833464 0.2619946448311157 0.013417511602209945 0.009915558648925281
13 0.180544454617206 0.3279171340839304 0.006906059668508287 0.016632558444216988
14 0.6586546614048935 0.4421699078812692 0.007078733385951066 0.016376663254861822
14 0.31037868350434095 0.5706242620266121 0.005524871981057617 0.016632558444216988
5 0.3423441325966851 0.5736949518935517 0.019337031728492503 0.01023541453428864
2 0.2409232770323599 0.5957171095189355 0.01736387182320442 0.01130694616171955
9 0.5501183393843725 0.5885364012282498 0.014601415627466457 0.010747178710337769
8 0.41840947119179167 0.42988741044012285 0.014404091554853986 0.010747178710337769
5 0.40015770165745856 0.572159737973388 0.007892639621152327 0.014841344524053224
6 0.2515786961325967 0.20829071852610032 0.014206767482241514 0.00972365035823951
9 0.7008681925808997 0.4840711074718526 0.012628255722178374 0.010491309723643807
18 0.501973367008682 0.20304903336745136 0.01973163946329913 0.012370459774820881
10 0.30741902446724545 0.18385359263050152 0.013022903867403315 0.01765608679631525
22 0.4262038326756117 0.20446041351074717 0.014206767482241514 0.010219430910951894
9 0.358178955011839 0.2887666898669396 0.014404091554853986 0.011258969089048106
13 0.3111064347277032 0.2641377604912999 0.0073500489344909235 0.021750252610030708
18 0.6657458816101026 0.20174961719549642 0.019238349486977113 0.01045931627430911
22 0.274269954222573 0.5954212552712385 0.014996063772691397 0.01068321801432958
14 0.20678778847671667 0.30725423950870007 0.006314127861089187 0.016504610849539407
23 0.597474500394633 0.5073566264073694 0.012628255722178374 0.010107466939611055
9 0.6869573101815312 0.5264840450358239 0.014305449723756905 0.010747178710337769
2 0.2884766408839779 0.248208900716479 0.011049743962115234 0.010363362128966222
10 0.31728482399368585 0.5919906980552713 0.011838999842146803 0.01765608679631525
0 0.4747436148382005 0.5916068290685773 0.023480675611681136 0.011258969089048106
2 0.45737966219415943 0.6115659201637667 0.013022903867403315 0.010747178710337769
14 0.24802702446724548 0.4498465015353122 0.0067087760063141285 0.016376663254861822
5 0.3307764483030781 0.49296324257932445 0.01455207450670876 0.010619231115660184
14 0.5716259763220205 0.3212640163766633 0.0067087760063141285 0.016120768065506653
7 0.34116010734017366 0.6578172855680655 0.01578531965272297 0.014073685158648925
5 0.6002369565903709 0.6499488884339817 0.014206767482241514 0.01023541453428864
7 0.22257290607734806 0.6800153940634596 0.014996063772691397 0.013306025793244625
2 0.4694159052880821 0.40826497441146364 0.012233607576953433 0.010491309723643807
10 0.27900565114443565 0.571264131013306 0.011049743962115234 0.016376663254861822
2 0.30485417521704816 0.5945496499488229 0.011838999842146803 0.011770733265097236
0 0.16554855248618783 0.16837253633572158 0.029005507182320443 0.011003073899692937
22 0.49664565745856354 0.44831128761514843 0.014206767482241514 0.010491309723643807
14 0.3808209123914759 0.2040845625383828 0.006314127861089187 0.015113223336745137
22 0.4351814112075769 0.511066923234391 0.014206767482241514 0.00997951934493347
2 0.4233423709550118 0.6737461453428865 0.012628255722178374 0.010747178710337769
6 0.5169692691397001 0.6315250112589559 0.013417511602209945 0.010747178710337769
23 0.6237451921073401 0.2411719140225179 0.01247408997632202 0.00946775516888434
0 0.20876102920284137 0.20829071852610032 0.023283351539068665 0.00972365035823951
6 0.19810561010260458 0.6583290235414534 0.014601415627466457 0.00997951934493347
5 0.1930741089187056 0.6997824196519958 0.011641675769534333 0.00997951934493347
13 0.2158643725335438 0.30667856704196517 0.009865839936858722 0.01791198198567042
2 0.2251381594317285 0.6985671402251791 0.011838999842146803 0.00997951934493347
19 0.34175211996842936 0.37039400614124873 0.011838999842146803 0.00972365035823951
9 0.6260850765588004 0.6705475864892528 0.013812159747434886 0.010363362128966222
18 0.7048146740331491 0.42105947185261 0.004735616101026046 0.015097239713408393
5 0.5803077505919495 0.4469036806550665 0.022494095659037094 0.009915558648925281
6 0.3499901878453039 0.6351713735926304 0.015489353749013416 0.010747178710337769
6 0.4413969376479874 0.2655451054247697 0.01617996779794791 0.00921185997952917
5 0.5653118484609313 0.38549119344933475 0.013812159747434886 0.00972365035823951
0 0.2186268287292818 0.3951829577891504 0.01973163946329913 0.004270090481064483
0 0.6031966156274664 0.48797346980552714 0.031175991160220996 0.012282497441146366
13 0.5840566250986582 0.300601383828045 0.007892639621152327 0.018167850972364383
13 0.36148371902131016 0.6525717748208802 0.007892639621152327 0.017400191606960082
16 0.5840566250986582 0.6701637175025589 0.01973163946329913 0.012026602251791198
13 0.24743501183898972 0.428863934493347 0.00828728776637727 0.017400191606960082
18 0.3699682904498816 0.1632548945752303 0.019928963535911604 0.014329580348004094
13 0.4698107150749803 0.2805144237461617 0.006314127861089187 0.019831117297850562
6 0.646803498026835 0.4456244667349028 0.014601415627466457 0.009851597952917093
7 0.3973952454617206 0.37103387512794267 0.013417511602209945 0.013561920982599795
4 0.4094318926598263 0.4086488433981576 0.010655095816890291 0.013306025793244625
8 0.170974863456985 0.4334698382804503 0.015390671507498026 0.00946775516888434
5 0.30505137805840565 0.7180142313203685 0.014996063772691397 0.010747178710337769
11 0.31235192423046565 0.30667856704196517 0.025256511444356748 0.01714432262026612
6 0.6471979037095501 0.20130582272262026 0.01578531965272297 0.009571701125895598
5 0.19455393843725335 0.2701510092118731 0.013812159747434886 0.01023541453428864
18 0.6814323977900553 0.6067042784032753 0.022296771586424624 0.013306025793244625
13 0.6499603599052881 0.2792988822927328 0.007103383741120757 0.01791198198567042
13 0.5566296700868193 0.525972307062436 0.007103383741120757 0.015609003889457523
13 0.2417128966061563 0.654618726714432 0.010655095816890291 0.017272270214943708
4 0.23362273086029992 0.2491364749232344 0.01026044767166535 0.012986169907881269
8 0.479084501973165 0.4288319672466735 0.014996063772691397 0.010619231115660184
2 0.6479875232833464 0.6513562333674514 0.009471191791633781 0.006653012896622313
9 0.472671772691397 0.6731065383828045 0.014206767482241514 0.010747178710337769
7 0.6535124356748224 0.6928096294779938 0.01657457553275454 0.015609003889457523
13 0.6665350970797159 0.6651100102354146 0.014206767482241514 0.02136643602865916
5 0.37056030307813737 0.39009735926305017 0.014206767482241514 0.00997951934493347
6 0.4102211081294396 0.6539791197543501 0.007103383741120757 0.00921185997952917
14 0.3236730645619574 0.2046123365404299 0.00838597000789266 0.016168745138178096
11 0.42324376953433307 0.30552722210849537 0.015390671507498026 0.01765608679631525
4 0.40479479715864247 0.38843401432958036 0.00927386771902131 0.010491309723643807
7 0.4808601357537491 0.22516313613101333 0.01617996779794791 0.015896866325486182
14 0.4506707245461721 0.6299897973387922 0.00828728776637727 0.017400191606960082
10 0.49704006314127863 0.7115531791197544 0.013812159747434886 0.01791198198567042
2 0.4447514064719811 0.570880262026612 0.012628255722178374 0.01023541453428864
32 0.41278595737963697 0.22473131627430912 0.01696922367797948 0.02111054083930399
14 0.6775849218626677 0.3400717625383828 0.006314127861089187 0.01586489907881269
2 0.4485002809786898 0.2439866038894575 0.013417511602209945 0.011770733265097236
2 0.30968208871349645 0.4084490219037871 0.01303522904498816 0.017416201432958037
2 0.6617994001578531 0.5683213101330603 0.00828728776637727 0.005629484544524053
10 0.6732440347277032 0.7080988822927328 0.01943567355958958 0.017528139201637667
13 0.22296771586424624 0.2460338178096213 0.007103383741120757 0.018039929580348002
6 0.43310956906077347 0.28697547594677586 0.014996063772691397 0.01023541453428864
6 0.31970512517758487 0.4518934534288639 0.013904659194948696 0.00972365035823951
14 0.23993685872138912 0.4500063377686796 0.007103383741120757 0.016184754964176047
13 0.545777452249408 0.5656344892528148 0.006314127861089187 0.015353134902763563
13 0.31136550591949486 0.25806031525076767 0.007103383741120757 0.007932436438075742
6 0.5753748508287292 0.22210842988741042 0.014996063772691397 0.011258969089048106
18 0.26124688871349644 0.429247803480041 0.018153127703235992 0.016824466734902763
6 0.36819265666929757 0.18564480655066531 0.014996063772691397 0.010491309723643807
13 0.5213101562746646 0.5649948822927329 0.00868193591160221 0.01765608679631525
8 0.30623499921073405 0.6147644790174003 0.014206767482241514 0.010747178710337769
16 0.44790826835043407 0.7144318034800409 0.01736387182320442 0.011642785670419651
0 0.6125443940015786 0.48707786284544524 0.012726897553275452 0.01023541453428864
5 0.2924231223362273 0.6973515987717502 0.01578531965272297 0.011131021494370522
1 0.6864638989739542 0.2845446550665302 0.01578531965272297 0.016120768065506653
13 0.6894239621152328 0.23534260798362336 0.01026044767166535 0.020358891299897645
4 0.30537964805051304 0.47338802047082906 0.004485879715864246 0.010747178710337769
4 0.704419864246251 0.7099540307062436 0.005524871981057617 0.01317810440122825
5 0.6125875523283347 0.6707393899692937 0.012739263141278613 0.010747178710337769
19 0.49230477032359904 0.5100434472876152 0.01026044767166535 0.009339807574206755
0 0.17077725651144435 0.23036069600818831 0.03235989518547751 0.01145087737973388
7 0.38121531807419096 0.4119754284544524 0.025256511444356748 0.014745390378710338
6 0.32202052091554856 0.6143808720573183 0.014601415627466457 0.01023541453428864
22 0.21961324704025256 0.37205735107471855 0.01617996779794791 0.01023541453428864
1 0.6407853360694554 0.2236439058341863 0.015587995580110498 0.013817816171954964
10 0.2186268287292818 0.4713408065506653 0.012628255722178374 0.016376663254861822
6 0.5268350686661404 0.5287869969293757 0.021310191633780583 0.00946775516888434
14 0.2395420489344909 0.4293756724667349 0.007892639621152327 0.016376663254861822
13 0.5651146456195738 0.48432710747185265 0.007498031886345699 0.01714432262026612
2 0.6875493228097869 0.4847109764585466 0.012430931649565904 0.011386890481064484
14 0.522494181531176 0.6893550706243603 0.007103383741120757 0.01791198198567042
2 0.3396556678768745 0.3903530972364381 0.01287492091554854 0.00972365035823951
14 0.3145223677979479 0.20445229068577278 0.007892639621152327 0.017400191606960082
14 0.6858722904498816 0.5846979733879222 0.007498031886345699 0.017400191606960082
22 0.6300932243093922 0.4248976376663255 0.016007294080505132 0.010491309723643807
14 0.6381217237569061 0.6055527238485159 0.006314127861089187 0.016568571545547594
7 0.5035517979479085 0.18219024769703174 0.014601415627466457 0.01944730071647902
6 0.18902902604577743 0.47441149641760494 0.014996063772691397 0.00972365035823951
10 0.6479875232833464 0.3400717625383828 0.013417511602209945 0.016376663254861822
1 0.5181532943962115 0.44677581166837255 0.01657457553275454 0.021494357420675538
6 0.4921071633780584 0.6316531422722621 0.013812159747434886 0.010491309723643807
14 0.34155483630623523 0.22466738178096213 0.007498031886345699 0.01586489907881269
18 0.26085248303078135 0.533265031729785 0.022888703393843725 0.012282497441146366
6 0.24861863299131806 0.5748465588536336 0.014206767482241514 0.010491309723643807
13 0.2924231223362273 0.7153274104401228 0.00868193591160221 0.018167850972364383
4 0.28078128492501975 0.18666828249744113 0.009865839936858722 0.011514838075742067
13 0.3558602052091555 0.16312702558853634 0.007103383741120757 0.018167850972364383
13 0.22099447513812154 0.42861605731832136 0.011838999842146803 0.018151867349027635
5 0.5157852438831887 0.4055784155578301 0.014601415627466457 0.015353134902763563
6 0.20994465035516968 0.5353122456499488 0.01696922367797948 0.00972365035823951
13 0.42393438358326757 0.488740945752303 0.00848461183898974 0.018167850972364383
10 0.3837805714285714 0.20266133879222106 0.011838999842146803 0.017400191606960082
2 0.42265175690607737 0.2661367615148414 0.014009483820047354 0.00994755209825998
13 0.2403316685082873 0.6504606264073696 0.009076543646408839 0.00921185997952917
2 0.16495653985793213 0.270662747185261 0.013812159747434886 0.011003073899692937
23 0.25572197632202054 0.5143296786079836 0.012628255722178374 0.010747178710337769
18 0.22573017205998422 0.49181163561924257 0.025256511444356748 0.015609003889457523
7 0.2963691996842936 0.5534801228249744 0.025256511444356748 0.01944730071647902
10 0.7006216890292029 0.5028146571136131 0.013713477505919495 0.01842374616171955
13 0.583267409629045 0.25639723234390993 0.007103383741120757 0.011258969089048106
6 0.5335436022099447 0.2437948004094166 0.014206767482241514 0.011067034595701125
2 0.45244676243093923 0.4085209744114637 0.013022903867403315 0.010491309723643807
13 0.604775046566693 0.6884594636642785 0.0067087760063141285 0.01586489907881269
2 0.522494181531176 0.38587506243602865 0.011838999842146803 0.00972365035823951
6 0.36148371902131016 0.4310390174002047 0.014009483820047354 0.011003073899692937
4 0.4243291933701657 0.6943448433981576 0.009865839936858722 0.011386890481064484
22 0.6511443851617995 0.5463152671443193 0.014601415627466457 0.011258969089048106
2 0.28630619731649565 0.3300922169907881 0.022494095659037094 0.010747178710337769
9 0.6158248713496448 0.2212288851586489 0.014601415627466457 0.010875126305015354
19 0.3022889218626677 0.47332382395086997 0.011049743962115234 0.010107466939611055
4 0.5049330260457774 0.631333207778915 0.010655095816890291 0.013050156806550665
6 0.4162390276243093 0.24638571954964178 0.014206767482241514 0.009915558648925281
6 0.6124704025256511 0.2826253101330604 0.018942383583267563 0.00972365035823951
2 0.3386937786898184 0.28870275537359263 0.023283351539068665 0.010875126305015354
2 0.70580109234412 0.42553724462640735 0.007103383741120757 0.005629484544524053
5 0.25335432991318074 0.39493007066530195 0.014206767482241514 0.003768309518935517
0 0.5982637158642463 0.5917548950665301 0.01736387182320442 0.004358052814738997
13 0.2683502320441989 0.5099795127942681 0.011049743962115234 0.018551693756397133
10 0.2237569313338595 0.6134852650972364 0.014996063772691397 0.01765608679631525
8 0.5609709613259668 0.7134722620266121 0.01657457553275454 0.011386890481064484
2 0.3932519652722968 0.3892017523029683 0.012430931649565904 0.00972365035823951
13 0.4138713812154696 0.5872569252814739 0.009076543646408839 0.02021493387922211
13 0.42778226361483823 0.7128326550665302 0.00868193591160221 0.015992846673490275
4 0.5568272770323599 0.4046828085977482 0.011049743962115234 0.012794261617195496
21 0.5716259763220205 0.46737450972364386 0.021704799368587213 0.012026602251791198
6 0.38989749644830307 0.2676559918116684 0.022888703393843725 0.011003073899692937
10 0.4143647924230465 0.26408980962128964 0.013022903867403315 0.016856460184237462
2 0.6689027434885556 0.34288645240532245 0.012628255722178374 0.00921185997952917
18 0.4025257521704815 0.2045403578300921 0.0031570639305445935 0.015017269191402251
0 0.20950094396211524 0.2503837215967247 0.017462513654301497 0.010875126305015354
4 0.18587216416732438 0.5161208925281474 0.00887925998421468 0.011003073899692937
10 0.28176810734017366 0.24539394882292734 0.013812159747434886 0.01688842743091095
18 0.17038285082872928 0.31013312589559877 0.022888703393843725 0.012794261617195496
6 0.3192303431728492 0.16606958444216993 0.023190852091554855 0.00972365035823951
14 0.431531138121547 0.18052716479017403 0.006906059668508287 0.016120768065506653
13 0.31136550591949486 0.16274315660184238 0.007892639621152327 0.01714432262026612
22 0.19218629202841359 0.4535567983623337 0.013220187529597475 0.00997951934493347
24 0.16150346961325968 0.1901228413510747 0.015193387845303866 0.013306025793244625
6 0.45146034411996844 0.20390863787103378 0.022888703393843725 0.01031538505629478
6 0.6744276558800315 0.36374115046059363 0.01578531965272297 0.01023541453428864
2 0.575966863456985 0.5918928311156603 0.011444351696921862 0.004665907881269192
2 0.2673638137332281 0.4118115046059365 0.021704799368587213 0.010371353940634596
13 0.45244676243093923 0.3849794554759468 0.009865839936858722 0.01688842743091095
5 0.36444337805840565 0.5495138259979528 0.014601415627466457 0.015353134902763563
6 0.6827150244672455 0.6289663213920164 0.023283351539068665 0.011003073899692937
6 0.681530999210734 0.15864899078812691 0.01617996779794791 0.010747178710337769
10 0.16910022415153908 0.3897134902763562 0.017955803630623518 0.017400191606960082
6 0.49269917600631413 0.26509730194472875 0.023677999684293606 0.010107466939611055
13 0.2521703046566693 0.6132292650972364 0.009471191791633781 0.01791198198567042
6 0.6353592675611681 0.2012938219037871 0.00828728776637727 0.00954772569089048
8 0.35398597000789267 0.39048096622313205 0.014996063772691397 0.01023541453428864
13 0.4475138626677191 0.4906602906857727 0.006314127861089187 0.01842374616171955
7 0.3088989752170482 0.600003209825998 0.011617025414364641 0.020854645649948822
13 0.32793983898973955 0.38766627635619244 0.00868193591160221 0.017400191606960082
10 0.44327157695343333 0.609518968270215 0.021310191633780583 0.017400191606960082
19 0.6764008966061562 0.6490532814738996 0.011838999842146803 0.01023541453428864
18 0.4053868097868982 0.308149846468782 0.018745059510655093 0.011770733265097236
23 0.6383928372533544 0.6504606264073696 0.01267759684293607 0.00921185997952917
4 0.22059966535122336 0.41082395250767656 0.010655095816890291 0.013593914431934494
18 0.4023281452249408 0.38715453838280456 0.0035516959116022096 0.014073685158648925
13 0.4844118074191003 0.34416592835209825 0.007892639621152327 0.016376663254861822
21 0.6760064909234412 0.6908905465711361 0.02545383551696922 0.01023541453428864
13 0.17945943488555643 0.1632548945752303 0.007300707813733228 0.01944730071647902
6 0.5473558831886346 0.44709574616171954 0.014206767482241514 0.010107466939611055
14 0.4260062257300711 0.22146882292732856 0.0067087760063141285 0.015609003889457523
13 0.3518151223362273 0.4896365527123848 0.00828728776637727 0.018295798567041967
24 0.18389892344119968 0.5800920696008188 0.024467255564325177 0.01791198198567042
18 0.28393855090765585 0.4324463623336745 0.024861863299131808 0.011258969089048106
14 0.6798539668508288 0.23771761719549642 0.008089963693764798 0.01688842743091095
16 0.6014205777426993 0.42604924462640736 0.01775847955801105 0.012282497441146366
6 0.2999212754538279 0.6566017441146367 0.014996063772691397 0.010363362128966222
18 0.6620830812943962 0.591467022149437 0.011074394317284925 0.0037823017400204707
4 0.358215728492502 0.5729272139201638 0.010482422099447513 0.011003073899692937
9 0.5509075548539858 0.591834857727738 0.014996063772691397 0.004541969293756397
6 0.4202841104972375 0.18462133060388947 0.013812159747434886 0.00997951934493347
14 0.22415174112075767 0.5954172462640737 0.014206767482241514 0.011714764380757421
2 0.4125887545382794 0.6956243193449334 0.013022903867403315 0.01023541453428864
2 0.6737370418310971 0.26100313613101334 0.011247027624309392 0.01023541453428864
4 0.4799723188634569 0.5300664728761515 0.019337031728492503 0.010491309723643807
4 0.6116379883188635 0.5276676192425793 0.010852419889502763 0.009659663459570113
10 0.5108523441199684 0.15916072876151485 0.012233607576953433 0.01765608679631525
6 0.6118783898973954 0.3844677175025588 0.014996063772691397 0.00972365035823951
24 0.4844118074191003 0.4101843193449335 0.01578531965272297 0.014073685158648925
23 0.3439225635359116 0.5340327697031729 0.013417511602209945 0.00972365035823951
2 0.6618487008681926 0.5880246632548618 0.011345709865824782 0.01023541453428864
7 0.18192568271507498 0.5912271315455476 0.010655095816890291 0.003334498259979529
4 0.4335043788476717 0.4914917011258956 0.010457771744277821 0.012154549846468783
2 0.5004931333859511 0.5694729170931423 0.00848461183898974 0.00997951934493347
10 0.4574782636148382 0.32433470624360283 0.021507515706393053 0.016376663254861822
13 0.5828730039463299 0.25319867349027636 0.005524871981057617 0.010363362128966222
8 0.43626683504340963 0.4092887123848516 0.014996063772691397 0.01023541453428864
2 0.5836622194159431 0.6912744155578301 0.011444351696921862 0.00997951934493347
7 0.4828333764798738 0.572159737973388 0.025651159589581685 0.014841344524053224
22 0.5173636748224152 0.5094677748208802 0.014206767482241514 0.01023541453428864
12 0.48480661720599844 0.6902506775844421 0.013417511602209945 0.01714432262026612
13 0.6507002746645619 0.19728769703172977 0.007399349644830308 0.01586489907881269
13 0.22257290607734806 0.5509211709314228 0.009865839936858722 0.01791198198567042
6 0.36089170639305446 0.3291004462640737 0.01775847955801105 0.01017145383828045
10 0.1739345224940805 0.49283511156601845 0.014798739700078925 0.018679641351074718
13 0.49664565745856354 0.15634603889457524 0.014996063772691397 0.023285571340839303
5 0.30781383425414366 0.3946172108904811 0.013812159747434886 0.0031225973387922212
10 0.5532756053670087 0.1998463868986694 0.0205208953433307 0.017400191606960082
9 0.38501389739542224 0.2269703336745138 0.014897381531176007 0.012282497441146366
22 0.398579270718232 0.3285247737973388 0.011049743962115234 0.010811165609007165
16 0.5313731586424626 0.32484644421699077 0.020915543488555642 0.011003073899692937
9 0.27584838516179955 0.2283776786079836 0.014601415627466457 0.010363362128966222
4 0.5209153464877664 0.26341797338792217 0.012628255722178374 0.012058595701125895
14 0.2805840820836622 0.30712637052200614 0.007103383741120757 0.01586489907881269
5 0.5935280189423836 0.262986153531218 0.013812159747434886 0.010363362128966222
18 0.4009473212312549 0.6733622763561925 0.006314127861089187 0.01317810440122825
6 0.3713002178374112 0.6135491209825997 0.00838597000789266 0.009339807574206755
11 0.30631844268350433 0.6253757707267145 0.006394302131018154 0.010251398157625383
0 0.20205209155485399 0.5152252855680655 0.014601415627466457 0.00946775516888434
6 0.6560772849250197 0.4865661248720573 0.013417511602209945 0.00997951934493347
13 0.5189425098658248 0.5209825342886387 0.005524871981057617 0.006397143909928352
2 0.3228097363851618 0.5333931627430911 0.023283351539068665 0.010491309723643807
10 0.1874505951065509 0.6787359181166838 0.015390671507498026 0.013306025793244625
14 0.4384372786108919 0.18078290276356193 0.006314127861089187 0.01586489907881269
4 0.6010261720599842 0.32036840941658135 0.022099447513812154 0.01714432262026612
2 0.28235971586424624 0.16594171545547595 0.012628255722178374 0.012794261617195496
14 0.320442089976322 0.3883061453428864 0.0067087760063141285 0.016120768065506653
7 0.46211535911602214 0.6512283643807574 0.023875283346487766 0.007676567451381781
18 0.20935263772691398 0.699078878198567 0.018942383583267563 0.010747178710337769
5 0.3162983248618785 0.43180649334698057 0.023381993370165745 0.010747178710337769
13 0.49921091081294394 0.6831500184237462 0.006314127861089187 0.00997951934493347
13 0.30517616543014997 0.3279171340839304 0.003745928587213891 0.019191405527123846
13 0.49901330386740334 0.22239637093142273 0.0031570639305445935 0.014393541044012281
19 0.4808601357537491 0.4696135271238485 0.012036323914759275 0.009851597952917093
2 0.3253286389897395 0.22709820266120778 0.02317852691397001 0.010491309723643807
18 0.3488554632991318 0.3474923561924258 0.014206767482241514 0.016376663254861822
19 0.2105366629834254 0.35158652200614127 0.010655095816890291 0.00972365035823951
10 0.5623521894238358 0.3418629764585466 0.012628255722178374 0.01688842743091095
13 0.398184865035517 0.25742070829068575 0.007892639621152327 0.008188331627430911
13 0.6462114853985793 0.3602865916069601 0.007498031886345699 0.01688842743091095
2 0.39976329597474347 0.7168628863868987 0.00868193591160221 0.012026602251791198
4 0.6148135198105761 0.6496289539406346 0.015218038200473561 0.011386890481064484
13 0.4604379226519337 0.7116171136131013 0.006314127861089187 0.01688842743091095
12 0.4003553086029992 0.44754354964176046 0.007498031886345699 0.01842374616171955
6 0.2251381594317285 0.3517143909928352 0.01775847955801105 0.00946775516888434
13 0.6789661499605366 0.5381269355168884 0.0067087760063141285 0.010747178710337769
4 0.39581681452249406 0.6517401023541454 0.01026044767166535 0.006653012896622313
8 0.5207181436464089 0.22287616786079836 0.014206767482241514 0.011642785670419651
2 0.1821232896606156 0.4129829731832139 0.013022903867403315 0.009339807574206755
4 0.4817483567482242 0.20324094165813714 0.01756115548539858 0.013378004503582395
10 0.2462509865824783 0.49078815967246675 0.012628255722178374 0.017400191606960082
21 0.5536700110497238 0.25742070829068575 0.022099447513812154 0.00921185997952917
13 0.5307815501183899 0.6898028741044012 0.007892639621152327 0.01714432262026612
13 0.4088398800315707 0.2839687205731832 0.009471191791633781 0.017016375025588535
6 0.4067680378847671 0.6522518403275332 0.011641675769534333 0.005629484544524053
14 0.661898001578532 0.15609003889457523 0.00828728776637727 0.016376663254861822
12 0.3422947914759274 0.40788136745138176 0.012924221625887924 0.01893551033776868
4 0.37480258879242306 0.4714047410440123 0.009668515864246252 0.010491309723643807
19 0.5041438105761641 0.5095317093142272 0.011444351696921862 0.010107466939611055
14 0.669692363062352 0.15596216990788128 0.007103383741120757 0.016120768065506653
18 0.2677586235201263 0.39478513588536335 0.011444351696921862 0.003446462231320368
12 0.454814408839779 0.16197541862845447 0.024861863299131808 0.02047082906857728
18 0.40213094238358327 0.1632548945752303 0.003946327892659826 0.014329580348004094
0 0.4860892438831887 0.6107984442169908 0.01913970765588003 0.01023541453428864
13 0.5061166471981058 0.5437563152507676 0.005524871981057617 0.011514838075742067
2 0.32197117979479084 0.25946766018423745 0.011789658721389108 0.005117694165813715
18 0.25907644514601424 0.22773807164790175 0.015390671507498026 0.012282497441146366
4 0.5893843346487766 0.45937824360286594 0.012628255722178374 0.005885353531218014
5 0.9171269707971585 0.04861825179119754 0.013417511602209945 0.00972365035823951
4 0.5335436022099447 0.3030961392016377 0.009865839936858722 0.015097239713408393
13 0.6742797537490134 0.28070622722620264 0.00818864593528019 0.017784034390992836
10 0.19149567797947908 0.16517397748208804 0.012628255722178374 0.01791198198567042
4 0.6270964685082873 0.15903285977482087 0.009323208839779005 0.01023541453428864
6 0.2202052596685083 0.35184225997952917 0.007892639621152327 0.00921185997952917
13 0.4431729755327546 0.5930543164790174 0.004340967955801105 0.006876914636642784
14 0.228097818468824 0.5925024360286592 0.007103383741120757 0.01714432262026612
0 0.46990931649565904 0.5931982476970318 0.0205208953433307 0.007244747594677584
8 0.6111261903709551 0.1609519426816786 0.009927506235201262 0.011770733265097236
0 0.3989740805051302 0.47082906857727735 0.01026044767166535 0.01023541453428864
5 0.7028414333070244 0.4015321220061413 0.00868193591160221 0.012682323848515864
13 0.6525995643251776 0.45713922620266123 0.005771496764009471 0.005629484544524053
2 0.7003747813733229 0.5278594227226203 0.007103383741120757 0.008252292323439098
2 0.19889522967640094 0.1674769293756397 0.011049743962115234 0.00946775516888434
2 0.3007104909234412 0.5735670829068578 0.012628255722178374 0.00972365035823951
13 0.16949503393843723 0.533776769703173 0.005524871981057617 0.014073685158648925
13 0.33859525808997637 0.5937460143295804 0.007892639621152327 0.00837224810644831
6 0.6274663046566693 0.6503647246673491 0.007103383741120757 0.009531742067553736
23 0.6614049944751381 0.2618987430910952 0.012628255722178374 0.009595702763561923
11 0.6707280820836622 0.45598761924257936 0.006314127861089187 0.005117694165813715
13 0.2987372501973165 0.6502046264073694 0.013812159747434886 0.00972365035823951
4 0.3468822225730071 0.26676038485158654 0.01026044767166535 0.014201632753326511
13 0.23105747750591948 0.3075102395087001 0.007892639621152327 0.015736951484135106
4 0.4093328871349645 0.20423651177072671 0.01677189960536701 0.013322035619242579
13 0.4003553086029992 0.6949207778915045 0.007103383741120757 0.025204706653019448
4 0.5390685146014207 0.15903285977482087 0.023677999684293606 0.01791198198567042
46 0.6243124735595896 0.25908405322415556 0.016371109076558803 0.005885353531218014
2 0.38392847355958953 0.6548747267144319 0.013121545698500395 0.00946775516888434
14 0.46724546172059983 0.20285712507676562 0.007300707813733228 0.012658322210849539
18 0.20520895343330703 0.2890224278403275 0.01775847955801105 0.012282497441146366
