11 0.37806613417521706 0.6583643360085607 0.014519463299131806 0.017497195933654362
23 0.34783752486187847 0.5235842397003745 0.013008921862667718 0.011498413269127877
23 0.49673051933701656 0.4522899518459069 0.013377303235990528 0.010745233600856071
18 0.13230694238358326 0.6630849266987694 0.015532956590370956 0.014120817549491708
21 0.5041522967640095 0.2504992188336009 0.015262004735595898 0.015481439058319958
8 0.5720785730071034 0.24613502835741038 0.014183935595895815 0.010941787907972178
5 0.3875371239147593 0.4532235505617978 0.016267537174427783 0.012368018833600855
8 0.3320887766377269 0.5928642225789192 0.014046378531965272 0.010690581915462814
13 0.5816865540647198 0.2209281369716426 0.009413485714285715 0.016754371321562333
0 0.6285392012628256 0.24489899625468164 0.024432300552486186 0.012024356982343498
6 0.3500394885556432 0.24860654467629748 0.016470276243093922 0.010412885607276618
9 0.5682080631412786 0.45100324023542004 0.014251380584056828 0.011826378170144461
8 0.2610981783741121 0.6403577699304441 0.013392942067876874 0.010696005992509363
18 0.2946089218626677 0.38634385874799354 0.01536747592738753 0.013199929802033173
0 0.5375147340173638 0.24635829213483146 0.02510501278610892 0.011377823434991975
1 0.45372615627466456 0.6397027715355805 0.015866019258089975 0.01807299732477261
5 0.45723660931333865 0.6609673451043339 0.015089654301499606 0.012714639272338148
4 0.33860172375690606 0.49949147565543073 0.012521895501183898 0.013436068913857678
7 0.3620272391475927 0.2282240684858213 0.015402511760063142 0.016097729266987694
5 0.33260885872138907 0.4101372027822365 0.014728627624309392 0.011170119636169075
4 0.3606480315706393 0.6808038523274478 0.01156497679558011 0.008108639058319957
13 0.5406651302288871 0.6339499625468165 0.011044369376479873 0.01896312124130551
0 0.3952518768745067 0.6373915120385233 0.022491266929755328 0.01107793772070626
5 0.4884237537490134 0.24672400642054573 0.015890063456985005 0.011478004494382021
0 0.39714793370165746 0.5690758095238095 0.01391274127861089 0.011063994007490635
5 0.4817823014996054 0.45200833814874264 0.015228827782162589 0.012169601712145532
4 0.4469460962904499 0.4510314563937935 0.012468836621941594 0.013542358908507222
0 0.4810638042620363 0.2690865446762975 0.022700552486187846 0.009713289245585875
18 0.37321607576953436 0.6143457592295345 0.014135685556432517 0.013293591011235955
4 0.3708201420678769 0.47737329481005886 0.012303921704814522 0.01112609695024077
5 0.6290847419100236 0.19857710433386838 0.014575593370165747 0.010482165864098449
0 0.4900337048145225 0.474325949705725 0.0313598181531176 0.01014946174424826
0 0.18148318863456986 0.1109086784376672 0.0228127318074191 0.013580464419475656
5 0.2538861310181531 0.4553227779561263 0.014994326124704025 0.010821307651150348
8 0.6026260205209156 0.2457624654895666 0.0165917499605367 0.010978331942215088
13 0.5487884325177584 0.21920010272873194 0.011744843567482241 0.021312458855002676
0 0.6313962178374112 0.33636509791332264 0.024939047198105763 0.012212364258962011
7 0.3180312044198895 0.525947822364901 0.014708462825572217 0.01645317067950776
8 0.6484882083662193 0.5883723745318352 0.016633938437253352 0.011115577528089888
6 0.29478996053670087 0.24942727875869447 0.017032789265982635 0.010371136650615303
14 0.6503939636937648 0.3104122589620118 0.008246352012628256 0.017742676511503477
0 0.3658132912391476 0.36389393258426966 0.02432290955011839 0.011922176136971642
2 0.5580403977900553 0.24590190262172282 0.01349134143646409 0.012371963616907438
0 0.3944004293606946 0.4316945669341894 0.019362853985793214 0.010837086784376672
2 0.5985643693764798 0.15255709791332261 0.01163359368587214 0.011904041091492776
8 0.1321077190213102 0.6416408380952381 0.01774389139700079 0.012511236383092563
13 0.295129408050513 0.4523685735687533 0.009970341278610892 0.02721344376672017
9 0.31143881041831095 0.24921004173354736 0.01460206219415943 0.01144504911717496
6 0.4879125619573796 0.6815697977528089 0.016942431570639307 0.0065768303905832
18 0.23861099289660617 0.22600625104333869 0.01582904372533544 0.013350762974852862
9 0.4591908571428571 0.6181143970037453 0.014490569850039464 0.0034515484216158373
0 0.29395306077348066 0.20758359524879613 0.024258737805840567 0.0042353275548421615
5 0.33263957063930544 0.4133538338790797 0.01486925588003157 0.004852302621722847
9 0.50476572691397 0.6811958651685394 0.014528394001578532 0.007324668164794007
0 0.4665132249408051 0.6815476083467095 0.02275070181531176 0.006621017442482611
4 0.40059494238358323 0.5905587158908507 0.007018845146014207 0.01386898148742643
7 0.2893903204419889 0.4761358929909042 0.015586662036306235 0.006529492990904227
9 0.20788856827150748 0.20442086249331193 0.012399694396211523 0.011494002782236489
8 0.19264252565114443 0.2081518221080792 0.016989509707971587 0.005357344462279294
5 0.1301894364640884 0.4144037872659176 0.01603352044198895 0.006955173461744249
1 0.5548475706393055 0.6379200582129481 0.016110663930544594 0.018336147244515783
13 0.25152454617206 0.2244937827715356 0.011005696606156275 0.01799736158373462
5 0.3259104277821626 0.27171913964687 0.015239132438831886 0.011116043231674692
2 0.38426509234412 0.2698798844301766 0.012564164798737175 0.008126993258426966
8 0.624595548539858 0.314280886035313 0.015808353591160222 0.010847304868913856
5 0.4470184309392265 0.6814821359015516 0.013519628729281767 0.006752236276083468
0 0.24800520284135755 0.27062555805243443 0.024303472138910813 0.006635563830925629
6 0.3064600852407261 0.4761742450508293 0.015148774743488556 0.006452898448368111
