28 0.6973165209155485 0.5763817727737973 0.018942383583267563 0.017400191606960082
10 0.40282155643251777 0.5767656417604914 0.014206767482241514 0.01791198198567042
35 0.8113159273875297 0.658920679631525 0.023776641515390686 0.01864764790174002
11 0.6219413922651933 0.353377735926305 0.014996063772691397 0.016376663254861822
10 0.7142856637726913 0.699270681678608 0.013812159747434886 0.017272270214943708
3 0.5684687103393844 0.21038575230296827 0.024861863299131808 0.019031464483111566
18 0.6849840694554065 0.21136140839303993 0.01647593370165746 0.013817816171954964
10 0.4694159052880821 0.3129478157625384 0.014798739700078925 0.01586489907881269
11 0.6471979037095501 0.16811679836233367 0.015144046724546171 0.016376663254861822
18 0.8101323062352014 0.5362078526100308 0.01667325777426993 0.01586489907881269
18 0.4010459226519337 0.5974922088024566 0.01657457553275454 0.01586489907881269
18 0.6290451397000789 0.18833162743091095 0.01696922367797948 0.01586489907881269
10 0.6875493228097869 0.6381781289662232 0.014108125651144436 0.01688842743091095
18 0.5972768934490923 0.6587768270214943 0.01696922367797948 0.01586489907881269
18 0.6594317537490133 0.4346211832139201 0.01657457553275454 0.015609003889457523
10 0.7539464688239937 0.6377622927328557 0.013417511602209945 0.016696519140225182
18 0.4000591002367798 0.210849670419652 0.01657457553275454 0.016376663254861822
18 0.43626683504340963 0.3523542599795292 0.01696922367797948 0.015353134902763563
24 0.6602209692186267 0.6012646321392016 0.01578531965272297 0.01299017891504606
2 0.8257695217048145 0.579580331627431 0.011838999842146803 0.00972365035823951
18 0.7416140173638516 0.3934237871033777 0.017166547750591947 0.015353134902763563
21 0.7425018342541436 0.43941915250767655 0.021310191633780583 0.015353134902763563
8 0.6785713401736385 0.150204659160696 0.014996063772691397 0.010491309723643807
6 0.8210338247829518 0.2943960696008188 0.014206767482241514 0.00972365035823951
1 0.7963693259668507 0.4188843889457523 0.01578531965272297 0.013817816171954964
18 0.7905486093133386 0.6381781289662232 0.017166547750591947 0.01586489907881269
12 0.8078135564325177 0.6383059979529171 0.01617996779794791 0.018039929580348002
10 0.7525652407261247 0.4953940634595701 0.014996063772691397 0.01688842743091095
8 0.6325968113654302 0.6416324257932446 0.014996063772691397 0.010747178710337769
18 0.49743487292817684 0.41402248515864887 0.01736387182320442 0.015353134902763563
2 0.8484607797947908 0.29401220061412486 0.013417511602209945 0.009851597952917093
24 0.6375295898973954 0.6834696908904812 0.022790061562746645 0.013817816171954964
7 0.6868094080505129 0.5205986653019448 0.015982643725335435 0.013306025793244625
4 0.6472476085240726 0.5180399754350051 0.010457771744277821 0.011258969089048106
5 0.3918707371744278 0.6210337277379734 0.013910801578531964 0.00972365035823951
21 0.5169692691397001 0.21417609825997952 0.01854773543804262 0.014841344524053224
18 0.5272298784530387 0.2508957215967247 0.01736387182320442 0.016632558444216988
6 0.8342540931333859 0.25332654247697034 0.014206767482241514 0.00972365035823951
2 0.42906489029202843 0.41683717502558854 0.013022903867403315 0.00997951934493347
18 0.6518596495659037 0.2720061576253838 0.016821240726124707 0.015609003889457523
1 0.3265464877663773 0.6436796397134084 0.015020714127861089 0.014073685158648925
5 0.7859115138121547 0.23387918935516888 0.014206767482241514 0.010491309723643807
2 0.5542620236779795 0.5191913203684749 0.013417511602209945 0.00895599099283521
0 0.45126273717442783 0.6409928188331628 0.022691379321231255 0.01023541453428864
0 0.6059590718232044 0.2547338874104401 0.023677999684293606 0.011258969089048106
14 0.7379637442778216 0.25153532855680655 0.0067087760063141285 0.016120768065506653
18 0.574585635359116 0.556038812691914 0.01657457553275454 0.016376663254861822
1 0.7089333038674033 0.15263574206755376 0.01425610860299921 0.014073685158648925
32 0.39453418784530386 0.25268667349027635 0.01687054143646409 0.018679641351074718
9 0.4704023235990529 0.3756397789150461 0.013812159747434886 0.00972365035823951
9 0.7012630023677979 0.4985286878198567 0.011838999842146803 0.00895599099283521
10 0.638343536543015 0.5358239836233368 0.012825579794790843 0.01714432262026612
6 0.604775046566693 0.3966223459570113 0.007498031886345699 0.00972365035823951
6 0.3682912580899763 0.150460659160696 0.01637725146014207 0.01023541453428864
0 0.5726123946329913 0.3971340839303992 0.023677999684293606 0.01023541453428864
5 0.8155089123914759 0.4373080040941658 0.014206767482241514 0.00972365035823951
5 0.34535309234412 0.43807574206755373 0.014996063772691397 0.010747178710337769
22 0.37243494238358327 0.23375132036847493 0.014404091554853986 0.01023541453428864
4 0.4206789202841357 0.6203941207778915 0.010655095816890291 0.011514838075742067
0 0.6176005051302288 0.7025331750255885 0.022888703393843725 0.010747178710337769
2 0.6357536732438832 0.23349532036847492 0.011838999842146803 0.01023541453428864
0 0.6645618563535911 0.579324593654043 0.021310191633780583 0.010491309723643807
7 0.6708885114443568 0.5403020184237463 0.029178180899763217 0.014841344524053224
10 0.7876875516969218 0.699206747185261 0.014601415627466457 0.016632558444216988
5 0.7085635485398579 0.43781974206755375 0.014206767482241514 0.01023541453428864
5 0.574585635359116 0.5794524626407369 0.012628255722178374 0.01023541453428864
7 0.5388713117600632 0.398413559877175 0.01617996779794791 0.014329580348004094
0 0.6399220483030781 0.47940126919140225 0.02234611270718232 0.011258969089048106
18 0.7231650449881609 0.61668382395087 0.018153127703235992 0.01586489907881269
13 0.4133779700078927 0.20912231238485157 0.007695355958958169 0.019255366223132037
5 0.37509879715864247 0.376151516888434 0.014206767482241514 0.00972365035823951
9 0.8510260331491714 0.2530705424769703 0.014601415627466457 0.01023541453428864
18 0.3604973007103394 0.3938076560900717 0.01677189960536701 0.016120768065506653
21 0.5674822920284136 0.7043883234390993 0.02012628760852407 0.015225187308085976
9 0.6649566661404893 0.21302449129989764 0.014996063772691397 0.010491309723643807
13 0.6102999589581689 0.6582650890481064 0.00828728776637727 0.018679641351074718
0 0.7841358800315706 0.25409428045035826 0.022691379321231255 0.011003073899692937
9 0.8099844041041832 0.3147390296827022 0.014206767482241514 0.00972365035823951
4 0.42324376953433307 0.21212888433981578 0.009865839936858722 0.012026602251791198
6 0.4055840126282557 0.519447320368475 0.014996063772691397 0.00921185997952917
10 0.7720996369376479 0.4750511033776868 0.01696922367797948 0.01676047983623337
5 0.5838594222573008 0.150204659160696 0.014206767482241514 0.011258969089048106
5 0.5923439936858721 0.375895516888434 0.014206767482241514 0.00921185997952917
13 0.5215073591160221 0.5973643398157625 0.007892639621152327 0.01842374616171955
5 0.5840566250986582 0.6000511606960083 0.013417511602209945 0.01023541453428864
5 0.5799133449092344 0.6407368188331627 0.014601415627466457 0.010747178710337769
22 0.7989345793212312 0.5999232917093142 0.013812159747434886 0.01023541453428864
21 0.5236778026835044 0.173106571136131 0.018153127703235992 0.015097239713408393
5 0.36621941594317287 0.3172337850562948 0.014601415627466457 0.011003073899692937
9 0.6168112896606156 0.39738196110542473 0.014206767482241514 0.008684112180143295
2 0.37056030307813737 0.661591516888434 0.012825579794790843 0.010747178710337769
8 0.4808601357537491 0.6209058587512793 0.014996063772691397 0.010747178710337769
7 0.7943960852407261 0.48029687615148414 0.01696922367797948 0.013817816171954964
18 0.4733623867403315 0.14777383828045038 0.01696922367797948 0.016120768065506653
0 0.8378057647987371 0.5982359975435004 0.022888703393843725 0.015145216786079836
4 0.7139898595106552 0.47773792425793243 0.00848461183898974 0.011514838075742067
6 0.4634965872138911 0.41683717502558854 0.013812159747434886 0.00972365035823951
22 0.7598657868981847 0.4369241351074718 0.014206767482241514 0.010491309723643807
8 0.5588001136543015 0.19242579324462641 0.014206767482241514 0.00997951934493347
5 0.8234018752959748 0.15007679017400205 0.013812159747434886 0.00972365035823951
24 0.7018053101815311 0.25524562538382806 0.014897381531176007 0.013050156806550665
2 0.4604379226519337 0.23317564790174003 0.012628255722178374 0.009659663459570113
1 0.4335043788476717 0.5619241924257932 0.014601415627466457 0.013561920982599795
10 0.32777969250197314 0.37487204094165816 0.014379441199684293 0.017400191606960082
8 0.364986089976322 0.4384596110542477 0.014601415627466457 0.00997951934493347
5 0.8299132059984214 0.33546559672466736 0.014206767482241514 0.00972365035823951
5 0.35936257616416734 0.6413766878198567 0.014305449723756905 0.010491309723643807
1 0.6740332501973165 0.6227929744114638 0.014206767482241514 0.01317810440122825
10 0.3934984688239937 0.1898668413510747 0.014206767482241514 0.01765608679631525
0 0.525256637726914 0.23298358239508699 0.021310191633780583 0.00972365035823951
9 0.8458959305445936 0.4164533060388945 0.014996063772691397 0.01023541453428864
5 0.7032358389897395 0.19140231729785057 0.007892639621152327 0.010747178710337769
2 0.5714283693764799 0.4558597502558854 0.011049743962115234 0.0053735893551688846
0 0.4017858374112076 0.15071639713408394 0.021211509392265192 0.00972365035823951
5 0.48776627624309393 0.3168501780962129 0.014996063772691397 0.00946775516888434
8 0.4459354317284925 0.39649447697031726 0.013022903867403315 0.00972365035823951
9 0.48322818626677183 0.5990276847492323 0.014206767482241514 0.01023541453428864
12 0.766574724546172 0.6178351688843398 0.015390671507498026 0.017400191606960082
5 0.6775849218626677 0.4382355783009212 0.014996063772691397 0.01093908700102354
4 0.7651934964483031 0.25409428045035826 0.011838999842146803 0.011386890481064484
13 0.38397777426992896 0.45579581576253836 0.008089963693764798 0.01842374616171955
7 0.5363060584056827 0.5411976253838281 0.01657457553275454 0.013817816171954964
6 0.727703134964483 0.15033252814738995 0.022099447513812154 0.01023541453428864
5 0.6404893701657458 0.6608240409416581 0.014206767482241514 0.010363362128966222
11 0.7646014838200473 0.33354651381780964 0.014996063772691397 0.01714432262026612
0 0.35664942067876876 0.5193194513817809 0.020619577584846092 0.00921185997952917
6 0.7070837190213102 0.5591095025588537 0.014798739700078925 0.011258969089048106
8 0.6992897616416732 0.39731800040941656 0.014996063772691397 0.008524171136131013
22 0.6991911602209945 0.7025331750255885 0.014601415627466457 0.010491309723643807
1 0.48677985793212314 0.398669297850563 0.014009483820047354 0.013817816171954964
0 0.4017365367008682 0.35593642579324464 0.021310191633780583 0.00972365035823951
8 0.6422650039463299 0.43801180757420677 0.014601415627466457 0.01023541453428864
5 0.6035910213101815 0.6210337277379734 0.013812159747434886 0.01023541453428864
8 0.4165352359905288 0.6420162947799386 0.014206767482241514 0.00997951934493347
9 0.6558800820836622 0.35580855680655066 0.014996063772691397 0.00997951934493347
6 0.450276318863457 0.5596212405322416 0.015390671507498026 0.01023541453428864
10 0.48875309865824784 0.3733368270214944 0.014206767482241514 0.01586489907881269
0 0.6878451270718232 0.3764072548618219 0.021310191633780583 0.00946775516888434
7 0.5248618279400157 0.4189963005117707 0.025256511444356748 0.014041717911975435
2 0.6618858784530387 0.7021495680655067 0.013836810102604577 0.011258969089048106
22 0.4316297395422257 0.6000511606960083 0.014601415627466457 0.010747178710337769
0 0.6290451397000789 0.3364893346980553 0.022099447513812154 0.010747178710337769
2 0.6104971617995264 0.5591095025588537 0.012628255722178374 0.00921185997952917
13 0.4705999305445935 0.5967247328556807 0.00828728776637727 0.017400191606960082
16 0.3834847671665351 0.17144322620266123 0.019928963535911604 0.012282497441146366
7 0.6937648492501973 0.46014598157625386 0.01736387182320442 0.013945763766632547
5 0.41209534333070247 0.47837779324462637 0.015982643725335435 0.01023541453428864
4 0.36597291239147595 0.19204192425793243 0.00878057774269929 0.012282497441146366
5 0.4336029802683505 0.2343909273285568 0.014009483820047354 0.01023541453428864
6 0.5045382162588792 0.4373080040941658 0.014601415627466457 0.00972365035823951
14 0.7951853007103393 0.20982593244626407 0.006314127861089187 0.01791198198567042
2 0.5430149960536701 0.2748208474923234 0.013417511602209945 0.010747178710337769
0 0.35031064246250987 0.3567041637666325 0.023825982636148383 0.010747178710337769
2 0.7518746266771903 0.5388946734902763 0.012628255722178374 0.01023541453428864
2 0.6404893701657458 0.7025331750255885 0.012233607576953433 0.010747178710337769
4 0.6022097932123126 0.4160696990788127 0.01026044767166535 0.011514838075742067
6 0.3435281578531965 0.3966223459570113 0.014897381531176007 0.00972365035823951
8 0.7235594506708761 0.3971340839303992 0.014206767482241514 0.00972365035823951
5 0.34806624782951856 0.6623592548618219 0.013910801578531964 0.010491309723643807
9 0.7032851397000789 0.2341351893551689 0.014108125651144436 0.011770733265097236
5 0.7589779700078927 0.39649447697031726 0.014009483820047354 0.00997951934493347
2 0.5351224372533544 0.6406089498464688 0.012628255722178374 0.010811165609007165
8 0.5090767103393844 0.49846475332650975 0.014601415627466457 0.01023541453428864
14 0.6247656764009472 0.23080849948822926 0.0067087760063141285 0.015609003889457523
6 0.6381217237569061 0.35593642579324464 0.01578531965272297 0.00921185997952917
2 0.5128255848460931 0.45598761924257936 0.011444351696921862 0.005117694165813715
5 0.49033152959747434 0.43746810235414535 0.014206767482241514 0.009787611054247696
2 0.6462114853985793 0.5987716847492323 0.012233607576953433 0.00972365035823951
0 0.6797553654301499 0.7027891750255885 0.021704799368587213 0.011258969089048106
0 0.7446722778216259 0.5178479099283521 0.021704799368587213 0.00972365035823951
0 0.48677985793212314 0.25409428045035826 0.022691379321231255 0.011258969089048106
9 0.4203827119179164 0.45598761924257936 0.013417511602209945 0.005117694165813715
0 0.40637322809786897 0.5588535025588536 0.021507515706393053 0.011770733265097236
2 0.6562744877663773 0.6197542517911976 0.013417511602209945 0.01023541453428864
22 0.3296727185477506 0.35721590174002044 0.016266284451460142 0.01023541453428864
6 0.6894239621152328 0.6198022026612078 0.014996063772691397 0.01045931627430911
6 0.8133384688239936 0.41669332241555784 0.01617996779794791 0.00969165690890481
5 0.7933110655090766 0.31467509518935516 0.014404091554853986 0.010107466939611055
5 0.6171998358326757 0.5178479099283521 0.01439176637726914 0.010619231115660184
7 0.6977109265982636 0.31729798157625383 0.015193387845303866 0.014073685158648925
5 0.41594322336227313 0.5391504114636643 0.014996063772691397 0.011258969089048106
2 0.7764405240726124 0.45777883316274304 0.013417511602209945 0.010491309723643807
2 0.4180150655090766 0.6001951181166837 0.012233607576953433 0.00997951934493347
5 0.5982637158642463 0.7025331750255885 0.014206767482241514 0.011003073899692937
2 0.8097867971586423 0.376151516888434 0.011049743962115234 0.00921185997952917
0 0.737766541436464 0.4173489129989765 0.023283351539068665 0.01023541453428864
2 0.5410417553275454 0.5794524626407369 0.011838999842146803 0.01023541453428864
18 0.7917326345698501 0.17016375025588537 0.021112867561168112 0.012282497441146366
5 0.8273479526440409 0.21180910706243603 0.014206767482241514 0.010139460388945754
4 0.38235004262036304 0.41648540429887415 0.009372549960536701 0.01119498219037871
4 0.6393053449092344 0.5585977645854656 0.011049743962115234 0.011770733265097236
22 0.5349248303078137 0.15097239713408395 0.013812159747434886 0.010747178710337769
2 0.7949880978689818 0.5377430665301945 0.013022903867403315 0.01023541453428864
0 0.5120363693764799 0.6412488188331628 0.02959747940015785 0.011258969089048106
7 0.4683308855564325 0.7043243889457522 0.023875283346487766 0.015097239713408393
5 0.7455604988161011 0.7022774370522006 0.014798739700078925 0.011131021494370522
24 0.3750494964483031 0.338792286591607 0.01657457553275454 0.013817816171954964
5 0.3609907119179163 0.5598772405322416 0.014206767482241514 0.00972365035823951
13 0.8488555895816889 0.5767656417604914 0.007892639621152327 0.01893551033776868
7 0.579123725335438 0.6215454657113613 0.01578531965272297 0.013433973387922212
6 0.7209946014206788 0.35644842579324465 0.01578531965272297 0.010747178710337769
2 0.6959352928176795 0.661335778915046 0.013614835674822417 0.010363362128966222
10 0.46842948697711134 0.4547084053224156 0.014601415627466457 0.016632558444216988
7 0.6894239621152328 0.5588535025588536 0.01617996779794791 0.017400191606960082
5 0.7973561483820047 0.7024053060388946 0.014996063772691397 0.010747178710337769
9 0.3896998895027624 0.2341351893551689 0.014601415627466457 0.00972365035823951
22 0.5067086598263615 0.23311145138178097 0.014206767482241514 0.00972365035823951
10 0.4506707245461721 0.5972364708290686 0.014206767482241514 0.01791198198567042
13 0.6936662478295186 0.4754349723643807 0.008089963693764798 0.01586489907881269
2 0.6948498689818469 0.150204659160696 0.013417511602209945 0.010747178710337769
0 0.8239934838200473 0.23259971340839306 0.022494095659037094 0.01023541453428864
0 0.4660614364640884 0.25390221494370524 0.01835045177584846 0.010619231115660184
5 0.5134175974743489 0.2950359385875128 0.014206767482241514 0.010107466939611055
6 0.6325968113654302 0.519063451381781 0.014996063772691397 0.010491309723643807
5 0.596093272296764 0.5392782804503582 0.013812159747434886 0.00997951934493347
22 0.6752168713496448 0.4172210964176049 0.014798739700078925 0.01023541453428864
6 0.5580108981846883 0.5593655025588536 0.01578531965272297 0.010491309723643807
7 0.6227310118389897 0.21444792466734905 0.01736387182320442 0.01295420266120778
2 0.554064820836622 0.3967502149437052 0.011049743962115234 0.01023541453428864
6 0.6753158768745068 0.3362333346980552 0.014206767482241514 0.00972365035823951
2 0.33366219668508285 0.5798363316274309 0.012430931649565904 0.00972365035823951
5 0.6065510844514601 0.2134083602865916 0.014996063772691397 0.011258969089048106
4 0.8559589329123916 0.21161714636642784 0.01026044767166535 0.011514838075742067
9 0.4098262983425414 0.376151516888434 0.014206767482241514 0.00972365035823951
13 0.7271111223362273 0.4355167901740021 0.008089963693764798 0.01893551033776868
0 0.48224136385161803 0.19191405527123848 0.021507515706393053 0.00972365035823951
9 0.8010064214680347 0.23285571340839303 0.014404091554853986 0.010747178710337769
0 0.5868190812943962 0.4790174002047083 0.021310191633780583 0.00972365035823951
6 0.5505131491712708 0.6005628986693962 0.013417511602209945 0.00972365035823951
4 0.8528020710339383 0.4368921678607984 0.010655095816890291 0.010875126305015354
7 0.8045580931333859 0.29593154554759465 0.015982643725335435 0.014457527942681677
5 0.3452298405682715 0.5396621494370522 0.014601415627466457 0.01023541453428864
28 0.6345696479873717 0.41530193490276357 0.021310191633780583 0.01944730071647902
2 0.6475927134964483 0.5378709355168885 0.011838999842146803 0.010747178710337769
22 0.7880819573796369 0.49846475332650975 0.015390671507498026 0.010107466939611055
7 0.7941988823993686 0.398413559877175 0.026440415469613256 0.013817816171954964
13 0.5878059037095501 0.5557830747185262 0.00828728776637727 0.018679641351074718
21 0.8173342509865825 0.5199590583418628 0.019632997632202054 0.015353134902763563
7 0.7611484135753749 0.6835978219037872 0.024269931491712707 0.014585475537359264
10 0.4358720252565115 0.1896111033776868 0.013417511602209945 0.017400191606960082
2 0.6252219908445146 0.25409428045035826 0.012332289818468824 0.011770733265097236
1 0.3944848871349645 0.43961095598771754 0.013713477505919495 0.013306025793244625
5 0.5201261310181532 0.4388434800409417 0.014206767482241514 0.010747178710337769
2 0.8354381183898973 0.620681825997953 0.013417511602209945 0.01023541453428864
2 0.40795165903709546 0.1921697932446264 0.011838999842146803 0.00972365035823951
5 0.7488159621152328 0.33674507267144316 0.014601415627466457 0.01023541453428864
5 0.7122138216258879 0.5993954653019448 0.014601415627466457 0.010811165609007165
6 0.6458170797158643 0.1921697932446264 0.015390671507498026 0.00972365035823951
7 0.46546942383583273 0.21486373469805528 0.025651159589581685 0.014617442784032753
5 0.4311367324388319 0.39611060798362335 0.014601415627466457 0.00972365035823951
8 0.40728609944751376 0.6205219897645855 0.014157466771902131 0.011003073899692937
6 0.5982637158642463 0.150204659160696 0.014996063772691397 0.01023541453428864
13 0.7364839147592739 0.1467503623336745 0.00887925998421468 0.01765608679631525
9 0.6125135608524073 0.6413766878198567 0.012714572375690607 0.011003073899692937
0 0.7259275011838989 0.7029170440122825 0.020915543488555642 0.011003073899692937
7 0.6371349013417521 0.39957300143295804 0.01657457553275454 0.01306614042988741
7 0.7444750749802683 0.6219293346980552 0.025651159589581685 0.015097239713408393
5 0.5897791444356748 0.4173489129989765 0.013812159747434886 0.00972365035823951
0 0.5489343141278611 0.2341351893551689 0.022888703393843725 0.011003073899692937
1 0.6969217111286504 0.2769319959058342 0.014996063772691397 0.014585475537359264
6 0.4812549455406472 0.5391504114636643 0.015390671507498026 0.00921185997952917
8 0.8145224940805051 0.6003071606960082 0.014601415627466457 0.010491309723643807
14 0.3447610797158643 0.6180751852610031 0.005426189739542226 0.015832905629477995
2 0.6877465256511445 0.25435001842374616 0.012036323914759275 0.01023541453428864
5 0.6491711444356748 0.33674507267144316 0.014206767482241514 0.011770733265097236
5 0.704419864246251 0.43833174206755376 0.005524871981057617 0.00972365035823951
2 0.8421466519337016 0.47863353121801433 0.012628255722178374 0.00997951934493347
2 0.613456820836622 0.1709314882292733 0.012628255722178374 0.00997951934493347
8 0.6247038484609313 0.5591095025588537 0.014601415627466457 0.01023541453428864
2 0.6956887892659827 0.41610158771750255 0.012726897553275452 0.010363362128966222
10 0.6310179763220205 0.1674769293756397 0.013812159747434886 0.018679641351074718
9 0.6799525682715075 0.3966223459570113 0.013614835674822417 0.00972365035823951
2 0.45363078768745063 0.43756400409416585 0.012628255722178374 0.00972365035823951
5 0.5822809913180742 0.6819344769703174 0.013812159747434886 0.011131021494370522
4 0.6022097932123126 0.518167844421699 0.009471191791633781 0.010747178710337769
5 0.710512138910813 0.45813073490276357 0.01425610860299921 0.010043506243602866
5 0.32816201546961327 0.3973900839303992 0.015440012628255721 0.011258969089048106
14 0.5781373070244673 0.41402248515864887 0.006314127861089187 0.016120768065506653
23 0.5001973291239147 0.45777883316274304 0.012628255722178374 0.00997951934493347
18 0.7762429171270718 0.5175282374616172 0.020718219415943175 0.012538392630501535
13 0.7788081704814522 0.6169395619242579 0.007892639621152327 0.01842374616171955
6 0.5574192896606157 0.17169896417604913 0.011049743962115234 0.00946775516888434
2 0.5737964198895028 0.4373080040941658 0.013417511602209945 0.00946775516888434
2 0.5917519810576164 0.19114631729785056 0.013417511602209945 0.01023541453428864
14 0.3343528107340174 0.27219796110542477 0.007300707813733228 0.016504610849539407
2 0.5445934269928966 0.19153018628454452 0.013812159747434886 0.00972365035823951
5 0.7298735785319652 0.23362345138178095 0.014206767482241514 0.01023541453428864
22 0.8289267876874508 0.41658143705220063 0.013812159747434886 0.01023541453428864
5 0.5382792991318074 0.4793373346980553 0.014206767482241514 0.00997951934493347
13 0.5501183393843725 0.5358239836233368 0.00868193591160221 0.018167850972364383
13 0.4181136669297553 0.14751783828045037 0.012430931649565904 0.01688842743091095
8 0.7448698847671665 0.2341351893551689 0.014601415627466457 0.01023541453428864
13 0.39808585951065506 0.3733368270214944 0.007892639621152327 0.015609003889457523
2 0.5591949234411997 0.6200102517911975 0.012628255722178374 0.00972365035823951
7 0.3654302004735596 0.41914012691914027 0.022296771586424624 0.014585475537359264
7 0.5595897332280978 0.5821392835209827 0.01617996779794791 0.014329580348004094
22 0.4861878453038674 0.35593642579324464 0.014404091554853986 0.00972365035823951
0 0.6313387946329913 0.29554767656090075 0.022000805682715077 0.00997951934493347
6 0.47957791318074194 0.519063451381781 0.013812159747434886 0.009339807574206755
5 0.43340577742699293 0.7024692405322416 0.014601415627466457 0.010875126305015354
5 0.7745658847671666 0.6402250808597748 0.013812159747434886 0.01023541453428864
8 0.4808601357537491 0.17195496417604914 0.014206767482241514 0.01023541453428864
13 0.3236730645619574 0.43449331422722615 0.008311938121546961 0.01893551033776868
5 0.3845204861878453 0.6000511606960083 0.014601415627466457 0.01023541453428864
5 0.8433306771902132 0.23285571340839303 0.014206767482241514 0.01023541453428864
2 0.6458170797158643 0.3764072548618219 0.012233607576953433 0.00921185997952917
4 0.5655090513022889 0.47761005527123845 0.01026044767166535 0.012026602251791198
22 0.8078135564325177 0.2122570153531218 0.014206767482241514 0.010491309723643807
5 0.8042618847671665 0.25332654247697034 0.014206767482241514 0.010491309723643807
6 0.44859888239936857 0.7026613060388945 0.014798739700078925 0.010491309723643807
13 0.6127432536700869 0.37231308904810645 0.009566762430939226 0.01842374616171955
0 0.718059592738753 0.31525076765609006 0.023234010418310972 0.00997951934493347
5 0.7878847545382794 0.33597759672466737 0.014009483820047354 0.01023541453428864
0 0.4991119052880821 0.4786974657113613 0.020718219415943175 0.00972365035823951
21 0.37445748382004734 0.6222492691914022 0.021014225730071032 0.01516120040941658
13 0.659628956590371 0.16786079836233367 0.00868193591160221 0.017400191606960082
8 0.5493291239147593 0.6407368188331627 0.014996063772691397 0.010747178710337769
4 0.3335388640883978 0.436604462640737 0.009668515864246252 0.011514838075742067
5 0.726321906866614 0.5182957134083931 0.013812159747434886 0.00972365035823951
18 0.6539068413575375 0.49737708085977483 0.013910801578531964 0.011770733265097236
6 0.8247831033938438 0.6411526550665302 0.014601415627466457 0.01068321801432958
8 0.4094318926598263 0.6622313858751279 0.014009483820047354 0.00972365035823951
2 0.3606945035516969 0.3764072548618219 0.012430931649565904 0.00972365035823951
22 0.5165744593528019 0.19153018628454452 0.014206767482241514 0.01023541453428864
13 0.6479875232833464 0.25150336131013307 0.007103383741120757 0.015609003889457523
5 0.6979085335438042 0.3364893346980553 0.014601415627466457 0.010747178710337769
13 0.42245455406471977 0.43243823950870014 0.007498031886345699 0.01907944155578301
7 0.33223166787687447 0.48087254861821904 0.02663773954222573 0.014585475537359264
5 0.6653510718232044 0.23375132036847493 0.014206767482241514 0.011514838075742067
2 0.380327501183899 0.43756400409416585 0.012529613891081294 0.00972365035823951
13 0.705307681136543 0.3538894738996929 0.009471191791633781 0.01688842743091095
4 0.6773877190213102 0.45710725895598775 0.010655095816890291 0.012858248515864892
10 0.32947539447513813 0.6994627471852609 0.022383088239936857 0.016632558444216988
13 0.6991911602209945 0.20816284953940634 0.00927386771902131 0.01970316970317298
9 0.6245066456195738 0.375895516888434 0.014206767482241514 0.01023541453428864
18 0.5341356148382005 0.37487204094165816 0.024467255564325177 0.012794261617195496
6 0.659628956590371 0.5591095025588537 0.014996063772691397 0.010747178710337769
21 0.39862857142857144 0.5419651013306039 0.018843741752170483 0.01586489907881269
10 0.3484857079715864 0.5976922399181167 0.01573597853196527 0.016248715660184238
2 0.44455420363062353 0.2538382804503582 0.013417511602209945 0.01023541453428864
14 0.6862666961325967 0.3330347758444217 0.007103383741120757 0.01714432262026612
9 0.41663383741120763 0.2743091095189355 0.014206767482241514 0.010747178710337769
5 0.4005525114443568 0.41709314882292736 0.01617996779794791 0.009531742067553736
18 0.38067301026045774 0.7016375680655067 0.01913970765588003 0.012794261617195496
0 0.4820441610102605 0.2337832876151484 0.021507515706393053 0.010619231115660184
14 0.36020109234411996 0.6580090890481064 0.0067087760063141285 0.015992846673490275
13 0.48786487766377273 0.1467503623336745 0.009471191791633781 0.02047082906857728
11 0.6925808239936859 0.353121735926305 0.014996063772691397 0.015609003889457523
13 0.5130227876874507 0.5765096417604912 0.007892639621152327 0.01791198198567042
6 0.7251382857142856 0.45803483316274307 0.013812159747434886 0.009595702763561923
6 0.5025649755327545 0.3970641228249744 0.014601415627466457 0.008048383213920164
14 0.5923439936858721 0.6169875127942681 0.007103383741120757 0.016792473285568064
2 0.44258096290449883 0.661399713408393 0.013022903867403315 0.00997951934493347
2 0.32557223299131804 0.5596212405322416 0.013812159747434886 0.010491309723643807
9 0.3623719400157853 0.25422214943705224 0.014206767482241514 0.010747178710337769
0 0.3420974674033149 0.4989764912998977 0.019928963535911604 0.00946775516888434
4 0.7028414333070244 0.5373591975435005 0.00868193591160221 0.012794261617195496
0 0.6304508565114443 0.4987844257932446 0.031225332280978693 0.009851597952917093
13 0.6078766269928967 0.5772773797338793 0.00342837543804262 0.020982593244626407
2 0.6197709486977112 0.6818066079836234 0.012233607576953433 0.01023541453428864
4 0.7659827119179163 0.5993315046059365 0.011049743962115234 0.011530821699078812
22 0.4788872991318074 0.41658143705220063 0.014206767482241514 0.01023541453428864
6 0.6022097932123126 0.3567041637666325 0.022888703393843725 0.00921185997952917
19 0.6989935532754538 0.6000431688843398 0.010457771744277821 0.01045931627430911
8 0.7823598421468034 0.6000991639713409 0.014601415627466457 0.010427322824974411
13 0.5365036653512233 0.16939601228249743 0.007103383741120757 0.018679641351074718
5 0.4075572533543804 0.3362333346980552 0.014601415627466457 0.01023541453428864
18 0.469021499605367 0.3523542599795292 0.018153127703235992 0.016120768065506653
2 0.3317321951065509 0.21336040941658138 0.013725843093922652 0.01119498219037871
0 0.4309391254932912 0.49891255680655067 0.021704799368587213 0.00946775516888434
6 0.41039366061562743 0.5804759385875128 0.013861500868192581 0.00997951934493347
5 0.7316496164167325 0.4979530153531218 0.009865839936858722 0.00946775516888434
9 0.7499999873717443 0.2947799385875128 0.014996063772691397 0.011003073899692937
16 0.6795581625887924 0.4778018587512794 0.01973163946329913 0.011258969089048106
22 0.4607341310181531 0.620426088024565 0.014206767482241514 0.010875126305015354
13 0.5094711160220995 0.16709306038894575 0.00828728776637727 0.02047082906857728
9 0.6612199147592739 0.1921697932446264 0.014576765272296765 0.01023541453428864
1 0.44731665982636143 0.4193961269191402 0.014996063772691397 0.014329580348004094
2 0.7852208997632202 0.3767911238485159 0.013220187529597475 0.00972365035823951
10 0.5481450986582478 0.6179630378710338 0.020915543488555642 0.017847995087001023
2 0.5017757600631413 0.15058852814738996 0.011838999842146803 0.01023541453428864
2 0.7534530576164167 0.1709314882292733 0.014601415627466457 0.00972365035823951
23 0.4940804041041831 0.21270471402251792 0.011247027624309392 0.010043506243602866
6 0.8344512959747435 0.43759597134083933 0.022494095659037094 0.009659663459570113
22 0.580504953433307 0.2349026653019447 0.014996063772691397 0.010747178710337769
22 0.7951853007103393 0.517911844421699 0.014601415627466457 0.011003073899692937
13 0.4991119052880821 0.6784159836233368 0.00887925998421468 0.019319353121801434
5 0.6325968113654302 0.31601850562947803 0.014601415627466457 0.010619231115660184
7 0.8247831033938438 0.45925037461617196 0.023677999684293606 0.01471339692937564
5 0.5100631286503552 0.25371041146366424 0.014601415627466457 0.011514838075742067
2 0.7683503583267561 0.17067548822927328 0.012628255722178374 0.01023541453428864
18 0.749210771902131 0.19063457932446265 0.022296771586424624 0.012794261617195496
6 0.6284531270718232 0.43781974206755375 0.011049743962115234 0.00972365035823951
10 0.38782565430149957 0.6589688925281474 0.012628255722178374 0.01676047983623337
12 0.4496843062352012 0.17041975025588538 0.020915543488555642 0.021494357420675538
13 0.6654500773480664 0.27226189559877173 0.00828728776637727 0.01714432262026612
18 0.7131016385161799 0.37410430296827024 0.01835045177584846 0.013817816171954964
10 0.3290252628255722 0.3138434227226203 0.015982643725335435 0.01791198198567042
2 0.5852406503551697 0.49884862231320365 0.014996063772691397 0.00895599099283521
19 0.4583660805051302 0.6820623459570112 0.013417511602209945 0.01023541453428864
6 0.5986581215469613 0.3165941780962129 0.011049743962115234 0.009851597952917093
1 0.5343332217837411 0.601458505629478 0.014206767482241514 0.014841344524053224
4 0.7007695911602211 0.6402250808597748 0.010457771744277821 0.012282497441146366
6 0.5702447482241515 0.25460601842374614 0.012628255722178374 0.010747178710337769
4 0.8526044640883977 0.16990801228249744 0.009865839936858722 0.011258969089048106
4 0.847079551696922 0.6198823828045036 0.010655095816890291 0.011258969089048106
16 0.33228715138121545 0.23336745138178097 0.019620672454617207 0.012026602251791198
13 0.4014403283346488 0.16734906038894576 0.013614835674822417 0.01944730071647902
0 0.8291239905288081 0.3554246878198567 0.030781383425414366 0.01023541453428864
2 0.6302287608524072 0.6207779897645854 0.013417511602209945 0.01023541453428864
12 0.8145224940805051 0.6790558526100308 0.021704799368587213 0.017784034390992836
6 0.34841175690607734 0.17221096417604914 0.015094705603788476 0.01023541453428864
13 0.6303028735595896 0.6519958403275332 0.005574172691397001 0.005629484544524053
13 0.5615625698500395 0.3129478157625384 0.007892639621152327 0.01586489907881269
2 0.8204418121546962 0.397082097850563 0.022099447513812154 0.008036408597748209
6 0.5100631286503552 0.6818705424769703 0.014601415627466457 0.010107466939611055
4 0.4861878453038674 0.7024053060388946 0.01026044767166535 0.011258969089048106
7 0.8038674790844514 0.27571645445240534 0.02604576732438832 0.014329580348004094
5 0.7683503583267561 0.150204659160696 0.014206767482241514 0.010747178710337769
0 0.7941988823993686 0.4552201432958035 0.022099447513812154 0.006653012896622313
10 0.822809862667719 0.556294812691914 0.014996063772691397 0.01791198198567042
6 0.4145866456195738 0.43756400409416585 0.02126085051302289 0.00972365035823951
8 0.709525316495659 0.2947160040941658 0.01504536448303078 0.00946775516888434
0 0.7448698847671665 0.4556040122824975 0.022494095659037094 0.005885353531218014
6 0.649565954222573 0.21238488433981575 0.014996063772691397 0.00972365035823951
10 0.5248618279400157 0.5159927615148414 0.021310191633780583 0.015353134902763563
4 0.5161800536700868 0.4778657932446264 0.01026044767166535 0.011258969089048106
6 0.7253354885556433 0.579324593654043 0.013417511602209945 0.01023541453428864
22 0.6487767387529597 0.6405450153531218 0.014206767482241514 0.011578824974411464
14 0.7362863078137332 0.6574813674513817 0.005919479715864246 0.01564099733879222
2 0.5678766977111287 0.29580341453428866 0.011838999842146803 0.010491309723643807
4 0.6746252628255721 0.2746929785056295 0.01026044767166535 0.011514838075742067
0 0.5057222415153907 0.5976122693961106 0.023283351539068665 0.01610478444216991
2 0.4670482588792423 0.17169896417604913 0.011444351696921862 0.00946775516888434
14 0.736878320441989 0.5757421658137154 0.006116803788476717 0.015353134902763563
4 0.8476715643251774 0.39717805199590583 0.012628255722178374 0.008276293961105425
14 0.39300505761641674 0.45163771545547593 0.0060181619573796375 0.013817816171954964
10 0.5591949234411997 0.45534801228249744 0.0205208953433307 0.01714432262026612
0 0.5856354601420679 0.518935582395087 0.021310191633780583 0.00921185997952917
4 0.5724151917916338 0.5993015025588536 0.010655095816890291 0.012214527737973388
8 0.8182713685872138 0.25358228045035824 0.013812159747434886 0.00997951934493347
13 0.5619573796369376 0.5974043512794268 0.00868193591160221 0.015656980962128964
18 0.8149173038674032 0.7006140921187308 0.01854773543804262 0.014073685158648925
13 0.620757771112865 0.3126918157625384 0.007103383741120757 0.01791198198567042
6 0.5524863898973954 0.47952913817809617 0.014206767482241514 0.010491309723643807
13 0.34888011365430155 0.23080849948822926 0.009717856985003947 0.018167850972364383
8 0.6649566661404893 0.6408649498464688 0.01578531965272297 0.011258969089048106
28 0.7604577995264404 0.209794017604913 0.02959747940015785 0.018071896827021493
14 0.5844514348855565 0.5348005076765608 0.006314127861089187 0.01842374616171955
0 0.6819258089976322 0.6823183459570112 0.022099447513812154 0.010491309723643807
2 0.6866615059194949 0.6002910722620266 0.012628255722178374 0.009707640532241556
4 0.6730464277821626 0.5578300266120777 0.009865839936858722 0.014841344524053224
6 0.4325175564325177 0.6411206878198566 0.013022903867403315 0.00921185997952917
2 0.39596471665351224 0.661911451381781 0.013121545698500395 0.010619231115660184
10 0.6104971617995264 0.2726457645854657 0.01578531965272297 0.016376663254861822
4 0.4686266898184688 0.518679582395087 0.00828728776637727 0.00997951934493347
12 0.6214729546961325 0.5986438157625383 0.026095108445146013 0.021494357420675538
22 0.7051104782951855 0.6205219897645855 0.014206767482241514 0.010747178710337769
18 0.5418309707971586 0.6600563029682702 0.022494095659037094 0.014329580348004094
14 0.6507499794790844 0.6993346161719549 0.006314127861089187 0.017400191606960082
4 0.40920963535911603 0.49884862231320365 0.010309788792423046 0.012538392630501535
18 0.623914632991318 0.6605680409416582 0.01736387182320442 0.013306025793244625
4 0.4447514064719811 0.5386386734902764 0.010655095816890291 0.011258969089048106
6 0.7521704309392264 0.600163124667349 0.014996063772691397 0.009915558648925281
0 0.7579911475927388 0.3570880327533265 0.029794803472770325 0.011003073899692937
13 0.7207969944751382 0.41248727123848516 0.007498031886345699 0.01893551033776868
23 0.33871842904498817 0.5191913203684749 0.012480272770323599 0.00921185997952917
0 0.600631362273086 0.33674507267144316 0.030781383425414366 0.010747178710337769
12 0.828334775059195 0.18909936540429886 0.00868193591160221 0.014585475537359264
2 0.4271902509865825 0.25435001842374616 0.013417511602209945 0.01023541453428864
8 0.7265195138121547 0.6819344769703174 0.014206767482241514 0.010491309723643807
18 0.5741908255722178 0.2732856335721597 0.018942383583267563 0.016632558444216988
10 0.4358720252565115 0.5165044994882293 0.014404091554853986 0.015353134902763563
4 0.34925027308602996 0.5589816335721597 0.010359129913180741 0.011514838075742067
22 0.6667322999210734 0.29529167656090066 0.014206767482241514 0.011003073899692937
5 0.720402588792423 0.5382548045035824 0.01696922367797948 0.00997951934493347
6 0.4448500078926598 0.19242579324462641 0.013220187529597475 0.00921185997952917
0 0.5704419510655091 0.31576250562947794 0.01696922367797948 0.01023541453428864
2 0.33864443756906076 0.19280966223132037 0.02165549865824783 0.00972365035823951
13 0.40923428571428566 0.45541194677584446 0.00868193591160221 0.017400191606960082
2 0.727308729281768 0.5583417645854657 0.022494095659037094 0.011258969089048106
13 0.511049546961326 0.35133052200614123 0.00828728776637727 0.019959064892528147
18 0.4888517000789266 0.5578300266120777 0.021507515706393053 0.012794261617195496
2 0.48480661720599844 0.6811667389969294 0.013022903867403315 0.011514838075742067
6 0.377565044988161 0.19242579324462641 0.013220187529597475 0.00972365035823951
5 0.8579321736385163 0.5592373715455475 0.011049743962115234 0.00972365035823951
4 0.7398383835832676 0.6795675905834186 0.009865839936858722 0.013817816171954964
10 0.7403313906866614 0.5358239836233368 0.0205208953433307 0.01791198198567042
13 0.587411093922652 0.20905845649948823 0.013812159747434886 0.01791198198567042
2 0.5907655627466457 0.2748847819856704 0.013417511602209945 0.010747178710337769
10 0.4920085619573796 0.5770213797338792 0.014996063772691397 0.016376663254861822
13 0.5045382162588792 0.2075229805527124 0.007892639621152327 0.02047082906857728
18 0.44307437411207573 0.3341863828045036 0.02584844325177585 0.013306025793244625
2 0.3598559873717443 0.33674507267144316 0.012529613891081294 0.010747178710337769
7 0.522494181531176 0.6224332118730809 0.02604576732438832 0.014857354350051177
14 0.6022097932123126 0.16734906038894576 0.007103383741120757 0.017400191606960082
10 0.6073402999210734 0.4768423172978506 0.014996063772691397 0.01586489907881269
2 0.8008088145224941 0.6204101044012282 0.01756115548539858 0.010139460388945754
13 0.3740133733228098 0.3930399181166837 0.00828728776637727 0.016376663254861822
0 0.6639698437253355 0.3767911238485159 0.022099447513812154 0.010747178710337769
11 0.8342540931333859 0.6795036560900717 0.014206767482241514 0.01586489907881269
2 0.777131138121547 0.4168692470829069 0.011838999842146803 0.009499748618219037
23 0.3464631665351224 0.5800920696008188 0.011888300552486188 0.00972365035823951
2 0.691594405682715 0.5394064114636643 0.010655095816890291 0.00972365035823951
9 0.3646409850039463 0.17169896417604913 0.014798739700078925 0.010747178710337769
8 0.5990529313338596 0.6818705424769703 0.018153127703235992 0.011003073899692937
13 0.554064820836622 0.7001662886386898 0.009471191791633781 0.016376663254861822
9 0.5378848934490924 0.3364893346980553 0.014206767482241514 0.010747178710337769
4 0.6775849218626677 0.6612718444216991 0.013022903867403315 0.01023541453428864
13 0.4131807671665351 0.6781602456499488 0.006511451933701657 0.01893551033776868
13 0.40923428571428566 0.2950359385875128 0.007892639621152327 0.01586489907881269
19 0.5418309707971586 0.519063451381781 0.011838999842146803 0.00895599099283521
13 0.6981057363851618 0.6792476560900716 0.009471191791633781 0.01688842743091095
2 0.822809862667719 0.6224730399181166 0.006314127861089187 0.006525065301944729
10 0.8180741657458565 0.5765096417604912 0.013417511602209945 0.017400191606960082
13 0.5436070086819258 0.4342375762538383 0.007498031886345699 0.01688842743091095
18 0.6567804262036306 0.4160696990788127 0.01812843693764799 0.012282497441146366
13 0.5880031065509076 0.20322094902763563 0.011049743962115234 0.013082150255885364
2 0.829716003157064 0.2730296335721597 0.022494095659037094 0.010747178710337769
13 0.6264798863456985 0.5706242620266121 0.005919479715864246 0.00921185997952917
5 0.5173636748224152 0.3958546079836233 0.014206767482241514 0.010747178710337769
2 0.4674426645619574 0.4788895312180143 0.013417511602209945 0.00921185997952917
22 0.7833466645619573 0.21238488433981575 0.013417511602209945 0.01023541453428864
6 0.44790826835043407 0.5197030583418628 0.00828728776637727 0.00946775516888434
13 0.3227728012628256 0.4526611914022518 0.007966671507498026 0.011770733265097236
6 0.3949289976322021 0.4991043602865916 0.013812159747434886 0.00946775516888434
2 0.640884179952644 0.5803480696008189 0.022888703393843725 0.014841344524053224
13 0.6057614648776638 0.6788637871033777 0.007892639621152327 0.01765608679631525
5 0.677880726124704 0.31627424360286593 0.022494095659037094 0.01023541453428864
5 0.6483819289660616 0.458802571136131 0.014206767482241514 0.010491309723643807
14 0.7211918042620363 0.23029676151484135 0.014206767482241514 0.018167850972364383
13 0.8421466519337016 0.35158652200614127 0.007103383741120757 0.01688842743091095
4 0.6531176258879242 0.1499489211873081 0.021902123441199687 0.011258969089048106
10 0.5294003220205209 0.5767656417604914 0.021310191633780583 0.01688842743091095
2 0.8411602336227308 0.5591095025588537 0.018153127703235992 0.01023541453428864
4 0.6758088839779006 0.35606455680655064 0.01617996779794791 0.012026602251791198
2 0.7632202557221784 0.41680526018423747 0.014009483820047354 0.009851597952917093
14 0.5939228287292818 0.16798866734902765 0.0067087760063141285 0.016120768065506653
13 0.3938435737963694 0.39431939406345956 0.006116803788476717 0.01586489907881269
0 0.33691790244672454 0.4179887819856704 0.03152129818468824 0.011258969089048106
6 0.7781175564325178 0.31537863664278404 0.014996063772691397 0.011258969089048106
7 0.5970796906077349 0.43961095598771754 0.02604576732438832 0.01586489907881269
23 0.8350433086029991 0.2942682006141249 0.012628255722178374 0.00997951934493347
0 0.7859115138121547 0.579324593654043 0.013812159747434886 0.01023541453428864
13 0.5627465951065509 0.4339095189355169 0.007103383741120757 0.018695624974411462
13 0.5844514348855565 0.31333168474923234 0.007892639621152327 0.01765608679631525
14 0.40084831570639307 0.4550600450358239 0.007103383741120757 0.016056807369498466
6 0.5035517979479085 0.3155067676560901 0.015390671507498026 0.010619231115660184
24 0.8382005745856355 0.579068593654043 0.012628255722178374 0.01023541453428864
13 0.6718628066298342 0.3733368270214944 0.007498031886345699 0.01586489907881269
4 0.7717048271507497 0.3955988700102354 0.01026044767166535 0.011258969089048106
13 0.6269731763220205 0.399289121801433 0.005919479715864246 0.012450430296827021
13 0.8431334743488555 0.42968748413510743 0.007498031886345699 0.014473511566018425
18 0.5524863898973954 0.2530705424769703 0.021310191633780583 0.013306025793244625
22 0.40400558168902917 0.31627424360286593 0.01578531965272297 0.01023541453428864
10 0.37539460142067876 0.6381781289662232 0.014601415627466457 0.01688842743091095
5 0.666929906866614 0.518935582395087 0.023677999684293606 0.00972365035823951
4 0.8403710181531177 0.5381269355168884 0.01026044767166535 0.012282497441146366
13 0.5816889786898184 0.1848770685772774 0.005919479715864246 0.016120768065506653
2 0.6171628198895027 0.5385108045035824 0.02191444861878453 0.011258969089048106
5 0.8425414617205997 0.519127385875128 0.01578531965272297 0.00972365035823951
13 0.6878451270718232 0.43714816786079835 0.002367799968429361 0.009019951688843397
18 0.4427781657458563 0.6194985138178096 0.020915543488555642 0.012794261617195496
13 0.5777429013417522 0.5158009580348004 0.006314127861089187 0.015736951484135106
10 0.4757300331491713 0.6791197871033777 0.013614835674822417 0.01765608679631525
13 0.7699287892659826 0.3538894738996929 0.00848461183898974 0.016120768065506653
2 0.3590174711917916 0.47863353121801433 0.022296771586424624 0.00997951934493347
8 0.37845286187845306 0.47940126919140225 0.014996063772691397 0.010747178710337769
8 0.6505523725335438 0.29529167656090066 0.014996063772691397 0.012282497441146366
4 0.3587212628255722 0.49884862231320365 0.009471191791633781 0.012538392630501535
8 0.33060995737963694 0.2547658546571136 0.016167602209944752 0.010107466939611055
10 0.6110891744277822 0.18871549641760493 0.01617996779794791 0.016376663254861822
6 0.7282951475927387 0.4781857277379734 0.007695355958958169 0.010107466939611055
7 0.4810577426992897 0.45963398157625385 0.023283351539068665 0.014329580348004094
21 0.5258486503551697 0.2739891750255885 0.01775847955801105 0.00972365035823951
18 0.5149960284135754 0.660456155578301 0.022888703393843725 0.013274058546571137
13 0.5303867403314917 0.20944206345957012 0.007892639621152327 0.01714432262026612
18 0.6941592549329124 0.4558597502558854 0.01775847955801105 0.0053735893551688846
13 0.6630820268350434 0.41389456376663253 0.0067087760063141285 0.016184754964176047
5 0.7056038895027624 0.6823183459570112 0.0031570639305445935 0.010363362128966222
12 0.5998421468034728 0.5978581551688843 0.01578531965272297 0.016188737768679632
24 0.34535309234412 0.2138721735926305 0.012529613891081294 0.011994635005117708
0 0.7024466235201263 0.47863353121801433 0.009471191791633781 0.00921185997952917
6 0.8267559400157855 0.5376151975435005 0.014996063772691397 0.012794261617195496
2 0.4955602336227309 0.17144322620266123 0.012825579794790843 0.012282497441146366
6 0.503749000789266 0.5802199385875128 0.00868193591160221 0.00997951934493347
14 0.35176582162588793 0.6174512998976458 0.006610093764798737 0.016376663254861822
2 0.33568469771112863 0.3771749928352098 0.011247027624309392 0.010747178710337769
8 0.5140096101026046 0.376151516888434 0.014601415627466457 0.00997951934493347
18 0.7145818721389108 0.21392015066530193 0.017955803630623518 0.014777383828045037
4 0.5761640662983425 0.4985926223132037 0.01026044767166535 0.00997951934493347
6 0.4494871033938438 0.579580331627431 0.014996063772691397 0.010747178710337769
8 0.7470403283346487 0.5582138955987718 0.01578531965272297 0.010747178710337769
14 0.7195147719021311 0.4344933142272262 0.006116803788476717 0.016632558444216988
2 0.4212705288082084 0.3544012118730809 0.012036323914759275 0.011770733265097236
13 0.7251382857142856 0.26496917093142275 0.006314127861089187 0.004350061003070625
6 0.7121152202052092 0.3966223459570113 0.007103383741120757 0.00972365035823951
4 0.33615329692186263 0.5594933715455476 0.00927386771902131 0.010747178710337769
13 0.5463694648776637 0.5557830747185262 0.01026044767166535 0.01791198198567042
12 0.8106253133385952 0.16888427430910952 0.014897381531176007 0.01842374616171955
13 0.4917127576953434 0.47070119959058343 0.005524871981057617 0.0053735893551688846
4 0.8133384688239936 0.6200102517911975 0.009471191791633781 0.011770733265097236
14 0.5682715074980268 0.2313202374616172 0.007103383741120757 0.01688842743091095
24 0.38299135595895817 0.3476202251791197 0.006314127861089187 0.004861825179119755
13 0.36912977426992893 0.45304506038894576 0.013713477505919495 0.011003073899692937
2 0.6663378942383583 0.39714207574206756 0.013417511602209945 0.008204315250767655
6 0.6229282146803473 0.2756525199590583 0.0067087760063141285 0.00972365035823951
7 0.6243094427782163 0.4603537686796315 0.024072607419100236 0.014553482088024565
7 0.5556432517758485 0.1499489211873081 0.023677999684293606 0.011258969089048106
14 0.7466455185477506 0.25140745957011257 0.007103383741120757 0.016632558444216988
13 0.48401740173638513 0.33252303787103377 0.0031570639305445935 0.015097239713408393
7 0.745067087608524 0.45971416171954965 0.022888703393843725 0.014041717911975435
2 0.49427801104972374 0.4991043602865916 0.013812159747434886 0.00946775516888434
13 0.7054062825572217 0.4549641432958035 0.0035516959116022096 0.01842374616171955
13 0.37164572691397 0.5363357215967247 0.006314127861089187 0.01688842743091095
22 0.3758387119179163 0.6827022149437052 0.014897381531176007 0.00997951934493347
14 0.6037886282557221 0.3733368270214944 0.0067087760063141285 0.016376663254861822
18 0.7046170670876085 0.150204659160696 0.005130223835832675 0.012282497441146366
2 0.8409630307813734 0.1709314882292733 0.011049743962115234 0.00997951934493347
13 0.7103391823204419 0.3043756151484135 0.0067087760063141285 0.007548619856704197
8 0.6695933575374902 0.49782488433981575 0.014700097868981847 0.010747178710337769
2 0.6933700394632991 0.29580341453428866 0.01657457553275454 0.00997951934493347
4 0.7292819700078926 0.21161714636642784 0.009471191791633781 0.011258969089048106
4 0.5901735501183899 0.3958546079836233 0.009865839936858722 0.011003073899692937
13 0.5033541910023678 0.5573182886386898 0.006314127861089187 0.015353134902763563
10 0.5149960284135754 0.270982681678608 0.013022903867403315 0.016376663254861822
13 0.434293594317285 0.6818705424769703 0.0035516959116022096 0.010747178710337769
27 0.5828730039463299 0.25614123234390995 0.010655095816890291 0.011770733265097236
18 0.7661799147592738 0.2313202374616172 0.024072607419100236 0.01586489907881269
16 0.39779005524861877 0.6409928188331628 0.018153127703235992 0.011258969089048106
6 0.32715074475138123 0.45848263664278405 0.015933302604577742 0.010491309723643807
23 0.8437254869771112 0.45598761924257936 0.013417511602209945 0.005117694165813715
2 0.7134964483030781 0.6415045568065507 0.0067087760063141285 0.005117694165813715
0 0.7064917063930545 0.5183596479017399 0.021507515706393053 0.011386890481064484
13 0.48342538910812943 0.20905845649948823 0.00887925998421468 0.01791198198567042
10 0.6177486093133386 0.14713396929375638 0.02187747308602999 0.016376663254861822
2 0.40213094238358327 0.2752686509723644 0.012628255722178374 0.010107466939611055
12 0.6405880119968429 0.2070592458546571 0.01455207450670876 0.020822678403275334
13 0.6744276558800315 0.1901228413510747 0.006314127861089187 0.020982593244626407
13 0.7314524135753748 0.39675225875127945 0.004735616101026046 0.007128800818833162
10 0.5554460489344909 0.6791197871033777 0.01578531965272297 0.016120768065506653
13 0.7411206061562747 0.638369932446264 0.007498031886345699 0.015225187308085976
4 0.5605761515390687 0.5377430665301945 0.01026044767166535 0.011770733265097236
24 0.5410417553275454 0.7046443234390992 0.01736387182320442 0.015736951484135106
4 0.6220155857932124 0.47761005527123845 0.012085624625098658 0.011770733265097236
7 0.3301844760852407 0.6206178915046059 0.021704799368587213 0.010363362128966222
13 0.3867402304656669 0.6961360573183214 0.005524871981057617 0.012026602251791198
13 0.7547356842936069 0.2508957215967247 0.007892639621152327 0.01765608679631525
0 0.7130030370955012 0.4167093060388946 0.022099447513812154 0.010491309723643807
4 0.3270027617995264 0.2951638075742068 0.011641675769534333 0.011770733265097236
14 0.3435281578531965 0.2721340266120778 0.007892639621152327 0.01688842743091095
19 0.6943075611681137 0.4373080040941658 0.012628255722178374 0.00972365035823951
2 0.5299919305445935 0.49884862231320365 0.022099447513812154 0.009595702763561923
4 0.8200474064719812 0.376151516888434 0.00828728776637727 0.010747178710337769
13 0.8012036243093923 0.19191405527123848 0.0027624319494869774 0.00921185997952917
23 0.8192581910023679 0.4989764912998977 0.013417511602209945 0.00921185997952917
13 0.6099484529755328 0.353377735926305 0.0075103570639305445 0.01586489907881269
2 0.456195636937648 0.375895516888434 0.013812159747434886 0.00972365035823951
18 0.5228885872138911 0.3148668986693961 0.022099447513812154 0.014073685158648925
13 0.49151555485398574 0.4754349723643807 0.005919479715864246 0.014841344524053224
5 0.7680545540647198 0.5799642006141248 0.01775847955801105 0.011258969089048106
21 0.5345304246250987 0.1916580552712385 0.01696922367797948 0.00972365035823951
18 0.7880819573796369 0.6809749355168884 0.022099447513812154 0.013433973387922212
8 0.6341752423046566 0.2750768474923235 0.014601415627466457 0.010747178710337769
18 0.40864227308603 0.2337431975435005 0.013022903867403315 0.010635240941658136
