18 0.6525256132596685 0.6109297206030151 0.015883961483820045 0.015326629949748743
18 0.6089187308602999 0.6801508341708543 0.01657457553275454 0.01407035175879397
21 0.7209946014206788 0.6364322090452261 0.021704799368587213 0.013567845628140703
10 0.35516959116022095 0.5883951083417086 0.01657457553275454 0.01677134472361809
10 0.14256108602999212 0.6773868060301508 0.021507515706393053 0.019346730452261308
18 0.3646409850039463 0.3349246713567839 0.01657457553275454 0.01407035175879397
18 0.46359518863456983 0.7029523296482413 0.01736387182320442 0.015703528844221104
18 0.559984138910813 0.17788938291457285 0.01657457553275454 0.016080402010050253
28 0.2726915232833465 0.20050642974874372 0.01973163946329913 0.015083236984924623
18 0.19149567797947908 0.1525124502512563 0.017955803630623518 0.01507538974874372
21 0.6148380489344909 0.2957286271356784 0.018153127703235992 0.014824123819095477
18 0.6037886282557221 0.33542715175879395 0.01657457553275454 0.01407035175879397
18 0.7170481199684293 0.17688442211055277 0.01973163946329913 0.01658290814070352
7 0.5726123946329913 0.38986533306532667 0.014996063772691397 0.007863548140703518
5 0.2233621215469613 0.2705402854271357 0.01657457553275454 0.011809035577889447
18 0.7045184656669298 0.5648239919597989 0.018153127703235992 0.01633166793969849
5 0.15272309392265193 0.43002519798994976 0.015390671507498026 0.012060301507537688
8 0.3760852154696132 0.3603016040201005 0.01637725146014207 0.012060301507537688
18 0.32655861089187055 0.679145616080402 0.01696922367797948 0.015326629949748743
12 0.20713289344909233 0.3369345929648241 0.020619577584846092 0.020100502512562814
22 0.18429373322809786 0.3590452743718593 0.01578531965272297 0.011055289246231156
11 0.39976329597474347 0.22236185728643215 0.00868193591160221 0.01658290814070352
18 0.6807417837411207 0.7012562974874371 0.018942383583267563 0.01582913608040201
12 0.4132054175217048 0.7035175879396985 0.02126085051302289 0.02135678070351759
12 0.6592345509076559 0.3364321125628141 0.021310191633780583 0.02060300864321608
18 0.3896998895027624 0.24594859095477387 0.01736387182320442 0.01513819336683417
12 0.684786866614049 0.22441886231155778 0.020816901657458566 0.02094849286432161
10 0.4216653385951066 0.6572865608040201 0.013220187529597475 0.01884422432160804
21 0.200670863456985 0.7057161005025125 0.022099447513812154 0.015703528844221104
21 0.1432517000789266 0.2723618733668342 0.018942383583267563 0.016080402010050253
8 0.280189272296764 0.2709799879396985 0.01736387182320442 0.01231156743718593
7 0.551302364640884 0.43203511959798996 0.018153127703235992 0.01582913608040201
18 0.4968428602999211 0.2231157065326633 0.01696922367797948 0.01507538974874372
18 0.6750196685082873 0.6797111316582914 0.01696922367797948 0.014698490854271358
5 0.39976329597474347 0.3600502351758794 0.00868193591160221 0.011557795376884422
7 0.38822005998421466 0.3899320731658292 0.01756115548539858 0.008004875577889448
11 0.40605277348066293 0.6792086512562814 0.016229268508287292 0.016708541105527636
7 0.5248618279400157 0.36356785527638186 0.018153127703235992 0.015577895879396985
18 0.6750196685082873 0.47374382311557783 0.01736387182320442 0.01507538974874372
5 0.7103391823204419 0.5897161712562814 0.013614835674822417 0.011176985728643217
2 0.5734016101026045 0.4523242130653266 0.012628255722178374 0.011809035577889447
18 0.3058405935280189 0.24563444422110553 0.01657457553275454 0.015389459296482413
18 0.6327940142067876 0.20149183678391958 0.01736387182320442 0.01673995577889447
10 0.5195345224940806 0.40452270954773867 0.015390671507498026 0.018090452261306532
22 0.6886840473559589 0.726004936683417 0.01627860962904499 0.011306529447236181
13 0.6191793401736385 0.20126413829145728 0.009471191791633781 0.01659862834170854
18 0.6331888239936859 0.6580401527638191 0.01696922367797948 0.014949756783919597
10 0.6264798863456985 0.24623109145728642 0.013417511602209945 0.01658290814070352
20 0.6544495532754538 0.3146986130653266 0.02870954127861089 0.020100502512562814
6 0.47395439936858724 0.2937187055276382 0.015390671507498026 0.01231156743718593
18 0.24506696132596686 0.5869346733668341 0.01657457553275454 0.014824123819095477
18 0.40346286977111284 0.49616839396984924 0.017462513654301497 0.014949756783919597
12 0.2565115958958169 0.45194728844221105 0.029992127545382795 0.0207286416080402
22 0.2799920694554065 0.17914571256281409 0.01657457553275454 0.011055289246231156
7 0.17067865509076557 0.2492462311557789 0.01854773543804262 0.01582913608040201
21 0.36720583425414366 0.7071607638190954 0.01736387182320442 0.01582913608040201
9 0.7205997916337805 0.5434674170854271 0.01756115548539858 0.012562807638190955
7 0.18389892344119968 0.6826004582914573 0.01775847955801105 0.015703528844221104
5 0.6511443851617995 0.7258793809045226 0.01578531965272297 0.011557795376884422
8 0.49112074506708764 0.520603143718593 0.01756115548539858 0.011557795376884422
1 0.32972201925808997 0.15678391959798996 0.017252864404104184 0.01658290814070352
1 0.36799545382794 0.5013817889447236 0.01696922367797948 0.01633166793969849
0 0.3932519652722968 0.2014604221105528 0.021704799368587213 0.014902647638190955
5 0.5509075548539858 0.5203517748743718 0.01578531965272297 0.011809035577889447
10 0.36819265666929757 0.6332915135678392 0.014996063772691397 0.017839186331658295
2 0.6272691018153118 0.7263818613065327 0.012628255722178374 0.011055289246231156
12 0.6689027434885556 0.49755027939698493 0.0205208953433307 0.02060300864321608
10 0.16811380584056826 0.22193784924623114 0.01657457553275454 0.018624373065326633
5 0.18528015153906868 0.4290199798994975 0.01578531965272297 0.012562807638190955
8 0.40015770165745856 0.40628151959798997 0.015587995580110498 0.011809035577889447
7 0.6647594632991318 0.546105632160804 0.018153127703235992 0.01582913608040201
11 0.5112471539068666 0.5883165587939699 0.01696922367797948 0.017336680201005025
13 0.3453037916337806 0.6559044180904523 0.009865839936858722 0.019346730452261308
1 0.4688238926598263 0.6159861708542714 0.01775847955801105 0.015640699497487438
5 0.1771903898973954 0.20158801045226132 0.01775847955801105 0.013218424924623115
0 0.33089990213101816 0.4529522492462312 0.024861863299131808 0.011055289246231156
7 0.2115234853985793 0.5462311879396985 0.018153127703235992 0.015577895879396985
6 0.38437258405682717 0.5909547738693467 0.01578531965272297 0.011055289246231156
21 0.20057226203630624 0.18065315376884422 0.017955803630623518 0.01507538974874372
6 0.33408149518547753 0.31545220502512566 0.015144046724546171 0.011055289246231156
9 0.34865826045777426 0.6358983396984924 0.01617996779794791 0.012500004020100503
7 0.6160220741910024 0.6391332020100503 0.01736387182320442 0.016080402010050253
18 0.23362273086029992 0.49585424723618093 0.01657457553275454 0.014824123819095477
5 0.256906001578532 0.15515066532663316 0.01657457553275454 0.011557795376884422
5 0.619102075453828 0.6141959718592965 0.016186110181531176 0.010552757386934673
7 0.3664166187845304 0.15703528844221107 0.024072607419100236 0.016080402010050253
8 0.24861863299131806 0.22512562814070353 0.018153127703235992 0.012562807638190955
7 0.5734016101026045 0.40879392160804023 0.018153127703235992 0.016080402010050253
5 0.4104183109707972 0.521859216080402 0.015193387845303866 0.010552757386934673
22 0.4496843062352012 0.5685929809045226 0.01617996779794791 0.012060301507537688
1 0.42373718074191 0.18065315376884422 0.01775847955801105 0.01658290814070352
4 0.2677586235201263 0.3827889527638191 0.012628255722178374 0.013819085829145728
10 0.2452645682715075 0.42763809447236184 0.014206767482241514 0.017587946130653266
5 0.49861889818468824 0.2929020783919598 0.015390671507498026 0.011180896482412061
11 0.6868587087608524 0.42613065326633165 0.01578531965272297 0.015703528844221104
10 0.28374094396211524 0.7247488643216081 0.014996063772691397 0.017839186331658295
1 0.31906086187845306 0.386432128643216 0.01696922367797948 0.016080402010050253
14 0.5114443567482242 0.20066347738693466 0.00828728776637727 0.015397306532663317
1 0.35669872138910813 0.385929648241206 0.01657457553275454 0.016080402010050253
22 0.5702447482241515 0.5438443417085428 0.014996063772691397 0.011809035577889447
5 0.6515391949486977 0.24874375075376884 0.01657457553275454 0.011557795376884422
7 0.339384392738753 0.40936321929648245 0.017413172533543804 0.015695655879396985
21 0.4333071760063141 0.20489956984924623 0.01775847955801105 0.015577895879396985
7 0.606156274664562 0.20483668904522614 0.01657457553275454 0.01642588623115578
10 0.6945540647198106 0.6337939939698491 0.024467255564325177 0.017336680201005025
22 0.19692198895027624 0.657537672361809 0.01578531965272297 0.011557795376884422
5 0.25532757063930545 0.4303076984924623 0.01578531965272297 0.0114321624120603
8 0.6827150244672454 0.5904522934673367 0.01736387182320442 0.011809035577889447
5 0.5329519936858721 0.6596734070351759 0.01696922367797948 0.011809035577889447
18 0.3950275990528808 0.29183408241206027 0.018153127703235992 0.013316579698492462
23 0.5842542320441989 0.2715452462311558 0.013812159747434886 0.01193466854271357
6 0.48312958484609314 0.33743707336683415 0.015982643725335435 0.011055289246231156
6 0.38121531807419096 0.17889434371859297 0.01736387182320442 0.012060301507537688
23 0.5355168429360694 0.4521356221105528 0.013812159747434886 0.011683428341708543
14 0.1836031191791634 0.5865302962814071 0.00887925998421468 0.015271673567839195
5 0.3924623456985004 0.4525753246231156 0.01578531965272297 0.011055289246231156
2 0.4846094143646409 0.5443468221105527 0.013220187529597475 0.011557795376884422
5 0.5489343141278611 0.4976130572864322 0.01657457553275454 0.011809035577889447
5 0.4191000852407262 0.613567935678392 0.01617996779794791 0.011306529447236181
9 0.7206983930544594 0.13341716582914573 0.017955803630623518 0.012060301507537688
6 0.3567480220994475 0.27123109949748747 0.01657457553275454 0.011809035577889447
5 0.5179556874506709 0.520603143718593 0.015390671507498026 0.011557795376884422
4 0.6525749139700079 0.5200690170854271 0.011444351696921862 0.01312814311557789
8 0.5872138910812944 0.5442210090452262 0.01775847955801105 0.013065313768844221
4 0.37213873401736386 0.40577878190954775 0.011838999842146803 0.012814073567839196
13 0.6327940142067876 0.356783983919598 0.007498031886345699 0.019849236582914574
5 0.4988161010260458 0.613567935678392 0.01657457553275454 0.011557795376884422
8 0.6574585130228887 0.6817838311557789 0.01657457553275454 0.011557795376884422
8 0.25276231728492504 0.3837939135678392 0.01736387182320442 0.012562807638190955
23 0.6860694932912391 0.6589195577889447 0.013812159747434886 0.011557795376884422
6 0.3573400347277032 0.407537591959799 0.01736387182320442 0.011306529447236181
6 0.4506707245461721 0.5914572542713568 0.01617996779794791 0.011809035577889447
4 0.5351224372533544 0.4967336522613065 0.011049743962115234 0.013316579698492462
13 0.6215469865824782 0.679836687437186 0.007892639621152327 0.018090452261306532
4 0.6313511198105761 0.5660803216080402 0.012307599052880822 0.013065313768844221
0 0.6420678011049724 0.7037689567839196 0.022888703393843725 0.011306529447236181
7 0.6605664782951854 0.15804024924623114 0.02012628760852407 0.015326629949748743
7 0.664376776637727 0.22839187939698494 0.017733829202841358 0.015577895879396985
5 0.6850826708760852 0.3603016040201005 0.014996063772691397 0.011557795376884422
0 0.21038876085240726 0.4756281889447236 0.024368573322809787 0.012814073567839196
5 0.5710339636937647 0.5914572542713568 0.01578531965272297 0.011557795376884422
7 0.32904991318074195 0.2953517025125628 0.017709138437253354 0.014321617688442211
22 0.6629834254143646 0.7040200683417085 0.01578531965272297 0.011055289246231156
4 0.2979480347277032 0.29296485628140706 0.011838999842146803 0.01407035175879397
7 0.5323599810576164 0.4766331497487437 0.023677999684293606 0.017839186331658295
4 0.45047352170481453 0.6120602371859296 0.011444351696921862 0.013819085829145728
5 0.2679558263614838 0.6584798552763819 0.01578531965272297 0.01193466854271357
2 0.3304989499605367 0.2015075055276382 0.013725843093922652 0.011557795376884422
7 0.5737964198895028 0.38630657286432163 0.01657457553275454 0.015326629949748743
6 0.7012630023677979 0.4301507537688442 0.011838999842146803 0.010804023316582914
8 0.7192185635359116 0.40653263115577887 0.01835045177584846 0.012060301507537688
4 0.3942383835832675 0.5439698974874372 0.013417511602209945 0.013065313768844221
11 0.30819910718232046 0.4443467899497487 0.010241939700078927 0.011809035577889447
9 0.5303867403314917 0.428894424120603 0.01657457553275454 0.012060301507537688
5 0.27348073875295975 0.4991835336683417 0.014996063772691397 0.012185934472361808
4 0.2584844325177585 0.4969219859296482 0.012628255722178374 0.012814073567839196
2 0.2075770039463299 0.45238699095477386 0.012233607576953433 0.011809035577889447
5 0.29755322494080505 0.1312814311557789 0.014206767482241514 0.011809035577889447
5 0.2134963220205209 0.6811557949748743 0.01578531965272297 0.012060301507537688
14 0.5363060584056827 0.7022612582914572 0.007892639621152327 0.017839186331658295
7 0.3088002525651144 0.20427127638190956 0.01854773543804262 0.016080402010050253
0 0.2300710591949487 0.6109611095477386 0.024072607419100236 0.011871864924623115
18 0.452051952644041 0.657035191959799 0.01657457553275454 0.014824123819095477
5 0.5584057079715864 0.7045225487437187 0.014996063772691397 0.012060301507537688
14 0.3699682904498816 0.26840455075376884 0.009076543646408839 0.01796481929648241
5 0.4062746266771902 0.3844222070351759 0.015982643725335435 0.012814073567839196
9 0.6996841673243883 0.382537583919598 0.014996063772691397 0.012562807638190955
14 0.4233423709550118 0.5185929648241207 0.009471191791633781 0.01658290814070352
22 0.6479875232833464 0.6366833206030151 0.01578531965272297 0.011055289246231156
6 0.15992503867403315 0.7258793809045226 0.01637725146014207 0.011557795376884422
12 0.41071411523283347 0.3125628783919598 0.028413575374901343 0.01633166793969849
2 0.6675215153906866 0.520603143718593 0.013417511602209945 0.011557795376884422
5 0.5246646250986583 0.24849238190954775 0.01578531965272297 0.012060301507537688
6 0.49388320126282553 0.6371858010050251 0.015390671507498026 0.011557795376884422
5 0.30051288397790055 0.6814071638190955 0.015390671507498026 0.011809035577889447
5 0.4477110655090765 0.40678400000000003 0.014601415627466457 0.011557795376884422
6 0.25789282399368585 0.24777017889447236 0.01696922367797948 0.011180896482412061
5 0.4129835643251776 0.5683416120603015 0.01578531965272297 0.011557795376884422
4 0.1412784593528019 0.5880888860301507 0.014996063772691397 0.013206666934673365
5 0.6112863772691397 0.6594848160804021 0.015390671507498026 0.011557795376884422
0 0.6973165209155485 0.2494976 0.01973163946329913 0.013567845628140703
5 0.23638518705603787 0.3836683577889447 0.014996063772691397 0.012060301507537688
22 0.3497929850039463 0.24786434572864322 0.015489353749013416 0.010804023316582914
14 0.333390881136543 0.6555905286432161 0.009471191791633781 0.017211047236180905
5 0.4773084640883978 0.15577895879396986 0.014996063772691397 0.011557795376884422
8 0.4605365240726125 0.38391972663316587 0.01657457553275454 0.012060301507537688
9 0.35398597000789267 0.4758793005025126 0.01578531965272297 0.011809035577889447
4 0.629439545382794 0.4744974150753769 0.011838999842146803 0.014824123819095477
6 0.612075592738753 0.7258793809045226 0.01578531965272297 0.011557795376884422
2 0.5718231791633781 0.1560300703517588 0.013812159747434886 0.012060301507537688
5 0.6482833275453828 0.13269470552763818 0.01627860962904499 0.012500004020100503
10 0.4265982383583267 0.2910177125628141 0.01578531965272297 0.018969857286432162
9 0.7212904056827151 0.4290199798994975 0.01775847955801105 0.013065313768844221
5 0.28926585635359114 0.2476129768844221 0.014996063772691397 0.011557795376884422
13 0.6764008966061562 0.44824133467336685 0.01026044767166535 0.020100502512562814
7 0.4261048271507498 0.25000008040201005 0.017955803630623518 0.014572857889447236
1 0.34905307024467247 0.546859224120603 0.01617996779794791 0.01658290814070352
20 0.36878466929755327 0.612193768844221 0.027229671349644834 0.02083858010050251
2 0.513812003157064 0.6820979778894473 0.013022903867403315 0.011055289246231156
4 0.5694555327545383 0.13165835577889448 0.012233607576953433 0.01658290814070352
5 0.2537491397000789 0.47499989547738697 0.014996063772691397 0.011557795376884422
7 0.1808406629834254 0.22587947738693467 0.025256511444356748 0.016080402010050253
0 0.4956588350434096 0.4068781411055276 0.024467255564325177 0.011683428341708543
5 0.5367008681925809 0.5439698974874372 0.014996063772691397 0.012060301507537688
13 0.28492496921862664 0.6329145889447236 0.007892639621152327 0.017085414271356784
0 0.551302364640884 0.40728648040201004 0.024467255564325177 0.012814073567839196
13 0.23362273086029992 0.541708607035176 0.00868193591160221 0.017587946130653266
7 0.14078545224940806 0.7054019537688443 0.021112867561168112 0.017085414271356784
5 0.18271489818468825 0.29296485628140706 0.014798739700078925 0.010552757386934673
14 0.49625084767166533 0.541708607035176 0.00828728776637727 0.017336680201005025
14 0.5495263267561168 0.587641336281407 0.009076543646408839 0.01749372783919598
2 0.5970796906077349 0.6363066532663317 0.014206767482241514 0.012939706532663317
5 0.24269931491712704 0.1783918633165829 0.014601415627466457 0.011055289246231156
6 0.39157452880820837 0.613135951758794 0.01736387182320442 0.011793341105527638
5 0.6785713401736385 0.15640699497487437 0.014601415627466457 0.011809035577889447
46 0.4196920978689819 0.5448493025125628 0.028413575374901343 0.011809035577889447
6 0.4058551665351223 0.6592964824120603 0.015440012628255721 0.011306529447236181
5 0.7215866140489344 0.2476129768844221 0.01657457553275454 0.01193466854271357
0 0.1633781089187056 0.17914571256281409 0.025256511444356748 0.012562807638190955
18 0.4165352359905288 0.7261307497487437 0.01696922367797948 0.01658290814070352
5 0.17107346487766378 0.5884421145728643 0.01578531965272297 0.011557795376884422
0 0.39344916811365427 0.13115587537688445 0.021310191633780583 0.013316579698492462
7 0.5022691712707182 0.5003768281407035 0.01756115548539858 0.016080402010050253
5 0.5370956779794791 0.589572888442211 0.014996063772691397 0.011809035577889447
2 0.3241909644830308 0.406831031959799 0.012233607576953433 0.011400747738693467
2 0.18784540489344909 0.27022613869346734 0.018153127703235992 0.012060301507537688
4 0.7034334459352802 0.6113066452261307 0.007498031886345699 0.01582913608040201
9 0.3831885588003157 0.3148241688442211 0.01657457553275454 0.011557795376884422
2 0.31274673401736386 0.1783918633165829 0.012233607576953433 0.011557795376884422
9 0.6456194727703236 0.4983041286432161 0.014996063772691397 0.011809035577889447
5 0.44790826835043407 0.1560300703517588 0.01578531965272297 0.011557795376884422
7 0.5621545824782952 0.6371858010050251 0.018153127703235992 0.012060301507537688
22 0.6483326282557222 0.40628151959798997 0.01578531965272297 0.011557795376884422
8 0.2726915232833465 0.42977382914572865 0.01657457553275454 0.012374371055276381
13 0.5728095974743488 0.1773869025125628 0.00868193591160221 0.01959799638190955
2 0.30978707498026836 0.29346733668341707 0.012233607576953433 0.011306529447236181
1 0.6689027434885556 0.2733668341708543 0.01973163946329913 0.016080402010050253
5 0.3788476716653512 0.6356783597989949 0.01657457553275454 0.012185934472361808
7 0.350951955801105 0.7298994814070352 0.02895620647198106 0.01658290814070352
13 0.6996841673243883 0.2231157065326633 0.00848461183898974 0.01959799638190955
0 0.19820461562746647 0.20043968964824121 0.025059187371744278 0.012437174673366835
0 0.5949092470402525 0.5668341708542713 0.03235989518547751 0.012060301507537688
14 0.5367008681925809 0.24560305527638193 0.00868193591160221 0.016834174070351756
7 0.25493276085240724 0.34045221306532664 0.01854773543804262 0.015577895879396985
12 0.3722377395422257 0.20210428140703518 0.017166547750591947 0.018184670552763817
0 0.5524863898973954 0.38467331859296483 0.025256511444356748 0.013316579698492462
5 0.34372536069455406 0.33768844221105526 0.014601415627466457 0.011055289246231156
5 0.512430775059195 0.6371858010050251 0.01775847955801105 0.011557795376884422
13 0.7257298942383583 0.49497484221105525 0.009471191791633781 0.020100502512562814
5 0.434293594317285 0.5910489921608041 0.01657457553275454 0.01136935879396985
8 0.396310225730071 0.6356469708542714 0.01756115548539858 0.011494966030150754
6 0.31866605209155485 0.5902009246231156 0.015390671507498026 0.010552757386934673
2 0.5785321168113654 0.614070416080402 0.022888703393843725 0.012562807638190955
13 0.5588001136543015 0.5878768820100503 0.009471191791633781 0.01790201567839196
2 0.2809784877663773 0.3837939135678392 0.012628255722178374 0.011557795376884422
22 0.32793983898973955 0.4987438311557789 0.01578531965272297 0.010678390351758795
5 0.32062696764009474 0.6129396422110553 0.01482339005524862 0.011557795376884422
0 0.47987371744277824 0.2475815879396985 0.023283351539068665 0.011997497889447237
10 0.6373321041831097 0.40427136643216083 0.01578531965272297 0.01793340462311558
8 0.6951953780584057 0.13341716582914573 0.017462513654301497 0.012814073567839196
9 0.3577841452249408 0.658731224120603 0.01677189960536701 0.012939706532663317
13 0.6945540647198106 0.7001885587939699 0.00868193591160221 0.017462313165829146
4 0.46280597316495664 0.15452262914572862 0.013220187529597475 0.014572857889447236
5 0.1673241862667719 0.6113066452261307 0.02604576732438832 0.012562807638190955
0 0.503749000789266 0.2489948623115578 0.024861863299131808 0.012060301507537688
5 0.2501974680347277 0.6113066452261307 0.014996063772691397 0.011809035577889447
9 0.5982637158642463 0.6128140864321607 0.01657457553275454 0.013065313768844221
4 0.5927388034727704 0.6583542994974875 0.013417511602209945 0.012939706532663317
0 0.6685083378058406 0.13304024120603017 0.025256511444356748 0.012814073567839196
4 0.4802685272296764 0.3140703195979899 0.011838999842146803 0.014321617688442211
7 0.30347294711917916 0.6150753768844222 0.018153127703235992 0.015577895879396985
5 0.6743290544593528 0.6370602452261307 0.01617996779794791 0.012060301507537688
0 0.4046961957379637 0.5912061427135678 0.023875283346487766 0.012060301507537688
5 0.17630216890292028 0.7261307497487437 0.01637725146014207 0.012562807638190955
2 0.406866639305446 0.24786434572864322 0.013417511602209945 0.011557795376884422
6 0.4238357821625887 0.6816582753768845 0.01736387182320442 0.011809035577889447
13 0.47632204577742704 0.7022612582914572 0.00828728776637727 0.018592958391959798
5 0.2640093449092344 0.6349245105527639 0.014206767482241514 0.011306529447236181
4 0.4653708224151539 0.5891881165829146 0.011838999842146803 0.013771976683417085
13 0.26124688871349644 0.3569095396984925 0.007103383741120757 0.019849236582914574
14 0.4388320883977901 0.5420855316582914 0.00848461183898974 0.016834174070351756
2 0.22967624940805048 0.6576004502512564 0.014206767482241514 0.011809035577889447
2 0.431531138121547 0.6595478512562813 0.013417511602209945 0.012060301507537688
7 0.5907655627466457 0.4324120442211056 0.01696922367797948 0.015577895879396985
6 0.35556440094711916 0.2939070391959799 0.01657457553275454 0.011557795376884422
22 0.5866218784530387 0.33743707336683415 0.01578531965272297 0.010804023316582914
4 0.3983820678768745 0.7268843417085427 0.011444351696921862 0.01658290814070352
2 0.15134186582478296 0.3600502351758794 0.012430931649565904 0.011557795376884422
10 0.5217049660615627 0.6572865608040201 0.014206767482241514 0.017839186331658295
6 0.6359017370165746 0.613567935678392 0.015933302604577742 0.011557795376884422
5 0.41594322336227313 0.20226135477386933 0.01617996779794791 0.011557795376884422
5 0.6152636514601421 0.3841708381909548 0.01555102004735596 0.011055289246231156
0 0.5329519936858721 0.15364322412060302 0.026440415469613256 0.018341718190954773
0 0.3285072820836622 0.24773878994974877 0.02520717032359905 0.011809035577889447
0 0.47681545698500394 0.2027638351758794 0.025256511444356748 0.013065313768844221
2 0.17314530702446723 0.315766351758794 0.012233607576953433 0.010678390351758795
6 0.5394633243883188 0.31564079597989947 0.01657457553275454 0.011180896482412061
5 0.35102590686661406 0.45303072160804025 0.013812159747434886 0.01077260864321608
5 0.4399171081294397 0.13153254271356782 0.014601415627466457 0.013819085829145728
0 0.6791633528018943 0.29359289246231157 0.025256511444356748 0.011557795376884422
22 0.23086027466456197 0.22462314773869346 0.014996063772691397 0.011055289246231156
22 0.4723755643251775 0.4528894713567839 0.014798739700078925 0.010929656281407034
9 0.5986581215469613 0.22537699698492464 0.01578531965272297 0.012060301507537688
21 0.34865826045777426 0.1288945849246231 0.022494095659037094 0.01633166793969849
5 0.21941604419889504 0.20114635256281407 0.01578531965272297 0.0114321624120603
16 0.17649977584846094 0.38354280201005025 0.017166547750591947 0.01231156743718593
7 0.14838220678768746 0.3847988743718593 0.02604576732438832 0.01582913608040201
0 0.5955012596685083 0.40703511155778893 0.024861863299131808 0.011809035577889447
21 0.3765786266771902 0.5708542713567839 0.01677189960536701 0.01658290814070352
2 0.28729301973164956 0.5447237467336684 0.013417511602209945 0.011557795376884422
4 0.2060478737174428 0.7248744201005025 0.010951061720599843 0.01407035175879397
2 0.4357734238358326 0.3370604060301507 0.014404091554853986 0.011557795376884422
9 0.4203827119179164 0.42952271758793964 0.01677189960536701 0.013065313768844221
2 0.5984609187056038 0.4524497688442211 0.012628255722178374 0.011306529447236181
2 0.6895225635359116 0.6131910110552764 0.012726897553275452 0.011557795376884422
6 0.19593516653512233 0.31532664924623116 0.01657457553275454 0.0114321624120603
22 0.721783816890292 0.22525915979899497 0.01736387182320442 0.012295847236180905
5 0.14779019415943173 0.24682799597989952 0.02762431949486977 0.013881915175879396
46 0.5505131491712708 0.6134421226130653 0.029992127545382795 0.012060301507537688
22 0.6298343551696922 0.4979899819095478 0.014996063772691397 0.010552757386934673
7 0.7193911160220995 0.2727387979899497 0.026095108445146013 0.01658290814070352
23 0.5838594222573008 0.7266332301507539 0.013022903867403315 0.010804023316582914
2 0.39788865666929757 0.17889434371859297 0.014601415627466457 0.012562807638190955
18 0.5726123946329913 0.4271356140703518 0.01973163946329913 0.015577895879396985
7 0.39315295974743486 0.5241205065326633 0.01854773543804262 0.016080402010050253
12 0.7115478579321232 0.15489955376884423 0.015341370797158643 0.018592958391959798
13 0.3212313054459353 0.4736180100502512 0.00868193591160221 0.017462313165829146
4 0.2659825856353591 0.5414572381909548 0.013417511602209945 0.016080402010050253
6 0.597474500394633 0.4761306693467337 0.01657457553275454 0.011306529447236181
1 0.36424617521704816 0.6840451216080402 0.01736387182320442 0.016834174070351756
18 0.33682544340962906 0.5886306540703518 0.018634092501973166 0.014384421306532664
14 0.24684299921073405 0.6324121085427136 0.009865839936858722 0.017085414271356784
1 0.45846468192580897 0.18015067336683419 0.01578531965272297 0.018090452261306532
0 0.31708762115232836 0.2244662030150754 0.03196528745067087 0.013253776080402012
13 0.2016572817679558 0.6311557788944724 0.010655095816890291 0.019095490251256283
2 0.603393818468824 0.5440954532663317 0.013417511602209945 0.012814073567839196
22 0.500986544593528 0.727889559798995 0.01578531965272297 0.011809035577889447
5 0.26262811681136544 0.40653263115577887 0.014996063772691397 0.011557795376884422
2 0.38170872928176797 0.27110554371859297 0.013614835674822417 0.01231156743718593
9 0.6160220741910024 0.40653263115577887 0.015390671507498026 0.012060301507537688
2 0.15597855722178375 0.5875627095477387 0.013022903867403315 0.012060301507537688
4 0.1864641767955801 0.3369345929648241 0.011838999842146803 0.012060301507537688
2 0.6071426929755328 0.43002519798994976 0.013812159747434886 0.011055289246231156
0 0.4604379226519337 0.5434674170854271 0.025059187371744278 0.014572857889447236
2 0.2647985603788477 0.22569886231155778 0.014206767482241514 0.012798379095477387
13 0.37845286187845306 0.3358040763819095 0.009471191791633781 0.019095490251256283
2 0.5972768934490923 0.7251255316582915 0.011838999842146803 0.011055289246231156
13 0.19041025414364643 0.3809045869346734 0.009471191791633781 0.018592958391959798
9 0.3449093859510655 0.4982410934673367 0.01657457553275454 0.012562807638190955
14 0.511049546961326 0.6105527959798995 0.00868193591160221 0.018592958391959798
23 0.6324918655090765 0.6368719115577889 0.014416416732438831 0.011557795376884422
2 0.6600237663772691 0.2938442613065327 0.012628255722178374 0.011557795376884422
1 0.37529599999999996 0.4780150351758794 0.01736387182320442 0.017085414271356784
5 0.6132596179952644 0.4525125467336683 0.01657457553275454 0.011809035577889447
13 0.4419889502762431 0.44874381507537686 0.00868193591160221 0.02060300864321608
7 0.308023362273086 0.6128140864321607 0.009767157695343332 0.020100502512562814
6 0.308997455406472 0.49912049849246237 0.01736387182320442 0.011306529447236181
22 0.30189411207576955 0.5447237467336684 0.014601415627466457 0.011055289246231156
9 0.6218460236779795 0.15527647839195982 0.01676571681136543 0.013065313768844221
0 0.5951064498816101 0.3842963939698492 0.024467255564325177 0.012814073567839196
0 0.14621135911602212 0.2228643376884422 0.026440415469613256 0.019095490251256283
9 0.3298700022099448 0.36080408442211054 0.016167602209944752 0.012060301507537688
4 0.28512217205998425 0.1296167879396985 0.011049743962115234 0.013630649246231155
6 0.5824781941594317 0.22625640201005026 0.01657457553275454 0.013065313768844221
2 0.23164949013417524 0.4748743396984924 0.013417511602209945 0.011557795376884422
7 0.398184865035517 0.2724246512562814 0.011838999842146803 0.017211047236180905
11 0.6651538689818469 0.38165817889447234 0.015292029676400948 0.01658290814070352
4 0.6457182358326755 0.1550251095477387 0.011345709865824782 0.013065313768844221
4 0.3983820678768745 0.5673366512562814 0.011838999842146803 0.013567845628140703
14 0.13989723125493292 0.3569095396984925 0.009865839936858722 0.017587946130653266
2 0.655485272296764 0.47499989547738697 0.013417511602209945 0.011306529447236181
6 0.4948696195737964 0.4760051135678392 0.01736387182320442 0.012060301507537688
22 0.557221682715075 0.2479899015075377 0.014996063772691397 0.011055289246231156
2 0.3835833685872139 0.40628151959798997 0.011838999842146803 0.011557795376884422
13 0.2395420489344909 0.4042713407035176 0.009471191791633781 0.01884422432160804
13 0.21941604419889504 0.22110552763819097 0.00868193591160221 0.018592958391959798
11 0.3391868666140489 0.26809040402010054 0.01657457553275454 0.017336680201005025
1 0.3567480220994475 0.3897338339698493 0.015390671507498026 0.007592651256281406
5 0.7198105761641673 0.6113066452261307 0.01696922367797948 0.01658290814070352
13 0.6991911602209945 0.15376877989949747 0.00838597000789266 0.01959799638190955
18 0.5670874822415154 0.3594221989949749 0.022099447513812154 0.01507538974874372
0 0.30149970639305446 0.44981155376884424 0.024467255564325177 0.01695980703517588
5 0.18370172059984213 0.17864323216080402 0.015390671507498026 0.01407035175879397
22 0.5842542320441989 0.5207286994974875 0.01617996779794791 0.011055289246231156
14 0.17146787056037885 0.4037531401005025 0.009471191791633781 0.016645737487437185
4 0.2501974680347277 0.405869192361809 0.010655095816890291 0.01376412944723618
10 0.5347276274664562 0.5178077266331658 0.01617996779794791 0.01714824361809045
9 0.5173636748224152 0.3366834814070352 0.01657457553275454 0.011055289246231156
0 0.14996063772691395 0.40642274412060303 0.03314915106550908 0.01359923457286432
8 0.2140883346487766 0.6574748944723617 0.01617996779794791 0.012060301507537688
13 0.6657458816101025 0.610427240201005 0.009471191791633781 0.0175251167839196
14 0.2683502320441989 0.3351757829145729 0.00828728776637727 0.016080402010050253
13 0.617193653038674 0.3344221909547739 0.00887925998421468 0.016080402010050253
0 0.3314915106550908 0.17864323216080402 0.024467255564325177 0.011557795376884422
2 0.5071034696132597 0.5445979336683417 0.012628255722178374 0.012814073567839196
10 0.37948898500394634 0.7255024562814071 0.026341733228097866 0.018341718190954773
1 0.4769140584056827 0.6369346894472362 0.01696922367797948 0.01231156743718593
5 0.7132745951065509 0.7035175879396985 0.026884364325177584 0.012060301507537688
6 0.6890291523283347 0.4520728442211055 0.015587995580110498 0.01193466854271357
13 0.7084649471191792 0.5418341628140704 0.007300707813733228 0.017336680201005025
21 0.20239719652722968 0.3856782793969849 0.01825176953433307 0.017085414271356784
13 0.5021705698500394 0.1304334150753769 0.00828728776637727 0.018530154773869347
8 0.282951728492502 0.29346733668341707 0.01736387182320442 0.012060301507537688
5 0.21823201894238362 0.4066581869346734 0.01578531965272297 0.01231156743718593
11 0.7020522178374112 0.44996849849246234 0.01026044767166535 0.016268838592964824
9 0.6365428887134964 0.5886934834170854 0.014996063772691397 0.013316579698492462
2 0.6225334048934491 0.22663306934673366 0.013417511602209945 0.012562807638190955
0 0.19337031728492501 0.40674859738693464 0.03235989518547751 0.01257065487437186
8 0.17146787056037885 0.33718596180904525 0.017955803630623518 0.011055289246231156
14 0.34301005588003153 0.2902010854271357 0.00838597000789266 0.01582913608040201
14 0.24230450513022886 0.4725502713567839 0.00828728776637727 0.01633166793969849
13 0.5453826424625099 0.24601136884422112 0.009471191791633781 0.017211047236180905
6 0.39344916811365427 0.475942335678392 0.018942383583267563 0.011809035577889447
22 0.16318090607734806 0.4525125467336683 0.015390671507498026 0.011306529447236181
2 0.4177188571428572 0.13203528040201004 0.013417511602209945 0.013065313768844221
4 0.4680346771902131 0.4298679959798995 0.011838999842146803 0.015012560402010051
14 0.28216251302288875 0.5650753608040201 0.009471191791633781 0.017587946130653266
2 0.7215866140489344 0.29484922211055276 0.013417511602209945 0.01507538974874372
5 0.6981057363851618 0.40615184723618086 0.018153127703235992 0.012193781708542713
22 0.7221782225730071 0.4756281889447236 0.01756115548539858 0.011557795376884422
22 0.28966066614048935 0.7042714371859297 0.014996063772691397 0.010804023316582914
2 0.49506722651933704 0.6597989628140704 0.013417511602209945 0.012814073567839196
13 0.3237965588003157 0.7234925346733668 0.009076543646408839 0.02085427457286432
5 0.22494095659037097 0.1550251095477387 0.026440415469613256 0.012060301507537688
18 0.2610496858721389 0.17650749748743716 0.01973163946329913 0.01633166793969849
1 0.45294017363851613 0.22713554974874373 0.01775847955801105 0.017085414271356784
22 0.6831098342541437 0.5439698974874372 0.01578531965272297 0.012060301507537688
21 0.3676992454617206 0.24528890854271357 0.018153127703235992 0.01695980703517588
13 0.29163390686661406 0.5653267296482412 0.00868193591160221 0.017085414271356784
10 0.6290451397000789 0.42631898693467335 0.014206767482241514 0.01633166793969849
13 0.6906075832675612 0.5648239919597989 0.00868193591160221 0.018592958391959798
2 0.6724544151539068 0.6584798552763819 0.011838999842146803 0.011180896482412061
5 0.30347294711917916 0.5675880201005026 0.015390671507498026 0.011557795376884422
13 0.1917914822415154 0.5866284510552764 0.00868193591160221 0.015436568442211055
6 0.7041240599842147 0.33844229145728644 0.01578531965272297 0.012060301507537688
2 0.38891067403314916 0.22512562814070353 0.012233607576953433 0.012562807638190955
5 0.6727506235201263 0.40728648040201004 0.01657457553275454 0.01231156743718593
10 0.7008681925808997 0.6552763819095477 0.012628255722178374 0.01658290814070352
9 0.7192185635359116 0.6576004502512564 0.01637725146014207 0.012060301507537688
6 0.28137329755327545 0.33768844221105526 0.018153127703235992 0.011557795376884422
4 0.4147591981057617 0.4054648152763819 0.012233607576953433 0.01529521527638191
13 0.18409612628255723 0.31212317587939703 0.009668515864246252 0.017839186331658295
23 0.4751380205209155 0.4983041286432161 0.012233607576953433 0.011055289246231156
9 0.3414561944751381 0.22488995376884421 0.01687054143646409 0.013913304120603015
6 0.6921864183109707 0.6814071638190955 0.015390671507498026 0.011557795376884422
6 0.49822408839779003 0.2027638351758794 0.01696922367797948 0.01231156743718593
0 0.16515374269928967 0.2701005829145729 0.024072607419100236 0.01394471879396985
13 0.33287273875295975 0.1283918472361809 0.009076543646408839 0.017085414271356784
13 0.5199289281767956 0.1998742512562814 0.009076543646408839 0.017839186331658295
13 0.24743501183898972 0.496356727638191 0.009471191791633781 0.018592958391959798
5 0.4011445240726125 0.38391972663316587 0.005919479715864246 0.012562807638190955
2 0.4297555043409629 0.2706030633165829 0.013812159747434886 0.011809035577889447
5 0.303078137332281 0.15402014874371858 0.01578531965272297 0.013567845628140703
4 0.13910801578531964 0.4287688683417085 0.013022903867403315 0.01582913608040201
1 0.6621077316495659 0.4551350673366834 0.017141856985003947 0.015860550753768844
13 0.38106741594317284 0.7015074090452261 0.00878057774269929 0.017839186331658295
0 0.32004728018942386 0.33768844221105526 0.03235989518547751 0.011557795376884422
10 0.1683110086819258 0.5171169125628141 0.015390671507498026 0.01702261065326633
10 0.3393844735595896 0.5424621989949749 0.01578531965272297 0.018090452261306532
0 0.33681926061562745 0.43021353165829146 0.02402326629834254 0.0114321624120603
8 0.45599843409629043 0.1312814311557789 0.01696922367797948 0.014824123819095477
2 0.33524078926598266 0.5685929809045226 0.01026044767166535 0.011557795376884422
5 0.6996841673243883 0.18040204221105527 0.014206767482241514 0.01407035175879397
13 0.4350828097868982 0.35703509547738693 0.007498031886345699 0.019095490251256283
18 0.2019534901341752 0.38992227055276385 0.017166547750591947 0.007985244623115577
0 0.14561975059194948 0.1992462150753769 0.02604576732438832 0.018090452261306532
13 0.17146787056037885 0.6772612502512563 0.00868193591160221 0.018467325427135677
18 0.274269954222573 0.6115657326633166 0.024861863299131808 0.011416467939698492
2 0.2125099037095501 0.5884421145728643 0.011444351696921862 0.012060301507537688
12 0.32493091965272297 0.6327890331658291 0.016919882557221783 0.016834174070351756
13 0.4297555043409629 0.7246230512562813 0.00868193591160221 0.022613058894472363
2 0.4799723188634569 0.4304021226130653 0.011641675769534333 0.013065313768844221
10 0.5378848934490924 0.6344220301507537 0.01657457553275454 0.016080402010050253
12 0.304832406124704 0.7241205708542713 0.0034900336543014997 0.024874375075376882
6 0.6910023930544593 0.20301494673366835 0.02683502320441989 0.012814073567839196
0 0.3713495185477506 0.4521984 0.024861863299131808 0.012437174673366835
4 0.4485002809786898 0.3140703195979899 0.011049743962115234 0.014321617688442211
1 0.469021499605367 0.407537591959799 0.01775847955801105 0.021105514773869346
0 0.398579270718232 0.5909547738693467 0.011049743962115234 0.011557795376884422
23 0.5828730039463299 0.6371858010050251 0.013417511602209945 0.011306529447236181
13 0.3804261026045777 0.4494974070351759 0.00868193591160221 0.016834174070351756
2 0.18133367008681928 0.13263192763819096 0.014206767482241514 0.01212310512562814
2 0.6381217237569061 0.42858027738693466 0.012628255722178374 0.011055289246231156
2 0.3440704656669297 0.6814071638190955 0.014996063772691397 0.013567845628140703
19 0.525651043409629 0.31545220502512566 0.011049743962115234 0.011557795376884422
6 0.6160220741910024 0.5893922733668341 0.023677999684293606 0.012358676582914573
0 0.24269931491712704 0.5665828020100503 0.02604576732438832 0.012060301507537688
0 0.2415152896606156 0.2017588743718593 0.028413575374901343 0.012562807638190955
8 0.18074206156274664 0.702889551758794 0.01617996779794791 0.011557795376884422
13 0.6905089818468824 0.3336683417085427 0.009865839936858722 0.017085414271356784
23 0.32320454617205996 0.5680905005025125 0.012628255722178374 0.011557795376884422
13 0.4005525114443567 0.15125637788944726 0.0067087760063141285 0.020100502512562814
6 0.4429753685872139 0.38467331859296483 0.01617996779794791 0.012562807638190955
6 0.4026243535911602 0.4287688683417085 0.01854773543804262 0.0114321624120603
4 0.3557616037884767 0.42795224120603015 0.01026044767166535 0.015954769045226132
14 0.6904103804262036 0.15351766834170855 0.009076543646408839 0.01658290814070352
14 0.6606157790055248 0.40395336040201 0.007498031886345699 0.018475198391959796
12 0.6103153553275454 0.20113058090452263 0.008244129439621151 0.024120603015075376
46 0.22553256511444356 0.6348617326633166 0.030386735280189425 0.012562807638190955
4 0.35161791949486976 0.7047739175879397 0.014206767482241514 0.012562807638190955
2 0.5319651712707182 0.20261463477386935 0.012628255722178374 0.011699122814070352
0 0.6917916085240726 0.49861801809045225 0.023283351539068665 0.011557795376884422
23 0.5966848808208366 0.13178391155778893 0.014206767482241514 0.013316579698492462
2 0.34256610702446727 0.38772475626130654 0.007843338910812944 0.0035902263316582913
0 0.6369376985003947 0.44971738693467334 0.02604576732438832 0.01714824361809045
14 0.7085635485398579 0.2236181869346734 0.00887925998421468 0.018592958391959798
10 0.1673241862667719 0.35716090854271354 0.01736387182320442 0.01658290814070352
6 0.6894239621152328 0.2706030633165829 0.023677999684293606 0.011809035577889447
9 0.42876868192580897 0.4521513165829146 0.01617996779794791 0.012280152763819096
27 0.3709551128650355 0.3856782793969849 0.01006312359905288 0.016080402010050253
2 0.650453771112865 0.20334483939698494 0.015094705603788476 0.013976133467336685
23 0.2251381594317285 0.5886934834170854 0.012628255722178374 0.011306529447236181
13 0.6752168713496448 0.44497482613065326 0.00868193591160221 0.010552757386934673
10 0.5319651712707182 0.6792714291457287 0.022099447513812154 0.017085414271356784
9 0.6290451397000789 0.3369345929648241 0.015390671507498026 0.010552757386934673
18 0.4317283409629045 0.5655778412060302 0.018942383583267563 0.016080402010050253
13 0.4603393212312549 0.7238694592964824 0.009865839936858722 0.01959799638190955
10 0.616959353433307 0.1312814311557789 0.01775847955801105 0.01884422432160804
23 0.3804261026045777 0.428894424120603 0.012628255722178374 0.011055289246231156
6 0.5100631286503552 0.42914579296482414 0.024467255564325177 0.012060301507537688
8 0.30682701183898975 0.7040828462311557 0.01775847955801105 0.012688440603015076
14 0.16791619889502762 0.1304334150753769 0.011049743962115234 0.01802764864321608
14 0.2766376006314128 0.6322865527638192 0.00868193591160221 0.018090452261306532
22 0.5307815501183899 0.40703511155778893 0.01578531965272297 0.012562807638190955
2 0.4876676748224152 0.4978013909547739 0.011838999842146803 0.012437174673366835
14 0.18044585319652723 0.5404522773869347 0.007498031886345699 0.01658290814070352
2 0.2610496858721389 0.5890704080402009 0.011838999842146803 0.011809035577889447
13 0.3405680947119179 0.6105527959798995 0.00868193591160221 0.017085414271356784
22 0.6124704025256511 0.704396992964824 0.01657457553275454 0.011809035577889447
10 0.6197709486977112 0.2690953648241206 0.014601415627466457 0.017085414271356784
0 0.6397001546961326 0.29076634371859295 0.024861863299131808 0.017336680201005025
4 0.2501974680347277 0.517368024120603 0.012628255722178374 0.019032660904522613
6 0.3198500773480663 0.5449748582914573 0.01775847955801105 0.011306529447236181
6 0.1785716179952644 0.5201004060301507 0.01736387182320442 0.012060301507537688
13 0.5751776479873718 0.4959798030150754 0.009076543646408839 0.019849236582914574
18 0.7126086314127861 0.4954773226130653 0.01696922367797948 0.014824123819095477
2 0.3207626254143646 0.6270415115577889 0.008089963693764798 0.0059045177889447235
1 0.24072607419100236 0.24937178693467338 0.01657457553275454 0.01582913608040201
6 0.6132596179952644 0.4982410934673367 0.01736387182320442 0.011557795376884422
6 0.29064708445146015 0.20075365628140704 0.01617996779794791 0.01507538974874372
13 0.6758581846882399 0.33168980904522616 0.011937641673243883 0.02054020502512563
5 0.7054062825572217 0.5891037266331658 0.0035516959116022096 0.01324983959798995
21 0.4675412659826361 0.2710427658291457 0.022888703393843725 0.012437174673366835
10 0.6497631570639305 0.5638190311557788 0.01578531965272297 0.017085414271356784
2 0.4506707245461721 0.3605527155778895 0.021704799368587213 0.011306529447236181
6 0.4747436148382005 0.6594220381909547 0.025256511444356748 0.013316579698492462
2 0.554459226519337 0.7267587859296483 0.011838999842146803 0.013065313768844221
14 0.34604370639305443 0.31281398994974874 0.009372549960536701 0.016834174070351756
5 0.24960545540647197 0.1286118271356784 0.024467255564325177 0.016645737487437185
10 0.646803498026835 0.4729899738693467 0.014206767482241514 0.017336680201005025
14 0.31219016132596683 0.47355523216080403 0.008611015627466455 0.016834174070351756
2 0.6913972028413575 0.4756281889447236 0.011049743962115234 0.011809035577889447
16 0.6771901120757695 0.5670855396984924 0.018153127703235992 0.01407035175879397
2 0.46093133385951063 0.24701632964824122 0.013812159747434886 0.012876877185929647
23 0.5858326629834254 0.45249685226130654 0.012628255722178374 0.011337944120603015
2 0.5491319210734017 0.3620604140703518 0.013022903867403315 0.013065313768844221
8 0.43567482241515393 0.6125627175879397 0.01696922367797948 0.013567845628140703
1 0.5937252217837411 0.5911589306532663 0.01736387182320442 0.016708541105527636
4 0.6974151223362273 0.5877434018090453 0.010655095816890291 0.01487123296482412
5 0.5702447482241515 0.2717335798994975 0.014206767482241514 0.012814073567839196
10 0.5008879431728492 0.33467330251256283 0.017166547750591947 0.01658290814070352
10 0.5207181436464089 0.38140706733668345 0.01617996779794791 0.017336680201005025
2 0.7194157663772691 0.3157035738693467 0.014206767482241514 0.011557795376884422
6 0.38535900236779796 0.6814071638190955 0.024861863299131808 0.011809035577889447
12 0.5556432517758485 0.29239959798994974 0.018942383583267563 0.019472363417085428
8 0.6146408460931334 0.47537682010050253 0.01736387182320442 0.01231156743718593
7 0.2888714506708761 0.40976759638190957 0.024467255564325177 0.015452262914572863
4 0.19988164798737174 0.6800250211055276 0.011444351696921862 0.013316579698492462
23 0.3133387466456196 0.42958549547738695 0.013812159747434886 0.012060301507537688
10 0.7057024909234412 0.2922110070351759 0.01657457553275454 0.01959799638190955
9 0.8871347624309392 0.06190337286432161 0.013417511602209945 0.013253776080402012
1 0.3626677442778216 0.1810300783919598 0.018153127703235992 0.016080402010050253
0 0.28768742541436465 0.22424622311557788 0.025256511444356748 0.012060301507537688
7 0.5467638705603788 0.13464184924623115 0.03157063930544594 0.016645737487437185
10 0.4340963914759274 0.3130653587939699 0.01736387182320442 0.016834174070351756
2 0.2174428034727703 0.7273868221105528 0.012628255722178374 0.014824123819095477
13 0.40439998737174426 0.4727386050251256 0.01006312359905288 0.01884422432160804
6 0.6822709139700078 0.3836683577889447 0.01637725146014207 0.011557795376884422
14 0.1885360189423836 0.7241205708542713 0.00848461183898974 0.018090452261306532
9 0.6732440347277032 0.1793970814070352 0.01736387182320442 0.01407035175879397
1 0.5955012596685083 0.499748791959799 0.01657457553275454 0.01658290814070352
8 0.6318075958958169 0.38404528241206026 0.01736387182320442 0.013316579698492462
13 0.7072069707971587 0.13140698693467337 0.009816498816101027 0.016834174070351756
6 0.37805845619573797 0.5451004140703517 0.01736387182320442 0.011557795376884422
0 0.5826758011049724 0.4484924462311558 0.030781383425414366 0.0035175943718592966
23 0.6097079463299132 0.18015067336683419 0.014206767482241514 0.013065313768844221
14 0.2251381594317285 0.5412061266331658 0.00828728776637727 0.017587946130653266
2 0.36779784688239936 0.4298366070351759 0.012628255722178374 0.012374371055276381
12 0.7242500647198106 0.15703528844221107 0.010852419889502763 0.019095490251256283
13 0.2237569313338595 0.3812815115577889 0.009471191791633781 0.019095490251256283
22 0.6767957063930545 0.31551498291457286 0.01578531965272297 0.011306529447236181
10 0.5418309707971586 0.3590452743718593 0.014996063772691397 0.019095490251256283
10 0.7257298942383583 0.5879004494472362 0.01617996779794791 0.017917710150753767
14 0.49388320126282553 0.1302764703517588 0.009076543646408839 0.018090452261306532
13 0.3287294585635359 0.2203516783919598 0.01026044767166535 0.022110552763819097
18 0.4254142131018153 0.381783991959799 0.01973163946329913 0.01633166793969849
13 0.7054062825572217 0.2222363015075377 0.0035516959116022096 0.01884422432160804
7 0.44258096290449883 0.29516336884422106 0.02604576732438832 0.014824123819095477
14 0.33228113022888717 0.6105527959798995 0.00868193591160221 0.01658290814070352
5 0.5159824467245461 0.2231157065326633 0.01657457553275454 0.017085414271356784
5 0.5895815374901342 0.2040201648241206 0.014996063772691397 0.01507538974874372
10 0.3239937616416732 0.7023868140703518 0.013417511602209945 0.017085414271356784
4 0.20146007892659826 0.5871860422110552 0.010655095816890291 0.014572857889447236
0 0.700276179952644 0.3603016040201005 0.013812159747434886 0.011557795376884422
9 0.29597479400157856 0.3829145085427136 0.01657457553275454 0.013567845628140703
12 0.677732823993686 0.24773878994974877 0.017067865509076557 0.019095490251256283
18 0.6504044704025256 0.36017579095477387 0.024763221468034727 0.011809035577889447
6 0.49427801104972374 0.5673366512562814 0.01578531965272297 0.012060301507537688
6 0.16791619889502762 0.542713567839196 0.01617996779794791 0.010050251256281407
4 0.30623499921073405 0.5216081045226131 0.011049743962115234 0.010552757386934673
5 0.32650947182320444 0.521105624120603 0.027032347277032357 0.012060301507537688
10 0.47967651460142063 0.3595477547738693 0.01775847955801105 0.020100502512562814
5 0.649319450670876 0.387819959959799 0.015094705603788476 0.0037649238190954775
0 0.6617994001578531 0.42738698291457283 0.03433305509076559 0.014698490854271358
22 0.7209946014206788 0.44635671155778894 0.015390671507498026 0.007788935075376884
10 0.1666339763220205 0.1992462150753769 0.013614835674822417 0.018090452261306532
6 0.19317271033938435 0.246608016080402 0.024861863299131808 0.01407035175879397
2 0.5491319210734017 0.4520100663316583 0.012233607576953433 0.012688440603015076
7 0.1474939857932123 0.6350189346733668 0.026440415469613256 0.02066583798994975
23 0.5447910339384373 0.20241835095477387 0.012628255722178374 0.011275114773869346
4 0.5611681641673244 0.45144480804020104 0.01026044767166535 0.014195984723618089
10 0.4838201988950276 0.5649498050251256 0.018153127703235992 0.017587946130653266
11 0.7044198642462509 0.44547730653266326 0.015193387845303866 0.009547745125628141
18 0.6491711444356748 0.3804021065326633 0.01657457553275454 0.01884422432160804
12 0.4439621910023678 0.24893208442211054 0.01736387182320442 0.01658290814070352
18 0.42373718074191 0.38795932687437185 0.01677189960536701 0.004020100502512563
5 0.559984138910813 0.19548523803015075 0.01578531965272297 0.0049937238190954775
10 0.16357531176006315 0.7003141145728643 0.01835045177584846 0.01695980703517588
5 0.3184688492501973 0.2699747698492463 0.023677999684293606 0.013442212663316582
12 0.3048462790213102 0.42757531658291453 0.003536283378058406 0.01796481929648241
12 0.5055250386740332 0.5191268341708543 0.010655095816890291 0.0160175983919598
4 0.3910811176006314 0.7040828462311557 0.012628255722178374 0.014195984723618089
5 0.425611820047356 0.22587947738693467 0.026440415469613256 0.013567845628140703
6 0.18508294869771114 0.45015708944723615 0.027229671349644834 0.016143205628140703
2 0.6383928372533544 0.6819096442211056 0.022395413417521704 0.011809035577889447
2 0.6578654459352802 0.5653267296482412 0.012406281294396212 0.013567845628140703
6 0.2888714506708761 0.657537672361809 0.024467255564325177 0.012814073567839196
18 0.670086768745067 0.7246230512562813 0.01973163946329913 0.01407035175879397
22 0.5311759558011049 0.38341698894472365 0.01578531965272297 0.012060301507537688
0 0.5485399084451461 0.3888014279396985 0.01736387182320442 0.0056414938693467335
18 0.36725513496448303 0.5193154251256281 0.015982643725335435 0.01513819336683417
5 0.6643646535122336 0.20315444743718591 0.01736387182320442 0.014011458894472362
6 0.7020522178374112 0.4748743396984924 0.009471191791633781 0.012060301507537688
5 0.479084501973165 0.7253769005025125 0.027229671349644834 0.017085414271356784
13 0.23480675611681137 0.5870897398994975 0.005919479715864246 0.01555041768844221
19 0.513812003157064 0.3157035738693467 0.011838999842146803 0.010804023316582914
6 0.309484764640884 0.6353014351758793 0.012739263141278613 0.011557795376884422
4 0.4546172059984215 0.43103015879396983 0.014996063772691397 0.014824123819095477
13 0.5493291239147593 0.4741204904522613 0.003946327892659826 0.014572857889447236
4 0.545777452249408 0.704396992964824 0.01026044767166535 0.013567845628140703
6 0.6546714064719811 0.18040204221105527 0.02126085051302289 0.015326629949748743
5 0.1484808082083662 0.3369345929648241 0.02762431949486977 0.011557795376884422
5 0.31471997474348856 0.6577260060301507 0.025651159589581685 0.011683428341708543
12 0.6095353211049723 0.5899497616080402 0.006721101183898974 0.016237449648241205
13 0.43942369692186267 0.4442209768844221 0.009471191791633781 0.012060301507537688
13 0.25315712707182325 0.3126884341708543 0.01026044767166535 0.017336680201005025
4 0.31610120284135756 0.15351766834170855 0.011049743962115234 0.014572857889447236
11 0.3062305783109708 0.5394473165829146 0.00628636590370955 0.023115590753768844
18 0.6365428887134964 0.5192210010050251 0.018942383583267563 0.015326629949748743
13 0.4581688776637727 0.4082443577889447 0.005327547908445146 0.017776382713567837
14 0.6385161294396211 0.7233667216080403 0.00868193591160221 0.016834174070351756
13 0.16554855248618783 0.561180816080402 0.005919479715864246 0.018592958391959798
18 0.5495263267561168 0.4479899658291457 0.012233607576953433 0.004522606633165829
9 0.17166547750591948 0.4979899819095478 0.017166547750591947 0.011306529447236181
13 0.6232734812943962 0.4521356221105528 0.0037490119021310183 0.01193466854271357
10 0.49131794790844513 0.5881909515577889 0.024072607419100236 0.017211047236180905
23 0.6764994980268351 0.6136307135678392 0.013022903867403315 0.010804023316582914
13 0.2152723599052881 0.3804021065326633 0.007103383741120757 0.017587946130653266
13 0.699634866614049 0.2640703035175879 0.009471191791633781 0.019849236582914574
18 0.3362272075769534 0.4757537447236181 0.018942383583267563 0.012814073567839196
13 0.5528807955801106 0.5640704 0.006314127861089187 0.018592958391959798
13 0.6077440565745856 0.6392587577889447 0.003175563820047356 0.015452262914572863
12 0.35398597000789267 0.20050642974874372 0.013417511602209945 0.015020407638190954
5 0.5990529313338596 0.3633164864321608 0.011838999842146803 0.00753769487437186
4 0.6325968113654302 0.1332913527638191 0.013417511602209945 0.01507538974874372
18 0.37529599999999996 0.291268824120603 0.018942383583267563 0.016080402010050253
13 0.6231748394632991 0.6574121165829145 0.004982240883977901 0.01633166793969849
13 0.5022691712707182 0.42638202211055276 0.00927386771902131 0.017085414271356784
27 0.38239934333070247 0.5003768281407035 0.009471191791633781 0.015577895879396985
14 0.3416041774269929 0.2005771063316583 0.007892639621152327 0.01519314974874372
6 0.3631118547750592 0.3149497246231156 0.024664579636937647 0.011557795376884422
2 0.4419889502762431 0.42952271758793964 0.012628255722178374 0.011809035577889447
11 0.4009473212312549 0.6787689487437185 0.006314127861089187 0.017462313165829146
10 0.4683308855564325 0.5184674090452261 0.021507515706393053 0.017587946130653266
5 0.616601721231255 0.5195665366834171 0.019263040252565117 0.014133155376884421
19 0.28531977900552485 0.47625622512562815 0.012628255722178374 0.011055289246231156
22 0.43310956906077347 0.6367463557788945 0.014206767482241514 0.011809035577889447
18 0.478591090765588 0.6814699417085427 0.01617996779794791 0.01231156743718593
18 0.17876882083662196 0.6551508261306533 0.02012628760852407 0.01633166793969849
13 0.1314126598263615 0.7296483698492463 0.0031570639305445935 0.017085414271356784
18 0.41120752644041036 0.4506124864321608 0.019337031728492503 0.015609284824120603
8 0.7211918042620363 0.38772279316582914 0.01696922367797948 0.003558811658291457
18 0.5169692691397001 0.132286391959799 0.01973163946329913 0.01633166793969849
7 0.21625877821625886 0.5639448442211056 0.013812159747434886 0.01507538974874372
22 0.4492894964483031 0.20226135477386933 0.015390671507498026 0.011557795376884422
2 0.4330109676400947 0.40678400000000003 0.013417511602209945 0.013065313768844221
14 0.5771508887134964 0.20025117587939698 0.009076543646408839 0.018592958391959798
2 0.4660614364640884 0.360427159798995 0.007498031886345699 0.005778884824120603
18 0.3933505666929756 0.3361810010050251 0.019928963535911604 0.012562807638190955
23 0.2722967134964483 0.36130656482412066 0.012628255722178374 0.011557795376884422
13 0.7085635485398579 0.19886929045226132 0.009668515864246252 0.020351768442211055
4 0.2383584277821626 0.27085417487437186 0.013417511602209945 0.012060301507537688
14 0.24348853038674034 0.15326629949748743 0.009865839936858722 0.01658290814070352
6 0.27900565114443565 0.6815327195979899 0.025256511444356748 0.011809035577889447
6 0.3303078895027624 0.7042714371859297 0.021704799368587213 0.013316579698492462
6 0.5189425098658248 0.7046483618090452 0.025256511444356748 0.011809035577889447
2 0.522494181531176 0.17814075175879396 0.022099447513812154 0.01507538974874372
7 0.6338792359905289 0.5443468221105527 0.024861863299131808 0.012562807638190955
0 0.3302338172059984 0.44874381507537686 0.023529976322020522 0.00301508824120603
