4 0.651389272296764 0.38657588871054044 0.012293414996053671 0.01365456607811664
6 0.6634558232044199 0.22747658683788122 0.016914225098658246 0.011130041733547352
0 0.7590426266771902 0.43332047512038524 0.023633467403314914 0.010650613590155164
8 0.409356729281768 0.45737680470840025 0.015126387371744276 0.01067452883895131
8 0.6361351475927388 0.3887551075441413 0.015808636464088397 0.010934884537185661
8 0.46303429202841356 0.41209124023542004 0.013832769060773482 0.01051090251471375
9 0.6488114917127071 0.500621491706795 0.014224790528808207 0.012230197966827179
8 0.7261647103393845 0.638789444622793 0.013526094396211524 0.010004737506688068
0 0.6563795548539858 0.5701767875869449 0.022831441831097078 0.011378672659176029
13 0.4668708571428572 0.43096072766185123 0.010385113812154696 0.01682343242375602
6 0.3679970702446725 0.4344863777421081 0.015111435516969219 0.009753613697164258
0 0.6232563472770324 0.41135679828785443 0.023381225572217838 0.011202910647405029
18 0.646396363062352 0.22569970850722312 0.014996669928966063 0.014487846762974852
5 0.7419692249408051 0.6387532841091492 0.014541527387529597 0.010829224612092028
13 0.7253536732438832 0.4310127768860353 0.009588220363062352 0.016350852862493312
0 0.6160604640883979 0.4337357457463884 0.02269655185477506 0.01050509491706795
0 0.41686094396211526 0.4117797667201712 0.023512680662983426 0.011368810700909577
7 0.4123798326756116 0.43704062493311935 0.015086704340962903 0.015714811342964152
4 0.6411557379636937 0.20317113322632424 0.013490452407261247 0.013672125842696628
8 0.6801154222573007 0.4115343135366506 0.014425872770323598 0.010877904333868378
8 0.6899488934490924 0.5703606035313001 0.01590574269928966 0.0119644455858748
13 0.6502230276243094 0.1757058533975388 0.01095304183109708 0.022635988443017657
2 0.31830106519337015 0.4572505168539326 0.01032995359116022 0.011392369823434991
7 0.7354841610102605 0.4579446891385767 0.015698720126282557 0.015850002354200105
8 0.6447373133385952 0.13434343071161048 0.015706600157853197 0.010793940716960942
9 0.5913624246250987 0.4336009930444088 0.014116288555643251 0.010432938255751738
5 0.5771977647987372 0.2504008731942215 0.013950807892659825 0.010726988978063134
8 0.3766836937647987 0.4573003745318352 0.014319068034727704 0.010387217121455322
6 0.6294435864246252 0.3193176072766185 0.014762572375690607 0.0105442962011771
6 0.6142133038674034 0.5473614210807919 0.016673540647198105 0.010451018512573568
4 0.6865669455406472 0.17965721134296417 0.012599645146014207 0.013774416265382557
6 0.6735337774269929 0.34260360834670944 0.013809169376479875 0.010720359550561798
8 0.8334931649565904 0.4762764258962012 0.013447092028413576 0.006248701123595505
0 0.3168234582478295 0.619637686035313 0.022695056669297553 0.006530588764044944
13 0.6593521452249408 0.6394288282504013 0.010889072138910813 0.022032080470840022
18 0.4961922525651144 0.22779463499197433 0.015141258405682716 0.01477765136436597
23 0.685825414364641 0.20441182236490102 0.01392882462509866 0.010976304761904762
5 0.8495821689029202 0.4756293718566078 0.015188376953433308 0.007542617442482611
6 0.84433608839779 0.41103272338148744 0.015307385635359116 0.011434694060995185
8 0.6898248334648777 0.3425337528089888 0.01553360315706393 0.011082129052969502
18 0.786093360694554 0.6370312766185127 0.014491741752170483 0.013073094060995183
12 0.5396504246250987 0.4333401990369181 0.013476834096290451 0.021286023327982878
5 0.6319974440410419 0.47567676404494386 0.014398191633780583 0.007448052220438737
12 0.7986638295185478 0.6212029157838416 0.014740710339384374 0.009640858640984483
5 0.5665088050513023 0.3424855387907972 0.012350191633780584 0.011409628250401285
9 0.7774984688239936 0.6192684104868914 0.012928101026045778 0.005786065703584804
6 0.8011260363062352 0.638840014553237 0.013554139226519338 0.010425076083467094
8 0.5967297363851618 0.5475890679507759 0.015544069455406472 0.011739483360085607
5 0.3931121452249408 0.4765813247726057 0.01212938910812944 0.005638930765115035
2 0.3979424025256511 0.41126721883360084 0.011739266929755326 0.011802819047619048
6 0.6949480662983425 0.6385997662921349 0.015649096132596685 0.009938278865703585
5 0.6250772407261248 0.5237973675762441 0.014394393054459352 0.012032109577314072
6 0.3071551444356748 0.45717189513108614 0.008135950749802683 0.010920146388443016
4 0.4248775627466456 0.4756995013376137 0.01168774364640884 0.007402605029427501
0 0.3132949821625888 0.25003324130551097 0.02043373007103394 0.012011344676297485
2 0.6755987498026835 0.5700357067950775 0.01178933543804262 0.01214374146602461
8 0.6310928568271508 0.6828159657570892 0.012893711760063141 0.004084357410379882
2 0.31011258089976323 0.41163183734617437 0.011775636306235201 0.011500467843766722
0 0.6120440726124704 0.45520169502407704 0.02318487134964483 0.011510576350989834
8 0.7957268003157064 0.41082206099518465 0.01576410418310971 0.011386096522204387
5 0.6820413827940016 0.43322870411985015 0.013562261720599843 0.01079514606741573
2 0.6352307624309392 0.4330505040128411 0.010410370323599052 0.010697512680577849
2 0.7272780173638517 0.6156034328517924 0.01156829044988161 0.011404505510968431
8 0.39370698658247827 0.3890824697699305 0.015671928018942384 0.011008219154628143
7 0.33653566029992105 0.2071846762974853 0.01507902636148382 0.015630929909042267
6 0.5842089723756906 0.4765172220438737 0.015446680347277033 0.005767081433921884
22 0.7441517916337806 0.5702187009095773 0.013496635201262826 0.011242029748528625
2 0.8299685682715074 0.4136790429106474 0.011871893922651934 0.005486864847512039
