10 0.40629927703235985 0.4513189949748744 0.016130626677190212 0.01633166793969849
1 0.38792425572217837 0.4097988824120603 0.01657457553275454 0.016080402010050253
12 0.2859117916337806 0.5874371537688442 0.02959747940015785 0.019095490251256283
21 0.3626677442778216 0.5915672184924623 0.01736387182320442 0.015012560402010051
18 0.19968444514601422 0.2009500687437186 0.01854773543804262 0.015970489246231154
18 0.648184726124704 0.5451004140703517 0.01617996779794791 0.01507538974874372
21 0.27466476400947115 0.5233669145728643 0.01736387182320442 0.015577895879396985
21 0.1836031191791634 0.5902009246231156 0.01696922367797948 0.01507538974874372
4 0.404992 0.2492462311557789 0.012036323914759275 0.013316579698492462
18 0.5891871318074191 0.25037700502512567 0.01657457553275454 0.013819085829145728
18 0.19810561010260458 0.42663313366834166 0.01854773543804262 0.01658290814070352
38 0.3117230573007103 0.17826630753768843 0.01728983993685872 0.016834174070351756
5 0.25335432991318074 0.7032662190954775 0.01578531965272297 0.011055289246231156
10 0.13259668508287292 0.42735559396984923 0.022888703393843725 0.01695980703517588
2 0.2403316685082873 0.5665828020100503 0.013417511602209945 0.010804023316582914
18 0.6726520220994475 0.6134421226130653 0.01617996779794791 0.01582913608040201
10 0.12628255722178375 0.631187167839196 0.014601415627466457 0.017587946130653266
7 0.5655090513022889 0.18630650854271358 0.018942383583267563 0.01633166793969849
18 0.4696131081294396 0.3386934030150754 0.01637725146014207 0.01407035175879397
21 0.6329912170481452 0.6409861788944724 0.01736387182320442 0.01513819336683417
7 0.5015785572217838 0.13982411256281407 0.018942383583267563 0.017085414271356784
5 0.22257290607734806 0.475942335678392 0.01657457553275454 0.011683428341708543
21 0.31969898279400155 0.5008793085427136 0.01835659415943173 0.016834174070351756
5 0.3301106866614049 0.521105624120603 0.01578531965272297 0.011055289246231156
18 0.27288872612470405 0.27091721005025127 0.01775847955801105 0.017211047236180905
18 0.4102211081294396 0.42814057487437185 0.015587995580110498 0.014572857889447236
21 0.3729283535911602 0.47864332864321607 0.01736387182320442 0.015326629949748743
21 0.2417128966061563 0.25244970452261306 0.01696922367797948 0.015703528844221104
19 0.307616227308603 0.3394472522613065 0.01026044767166535 0.011055289246231156
18 0.2217836906077348 0.45012570050251255 0.01736387182320442 0.015703528844221104
11 0.6925808239936859 0.45628153567839197 0.014996063772691397 0.016080402010050253
21 0.20481454775059194 0.4784547376884422 0.01736387182320442 0.014949756783919597
2 0.453038775059195 0.4761306693467337 0.013022903867403315 0.011557795376884422
5 0.6211521767955801 0.6604272562814071 0.01578531965272297 0.010301517185929648
4 0.2786108413575375 0.24836682613065325 0.012628255722178374 0.01407035175879397
18 0.3654302004735596 0.42839194371859296 0.023480675611681136 0.015577895879396985
18 0.6229282146803473 0.18203529648241207 0.01775847955801105 0.01507538974874372
18 0.5880031065509076 0.2044676631155779 0.018153127703235992 0.0163473624120603
11 0.3377071987371744 0.47336689849246233 0.01608128555643252 0.016457275175879398
2 0.18587216416732438 0.27430901708542715 0.013417511602209945 0.011683428341708543
10 0.6004341594317285 0.31765071758793967 0.013417511602209945 0.015954769045226132
2 0.6886347466456195 0.185929583919598 0.013417511602209945 0.012562807638190955
5 0.6963301026045778 0.6381910190954775 0.01617996779794791 0.010050251256281407
8 0.3729283535911602 0.31796486432160803 0.01696922367797948 0.011306529447236181
2 0.5716259763220205 0.4095477708542714 0.012233607576953433 0.010552757386934673
2 0.523875409629045 0.43190956381909545 0.012628255722178374 0.012562807638190955
21 0.32202052091554856 0.4317212301507538 0.018153127703235992 0.01582913608040201
5 0.6854774806629835 0.48153265527638195 0.01578531965272297 0.010301517185929648
7 0.6762529944751381 0.43775125226130657 0.0180544454617206 0.015515066532663317
4 0.6271211592738754 0.6820352 0.011148385793212312 0.012060301507537688
6 0.6389109392265194 0.4568467939698493 0.014996063772691397 0.0114321624120603
18 0.2580900268350434 0.6554019376884421 0.01657457553275454 0.01582913608040201
18 0.5666930765588003 0.726004936683417 0.01657457553275454 0.01582913608040201
10 0.45935290292028413 0.3605527155778895 0.01617996779794791 0.017085414271356784
2 0.6813337963693764 0.13994966834170855 0.012430931649565904 0.012060301507537688
18 0.5426201862667719 0.226955191959799 0.023677999684293606 0.014431530452261306
8 0.47592723599052883 0.6359297286432161 0.01617996779794791 0.011557795376884422
5 0.6206713736385161 0.4113065809045226 0.01482339005524862 0.012060301507537688
18 0.196132773480663 0.6544597547738693 0.018942383583267563 0.016708541105527636
21 0.42876868192580897 0.6839823437185929 0.017955803630623518 0.015452262914572863
35 0.1336821089187056 0.40590459497487436 0.023875283346487766 0.019346730452261308
7 0.3606945035516969 0.4094378066331658 0.023283351539068665 0.016520104522613065
8 0.36316115548539857 0.6126885306532663 0.017166547750591947 0.01231156743718593
18 0.30149970639305446 0.446859191959799 0.01657457553275454 0.0067839228140703514
0 0.16771899605367008 0.7256280120603015 0.024861863299131808 0.011557795376884422
22 0.6564720947119179 0.36608051457286434 0.014996063772691397 0.010552757386934673
9 0.4756314317284924 0.18241196381909547 0.017166547750591947 0.011557795376884422
11 0.28374094396211524 0.22407358391959797 0.01696922367797948 0.017054025326633165
18 0.22296771586424624 0.564321511557789 0.01578531965272297 0.01407035175879397
12 0.2722967134964483 0.679145616080402 0.029992127545382795 0.020979907537688445
9 0.5142068129439621 0.6370602452261307 0.01578531965272297 0.011557795376884422
7 0.38161012786108917 0.27638197386934676 0.018942383583267563 0.01582913608040201
22 0.612075592738753 0.3428393165829146 0.01578531965272297 0.010804023316582914
5 0.20540656037884766 0.6099245025125628 0.013812159747434886 0.010804023316582914
7 0.40400558168902917 0.7062813587939698 0.01775847955801105 0.016834174070351756
10 0.5546568334648776 0.6795853185929649 0.014206767482241514 0.017462313165829146
6 0.30544578374112075 0.36130656482412066 0.01578531965272297 0.010552757386934673
5 0.29064708445146015 0.2718593929648241 0.01617996779794791 0.011180896482412061
6 0.3970008397790055 0.3844222070351759 0.012628255722178374 0.011809035577889447
12 0.6910023930544593 0.27619338291457285 0.018153127703235992 0.017336680201005025
7 0.3212559153906867 0.4089196060301507 0.018153127703235992 0.016708541105527636
4 0.18399752486187845 0.3380653668341709 0.011838999842146803 0.01231156743718593
4 0.28729301973164956 0.40577878190954775 0.012628255722178374 0.01407035175879397
4 0.22296771586424624 0.4287688683417085 0.011049743962115234 0.012060301507537688
0 0.13318869771112865 0.6111731135678392 0.027032347277032357 0.013206666934673365
21 0.603393818468824 0.6619346974874372 0.018153127703235992 0.01582913608040201
0 0.6574585130228887 0.30012565226130655 0.025256511444356748 0.011055289246231156
21 0.5554460489344909 0.4113065809045226 0.01657457553275454 0.01507538974874372
11 0.14700097868981846 0.585678343718593 0.01657457553275454 0.01658290814070352
5 0.6213497837411208 0.5698493105527639 0.014601415627466457 0.011055289246231156
11 0.41594322336227313 0.22569088643216081 0.01657457553275454 0.01582913608040201
6 0.14068685082872928 0.5435929728643216 0.01578531965272297 0.011306529447236181
10 0.19248209629044988 0.7233667216080403 0.017955803630623518 0.017336680201005025
5 0.6223362020520916 0.20753778492462313 0.014206767482241514 0.011809035577889447
5 0.14759258721389107 0.726004936683417 0.01617996779794791 0.011557795376884422
7 0.49190996053670083 0.7304019618090453 0.017955803630623518 0.014572857889447236
2 0.3786997695343331 0.2047737567839196 0.012134965745856353 0.011557795376884422
8 0.2977504277821626 0.6336684381909548 0.01736387182320442 0.012060301507537688
5 0.5489343141278611 0.45500951155778896 0.01578531965272297 0.011086678190954774
7 0.5503155422257301 0.4802763256281407 0.01775847955801105 0.014824123819095477
0 0.5402525398579322 0.727889559798995 0.024861863299131808 0.012060301507537688
5 0.4820441610102605 0.16067846432160804 0.014798739700078925 0.011306529447236181
14 0.15587995580110497 0.3815326231155779 0.009865839936858722 0.01633166793969849
8 0.452051952644041 0.34045221306532664 0.01696922367797948 0.011055289246231156
21 0.6118783898973954 0.43555273969849245 0.01854773543804262 0.015577895879396985
2 0.372533543804262 0.7039572904522613 0.011838999842146803 0.010678390351758795
14 0.6709745856353592 0.13696617487437185 0.00848461183898974 0.01702261065326633
8 0.3307022951854775 0.3841708381909548 0.015390671507498026 0.011055289246231156
6 0.33050509234411996 0.5678391316582914 0.015390671507498026 0.012060301507537688
5 0.5343332217837411 0.2510050412060301 0.018153127703235992 0.012562807638190955
1 0.20422253512233624 0.6360552844221106 0.01617996779794791 0.01620603497487437
7 0.390144 0.23175255477386936 0.017462513654301497 0.016520104522613065
2 0.5307815501183899 0.2755025688442211 0.013417511602209945 0.011180896482412061
9 0.4336029802683505 0.3844222070351759 0.01637725146014207 0.011055289246231156
0 0.3918210323599053 0.6804019457286432 0.02594712549329124 0.01231156743718593
4 0.15568275295974743 0.24733047638190953 0.011838999842146803 0.012625636984924624
22 0.24013406156274666 0.6567210452261307 0.01578531965272297 0.010929656281407034
22 0.34683292186266773 0.611683312562814 0.015390671507498026 0.010866826934673366
6 0.1481845998421468 0.5655778412060302 0.01637725146014207 0.010050251256281407
1 0.33706588539857935 0.6359297286432161 0.01627860962904499 0.014572857889447236
0 0.470797133385951 0.7287689648241207 0.023677999684293606 0.013316579698492462
18 0.3101814806629834 0.5422110874371859 0.01696922367797948 0.016080402010050253
9 0.5142068129439621 0.2290201728643216 0.01657457553275454 0.012060301507537688
9 0.49546163220205214 0.5451004140703517 0.01657457553275454 0.011557795376884422
8 0.5635358105761642 0.6371858010050251 0.01736387182320442 0.011557795376884422
5 0.2565115958958169 0.2721732824120603 0.014996063772691397 0.010678390351758795
10 0.2458561767955801 0.586180824120603 0.01617996779794791 0.016080402010050253
0 0.3502366913970008 0.5658292100502513 0.024269931491712707 0.010552757386934673
22 0.3346487766377269 0.7027637386934673 0.01578531965272297 0.010552757386934673
8 0.4457378247829518 0.6815327195979899 0.015390671507498026 0.011557795376884422
22 0.6734412375690607 0.7046483618090452 0.01578531965272297 0.010804023316582914
6 0.5183504972375691 0.728392040201005 0.01775847955801105 0.011557795376884422
5 0.48747047198105764 0.34070358190954775 0.015193387845303866 0.010301517185929648
1 0.38239934333070247 0.38984570211055275 0.01578531965272297 0.007816413266331658
7 0.46990931649565904 0.5929649527638191 0.029794803472770325 0.016080402010050253
7 0.3429361452249408 0.36432170452261303 0.018153127703235992 0.015577895879396985
5 0.17146787056037885 0.4070194685427136 0.01578531965272297 0.012248738090452262
18 0.6067482872928177 0.5216081045226131 0.01617996779794791 0.017085414271356784
5 0.6427338052091555 0.5246229869346734 0.01455207450670876 0.012060301507537688
5 0.7106353906866614 0.20854274572864323 0.01637725146014207 0.013065313768844221
7 0.16791619889502762 0.342462391959799 0.01736387182320442 0.01407035175879397
7 0.6764008966061562 0.25712948743718594 0.018153127703235992 0.015640699497487438
21 0.20047366061562746 0.7042714371859297 0.01736387182320442 0.01582913608040201
9 0.4631017774269929 0.40778896080402005 0.01578531965272297 0.011306529447236181
8 0.2845305635359116 0.4523712964824121 0.01736387182320442 0.012091716180904523
2 0.5516967703235991 0.614070416080402 0.013417511602209945 0.010804023316582914
22 0.31373315232833465 0.38391972663316587 0.01578531965272297 0.011055289246231156
4 0.5856354601420679 0.5906799662311558 0.011838999842146803 0.01339510351758794
10 0.4853986298342542 0.20314075979899499 0.012628255722178374 0.016834174070351756
5 0.7093774143646409 0.23228642412060302 0.016130626677190212 0.012814073567839196
10 0.39384357379636936 0.3594221989949749 0.018153127703235992 0.017336680201005025
18 0.50942181531176 0.40628151959798997 0.015883961483820045 0.01407035175879397
4 0.25966845777426995 0.5879396341708542 0.011838999842146803 0.012562807638190955
5 0.17837401104972375 0.6569096361809045 0.015390671507498026 0.011557795376884422
5 0.5720203820047356 0.5917163931658291 0.013812159747434886 0.011918974070351758
4 0.6949488745067087 0.7228642412060301 0.01578531965272297 0.017587946130653266
18 0.17600636464088398 0.42738698291457283 0.024467255564325177 0.01407035175879397
4 0.1557813543804262 0.7011307417085427 0.012430931649565904 0.012562807638190955
10 0.5718231791633781 0.2726129849246231 0.01736387182320442 0.017839186331658295
6 0.5286107024467245 0.40854270713567836 0.01696922367797948 0.010521368442211056
0 0.606156274664562 0.7281406713567838 0.025256511444356748 0.012060301507537688
22 0.4709943362273086 0.22889435979899497 0.01578531965272297 0.010050251256281407
4 0.49704006314127863 0.16005017085427137 0.014206767482241514 0.01407035175879397
0 0.21902123441199686 0.6560930090452262 0.024467255564325177 0.011809035577889447
2 0.4519533512233623 0.7288945206030151 0.013022903867403315 0.012562807638190955
0 0.1376281862667719 0.3180904201005025 0.02604576732438832 0.012562807638190955
2 0.4441593938437253 0.45325070150753766 0.012628255722178374 0.010332906130653265
5 0.49595504340962904 0.385427167839196 0.014798739700078925 0.011055289246231156
2 0.5002959305445935 0.6366833206030151 0.011641675769534333 0.010804023316582914
5 0.6572613101815312 0.6834170854271356 0.01578531965272297 0.012185934472361808
13 0.578729319652723 0.18052759798994975 0.00828728776637727 0.017839186331658295
5 0.4653708224151539 0.6128140864321607 0.01637725146014207 0.01231156743718593
22 0.28137329755327545 0.6338881608040201 0.015390671507498026 0.010678390351758795
5 0.6925808239936859 0.3017589065326633 0.01578531965272297 0.011306529447236181
0 0.6183897205998421 0.47864332864321607 0.024467255564325177 0.011055289246231156
9 0.6692975532754538 0.185175991959799 0.01657457553275454 0.012060301507537688
14 0.303078137332281 0.473052751758794 0.00868193591160221 0.016834174070351756
22 0.15469593054459352 0.6109768040201005 0.014996063772691397 0.010898241608040201
9 0.373914771902131 0.5447237467336684 0.01657457553275454 0.012060301507537688
5 0.6649566661404893 0.48065325025125627 0.01578531965272297 0.0114321624120603
2 0.4936859984214681 0.43140708341708545 0.012233607576953433 0.011055289246231156
1 0.20382812943962117 0.45563754773869347 0.01696922367797948 0.015860550753768844
4 0.6421172230465667 0.6130651979899497 0.011247027624309392 0.01507538974874372
7 0.21704799368587213 0.7276381909547739 0.024861863299131808 0.01658290814070352
13 0.46339798579321234 0.17914571256281409 0.00887925998421468 0.019346730452261308
22 0.3571428318863457 0.5444723778894472 0.014206767482241514 0.011055289246231156
6 0.44731665982636143 0.40794598271356786 0.01617996779794791 0.010615586733668341
0 0.38200453354380426 0.6564699336683417 0.025256511444356748 0.013316579698492462
4 0.6621942099447514 0.7273868221105528 0.011049743962115234 0.012562807638190955
18 0.2188240315706393 0.3369345929648241 0.01696922367797948 0.01507538974874372
8 0.3914759273875296 0.5899498130653267 0.01775847955801105 0.011055289246231156
5 0.5678766977111287 0.16080402010050251 0.014601415627466457 0.011055289246231156
0 0.3115627087608524 0.27374375879396984 0.025256511444356748 0.012814073567839196
2 0.47661785003946333 0.29667081005025125 0.012233607576953433 0.009798985326633166
22 0.5880031065509076 0.5690954613065327 0.01657457553275454 0.011055289246231156
9 0.3608424056827151 0.38391972663316587 0.017166547750591947 0.012060301507537688
10 0.3903905035516969 0.6316582592964823 0.017166547750591947 0.01658290814070352
13 0.5205209408050513 0.2922110070351759 0.007892639621152327 0.019472363417085428
6 0.5844514348855565 0.7288945206030151 0.01578531965272297 0.013065313768844221
5 0.7117454648776638 0.1394471879396985 0.01573597853196527 0.013567845628140703
10 0.6762036937647987 0.45634431356783917 0.01696922367797948 0.017839186331658295
10 0.6256289641673244 0.1595476904522613 0.012998213101815311 0.017587946130653266
6 0.4303471128650356 0.31859290050251254 0.015982643725335435 0.010301517185929648
5 0.339852991949487 0.33919588341708545 0.015341370797158643 0.011557795376884422
22 0.3206763087608524 0.4760051135678392 0.01580997000789266 0.011055289246231156
22 0.46211535911602214 0.6819096442211056 0.01617996779794791 0.011557795376884422
1 0.3960140173638516 0.5467336683417086 0.01578531965272297 0.015326629949748743
0 0.5522887829518548 0.20653256683417084 0.024861863299131808 0.011557795376884422
7 0.31150108287292816 0.613567935678392 0.016845891081294397 0.015577895879396985
13 0.3181605177584846 0.6763818452261307 0.009002552170481452 0.019849236582914574
5 0.34155483630623523 0.6807788703517589 0.015982643725335435 0.012060301507537688
13 0.3502366913970008 0.27041447236180904 0.007498031886345699 0.02047737567839196
2 0.6389109392265194 0.16180898090452261 0.022099447513812154 0.011557795376884422
5 0.15587995580110497 0.543216048241206 0.013417511602209945 0.010552757386934673
9 0.44179174743488553 0.5899498130653267 0.01578531965272297 0.011306529447236181
14 0.5057222415153907 0.7262563055276381 0.00828728776637727 0.018341718190954773
13 0.686168094711918 0.6125549989949748 0.00927386771902131 0.017478007638190955
2 0.6590369439621152 0.27600504924623115 0.012628255722178374 0.011683428341708543
23 0.5220993717442778 0.5221105849246231 0.013417511602209945 0.011557795376884422
22 0.6762529944751381 0.5263817969849247 0.015489353749013416 0.010804023316582914
4 0.5595897332280978 0.5905778492462311 0.011049743962115234 0.014321617688442211
5 0.3102308621941594 0.1585427296482412 0.014305449723756905 0.011557795376884422
18 0.3480415974743489 0.20263827939698492 0.02402326629834254 0.014321617688442211
5 0.22533536227308604 0.40464826532663317 0.01657457553275454 0.01633166793969849
22 0.6732440347277032 0.34434675778894475 0.01578531965272297 0.010804023316582914
8 0.6779793275453828 0.682286311557789 0.018153127703235992 0.011557795376884422
8 0.5584057079715864 0.25138196582914574 0.01736387182320442 0.011557795376884422
13 0.39423838358326757 0.2714824683417085 0.00828728776637727 0.018341718190954773
2 0.6890291523283346 0.5708542713567839 0.012628255722178374 0.010552757386934673
13 0.4698107150749803 0.15552758994974875 0.00868193591160221 0.022110552763819097
2 0.5718231791633781 0.20703530452261307 0.013417511602209945 0.011809035577889447
2 0.294396363062352 0.42939690452261303 0.013417511602209945 0.012562807638190955
22 0.5357144498816101 0.4999371256281407 0.01578531965272297 0.011055289246231156
4 0.30909937048145225 0.5891959638190956 0.011943824467245462 0.011306529447236181
4 0.5295975248618785 0.18216085226130652 0.011838999842146803 0.013065313768844221
5 0.4617205493291239 0.2751256442211055 0.014996063772691397 0.011557795376884422
9 0.44978290765588 0.22914572864321608 0.017166547750591947 0.012060301507537688
0 0.6531669265982636 0.23115590753768844 0.025157869613259668 0.012060301507537688
0 0.39344916811365427 0.29635666331658295 0.021310191633780583 0.010678390351758795
10 0.3372632094711918 0.24748742110552766 0.017511854775059194 0.017587946130653266
13 0.16988943962115233 0.2927134874371859 0.007498031886345699 0.017085414271356784
5 0.3376084356748224 0.40703511155778893 0.015390671507498026 0.011055289246231156
13 0.4463298374112076 0.4959798030150754 0.00828728776637727 0.018090452261306532
11 0.3542324735595896 0.17964819296482412 0.015982643725335435 0.01658290814070352
2 0.42423059194948703 0.7288945206030151 0.014206767482241514 0.013065313768844221
9 0.3107488025256511 0.22663306934673366 0.015267379321231256 0.012562807638190955
7 0.6543016511444356 0.3241206994974874 0.01657457553275454 0.014321617688442211
13 0.6205973821625889 0.5213881246231156 0.008657245146014207 0.01802764864321608
13 0.17048145224940806 0.586180824120603 0.00868193591160221 0.017839186331658295
0 0.5576164925019732 0.5457287075376885 0.023677999684293606 0.010552757386934673
4 0.45086833149171274 0.6332915135678392 0.009471191791633781 0.01582913608040201
13 0.6543016511444356 0.15929657889447238 0.00868193591160221 0.018592958391959798
11 0.5903711570639306 0.18115589145728644 0.01578531965272297 0.016080402010050253
13 0.2659825856353591 0.42638202211055276 0.007892639621152327 0.016080402010050253
13 0.38989749644830307 0.45015708944723615 0.009471191791633781 0.01714824361809045
9 0.33228113022888717 0.7268843417085427 0.01657457553275454 0.013065313768844221
9 0.2340175406471981 0.2039572840201005 0.01578531965272297 0.011212311155778896
8 0.30978707498026836 0.2957286271356784 0.01736387182320442 0.011557795376884422
18 0.49704006314127863 0.3161432763819096 0.01854773543804262 0.014698490854271358
10 0.6163858891870561 0.5893844261306532 0.017178872928176797 0.01714824361809045
0 0.6773877190213102 0.3665829949748744 0.024072607419100236 0.011557795376884422
14 0.35694562904498817 0.223649575879397 0.009471191791633781 0.018278888844221103
22 0.3393844735595896 0.42939690452261303 0.014996063772691397 0.010175884221105528
0 0.3588695690607735 0.6331659577889447 0.02663773954222573 0.012939706532663317
5 0.3168904183109708 0.4526381025125628 0.014206767482241514 0.010929656281407034
0 0.624756422415154 0.38997331618090453 0.02406646503551697 0.00808731015075377
13 0.5580108981846883 0.15665836381909545 0.007103383741120757 0.01959799638190955
8 0.5864246756116812 0.40979898532663317 0.01578531965272297 0.011871864924623115
5 0.49427801104972374 0.25094226331658287 0.025256511444356748 0.011557795376884422
18 0.47790047671665353 0.42763809447236184 0.01696922367797948 0.016457275175879398
13 0.3903905035516969 0.44635671155778894 0.00828728776637727 0.007788935075376884
18 0.6998324735595896 0.34258794773869344 0.027131029518547747 0.01658290814070352
18 0.4565904467245462 0.1579146934673367 0.01696922367797948 0.01507538974874372
10 0.17255329439621153 0.6084170613065326 0.01696922367797948 0.017776382713567837
0 0.32359895185477505 0.20442052824120602 0.023677999684293606 0.010662695879396984
5 0.6279597562746646 0.22914572864321608 0.015982643725335435 0.015326629949748743
18 0.28571418468823995 0.3591708301507538 0.021704799368587213 0.013819085829145728
5 0.636740495659037 0.3005025768844221 0.014996063772691397 0.010301517185929648
5 0.2683502320441989 0.45301502713567837 0.01578531965272297 0.010929656281407034
13 0.21211509392265193 0.42663313366834166 0.009471191791633781 0.01959799638190955
13 0.6617994001578531 0.385929648241206 0.007892639621152327 0.018090452261306532
9 0.6365428887134964 0.4115577953768844 0.01578531965272297 0.01136935879396985
0 0.6440410418310971 0.47989940100502515 0.022888703393843725 0.010804023316582914
0 0.4668506519337017 0.5680905005025125 0.024072607419100236 0.012562807638190955
8 0.37016589739542227 0.4987438311557789 0.01736387182320442 0.012060301507537688
14 0.6870559116022099 0.22914572864321608 0.00868193591160221 0.017085414271356784
13 0.2600632675611681 0.564321511557789 0.009471191791633781 0.021105514773869346
22 0.6716651996842936 0.5487435899497487 0.015390671507498026 0.011055289246231156
4 0.3164833237569061 0.5203831638190954 0.012110315390686662 0.013002510150753769
13 0.21033946014206786 0.5629396261306532 0.00868193591160221 0.020351768442211055
2 0.6975137237569061 0.6157034130653267 0.013614835674822417 0.012562807638190955
2 0.6775849218626677 0.5930905085427135 0.011838999842146803 0.011809035577889447
22 0.3606945035516969 0.6580401527638191 0.01578531965272297 0.011055289246231156
4 0.2188240315706393 0.6095478351758794 0.011838999842146803 0.011557795376884422
0 0.6037886282557221 0.6374371698492463 0.02683502320441989 0.011055289246231156
14 0.35398597000789267 0.6775126190954773 0.007892639621152327 0.017085414271356784
6 0.6732440347277032 0.27744971256281403 0.014996063772691397 0.011180896482412061
7 0.4439621910023678 0.27726137889447233 0.018153127703235992 0.014824123819095477
2 0.4317283409629045 0.6125627175879397 0.012825579794790843 0.011055289246231156
0 0.4899367198105762 0.6130651979899497 0.03275454333070244 0.012060301507537688
2 0.450276318863457 0.25204139095477385 0.012628255722178374 0.010489953768844222
5 0.655485272296764 0.6380968522613065 0.025256511444356748 0.010992459899497488
13 0.373914771902131 0.3365576683417085 0.00828728776637727 0.018090452261306532
4 0.6740332501973165 0.7273868221105528 0.009865839936858722 0.012562807638190955
13 0.3285318516179953 0.541708607035176 0.009076543646408839 0.018090452261306532
6 0.15094705603788477 0.6340451055276382 0.01617996779794791 0.011055289246231156
18 0.40074971428571426 0.7253769005025125 0.0067087760063141285 0.019095490251256283
11 0.450276318863457 0.18052759798994975 0.01578531965272297 0.01658290814070352
10 0.39926988476716657 0.6092964663316583 0.01677189960536701 0.016080402010050253
5 0.41762025572217837 0.38467331859296483 0.014206767482241514 0.010552757386934673
2 0.1405878453038674 0.4530778050251256 0.012233607576953433 0.010678390351758795
4 0.3391868666140489 0.655841640201005 0.011444351696921862 0.015954769045226132
2 0.5236778026835044 0.7044597708542714 0.012628255722178374 0.011180896482412061
8 0.27190230781373326 0.40678400000000003 0.01657457553275454 0.012562807638190955
7 0.15499213891081295 0.4554649085427136 0.01657457553275454 0.01507538974874372
4 0.5789265224940805 0.6364322090452261 0.012628255722178374 0.013065313768844221
5 0.39004539857932125 0.7292714452261306 0.01578531965272297 0.011809035577889447
7 0.5242698153117601 0.1635677909547739 0.031175991160220996 0.016080402010050253
10 0.701657408050513 0.185175991959799 0.011049743962115234 0.016834174070351756
2 0.5978689060773481 0.5474875175879397 0.011838999842146803 0.011557795376884422
2 0.3446624782951855 0.13630649246231155 0.013516193843725335 0.011809035577889447
22 0.3472770323599053 0.24974871155778894 0.01637725146014207 0.011055289246231156
22 0.2521703046566693 0.3841708381909548 0.01657457553275454 0.011055289246231156
2 0.3895026866614049 0.31821597587939704 0.014206767482241514 0.011055289246231156
13 0.5292027150749802 0.38391972663316587 0.007892639621152327 0.01507538974874372
0 0.5044396148382004 0.7046483618090452 0.024269931491712707 0.011809035577889447
4 0.4054607608524073 0.7256280120603015 0.016229268508287292 0.018592958391959798
2 0.3733227592738753 0.36155767638190955 0.013417511602209945 0.011055289246231156
6 0.2174428034727703 0.20336055959798993 0.01736387182320442 0.011620598994974874
0 0.38269514759273876 0.5674622070351759 0.03176796337805841 0.011809035577889447
2 0.19228489344909233 0.407537591959799 0.012825579794790843 0.012060301507537688
10 0.5737964198895028 0.4298993849246231 0.014206767482241514 0.01658290814070352
14 0.14996063772691395 0.4048720273366834 0.00828728776637727 0.018962010050251256
2 0.24960545540647197 0.4978013909547739 0.013022903867403315 0.011306529447236181
13 0.70580109234412 0.4554021306532663 0.009865839936858722 0.02085427457286432
11 0.6586425382794001 0.13680897286432162 0.01578531965272297 0.016080402010050253
0 0.5828730039463299 0.22989957788944723 0.024467255564325177 0.011557795376884422
5 0.6311168202052092 0.5477386291457286 0.015440012628255721 0.011557795376884422
0 0.6397001546961326 0.727889559798995 0.03235989518547751 0.011557795376884422
9 0.434293594317285 0.3880417717386935 0.01617996779794791 0.004192842613065326
5 0.6937648492501973 0.2530149628140704 0.014206767482241514 0.008542707135678392
8 0.1898186456195738 0.6108355537688442 0.018153127703235992 0.012500004020100503
14 0.4638909928966062 0.4734924542713568 0.007498031886345699 0.015326629949748743
9 0.6139625976322021 0.13819085829145727 0.015587995580110498 0.012562807638190955
13 0.12391491081294397 0.47248749346733665 0.009865839936858722 0.023115590753768844
9 0.5359116527229677 0.6821607557788945 0.01578531965272297 0.011180896482412061
2 0.5741908255722178 0.25201000201005025 0.012628255722178374 0.010552757386934673
2 0.14384371270718233 0.2705402854271357 0.021112867561168112 0.011809035577889447
2 0.4527425666929755 0.4306532341708542 0.012628255722178374 0.011055289246231156
8 0.36060842936069454 0.13530153165829145 0.017931153275453828 0.014572857889447236
2 0.6460142825572218 0.5928391396984924 0.013417511602209945 0.011055289246231156
14 0.6882399368587214 0.589824 0.00848461183898974 0.017336680201005025
13 0.40015770165745856 0.49453513969849244 0.007892639621152327 0.021984919798994976
2 0.29696121231254935 0.6110552763819096 0.011838999842146803 0.011055289246231156
22 0.6128652123125493 0.7050250291457286 0.01578531965272297 0.011557795376884422
5 0.497336271507498 0.1829147015075377 0.015193387845303866 0.011557795376884422
4 0.4137727797947908 0.6113066452261307 0.012628255722178374 0.013065313768844221
46 0.28571418468823995 0.47625622512562815 0.025256511444356748 0.011557795376884422
0 0.6356550718232044 0.2788315979899497 0.0243192726124704 0.01231156743718593
22 0.12865020363062352 0.5878140783919598 0.01775847955801105 0.011055289246231156
10 0.5090767103393844 0.4284547216080402 0.01657457553275454 0.016708541105527636
16 0.5724151917916338 0.6136934914572864 0.01696922367797948 0.011055289246231156
13 0.6081295153906866 0.6807788703517589 0.00868193591160221 0.017211047236180905
0 0.48875309865824784 0.40816588542713567 0.024467255564325177 0.011557795376884422
2 0.6276639116022099 0.4346419457286432 0.012233607576953433 0.013190946733668342
2 0.20560376322020524 0.3844222070351759 0.012233607576953433 0.011557795376884422
5 0.6661406913970008 0.16231146130653265 0.014601415627466457 0.01231156743718593
14 0.16120766535122336 0.5867776257286432 0.009076543646408839 0.015766332462311558
9 0.40716244356748227 0.2734923899497488 0.017166547750591947 0.012185934472361808
8 0.6395029518547751 0.36608051457286434 0.01696922367797948 0.011809035577889447
4 0.4340963914759274 0.4304649005025125 0.012628255722178374 0.015200996984924624
6 0.2584844325177585 0.6105527959798995 0.022099447513812154 0.010050251256281407
22 0.4248226045777427 0.20577897487437186 0.015390671507498026 0.010552757386934673
0 0.5670874822415154 0.31997478592964823 0.03314915106550908 0.012060301507537688
9 0.655485272296764 0.457035127638191 0.01578531965272297 0.0114321624120603
13 0.4303471128650356 0.586180824120603 0.00887925998421468 0.018592958391959798
13 0.5868190812943962 0.6105527959798995 0.009471191791633781 0.021105514773869346
2 0.6266401944751381 0.2525124824120603 0.013590185319652722 0.009547745125628141
9 0.6000393496448303 0.3875629025125628 0.01617996779794791 0.01231156743718593
4 0.7054062825572218 0.39155542190954773 0.012430931649565904 0.011235878592964824
2 0.3135359494869771 0.6339195497487438 0.012628255722178374 0.011055289246231156
22 0.38437258405682717 0.4304021226130653 0.014206767482241514 0.010929656281407034
0 0.4182122683504341 0.634830343718593 0.03176796337805841 0.011557795376884422
0 0.6024074001578532 0.16030153969849248 0.03275454333070244 0.013065313768844221
10 0.6250986582478295 0.3180904201005025 0.014206767482241514 0.016080402010050253
2 0.431531138121547 0.49886938693467336 0.021310191633780583 0.012060301507537688
13 0.5021705698500394 0.610427240201005 0.009076543646408839 0.017587946130653266
22 0.4271902509865825 0.2748742753768844 0.01657457553275454 0.011306529447236181
2 0.37904487450670876 0.6115577567839195 0.013022903867403315 0.012562807638190955
13 0.42324376953433307 0.4271356140703518 0.00868193591160221 0.019095490251256283
4 0.127071772691397 0.5422110874371859 0.010852419889502763 0.013316579698492462
0 0.5288083093922652 0.5449748582914573 0.03314915106550908 0.012562807638190955
22 0.29262032517758485 0.2953517025125628 0.014601415627466457 0.010804023316582914
9 0.321823318074191 0.360427159798995 0.015390671507498026 0.011055289246231156
21 0.3754932028413575 0.45050262512562816 0.018942383583267563 0.01633166793969849
11 0.18015004893449094 0.22429330653266333 0.015390671507498026 0.017744968040201002
22 0.36424617521704816 0.27368098090452264 0.01578531965272297 0.012185934472361808
13 0.1535123093922652 0.3590452743718593 0.00868193591160221 0.01658290814070352
6 0.5722179889502762 0.6609297366834171 0.01578531965272297 0.011557795376884422
18 0.7040254585635359 0.30012565226130655 0.006314127861089187 0.01695980703517588
4 0.26124688871349644 0.543718528643216 0.011049743962115234 0.012814073567839196
13 0.7063931049723756 0.47889444020100497 0.009076543646408839 0.017839186331658295
1 0.519731725335438 0.5934674331658292 0.01657457553275454 0.01633166793969849
0 0.277032410418311 0.3180276422110553 0.023677999684293606 0.010929656281407034
0 0.14088405367008683 0.3623115256281407 0.03393844735595896 0.012060301507537688
14 0.34510658879242306 0.5422110874371859 0.00868193591160221 0.01658290814070352
13 0.36187852880820837 0.6780150994974874 0.00868193591160221 0.018090452261306532
13 0.549921136543015 0.588591392160804 0.01026044767166535 0.018137561407035176
19 0.1277623867403315 0.4535802854271357 0.013220187529597475 0.010427124422110553
4 0.45609703551696923 0.4972989105527638 0.011049743962115234 0.012688440603015076
6 0.5848462446724546 0.4324120442211056 0.009865839936858722 0.011055289246231156
0 0.40960444514601424 0.13570984522613064 0.031619980426203634 0.015012560402010051
19 0.27545397947908445 0.428894424120603 0.012628255722178374 0.011055289246231156
2 0.37672652880820834 0.589572888442211 0.010359129913180741 0.011055289246231156
2 0.7024466235201263 0.4363065889447236 0.009471191791633781 0.01193466854271357
2 0.5175612817679558 0.4541458010050251 0.013022903867403315 0.010929656281407034
4 0.5276242841357538 0.4761306693467337 0.011444351696921862 0.012562807638190955
18 0.4753356274664562 0.4474874854271357 0.024467255564325177 0.005527644623115578
0 0.4984212912391476 0.5908292180904523 0.024467255564325177 0.012060301507537688
4 0.35980668666140486 0.1585427296482412 0.012825579794790843 0.013065313768844221
5 0.6176005051302288 0.3655777768844221 0.025256511444356748 0.012060301507537688
2 0.6029994127861089 0.2986809889447236 0.013022903867403315 0.010552757386934673
13 0.35068080189423834 0.4499371095477387 0.00838597000789266 0.017336680201005025
14 0.7004733827940016 0.5664572462311558 0.01026044767166535 0.01658290814070352
13 0.6014205777426993 0.20343905768844223 0.00868193591160221 0.019503778090452263
10 0.24723740489344911 0.6311557788944724 0.01775847955801105 0.017587946130653266
11 0.4303471128650356 0.40502518994974873 0.015982643725335435 0.016080402010050253
21 0.38900927545382796 0.476444816080402 0.015982643725335435 0.014447224924623116
22 0.3028809344909234 0.2041477017085427 0.015390671507498026 0.010988549145728643
0 0.24842143014996054 0.31796486432160803 0.03196528745067087 0.011306529447236181
2 0.24743501183898972 0.6804647236180905 0.014206767482241514 0.012562807638190955
0 0.3973952454617206 0.5223616964824122 0.013417511602209945 0.011557795376884422
2 0.3847669897395422 0.5203203859296482 0.011838999842146803 0.012625636984924624
2 0.2732835359116022 0.5444723778894472 0.012628255722178374 0.011809035577889447
10 0.21468034727703236 0.2928393005025125 0.014996063772691397 0.01658290814070352
0 0.25236791160220995 0.5203517748743718 0.023677999684293606 0.013065313768844221
13 0.2963691996842936 0.7226131296482413 0.009865839936858722 0.018592958391959798
2 0.4940804041041831 0.20615589949748744 0.012628255722178374 0.010804023316582914
8 0.6116811870560379 0.23040205829145727 0.01578531965272297 0.011809035577889447
6 0.6104971617995264 0.32060307939698496 0.013812159747434886 0.010050251256281407
14 0.3366712776637727 0.541708607035176 0.007399349644830308 0.01658290814070352
24 0.34081492154696136 0.5912061427135678 0.013812159747434886 0.012562807638190955
5 0.7040254585635359 0.2310300944723618 0.006314127861089187 0.013065313768844221
8 0.17245469297553276 0.31765071758793967 0.01736387182320442 0.010678390351758795
13 0.35975738595106554 0.2467335718592965 0.00878057774269929 0.019095490251256283
10 0.6817286061562746 0.29880654472361806 0.014601415627466457 0.01695980703517588
6 0.5619573796369376 0.2293970974874372 0.014996063772691397 0.011055289246231156
2 0.545777452249408 0.43190956381909545 0.012628255722178374 0.011557795376884422
2 0.15735978531965272 0.3169599035175879 0.012233607576953433 0.012060301507537688
6 0.2245461468034728 0.4982410934673367 0.024467255564325177 0.011055289246231156
13 0.35921467403314916 0.47217334673366834 0.009076543646408839 0.019472363417085428
2 0.2217836906077348 0.29453507537688445 0.012628255722178374 0.01231156743718593
2 0.40696524072612467 0.5893844261306532 0.011838999842146803 0.011212311155778896
5 0.583267409629045 0.3874370894472362 0.014996063772691397 0.012060301507537688
5 0.5157852438831887 0.3157035738693467 0.01736387182320442 0.015577895879396985
10 0.36385176953433307 0.3585427939698493 0.013417511602209945 0.01658290814070352
7 0.48391880031570644 0.6838567879396985 0.017166547750591947 0.01582913608040201
10 0.6548932596685082 0.4987438311557789 0.024861863299131808 0.016080402010050253
6 0.3760852154696132 0.29635666331658295 0.013417511602209945 0.010050251256281407
18 0.32932106708760855 0.6087939859296482 0.018153127703235992 0.01658290814070352
2 0.327557718074191 0.5891959638190956 0.012850230149960538 0.011306529447236181
6 0.22533536227308604 0.6333229025125628 0.023677999684293606 0.012876877185929647
18 0.6215839621152328 0.4550252060301508 0.019904313180741907 0.014824123819095477
2 0.6941592549329124 0.703392032160804 0.013417511602209945 0.01231156743718593
5 0.19948683820047355 0.5875333788944724 0.014996063772691397 0.011585273567839196
9 0.4029201578531965 0.657035191959799 0.015982643725335435 0.012060301507537688
24 0.5584057079715864 0.4334170050251256 0.011838999842146803 0.012814073567839196
18 0.1290450134175217 0.7252513447236181 0.021704799368587213 0.013065313768844221
4 0.6138516306235201 0.2732412783919598 0.011838999842146803 0.01658290814070352
13 0.14068685082872928 0.2912060462311558 0.005919479715864246 0.01884422432160804
21 0.40666943646408843 0.4467336361809045 0.015587995580110498 0.007035188743718593
13 0.25769521704814524 0.3358040763819095 0.011049743962115234 0.018341718190954773
6 0.4085436716653512 0.40778896080402005 0.022494095659037094 0.011557795376884422
46 0.33701642304656665 0.2276068984924623 0.02762431949486977 0.011557795376884422
22 0.372533543804262 0.22763828743718595 0.015193387845303866 0.010301517185929648
4 0.3910811176006314 0.20583385407035173 0.011444351696921862 0.012515698492462311
14 0.35038459352801893 0.47336689849246233 0.007892639621152327 0.017336680201005025
10 0.4788872991318074 0.5425880120603016 0.017955803630623518 0.01658290814070352
2 0.7077743330702447 0.3688442854271357 0.012825579794790843 0.01407035175879397
4 0.4403119179163378 0.6341081407035175 0.010655095816890291 0.01312814311557789
13 0.6523284104183109 0.7248744201005025 0.01026044767166535 0.017085414271356784
6 0.4320245493291239 0.22927128442211056 0.015587995580110498 0.011306529447236181
8 0.35852405998421466 0.7033292542713567 0.015390671507498026 0.013442212663316582
6 0.425611820047356 0.567713575879397 0.01736387182320442 0.011809035577889447
6 0.39029190213101816 0.2498114894472362 0.01696922367797948 0.014698490854271358
7 0.30386735280189425 0.6798994653266331 0.01973163946329913 0.019849236582914574
6 0.6953432801894239 0.13919607638190956 0.01617996779794791 0.013065313768844221
7 0.1260853543804262 0.68253768040201 0.021112867561168112 0.016834174070351756
6 0.19948683820047355 0.24874375075376884 0.0205208953433307 0.011180896482412061
6 0.3440704656669297 0.15904521005025127 0.018449093606945542 0.011557795376884422
2 0.3164956085240726 0.5672110954773869 0.012233607576953433 0.011809035577889447
19 0.4320245493291239 0.45337625728643216 0.011049743962115234 0.01008166592964824
7 0.7000789771112865 0.5049621869346733 0.014206767482241514 0.014195984723618089
10 0.1366417679558011 0.24566583316582913 0.024072607419100236 0.016080402010050253
24 0.4455406219415943 0.6143215276381909 0.014996063772691397 0.01407035175879397
2 0.19642857774269928 0.33932169648241206 0.012825579794790843 0.012060301507537688
4 0.6803473780584057 0.20778889648241206 0.011641675769534333 0.012562807638190955
13 0.32793983898973955 0.3370604060301507 0.007892639621152327 0.017839186331658295
13 0.40173653670086823 0.2250942391959799 0.004735616101026046 0.01727387658291457
0 0.7095499668508287 0.25339188743718594 0.01657457553275454 0.007788935075376884
18 0.30603017900552487 0.45169591959798994 0.00586092501973165 0.010552757386934673
2 0.6390588009471191 0.18417077386934674 0.012332289818468824 0.012562807638190955
2 0.6356119134964483 0.5013817889447236 0.011432026519337017 0.011055289246231156
5 0.2233621215469613 0.7014446311557789 0.022888703393843725 0.013190946733668342
4 0.24861863299131806 0.5439698974874372 0.012628255722178374 0.011557795376884422
18 0.6784234380426204 0.6351758793969849 0.01864641767955801 0.015577895879396985
22 0.6560772849250197 0.20804026532663317 0.01617996779794791 0.012060301507537688
18 0.6389109392265194 0.2055511991959799 0.01775847955801105 0.015970489246231154
0 0.2947907687450671 0.4984924623115578 0.024467255564325177 0.012814073567839196
4 0.12786098816101027 0.2689070311557789 0.011049743962115234 0.016708541105527636
13 0.3471537805840568 0.4097361817085427 0.003946327892659826 0.013567845628140703
13 0.6081849342383584 0.6108039075376885 0.003989494301499605 0.01959799638190955
6 0.6759074853985793 0.32233050050251255 0.023677999684293606 0.010615586733668341
13 0.7054062825572218 0.44824133467336685 0.009668515864246252 0.004020100502512563
12 0.6080924428729282 0.18153255879396984 0.0038415073086029987 0.0228643248241206
7 0.4352800126282557 0.16180898090452261 0.024269931491712707 0.017085414271356784
4 0.5872138910812944 0.6601758874371859 0.013417511602209945 0.011809035577889447
22 0.5335436022099447 0.13819085829145727 0.01657457553275454 0.01407035175879397
6 0.5597869360694554 0.34095469346733664 0.00828728776637727 0.010050251256281407
7 0.6614049944751381 0.41348939899497483 0.02762431949486977 0.016237449648241205
10 0.4352800126282557 0.13391964623115576 0.01736387182320442 0.017839186331658295
22 0.38792425572217837 0.4993090894472362 0.01578531965272297 0.01231156743718593
5 0.29715881925808996 0.520854255276382 0.024467255564325177 0.011055289246231156
2 0.23559597158642462 0.5442210090452262 0.012233607576953433 0.011055289246231156
6 0.23362273086029992 0.6085426170854271 0.01578531965272297 0.01407035175879397
5 0.2951855785319653 0.7028265165829145 0.02604576732438832 0.011180896482412061
5 0.26519337016574585 0.2498114894472362 0.014206767482241514 0.011683428341708543
13 0.1590372217837411 0.40439689648241206 0.009076543646408839 0.019095490251256283
4 0.4005525114443567 0.20605370532663317 0.007103383741120757 0.012295847236180905
2 0.2762431949486977 0.33969836381909546 0.01657457553275454 0.010552757386934673
4 0.4005525114443567 0.4741204904522613 0.007103383741120757 0.015326629949748743
4 0.12322429676400946 0.6999999678391959 0.01696922367797948 0.016080402010050253
2 0.1363455595895817 0.6333542914572864 0.013812159747434886 0.011809035577889447
18 0.2505918737174428 0.4271356140703518 0.022099447513812154 0.01658290814070352
23 0.6116811870560379 0.5467336683417086 0.014996063772691397 0.012060301507537688
6 0.643301086661405 0.13869333869346734 0.015489353749013416 0.011809035577889447
10 0.6237174301499606 0.6128140864321607 0.025651159589581685 0.017587946130653266
5 0.4928967829518548 0.22808570854271357 0.02604576732438832 0.01091393608040201
13 0.6493687513812154 0.45194728844221105 0.005130223835832675 0.012437174673366835
2 0.4413969376479874 0.13718589748743718 0.013417511602209945 0.011557795376884422
1 0.31437450607734807 0.24811545728643214 0.01726518958168903 0.018090452261306532
22 0.18754919652722968 0.4761306693467337 0.015390671507498026 0.011306529447236181
18 0.31728482399368585 0.7006282613065327 0.01736387182320442 0.016080402010050253
2 0.45323597790055253 0.38467331859296483 0.012825579794790843 0.011055289246231156
5 0.254143545382794 0.7256280120603015 0.025256511444356748 0.013316579698492462
14 0.21507515706393054 0.246608016080402 0.011049743962115234 0.018216085226130652
11 0.18330691081294395 0.38833621290452264 0.012628255722178374 0.004766025326633166
10 0.5424229834254144 0.6346733989949749 0.021704799368587213 0.015577895879396985
10 0.24861863299131806 0.40401997185929645 0.018153127703235992 0.016080402010050253
8 0.6955404830307814 0.323649608040201 0.01657457553275454 0.011997497889447237
13 0.4858920410418311 0.38216091658291457 0.006906059668508287 0.01633166793969849
6 0.4181136669297553 0.2505025608040201 0.014996063772691397 0.011557795376884422
6 0.6940606535122337 0.20841718994974873 0.01578531965272297 0.011809035577889447
14 0.6979085335438042 0.47945969849246234 0.007793997790055249 0.01658290814070352
10 0.2537491397000789 0.60780471959799 0.01578531965272297 0.015043975075376885
0 0.31824683441199686 0.6551508261306533 0.030337394159431732 0.016080402010050253
13 0.46517361957379644 0.13118726432160804 0.0067087760063141285 0.019032660904522613
6 0.6741811523283346 0.23153257487437184 0.01667325777426993 0.012060301507537688
13 0.6948498689818469 0.3880653829145728 0.00927386771902131 0.017839186331658295
22 0.3042621625887924 0.4065483770854272 0.01657457553275454 0.010709805025125628
6 0.4001084009471192 0.3880908439798995 0.01608128555643252 0.004322386331658291
5 0.7042226614048934 0.3688442854271357 0.005919479715864246 0.013567845628140703
13 0.31570021026045775 0.20125639396984923 0.008595619258089975 0.016080402010050253
2 0.3247829771112865 0.2956658492462312 0.012628255722178374 0.011683428341708543
4 0.21902123441199686 0.38316587738693464 0.014206767482241514 0.011557795376884422
5 0.29656680662983426 0.38775616321608036 0.01657457553275454 0.003641246231155779
18 0.5670874822415154 0.38869738130653264 0.01657457553275454 0.005535491859296482
4 0.40134172691397 0.45043958994974875 0.005524871981057617 0.019472363417085428
21 0.610087190023678 0.5716081206030151 0.00786184688239937 0.016080402010050253
46 0.24723740489344911 0.22700227537688442 0.02880822352012628 0.01220162894472362
9 0.20565306393054458 0.38802999316582915 0.012529613891081294 0.0041849953768844225
14 0.5122335722178374 0.2937814834170855 0.00828728776637727 0.01620603497487437
0 0.16061565272296766 0.4979272040201005 0.023677999684293606 0.011180896482412061
4 0.1521310812943962 0.4290830150753769 0.01657457553275454 0.02085427457286432
22 0.16101046250986584 0.520854255276382 0.021310191633780583 0.011557795376884422
6 0.15883961483820047 0.22594997386934673 0.024861863299131808 0.011918974070351758
4 0.4197906992896606 0.7046483618090452 0.012628255722178374 0.010804023316582914
13 0.5820837884767167 0.3590452743718593 0.009471191791633781 0.022613058894472363
2 0.5465666677190214 0.38889369085427133 0.022099447513812154 0.005928085226130654
10 0.2768352075769534 0.60880968040201 0.014996063772691397 0.018184670552763817
2 0.4453434191002367 0.31821597587939704 0.013022903867403315 0.010050251256281407
0 0.2446725556432518 0.33819092261306527 0.03235989518547751 0.01407035175879397
6 0.33839777237569063 0.18203529648241207 0.015094705603788476 0.012562807638190955
4 0.41988930071033936 0.5891881165829146 0.012036323914759275 0.011761926432160804
5 0.196132773480663 0.36180904522613067 0.02604576732438832 0.012060301507537688
13 0.4303471128650356 0.6306219095477387 0.009471191791633781 0.02041457206030151
6 0.18823981057616418 0.5216081045226131 0.014206767482241514 0.010552757386934673
19 0.466259043409629 0.38517579899497484 0.011049743962115234 0.010552757386934673
5 0.32517778689818466 0.31790208643216084 0.025256511444356748 0.010678390351758795
13 0.5459746550907656 0.24956037788944724 0.007892639621152327 0.017839186331658295
4 0.5161800536700868 0.2489948623115578 0.01736387182320442 0.016080402010050253
2 0.3457972028413575 0.38216091658291457 0.012036323914759275 0.01507538974874372
22 0.4348856069455407 0.5447237467336684 0.021704799368587213 0.011055289246231156
18 0.19445533701657458 0.31714823718592966 0.024269931491712707 0.013190946733668342
2 0.6992897616416732 0.5922111035175879 0.012529613891081294 0.011809035577889447
13 0.46093133385951063 0.2280466010050251 0.005919479715864246 0.013253776080402012
13 0.6675215153906866 0.3197236743718593 0.00868193591160221 0.01633166793969849
11 0.3067500744435675 0.20131909467336684 0.007269874664561957 0.016488689849246233
5 0.14404091554853987 0.3879671792562814 0.011838999842146803 0.004027947738693467
16 0.6724544151539068 0.570351790954774 0.018153127703235992 0.010050251256281407
21 0.6108733827940016 0.24974871155778894 0.009434175848460931 0.01507538974874372
6 0.6404893701657458 0.6834798633165828 0.014996063772691397 0.011809035577889447
13 0.6281077392265193 0.47229890251256285 0.007547373007103394 0.017462313165829146
10 0.45570262983425414 0.7025126271356783 0.013022903867403315 0.01658290814070352
18 0.3518648271507498 0.31564079597989947 0.02545383551696922 0.015452262914572863
13 0.6371596325177584 0.22976604623115576 0.007843338910812944 0.01433731216080402
0 0.6178102756116811 0.4959798030150754 0.023283351539068665 0.02085427457286432
10 0.6479875232833464 0.386432128643216 0.020816901657458566 0.017085414271356784
13 0.37707163378058406 0.40910804261306527 0.006511451933701657 0.01695980703517588
13 0.6749210670876086 0.4813443216080402 0.005327547908445146 0.011306529447236181
22 0.34569860142067876 0.3878258492462312 0.011838999842146803 0.003776707537688442
5 0.568666317284925 0.704396992964824 0.025256511444356748 0.013316579698492462
12 0.5189425098658248 0.5673366512562814 0.018942383583267563 0.01407035175879397
4 0.32771802620363066 0.6790200603015075 0.011493692817679558 0.015452262914572863
8 0.469021499605367 0.24930900904522613 0.022888703393843725 0.01633166793969849
23 0.14404091554853987 0.5203517748743718 0.012628255722178374 0.011055289246231156
10 0.4106155138121547 0.5652009165829146 0.021704799368587213 0.016834174070351756
4 0.6109196123125493 0.20454616120603014 0.00944035864246251 0.01703830512562814
6 0.5201261310181532 0.20653256683417084 0.013417511602209945 0.012060301507537688
18 0.33496943330702444 0.4459797869346734 0.02047159463299132 0.008542707135678392
6 0.4174230528808208 0.38789454986934674 0.014009483820047354 0.003914098492462312
6 0.4005525114443567 0.40741203618090455 0.007103383741120757 0.011055289246231156
13 0.609726470465667 0.40628151959798997 0.00706640820836622 0.022613058894472363
2 0.4531373764798737 0.388108511839196 0.013614835674822417 0.004349864522613065
12 0.5923439936858721 0.13542708743718593 0.023677999684293606 0.017839186331658295
12 0.4146605966850829 0.4743718592964824 0.014404091554853986 0.015577895879396985
13 0.5958956653512234 0.6280778613065326 0.00868193591160221 0.00917084623115578
18 0.6420678011049724 0.6599875537688442 0.024467255564325177 0.013316579698492462
5 0.4631017774269929 0.6587940020100503 0.02604576732438832 0.011306529447236181
4 0.5066593591160221 0.20523123778894473 0.011148385793212312 0.01466316542713568
6 0.5939228287292818 0.2755025688442211 0.024072607419100236 0.011306529447236181
6 0.6766971049723757 0.3909704812060302 0.020816901657458566 0.01008166592964824
10 0.1550907403314917 0.4743718592964824 0.01775847955801105 0.019346730452261308
19 0.43942369692186267 0.4757537447236181 0.013417511602209945 0.012060301507537688
4 0.6600112391475927 0.5227386211055276 0.018375102131018155 0.01582913608040201
14 0.5655090513022889 0.20720791798994975 0.0015785319652722968 0.009956032964824122
0 0.1795580363062352 0.7017587778894473 0.024861863299131808 0.01633166793969849
24 0.1439423141278611 0.33994973266331663 0.013812159747434886 0.012562807638190955
0 0.5674822920284136 0.13756282211055276 0.02683502320441989 0.013316579698492462
4 0.4325175564325177 0.25201000201005025 0.012233607576953433 0.010050251256281407
14 0.5414365651144436 0.40653263115577887 0.009471191791633781 0.015577895879396985
13 0.37243494238358327 0.1780151959798995 0.0180544454617206 0.020351768442211055
4 0.5962904751381215 0.4327889688442211 0.011838999842146803 0.010804023316582914
2 0.6081063157695343 0.2979899175879397 0.0038075908445146015 0.010552757386934673
6 0.5408445524861878 0.5918341788944723 0.021310191633780583 0.011809035577889447
13 0.6160220741910024 0.1517588582914573 0.006314127861089187 0.008040201005025126
18 0.4762234443567482 0.45249685226130654 0.02683502320441989 0.015358044623115578
23 0.5028611838989739 0.4768845185929648 0.012430931649565904 0.010301517185929648
21 0.6127910591949487 0.44999988743718594 0.01267759684293607 0.012939706532663317
2 0.23520116179952644 0.7261307497487437 0.01026044767166535 0.012060301507537688
13 0.4899367198105762 0.5821764952763819 0.00868193591160221 0.006328525829145728
12 0.3699682904498816 0.2939698170854271 0.024467255564325177 0.015326629949748743
13 0.3342294781373323 0.13269470552763818 0.00956983362273086 0.019032660904522613
6 0.19021305130228885 0.2489948623115578 0.01026044767166535 0.0114321624120603
