6 0.663695456985004 0.48940296629213487 0.015846783898973954 0.01086653568753344
0 0.32193767955801106 0.655279186730872 0.025152737490134174 0.0119749924023542
6 0.3495533512233623 0.15290254039593368 0.017347182320441988 0.011219045906902087
0 0.6843581120757696 0.4897278630283574 0.023810788318863456 0.012175628464419476
11 0.27110945540647197 0.6761690058855003 0.015303506235201263 0.017363949919743178
2 0.5676714127861089 0.4227550304975923 0.011827442462509866 0.010850537399678973
8 0.14308763378058406 0.6589582450508293 0.018657288082083664 0.01368163167469235
2 0.2873015059194949 0.6561237538790797 0.012121589897395422 0.011465266131621188
4 0.6899391949486977 0.4665295238095238 0.013248030307813732 0.014175797966827181
18 0.6566288871349645 0.533390861423221 0.01535502951854775 0.012990582343499198
0 0.14358993528018943 0.45431987158908504 0.024284964167324386 0.011763809523809524
8 0.5591391570639306 0.44516934403424296 0.015064276558800315 0.010846373461744248
14 0.25979009313338597 0.4486922546816479 0.007722713812154697 0.017224868913857678
6 0.2719811081294396 0.26883972177635096 0.015258408208366221 0.010138558801498127
0 0.684897591160221 0.6258428027822366 0.025068926282557222 0.011734524986623864
5 0.6421724640883978 0.2863660652755484 0.015162352644041043 0.012130016907437133
4 0.6558744246250986 0.2860611663991439 0.012243750591949487 0.011608620652755483
18 0.21776123756906077 0.3147589170679508 0.014617094869771112 0.012940094596040662
4 0.34511022573007105 0.46974507009095773 0.012103930544593529 0.013866981701444623
7 0.2693289723756906 0.4323772883895131 0.016003737963693764 0.016558227929373996
4 0.5736505382794 0.4435423948635634 0.011997691554853985 0.01245096886035313
6 0.5505713401736385 0.6514387758159443 0.015809363851617995 0.01113045264847512
0 0.5845217490134176 0.6503561519529161 0.023273370165745856 0.01131782985553772
14 0.5565541026045777 0.4201859903691814 0.008011850355169691 0.016433446762974854
0 0.3251794033149171 0.4944673558052434 0.022722616574585634 0.011741318780096308
5 0.3956183993685872 0.22147821508828253 0.015945021625887925 0.012511839058319957
2 0.490856865035517 0.42485069662921343 0.011701927703235991 0.011395355805243446
0 0.2921616669297553 0.4500822429106474 0.024203254301499603 0.010735262065275548
8 0.3388967198105762 0.5865361326912788 0.015960862509865826 0.011248796147672553
13 0.5740154443567482 0.26134326377742106 0.011238743488555643 0.018374855430711608
9 0.3778798421468035 0.2675113707865168 0.014349254617205999 0.012097855965757088
0 0.39560748855564326 0.1521048175494917 0.016993591160220995 0.012196996040663457
8 0.3505668445146014 0.10670638844301765 0.015915562430939226 0.013809398822899947
9 0.48039945698500397 0.24263869020866774 0.014292760852407261 0.011410011771000535
8 0.33132780805051304 0.47214125200642054 0.015147319968429362 0.0107821063670412
5 0.16491128018942383 0.4531216436597111 0.014525484451460144 0.0108544
2 0.2859695785319653 0.26856194328517924 0.011370925966850829 0.010456716532905298
5 0.6127447892659826 0.5581484858212948 0.025582623520126285 0.011518465917602996
9 0.42865229992107345 0.4261913750668807 0.014465434569850041 0.011560160085607278
9 0.5471849471191792 0.6279897784911718 0.014720909234411998 0.011848978491171749
8 0.4742720252565114 0.2661512423756019 0.013885221783741122 0.010121574317817015
13 0.6915430844514601 0.4192422557517389 0.010257336069455407 0.021102563509898344
9 0.2662707119179163 0.2924566463349385 0.014341980741910025 0.011821885500267523
19 0.28423354696132597 0.6336357495987159 0.010371940015785319 0.012310216800428037
5 0.609961723756906 0.6490861508828251 0.014890269297553277 0.011066870411985019
0 0.37541359431728494 0.12933574745853396 0.023115890765588003 0.01259955569823435
8 0.45022661404893455 0.24332464419475655 0.016181988318863458 0.011339279614767255
9 0.4782601294396212 0.2204172327447833 0.014216627624309391 0.01148570230069556
8 0.3154168928176796 0.24617392830390583 0.012934687924230467 0.010297555484216158
5 0.3959424909234412 0.4937715398608882 0.015372203946329915 0.011856265382557516
12 0.6369523270718231 0.6493768047084002 0.013740875769534333 0.021382122632423756
8 0.4579389423835833 0.26610850722311397 0.016180291081294398 0.011936311610486892
4 0.15983290292028413 0.6786794221508828 0.012270987213891082 0.012062161155698234
9 0.6880132344119968 0.39905071803103265 0.015163888239936859 0.01228879443552702
13 0.47441022888713497 0.4007571107544141 0.009470383583267562 0.018264785018726592
0 0.3102689692186267 0.6095890080256822 0.014381623362273086 0.01210656736222579
12 0.29736652880820835 0.6330038446227929 0.013568404104183111 0.02093880021401819
21 0.6123215709550118 0.2895484644194756 0.012330592580899764 0.01633282739432852
35 0.6388333512233623 0.5801527062600321 0.022773008366219417 0.022643220545746388
13 0.4647549676400947 0.21813336757624396 0.011164711602209946 0.0186190758694489
6 0.6525159147592738 0.26313841412520067 0.015541483188634572 0.010404393365436063
1 0.2545589644830308 0.26845455751738895 0.015562577426992895 0.010977564901016586
7 0.1694101720599842 0.4109425960406634 0.015231939384372534 0.015943800535045478
