1 0.6489327229676402 0.4822640042803638 0.015370506708760853 0.017740813697164258
29 0.13335559273875294 0.4160073142857143 0.033117671349644835 0.010184773033707866
18 0.6668498942383584 0.43325177014446226 0.014987537174427782 0.013239322846441947
8 0.3976272012628256 0.24957109898341356 0.01614727576953433 0.011048762760834671
8 0.2421056858721389 0.4339305468164794 0.0166374137332281 0.011997373568753343
11 0.3568789518547751 0.4522811856607812 0.014461110655090766 0.016014203959336542
12 0.3330081136543015 0.6407637264847512 0.013920782951854775 0.022580679293739966
13 0.46286456827150746 0.6396794863563403 0.008610975217048145 0.018442218084537186
6 0.34752515232833464 0.6180804280363832 0.017594615311760063 0.011201349170679508
8 0.33220919968429363 0.2723697549491707 0.01695091775848461 0.011951460674157303
0 0.24126555327545382 0.6652016864633494 0.025042295816890294 0.011985457035848048
13 0.679217906866614 0.47828032102728735 0.010282430939226518 0.01912904868913858
2 0.21310232044198893 0.6408974382022472 0.012440953433307025 0.012424916853932585
13 0.4335928776637727 0.2460728432316747 0.011539881925808997 0.01849213055109684
5 0.6533055343330703 0.573180027822365 0.015623758800315708 0.011349826431246655
1 0.6747468981846882 0.2532145446762975 0.016250201104972377 0.016279298876404495
9 0.5123750086819258 0.6644757367576244 0.014050338752959746 0.011881769502407704
5 0.34926158800315704 0.27175310861423224 0.015016673086029993 0.011768411771000535
0 0.670024132596685 0.5034055773140717 0.025497842462509867 0.013010278865703585
14 0.4812157474348856 0.19971479079721777 0.007292666140489345 0.017762181273408242
5 0.4891705382794002 0.4342102429106474 0.015958761168113653 0.011174201391118245
8 0.3144544378847672 0.6186099604066345 0.01360509676400947 0.010573279400749064
4 0.4696361420678769 0.4331393986088818 0.01102800315706393 0.012885826431246656
5 0.5759458500394633 0.45548632209737827 0.015450236464088397 0.01218442204387373
13 0.12395168429360695 0.24676263242375604 0.011701644830307814 0.018175315141787052
5 0.33681881610102604 0.3183467522739433 0.015240183109707971 0.012690285714285713
22 0.6630060552486188 0.6896935858747993 0.01309346045777427 0.01138935644729802
8 0.511963226519337 0.2496965650080257 0.014951127387529599 0.010209099197431782
8 0.1470567450670876 0.4331057035848047 0.01667164135753749 0.01242086249331193
0 0.39150825572217834 0.2951569052969502 0.02220908097868982 0.011825939860888176
9 0.418653954222573 0.47580579133226325 0.014098871665351224 0.007190107223113965
8 0.6374347466456196 0.573062506153023 0.013864854932912393 0.010875164901016587
9 0.32799051365430154 0.4341529887640449 0.01460359779005525 0.012215980310326377
8 0.3661418279400158 0.24908183627608346 0.016145093606945538 0.011070952166934189
8 0.5550722525651145 0.4557134210807919 0.015279744909234413 0.011806489887640449
14 0.30996496164167325 0.638745339753879 0.007894862194159432 0.017750620866773675
13 0.4590502288871349 0.1521075569823435 0.009462261089187057 0.020351164472980205
8 0.31984886503551696 0.31828840235420014 0.015883799842146804 0.012614814339218834
14 0.4201519684293607 0.26730454360620653 0.00864859731649566 0.01327770230069556
15 0.3728143962115233 0.22334102942750134 0.02958325493291239 0.018039165329052972
11 0.6288115674822415 0.5459333547351525 0.015410553433307024 0.01769687319422151
9 0.2959958074191002 0.47549294810058856 0.014496752644041041 0.007815382771535581
6 0.6666227876874506 0.48063267201712145 0.015771862983425415 0.011681462172284645
13 0.4438567198105761 0.6154552295345105 0.009930779479084452 0.018966216800428037
6 0.31190575280189425 0.43395711931514175 0.015471653985793213 0.011167352808988765
18 0.371708363062352 0.2941285222043874 0.015751900236779796 0.013818055430711611
5 0.4142310339384373 0.6188882867843767 0.015632487450670876 0.012414863135366506
18 0.22207989897395422 0.6166534574638844 0.015437224309392266 0.013771402889245587
6 0.5924830055248619 0.45588162225789197 0.015325044988161009 0.012715954200107009
6 0.2629328113654302 0.6650332113429641 0.017303539068666142 0.010966798929909042
7 0.12623972217837412 0.6216699069020867 0.016235532123125493 0.016890110219368648
13 0.6479099352801894 0.43143451257356874 0.009691428571428571 0.01812827907972178
1 0.618775397632202 0.436242354200107 0.014955491712707183 0.016274093953986088
13 0.6792211397000789 0.4319252819689674 0.009830400000000001 0.01797936350989834
9 0.19317149802683506 0.5482974852862493 0.014622631097079715 0.011979841198501873
2 0.5819472012628255 0.24943960620652755 0.011754057142857143 0.01205180609951846
11 0.6409044255722178 0.6395104633493847 0.014289164325177585 0.017646905939004816
5 0.6243100893449092 0.6426509491706796 0.015206521231254934 0.011422421401819155
4 0.33005734490923444 0.17781275120385234 0.013334710655090764 0.014119393044408774
16 0.3501405146014207 0.43319802247191014 0.015354463772691396 0.012846241626538255
5 0.23979259352801893 0.4754871952915998 0.014782939226519338 0.00782686099518459
2 0.31791227655880033 0.20218630711610489 0.011500926282557222 0.012439079721776353
5 0.6446645745856353 0.54961296094168 0.014661020994475138 0.011264575280898876
0 0.6139170955011839 0.13236857356875334 0.015521682083662195 0.012242169288389513
0 0.1785085777426993 0.4140515235955056 0.02429417774269929 0.006273219047619048
9 0.6240399052880822 0.20745640612092028 0.015905621468034727 0.003967767148207598
14 0.19989538752959748 0.6806800299625467 0.007792704656669297 0.008356256393793473
13 0.13903204419889503 0.4766251556982343 0.01108340584056827 0.018879130230069555
8 0.6166787434885556 0.595683920813269 0.016006607103393845 0.011328568432316747
8 0.5317315990528808 0.6185502407704655 0.016064353591160218 0.011985950133761369
5 0.2120629644830308 0.6835410936329588 0.013225198421468035 0.002634178362760835
6 0.282277682715075 0.6202491000535045 0.013767627466456198 0.007753416800428036
0 0.6089589028571429 0.47968674585339754 0.005605248303078137 0.013113363723916532
0 0.38823582004735596 0.3643547051899411 0.025018857774269928 0.012773263135366506
