23 0.37814170165745853 0.45060348140703516 0.011897473717442777 0.010484962412060301
21 0.36332643409629045 0.45306108140703516 0.016512424309392263 0.014410793165829145
18 0.6084156211523283 0.20095693829145728 0.01627832675611681 0.014091269145728643
8 0.6868445651144436 0.2716028783919598 0.01565212691397001 0.01058002974874372
0 0.5045507434885557 0.4292114010050251 0.02302432075769534 0.010057429547738693
0 0.3680047482241516 0.4954459336683417 0.024388818942383584 0.010166673366834172
0 0.5524350686661406 0.4054414793969849 0.02362017237569061 0.01073617688442211
8 0.6684497426992896 0.5651566633165829 0.01552200536700868 0.010591787738693466
6 0.41089838674033147 0.42829263115577887 0.014894512391475927 0.01026120040201005
6 0.6810218279400158 0.3164635979899498 0.014995013101815313 0.009895802211055276
0 0.5055028129439622 0.4070129849246232 0.022714898184688238 0.010930762613065328
9 0.32761534333070247 0.44987433165829144 0.01556730544593528 0.010681323417085426
0 0.6913515390686662 0.6336136361809045 0.024759907813733228 0.009902568844221107
9 0.6298937584846093 0.24855798994974876 0.015416008839779005 0.011429435175879396
18 0.7530869392265194 0.22432315175879397 0.016044673717442778 0.014465517989949748
6 0.3386142509865825 0.47314048643216083 0.015801645461720602 0.009803050452261307
0 0.39402784530386736 0.4729107296482412 0.019949572849250197 0.009541750351758794
0 0.6554545603788476 0.40557110030150756 0.023613504656669296 0.010514138693467337
13 0.6861018216258878 0.677944088442211 0.008673005209155486 0.016141430351758797
0 0.7344076274664562 0.40669986733668345 0.022821137174427783 0.010485322613065326
5 0.3757146519337016 0.47226391155778896 0.014258492817679559 0.011529673969849247
5 0.6661552391475928 0.43046618693467337 0.014127239779005525 0.010448813668341708
22 0.3326006958168903 0.6071517266331659 0.015103110970797159 0.011143075376884422
9 0.6694111065509076 0.45273638592964827 0.015691688713496448 0.011063187939698493
0 0.6634295564325178 0.2947828422110553 0.02306359968429361 0.010521111155778895
13 0.6836654775059195 0.6543403738693467 0.008002434727703235 0.016120693065326635
0 0.551096271507498 0.5879602170854272 0.022473769218626677 0.01016780542713568
0 0.7811269202841358 0.24962135477386935 0.024601701026045777 0.011030666934673366
8 0.6512833970007893 0.2486037869346734 0.014733315232833463 0.01056353768844221
0 0.6391319842146803 0.5426538773869347 0.023255104656669297 0.010500322412060302
0 0.649900956590371 0.18091404221105525 0.024039915390686662 0.010133097487437187
0 0.5209080726124704 0.6102502271356784 0.022578149329123914 0.010606581708542713
5 0.5309379384372535 0.4065313447236181 0.014816560694554065 0.011162629145728643
13 0.6275543993685871 0.2924433366834171 0.009420880820836622 0.015600588542713567
11 0.6751691870560379 0.22364520201005025 0.015110021152328333 0.01598983718592965
13 0.5674782509865826 0.6096098412060301 0.007624233622730859 0.016362696683417086
5 0.7544645303867403 0.40670732864321607 0.014089738910812943 0.010719556180904522
18 0.339434824940805 0.6274791557788945 0.016063707024467244 0.014011947738693468
0 0.28466068508287296 0.5836105326633165 0.024435533385951065 0.010754444221105528
0 0.6832480378847672 0.5427127959798995 0.023706610260457773 0.009987447638190955
14 0.3528855943172849 0.40250121005025125 0.007765508445146015 0.01626721768844221
6 0.6721699258089977 0.5201222753768844 0.016898626677190214 0.01012651095477387
5 0.38928164167324386 0.4956594814070352 0.015716258247829518 0.010135027135678393
9 0.6401887166535122 0.22543643015075376 0.014642068508287292 0.011565719798994975
9 0.30723636937647986 0.5385457849246231 0.015236626992896607 0.01093330974874372
2 0.36889903078137337 0.4050848804020101 0.012309538752959747 0.010640852261306533
1 0.3935449408050513 0.43062313165829147 0.01542817237569061 0.014435930050251258
29 0.31346317032359905 0.6064302954773869 0.02077006598263615 0.018686456281407034
5 0.8231339542225731 0.4326237909547739 0.015124488082083663 0.010646949949748744
13 0.7385137300710339 0.22456474371859297 0.0098211864246251 0.016135384120603013
2 0.39147390686661404 0.6321640844221105 0.012613829202841358 0.011093341909547739
11 0.8048397537490135 0.6548716703517588 0.01674361231254933 0.015430393567839196
9 0.5193643946329913 0.6557822070351759 0.01510193906866614 0.01084238472361809
2 0.34781247040252566 0.45049310552763816 0.012395208839779006 0.011345328241206029
7 0.5184256606156274 0.38603256281407033 0.01766994033149171 0.015153759195979898
4 0.3099959160220994 0.4037377286432161 0.013055717127071821 0.012312236381909548
18 0.5375919179163378 0.4950136924623116 0.016485753433307025 0.01333057608040201
5 0.6852883599052881 0.38350626733668347 0.014118349486977112 0.010336019296482412
13 0.6650823425414364 0.20124900984924624 0.012296445777426992 0.01656839718592965
22 0.4947556621941594 0.5420276422110553 0.014826097553275455 0.010200017688442212
8 0.35181997158642464 0.17711752361809044 0.015976097237569063 0.011203177487437186
13 0.5011566724546173 0.6060713809045226 0.01063998232044199 0.019705284824120605
9 0.5109606440410419 0.5419959959798996 0.015130590055248617 0.011441939296482411
2 0.3672579636937648 0.17765139296482413 0.012196066298342542 0.011346588944723618
13 0.7036156969218627 0.6115176201005025 0.007826608997632203 0.019823919597989948
9 0.8016828918705604 0.24973558994974873 0.015785925808997632 0.011026138693467337
7 0.6070618721389108 0.3640101306532663 0.01668287545382794 0.01451630633165829
13 0.43936752644041044 0.3135462271356784 0.009526352012628256 0.015512648040201006
5 0.8563759684293607 0.2507585608040201 0.015455893922651932 0.010893173065326634
7 0.4933740299921074 0.6360653185929649 0.017562125335438043 0.014098293065326633
16 0.672418045777427 0.6800777648241206 0.017407151381215468 0.010676615075376884
9 0.8028071097079716 0.4321313447236181 0.015234808524072614 0.011204618291457287
29 0.6133528044198895 0.4275477869346734 0.014329170639305446 0.015775671959798995
18 0.6711184467245462 0.654584024120603 0.01638521231254933 0.013491148542713568
5 0.47206480820836616 0.6338727236180904 0.01621662004735596 0.00995873447236181
14 0.8030899826361484 0.6320120281407035 0.008443797316495659 0.016031131658291457
6 0.45489401736385165 0.6336506854271357 0.015887073086029994 0.010262126633165829
0 0.701097723756906 0.3626537165829146 0.012169557063930544 0.010607610854271357
5 0.5106991886345699 0.633987216080402 0.01454031507498027 0.010366765025125629
0 0.8338516053670088 0.6580324341708542 0.02374928366219416 0.010629840402010052
6 0.8544382888713496 0.38821177889447234 0.016941582951854772 0.010233413467336683
11 0.839079905288082 0.7016177849246231 0.01613668823993686 0.01489243336683417
19 0.6364681294396212 0.7261804060301508 0.012145068350434095 0.010601718994974873
13 0.6277115958958169 0.2240097768844221 0.009577956116811365 0.016776104522613064
9 0.7003489187056038 0.38292840201005024 0.0136667226519337 0.010984484020100502
9 0.8061175311760063 0.38825674741708543 0.01543621404893449 0.00464764783919598
13 0.7562155138121547 0.6788821547738694 0.008753381531176005 0.015400985728643216
2 0.5713220899763221 0.6338886753768844 0.01207948224151539 0.010277512361809044
6 0.8550686913970008 0.4799382512562814 0.01655041010260458 0.010349115175879397
27 0.6288164167324388 0.3177170974874372 0.007725017205998421 0.014225083819095478
23 0.5248852659826362 0.6329439195979899 0.012779511917916339 0.010423496683417086
0 0.6511051870560379 0.5197643899497487 0.02365775406471981 0.010468676180904522
23 0.7238956653512233 0.20388791959798996 0.01206032770323599 0.010442973266331658
