7 0.6197176069455406 0.3623298751279427 0.025123601578531964 0.014011296622313204
18 0.5929356022099448 0.6230287983623336 0.01666582225730071 0.015113013715455476
11 0.4876761610102605 0.6240061576253838 0.0142947409629045 0.014992271852610031
22 0.4982774301499605 0.545330309109519 0.013172866929755328 0.009223153326509725
22 0.3194710276243094 0.30547376867963155 0.01433309044988161 0.009911995087001023
18 0.3325300584056827 0.6064321899692937 0.016910264877663773 0.015122839713408392
18 0.21318556590370955 0.22229106243602867 0.017267129281767955 0.014775759263050152
18 0.6539658405682715 0.6007608335721597 0.01731756148382005 0.015456687819856704
18 0.5647638831886346 0.6026528229273285 0.017080635201262826 0.015122603889457523
8 0.5255096069455407 0.6474499406345957 0.01399214775059195 0.009518431115660185
22 0.5623206692975533 0.4018639263050154 0.01377364861878453 0.010043715864892529
4 0.6587904404104183 0.6861593940634596 0.00946286724546172 0.011452763971340839
38 0.5082034411996842 0.605116921187308 0.025484547434885558 0.020037279836233365
6 0.4547105540647198 0.627092045035824 0.014329695974743489 0.009420144933469805
8 0.6209925556432517 0.46304897441146364 0.014199049092344119 0.009247338382804504
9 0.6432805177584845 0.44159947594677584 0.014114631728492501 0.009676197338792221
0 0.31068943962115236 0.6306013674513817 0.02110575532754538 0.009645697441146368
2 0.6666716842936069 0.46144484749232345 0.012358152486187846 0.009319972159672466
9 0.5187133827940016 0.6265119181166837 0.01317666550907656 0.009849396929375639
7 0.6068868950276243 0.6482661535312181 0.016140365588003157 0.013600936745138178
9 0.341607046566693 0.6502992180143297 0.014010130386740332 0.010161654042988742
6 0.35607599684293606 0.36504971136131015 0.014063957063930545 0.009115670010235416
7 0.2643039368587214 0.22624818833162744 0.015897983898973955 0.014278563766632548
8 0.6360689553275454 0.6041628822927327 0.013803067403314917 0.009303831320368475
11 0.6413565777426993 0.35666197748208806 0.014810377900552486 0.015438686591606961
7 0.36536716022099447 0.4285940470829068 0.015607473401736386 0.013844988331627431
18 0.31467172470402527 0.5878113735926305 0.01591523914759274 0.012361655680655066
23 0.33757489502762433 0.4676250071647902 0.011307845303867404 0.009050425383828045
0 0.581175362273086 0.23942472057318323 0.021430048934490926 0.00936653428863869
2 0.5872078295185478 0.6462912589559877 0.012352737490134175 0.009504176867963152
14 0.3684941183898974 0.6881945547594678 0.004915078768745067 0.014659209825997953
13 0.6676374932912391 0.6009721842374616 0.009964683820047355 0.01638090808597748
18 0.39469138437253354 0.40234212487205734 0.016278528808208365 0.014811054247697032
14 0.33885024782951856 0.66843617604913 0.005645012154696132 0.015104786079836233
9 0.37019620520915547 0.3244793449334698 0.013421754696132597 0.0102238329580348
22 0.47115314917127077 0.6265952425793244 0.014146919652722969 0.009695403889457523
22 0.6577349202841357 0.29880414329580346 0.013847033938437253 0.010285461617195495
22 0.3548374175217048 0.3248401555783009 0.013290259194948698 0.009921087410440121
2 0.41291163378058404 0.40434348413510746 0.011382887450670877 0.009216157215967247
7 0.6482449376479874 0.6472539447287615 0.015099716495659037 0.01390645977482088
2 0.6087417332280979 0.6667235701125895 0.012338917127071823 0.009388361105424771
0 0.5965511223362272 0.381318681678608 0.021440394001578534 0.009759443193449334
0 0.6864982478295185 0.3191098955987718 0.022822511128650354 0.010430964994882292
13 0.3790412375690608 0.6260352917093143 0.007888356116811365 0.01655439590583419
4 0.3883198737174428 0.6076319312180144 0.00802967134964483 0.010009678607983623
23 0.695767589581689 0.358824483111566 0.012041334806629835 0.009160843398157625
8 0.675699775848461 0.23796025383828046 0.014447734806629834 0.00958194636642784
2 0.3503866140489345 0.46659733879222104 0.011535315548539857 0.009540074513817809
6 0.535426727703236 0.42298641555783006 0.014598829360694555 0.009596619856704196
5 0.6922850197316495 0.2984627226202661 0.01482629960536701 0.00988089252814739
8 0.6529163820047356 0.5023044912998976 0.022456594790844515 0.010351492323439099
18 0.3245752675611681 0.6894100962128966 0.01712496543014996 0.015323132855680655
23 0.46289083504340967 0.4040846018423746 0.012344291712707182 0.008883173797338793
13 0.3366481224940805 0.21881763766632548 0.008230753591160222 0.019186243602865916
6 0.6961244135753749 0.5420882538382804 0.01574102983425414 0.009989214329580349
23 0.3696405619573796 0.6294377072671443 0.011636826519337016 0.00968990133060389
13 0.6095252912391476 0.27443252405322416 0.00898703456985004 0.02124716151484135
0 0.17021029834254145 0.20642011054247697 0.022879934333070246 0.009773487819856704
0 0.6910052217837411 0.4811565854657114 0.022523676085240724 0.009725956192425793
19 0.3343279179163378 0.3048852569089048 0.010588135753749013 0.0091530088024565
22 0.3497343898973954 0.22236888433981578 0.013891121704814522 0.010124655885363357
13 0.6587435643251776 0.6630612241555783 0.007818526913970007 0.0163580593654043
2 0.19449978847671665 0.24645410849539406 0.012361183267561169 0.00947291709314227
8 0.6830047671665351 0.6036353441146366 0.014823268823993686 0.00992286919140225
2 0.34176464719810573 0.3449740184237462 0.012700994475138122 0.009158589969293756
18 0.6022348476716652 0.21492389600818834 0.017297437095501182 0.014894142886386899
5 0.3881246913970008 0.3847203111566019 0.013683937490134175 0.009010833162743093
5 0.3663697426992897 0.20224793940634594 0.01387806913970008 0.009432669805527124
9 0.47216543014996054 0.19968890890481067 0.014105983898973955 0.009679918116683726
13 0.39902338121546965 0.21817121801432957 0.008164157221783742 0.01702743254861822
7 0.6741706456195738 0.3009860388945752 0.01698425635359116 0.01401640614124872
13 0.615457540647198 0.39903823132036853 0.007359100868192581 0.0193256417604913
5 0.32811845303867404 0.42652587103377687 0.012903208208366218 0.009498124053224156
1 0.32610682241515393 0.20472139201637665 0.014185956116811366 0.01360609866939611
9 0.3488251554853986 0.4879145138178096 0.014152779163378058 0.009546258341862844
11 0.623023179163378 0.23560908904810643 0.014301287450670877 0.015439525076765609
5 0.5206874317284925 0.3215255189355169 0.013493361957379636 0.00977128679631525
14 0.6822005998421468 0.4583144155578301 0.0060455198105761635 0.015293261821903787
2 0.31799079400157854 0.38644523234391 0.011213042462509865 0.008644991606960082
22 0.6571946329913181 0.5627637256908905 0.014213354380426205 0.00959268945752303
14 0.16984135122336227 0.42684397134083935 0.0065179176006314125 0.01498011381780962
23 0.5744587466456196 0.6464385179119754 0.011052613101815312 0.009313054657113613
5 0.3175442588792423 0.2439373428863869 0.0136799772691397 0.009827255680655065
2 0.17371671033938438 0.4699062108495394 0.012729807103393845 0.009378849539406346
0 0.6637564767166535 0.17676184237461615 0.02200508918705604 0.009661052200614126
9 0.37251172217837414 0.3653308659160696 0.014075231570639305 0.00924241228249744
0 0.6767427687450671 0.5624996028659162 0.02242729723756906 0.010072984237461616
6 0.4704209123914759 0.34291553735926306 0.014919324388318864 0.009186705424769704
8 0.3137917474348855 0.609958465506653 0.013085782478295185 0.00892069600818833
18 0.4381123788476717 0.6259896990788127 0.01602984309392265 0.012520024564994882
0 0.3550055248618784 0.182059758444217 0.021817301973164956 0.009737694984646878
6 0.6801946266771902 0.5418927819856705 0.014680822099447514 0.009360193244626407
9 0.2212211775848461 0.4291828208802456 0.013819554853985793 0.009763530808597747
19 0.5535394853985793 0.44336081883316275 0.010735068034727704 0.009205885772773799
6 0.5462324735595896 0.4028480982599795 0.014215859826361484 0.009383539815762539
6 0.6777085777426993 0.3999491144319345 0.014664051775848461 0.008871985261003072
0 0.6973605682715075 0.5830359385875128 0.019567411523283347 0.010510228045035824
18 0.40580546172059984 0.38126077379733875 0.01681525998421468 0.014955430910951894
18 0.27334374743488554 0.2026095099283521 0.016444575217048143 0.011967096008188332
19 0.690164685082873 0.23763691299897646 0.011496481136543016 0.00908268085977482
2 0.49008300552486184 0.19994228863868987 0.012163657142857142 0.009431674104401228
5 0.5619149486977111 0.646948945752303 0.013305453512233622 0.009692652610030706
5 0.49624236148382 0.42346933060388947 0.013594711286503552 0.009669987308085978
11 0.5924373417521704 0.4398326305015353 0.01451045177584846 0.015272745138178096
21 0.6569485335438042 0.20124047328556807 0.015687405209155486 0.009441028454452405
6 0.3299215659037096 0.6302085895598772 0.014689106235201263 0.009429813715455477
8 0.2665770228887135 0.4075037871033777 0.01604354222573007 0.009746001228249743
13 0.3272605398579321 0.5856467717502558 0.007877324072612471 0.016835393244626407
8 0.6709418531965272 0.48204066325486183 0.014168135122336226 0.009529986489252814
6 0.6945395169692186 0.5222276847492323 0.015596966692975533 0.009695980348004096
8 0.5379669265982636 0.6257095926305015 0.013678199210734017 0.009321570522006141
0 0.6763132059984215 0.5015024278403275 0.02219291681136543 0.009347118116683725
13 0.2323740489344909 0.2428011954964176 0.00819119179163378 0.01674580634595701
22 0.6994813070244672 0.6036949289662231 0.0142881136543015 0.009452793449334699
7 0.3265520644041042 0.6733790460593655 0.015710035043409627 0.014301071852610031
7 0.3945596464088398 0.36700285772773794 0.019088992580899765 0.013565510747185261
7 0.3167861594317285 0.16407556192425796 0.02605793086029992 0.01514034309109519
23 0.3003831665351223 0.24509157011258956 0.012210290765588003 0.009166712794268167
1 0.6029480915548541 0.42296230910951893 0.014475092659826362 0.015246306653019447
22 0.6086869609471192 0.4016150272262027 0.005061364483030782 0.01200815557830092
11 0.4589605177584846 0.21808317707267144 0.01333240726124704 0.015271592221084953
2 0.29132597947908445 0.22372827840327533 0.010906610260457774 0.009381469805527124
18 0.3329392947119179 0.3835962169907881 0.01748251681136543 0.014394012691914022
22 0.49292102920284137 0.5054577195496418 0.01350099952644041 0.009619389969293757
22 0.33723463930544595 0.2845090194472876 0.014369702288871349 0.010072198157625382
7 0.17391512549329122 0.45186096212896626 0.01643895816890292 0.01308183582395087
22 0.5041757348066298 0.6463824442169909 0.024662599526440412 0.009481406755373593
13 0.5389796116811365 0.33895500511770726 0.007656561957379637 0.01536013101330604
5 0.17987162115232833 0.26728679631525076 0.013534176479873719 0.009119888638689868
5 0.25025848776637727 0.6531427308085977 0.013229724388318863 0.009823403889457523
1 0.6081755711444358 0.4231386530194473 0.003998849313338595 0.01438106857727738
8 0.6058418816101027 0.19952215516888433 0.01931908950276243 0.006001798157625384
4 0.6943851491712707 0.33847549641760494 0.009472040410418311 0.010920797543500511
18 0.6086689702288871 0.2152509052200614 0.005025399210734017 0.015308144933469804
