21 0.6536793804100228 0.49313407795760195 0.016964810933940772 0.015223801230909505
3 0.26018547087536614 0.5801451342603146 0.0197430732183534 0.01911346067927969
1 0.5003721184510251 0.14223364668338273 0.014942669183208593 0.015679314337816275
0 0.6525992320208265 0.630068693868247 0.022987850309144162 0.01016154857533622
3 0.5411436797917345 0.6270360246181902 0.020029313374552556 0.017108409391383632
1 0.5804525506020176 0.2822940651926146 0.014470339602993819 0.015868265329382267
18 0.5374727081028311 0.7212838222019603 0.014493765310771232 0.014613532710280373
18 0.6234158984705499 0.27804354319580576 0.015041320403514481 0.01392390243902439
7 0.5008374669703872 0.5155682443583315 0.015861386788154897 0.015378439936175062
0 0.43364084087211197 0.18504359243218602 0.023271591278880573 0.01106671602461819
8 0.32977431825577613 0.3720065721449738 0.014769225642694436 0.010338805379530431
18 0.5583322512203059 0.7211638459083657 0.014721307907582167 0.014377431502165488
11 0.5249796082004555 0.16013123865967632 0.015234307582167265 0.01577851652609984
0 0.37652626618939145 0.6290308055618874 0.023275589977220956 0.010655785548210622
22 0.3748533107712333 0.3950282489172555 0.01360308857793687 0.01003605197173467
11 0.6470843605597136 0.1607202662411671 0.014965378457533355 0.016063985411442896
8 0.6264695711031566 0.5137319534989743 0.01599041145460462 0.010849673307499431
8 0.36643771688903354 0.442779864144062 0.01671305955092743 0.010674949076817871
13 0.40355396810933947 0.20623469705949396 0.007622052196550602 0.01647888397538181
14 0.46598681158477057 0.18285519215865054 0.007693162382037097 0.016402439936175062
7 0.6585804516758867 0.1896765680419421 0.01575572118451025 0.015523741964896283
8 0.3317076889033518 0.7214594684294506 0.01516624640416531 0.010807436516981992
8 0.6453750836316303 0.23358719124686575 0.015746590823299707 0.010321194073398678
18 0.5194802316954117 0.2310650047868703 0.015282108688577937 0.014424931844084795
0 0.26673283957045235 0.465647602461819 0.022911375203384314 0.010416614907681787
13 0.39244658379433783 0.5564488826077045 0.006657816075496257 0.016432200592660134
0 0.36893273804100224 0.7229908000911784 0.022446026684022128 0.010494564485981309
13 0.5141589638789457 0.5104218682470937 0.007191142466644973 0.01626962571233189
0 0.643851579563944 0.6064498199224982 0.022811574357305565 0.010257389560063824
7 0.3911420084607875 0.14195529701390472 0.017614932639114872 0.01599244312742193
14 0.38977328734136024 0.5101519215865056 0.0070229138952164006 0.015963966263961703
0 0.4455521301659616 0.4436402388876225 0.02380475105759844 0.010309336494187372
7 0.38198625551578264 0.28233619694552087 0.014216572209567199 0.014912423068155916
8 0.4281491285388871 0.6295754839297926 0.01575855359583469 0.01053273982220196
14 0.3826949248291572 0.5796176120355596 0.007681449528148389 0.01536116708456804
8 0.2607489541164985 0.3727099740141327 0.015209515652456883 0.010233347617962161
6 0.3147930283110966 0.18743144745839982 0.014380902050113895 0.00992695290631411
7 0.5313087146111292 0.5392211971734671 0.017284873413602343 0.015337358559379987
22 0.22028845818418483 0.28057798404376566 0.013693209241783274 0.009972644267152952
7 0.23844354832411324 0.28344457715979027 0.01379289345916043 0.013993343970822886
8 0.5140597295151318 0.37316350307727375 0.015896108818743898 0.01052328643720082
11 0.5110006586397657 0.6729365270116252 0.015526012626098276 0.01567417916571689
8 0.6445178626749105 0.3270163957146114 0.015741309209241782 0.010859803601550035
22 0.2623006156849984 0.4420422666970595 0.013639160169215752 0.010187936357419648
7 0.6322458907907582 0.5397505867335308 0.014875641002277904 0.015349262821974014
1 0.18753528669053043 0.2834325561887394 0.014182216726326066 0.014899585137907454
8 0.18515056296778393 0.7211113271028038 0.014953249072567523 0.011161261545475268
0 0.6714224380084608 0.2809677902894917 0.022679284087211194 0.010140832824253477
6 0.5080454539537911 0.16288777570093457 0.015998875366091767 0.010040358513790745
2 0.6391494435405142 0.4908757693184409 0.011497823885453954 0.010691194894005015
2 0.3868219147412951 0.6752310152723957 0.011622466644972339 0.010313141189879188
11 0.38087751643345263 0.5563056813312058 0.01457298952164009 0.01527456940961933
14 0.6414825174096973 0.20768783405516297 0.008063708428246013 0.016006098016868017
13 0.5082205636186138 0.7202279607932528 0.007723035990888383 0.01662173512651014
0 0.25834773576309794 0.6747437574652382 0.021527992190042304 0.010044863460223388
7 0.37192176505043933 0.35196166127193984 0.01603652977546372 0.014667568725780717
22 0.5078148623494956 0.20966487531342604 0.014140330361210544 0.01017682571233189
13 0.5227791578262284 0.6733537597447002 0.006871229938171169 0.016443171187599723
19 0.6494850790758216 0.6527656877136995 0.010400764334526521 0.010110266879416458
6 0.5155476784900749 0.48993906724413044 0.015349936609176702 0.01051962179165717
13 0.6357235587373902 0.2539465147025302 0.006743338236251221 0.015948093913836333
8 0.6168230445818419 0.4435557419648963 0.015874715782622843 0.010697695555049009
7 0.33131714936544093 0.1895648780487805 0.016591699056296778 0.01566635969911101
7 0.38046781646599415 0.2117399516754046 0.016472704458184183 0.016213839069979485
14 0.5599154025382362 0.2778149113289264 0.007427565506020175 0.01646849692272624
7 0.4079873582818093 0.16473480373831773 0.017087271070615032 0.01636264235240483
6 0.6480712059876342 0.7001726628675632 0.01598228076797917 0.010330227307955322
2 0.40849286039700616 0.5592598057898336 0.011534861828831759 0.010213192067472076
13 0.5677093654409372 0.2776764950991566 0.00797102193296453 0.016723621609300205
23 0.6129183156524569 0.6293972701162526 0.010906999544419135 0.009304079872350126
2 0.21827244777090793 0.37183045908365625 0.01187211871135698 0.010229029405060406
6 0.2587256127562642 0.5118385922042398 0.014933655450699643 0.010314751766583086
7 0.40044431369996747 0.3049083127421928 0.01818224796615685 0.016077757009345793
14 0.5004862479661568 0.7200373758832915 0.007245041588024731 0.016182911328926373
2 0.489213250894891 0.6294630936858902 0.011974652001301659 0.010625464691132892
6 0.642009345916043 0.4203969327558696 0.015203850829808005 0.010035783542284021
2 0.2657010087862024 0.7213294552085707 0.012181068141880897 0.01121864709368589
8 0.5163619134396356 0.6988610932299978 0.016181599219004233 0.011004732163209482
6 0.24653458119101856 0.4420871994529291 0.015181408135372599 0.010726324139503078
8 0.4112899498861048 0.6058298645999544 0.010397981906931336 0.010726429177114201
13 0.5189369085584119 0.5338667765671301 0.007300640156199154 0.016307555960793252
2 0.28819535307517086 0.2798831018919535 0.011254902961275626 0.01079541554593116
6 0.5202987985681744 0.723138903122863 0.015257316758867556 0.010938803555960793
8 0.6407925753335503 0.6763176877136996 0.01611138874064432 0.010488390608616366
8 0.6522775034168565 0.3039210759060862 0.01597436667751383 0.010307994346934123
6 0.6603023911487146 0.23422675359015271 0.012294681158477058 0.01032485871894233
22 0.6338709951187764 0.4446665730567586 0.014267405662219328 0.009909014816503305
2 0.4654559843800846 0.4434749797127878 0.012014289098600715 0.010761581764303625
5 0.6919625850959973 0.2804360665602918 0.014752997591929709 0.010798449965808069
2 0.4969202421086886 0.1857412755869615 0.011527447575658966 0.010585830499202187
8 0.5361619681093394 0.41967555778436294 0.010656980930686625 0.010668530111693641
2 0.3908082837617963 0.16242350945976752 0.011682097233973315 0.0102377942101664
16 0.3658037565896518 0.3720596744928197 0.017054115196876017 0.009941203008889902
6 0.5352192749755939 0.6060028265329382 0.01254241718190693 0.010315206929564624
14 0.6674067452001302 0.1606186131752906 0.007018781906931337 0.016602594939594255
6 0.40968497233973317 0.41946816685662186 0.013692226228441264 0.010699527877820835
5 0.6312000312398308 0.16367567449281972 0.014453478424991863 0.010397684795988148
6 0.389463888057273 0.34896797264645546 0.015643307777416206 0.0105038077957602
2 0.5362947582167263 0.675446575792113 0.010391250764725024 0.010274639069979484
2 0.5309524972339733 0.27965423660816047 0.011596874975593882 0.010502337269204468
6 0.3465545226163358 0.37202186095281514 0.0152749610152945 0.009788770093457943
4 0.5239999271070616 0.5125007959881468 0.011205635665473479 0.012892549806245726
2 0.6377254070940449 0.652225444267153 0.01174965857468272 0.010182030909505356
1 0.278534664497234 0.6771917173467061 0.014233799934917019 0.01509985684978345
6 0.5841240221282135 0.37323924686573967 0.016331567068011716 0.010484971050832004
6 0.39508122616335833 0.5825655509459767 0.01489305200130166 0.010130457442443584
6 0.4788644529775464 0.18559293913836336 0.015398620761470876 0.010395805789833599
13 0.23973712723722745 0.415944271711876 0.007194408070289619 0.01673984408479599
2 0.49418246664497234 0.5359820706633235 0.011451672242108689 0.01051878149076818
14 0.6337943534005858 0.2076939028949168 0.007061584640416531 0.016452274447230453
38 0.22770371103156525 0.4390659676316389 0.020096458184184835 0.016266708000911786
2 0.529820365766352 0.37312790699794846 0.01161911773511227 0.010431098427171187
22 0.6934912541490401 0.18677682972418508 0.013768168174422389 0.01083515477547299
2 0.620203444191344 0.3730220524276271 0.011689428180930685 0.01035405917483474
22 0.6434782011064106 0.5139582511967176 0.01405980657338106 0.009779900250740825
6 0.3481265109013993 0.7220167513106907 0.01565785304262935 0.010635478276726692
6 0.2039464445167589 0.28058206883975384 0.015316764074194598 0.01003878294962389
13 0.26249538561666125 0.5554944408479598 0.006315677448747153 0.016273593799863234
19 0.4364109391474129 0.7235759762935947 0.009912623234624145 0.01095374223843173
4 0.3556635574357305 0.1836519607932528 0.013951175268467295 0.017159761112377478
9 0.5740991187764399 0.18640324595395485 0.014563126065733812 0.011056597401413267
13 0.3811489280833062 0.4868709186232049 0.007524150732183535 0.016134827444723047
13 0.2829925466970387 0.30012618372464095 0.007746278424991865 0.016208820606336907
6 0.5566831213797592 0.18623915386368817 0.01528275847705825 0.010191519307043538
4 0.23068973901724701 0.3704371935263278 0.01047962199804751 0.012243767494871211
0 0.46485318060527175 0.6300749961249146 0.023058160754962576 0.01014257178025986
6 0.2731955691506671 0.28012072031000684 0.01482429105109014 0.010493700843400958
13 0.27923227074520013 0.2547123555960793 0.0071379597787178655 0.01633474903122863
22 0.6009605414904002 0.3735429222703442 0.013691893003579564 0.010206983177570093
4 0.38375641262609833 0.6956873234556644 0.014284016921575009 0.01598240620013677
5 0.48900148649528147 0.7229655910645088 0.014571539993491702 0.011156593207203101
23 0.2702370322160755 0.3256595431958058 0.009031610022779043 0.0100385378618646
8 0.6461954832411324 0.35046896010941414 0.016289580735437684 0.01127626605881012
8 0.23559764139277578 0.6273628082972419 0.015344988219980475 0.011133998449965809
6 0.2622979498861048 0.21110727513106906 0.015471030523917996 0.010640916890813769
8 0.39661589326391145 0.4892152413950308 0.015582444256426945 0.010665962525643948
5 0.506073929059551 0.3027808342831092 0.014078600455580865 0.010835458217460679
2 0.4046151226814188 0.34908106314109866 0.011338609046534331 0.010743760382949623
5 0.6521255528799219 0.11641761932983817 0.013613901724698991 0.010013177114201048
13 0.6304452769280833 0.1370575099156599 0.006240285323787829 0.015949494415317986
0 0.5251847081028311 0.5828853321176203 0.021732259030263587 0.010308391155687258
11 0.25156427725349817 0.5551144381126054 0.014111772990562968 0.015105108730339642
4 0.5194399114871461 0.30190820515158423 0.011174262544744549 0.012530170047868702
7 0.2831684894240156 0.3548009679507636 0.015243204685974617 0.009343247230453612
5 0.3854536934591604 0.1153167084568042 0.014533602342987308 0.0113101932072031
5 0.6341060852587048 0.3735592614542968 0.01416405597136349 0.010239066332345568
5 0.6645918281809307 0.7027291732847049 0.013977616661243085 0.004826361522680647
8 0.5158782375528799 0.6060052774105311 0.0069173649202733485 0.010425706496466835
2 0.2855818704848682 0.465340659220424 0.01171986827204686 0.010174759972646455
8 0.5079188285063456 0.35257607294278553 0.015727946892287667 0.004901405060405744
1 0.6303348128864302 0.7021719954410759 0.014674289879596484 0.015750273079553224
13 0.261507040676863 0.2775170713471621 0.007128812756264237 0.016478417141554593
13 0.5077222258379434 0.2538629514474584 0.006831292938496583 0.01652813494415318
5 0.6557710328669053 0.7240179512195122 0.01332706176374878 0.010608331889674038
8 0.3369233244386593 0.463505418737178 0.015852572990562967 0.006656898655117392
23 0.6797758854539538 0.5379389213585594 0.011570800130165962 0.009863568543423752
5 0.6416851181256102 0.5604837273763391 0.014217072046859746 0.010390168771369957
19 0.4282600924178327 0.27898059539548664 0.009749243084933289 0.01025058545703214
13 0.5366889632281158 0.16074395805789832 0.006992573771558738 0.016600727604285388
5 0.6621542883176049 0.6999223232277183 0.00859078685323788 0.010266049327558696
5 0.6621804464692482 0.6066917565534534 0.008490186267491052 0.010404232140414861
7 0.2813625772860397 0.5841231420104855 0.016345729124633907 0.014821623888762252
4 0.4036246117800195 0.3252482625940278 0.012010556980149693 0.012906438112605426
5 0.5337012691181257 0.7023624869842717 0.014545865017897818 0.004211961522680647
2 0.22131762316954118 0.6278976831547755 0.012307093784575335 0.011010894369728744
2 0.6933886208916368 0.5376728260770458 0.012120104653433127 0.010432884066560292
6 0.5164493849658315 0.5595458582174607 0.014425187634233647 0.010253141372236152
8 0.6247298041002278 0.5597314246637793 0.015343405401887406 0.010992874583998176
0 0.42303429352424343 0.3494205680419421 0.024060167914090467 0.011337899794848416
6 0.6600258145135047 0.3270762671529519 0.012847951057598438 0.010211499794848415
19 0.5061730634559063 0.5359465329382266 0.010472341034819393 0.010215946387052656
5 0.4770148883826879 0.3525223286984272 0.014511792775789132 0.004770843309778892
22 0.6485498835014644 0.1399622666970595 0.014239847966156849 0.010109379895144745
0 0.25060092417832736 0.6510436544335537 0.022589479986983404 0.010373432778664236
22 0.6299242798568174 0.3037394775472988 0.014111989586723071 0.0102833922042398
0 0.5981121353726 0.3504819147481194 0.022336562316954113 0.010309534898563939
2 0.6605021594533029 0.4675180888990198 0.011813454474454931 0.010335770959653523
6 0.517813440937195 0.13953896512423067 0.015658169606247965 0.010237864235240483
5 0.28977317279531406 0.3031729746979713 0.0035972456882525216 0.010497283793024845
6 0.3834870003254149 0.4430330047868703 0.01546594884477709 0.00994447084568042
8 0.5164622141230069 0.7023123140186915 0.015820933289944678 0.004119400045589241
2 0.36472477448747154 0.5364222949623889 0.012261075431174748 0.010866596033736037
9 0.46435684217377154 0.4638597456120356 0.014453745004881224 0.005948058171871438
6 0.6386666007159127 0.4678558431730112 0.015657253237878296 0.009564024618190106
8 0.6246773211845102 0.4203118522908594 0.016325252456882523 0.010370024891725553
22 0.4101248291571754 0.18539885297469796 0.012812495932313699 0.010474980806929565
2 0.534352057273023 0.1400378937770686 0.012396348063781322 0.01097653540004559
11 0.2515557800195249 0.5509743223159334 0.013133857988935894 0.006781730020515159
5 0.3533073244386593 0.46384223934351493 0.014861528929384967 0.005983105721449738
8 0.3974511213797592 0.41960179803966263 0.00839778301334201 0.010250258673353089
13 0.6300113015294501 0.34824438021426946 0.007585947282785552 0.016568749487121042
22 0.24984833582818095 0.18772146797355824 0.013594757956394404 0.010582889446090721
38 0.1896875860722421 0.5310710955094597 0.02008796095021152 0.016573301116936404
5 0.196528359258054 0.6270800237064053 0.013738327888057272 0.010925697196261682
14 0.6699054318255776 0.6745080063824938 0.006919880767979174 0.015940507864144065
19 0.4910756446469248 0.35246172199680875 0.010584304588350146 0.004666599316161387
13 0.6205613276928084 0.7210774816503305 0.006620628180930686 0.016700746751766582
6 0.4124095854214123 0.20840617460679278 0.008181120208265539 0.010438556097560977
6 0.38322925089489096 0.302696920902667 0.013740827074520012 0.009969738226578527
13 0.6605268180930687 0.1371292856165945 0.007446859225512528 0.016002246637793482
6 0.257158956068988 0.4886284312742193 0.014870109469573707 0.010429522863004331
2 0.5356159791734462 0.5127454169136083 0.011679164855190369 0.011116270435377251
23 0.5414987308818744 0.4437431757465238 0.01117129684347543 0.010295226441759746
6 0.6574548180930686 0.6764467672669251 0.01534510484868207 0.010118494825621153
7 0.6171156160104132 0.3531502201960337 0.014513658835014645 0.015020378390699796
13 0.3764166352098926 0.18326057898335993 0.008414710836316303 0.016395787554137224
6 0.577595647250244 0.350718832915432 0.014802498145135047 0.010653708137679508
11 0.5322547399934917 0.5566277966719854 0.014682403904978847 0.015500750398905857
14 0.374527416856492 0.5796379193070436 0.007744612300683371 0.01597855482106223
8 0.5112686547347869 0.46428012947344427 0.015938761601041327 0.005107395486665147
14 0.47446021998047505 0.7201601531798495 0.007117266514806378 0.016057449737861867
4 0.4901184562316954 0.5526922708000912 0.00992655203384315 0.003345728014588557
2 0.6256575021151969 0.2562631775700935 0.011919253368044256 0.010318007932527924
0 0.6876751474129514 0.6983977606564851 0.015754954767328345 0.015291725552769546
5 0.5490014552554507 0.5368776913608388 0.01382801535958347 0.010273180214269432
5 0.5399420709404491 0.582740613631183 0.003096625317279531 0.01055773877364942
19 0.18394895411649853 0.6269491935263278 0.009962357045232672 0.01045729947572373
8 0.21265277709079075 0.7013677773056759 0.01628321614057924 0.002231419010713472
2 0.4046751031565246 0.3522855155687258 0.011420898926130817 0.0043202903122863
6 0.38926961796290266 0.3521451386368817 0.01594779199479336 0.004033864417597447
6 0.6387289470875366 0.4649405826304992 0.015900957240481614 0.0037865708684750397
6 0.20923505629677838 0.2579082999772054 0.014747616010413276 0.010063688534305903
5 0.6643567380410023 0.490646787326191 0.0041860540188740645 0.009575357009345795
16 0.40499233322486167 0.6761680674720766 0.016772706801171492 0.01017880975609756
4 0.5427949755938822 0.37252615819466606 0.011591893263911487 0.011978372464098472
16 0.3630333250894891 0.559136795076362 0.01674354962577286 0.009944879325279234
5 0.5338665486495281 0.6992479817643036 0.014602829808005207 0.01053024226122635
4 0.2883053172795314 0.1626023068155915 0.006525059290595509 0.013960198769090494
5 0.6639513699967459 0.3041239152040119 0.004996606833712984 0.009911955869614771
4 0.2875082434103482 0.25621404330977887 0.008127071135698015 0.01224295053567358
9 0.4929815242434104 0.7020629780715751 0.014579620696387895 0.0036166900387508546
9 0.2530161379759193 0.6279115714611352 0.014549147282785552 0.01060090923182129
8 0.46449762967783925 0.2791255472988375 0.016546163878945655 0.010772937497150673
29 0.5361762967783924 0.20940158103487577 0.01062812365766352 0.018489653977661273
0 0.6632452665148064 0.2809742092546159 0.006408930426293525 0.010454591839525872
5 0.5277122186788155 0.4639421417825393 0.014440915847705826 0.005782787326191019
4 0.25050478880572735 0.23407199817643035 0.011079010218027987 0.012778292227034421
9 0.2531459290595509 0.697379129245498 0.014228784900748455 0.010658679917939366
2 0.4414131441588025 0.3522365447002508 0.011709355027660266 0.004222336904490541
14 0.3918782687927107 0.6497295172099385 0.006778443475431175 0.015707324367449284
2 0.5352052795314026 0.1866688744016412 0.01257040807028962 0.010493934260314567
8 0.4139929033517735 0.3494835906086164 0.00507636420436056 0.010513693002051516
23 0.28918036576635214 0.5351337519033509 0.004782793101204035 0.0102611592432186
14 0.28937097038724374 0.20774630499202187 0.004401467230719167 0.0158691989970367
0 0.25290504080702897 0.7211067754729884 0.00597280572730231 0.00954634328698427
6 0.37757859030263585 0.512779612491452 0.015077408656036446 0.010496046683382722
11 0.5325163215099251 0.5516533321176202 0.015780413146762123 0.005423687075450194
2 0.28779015164334526 0.5119167868702986 0.007563188024731533 0.010516995851379074
6 0.4042047562642369 0.7022453700478687 0.015957255580865606 0.003989258445406884
13 0.415627871135698 0.5568274848415774 0.001806461958997722 0.01552339183952587
4 0.6809899902375529 0.44334986824709366 0.011674366417181907 0.012243067244130384
7 0.6622770816791409 0.5168858828356507 0.008345166807679792 0.014713085023934354
11 0.38045448747152616 0.5514670654205608 0.014683620175724048 0.005796278823797584
4 0.4511293146762122 0.5354848926373376 0.013355852391799546 0.011302513790745384
13 0.4036224458184185 0.20110932847048096 0.006838823820370973 0.006238860633690449
22 0.27354528864301986 0.41874924276270803 0.01338539277578913 0.010217136813312058
13 0.39195024536283757 0.5513246811032596 0.008133952229092092 0.006080860724868931
13 0.6594055164334527 0.16092520629131524 0.007981052001301659 0.01666561750626852
13 0.41409736934591607 0.29972458992477774 0.004867365571103156 0.016916540688397538
22 0.6539867803449398 0.21043853567358103 0.013678863911487147 0.010037464144062001
5 0.2003061295151318 0.7214772081148849 0.013555270810283111 0.010870424071119215
0 0.37747040885128536 0.7230832331889674 0.005184895541815815 0.010609288899019832
22 0.6288820857793687 0.630210027809437 0.008170940188740644 0.010458466560291771
0 0.2773688773185812 0.7015256289947572 0.022703442889684348 0.0025497763391839523
2 0.48476903091441587 0.4640504472304536 0.011839412691181257 0.005566748301800775
4 0.4477714077448747 0.20301074264873492 0.011280228050764724 0.002458101846364258
0 0.6625759843800846 0.6533586833827217 0.007747361405792385 0.010101887212217915
8 0.538888247315327 0.6526453612947345 0.005204239245037423 0.00994082954182813
4 0.41507171884152294 0.698268447686346 0.0028563535307517085 0.01334176065648507
8 0.3491246859746176 0.7016126351493047 0.015481393817116825 0.0027194937770686116
21 0.6269000976244712 0.3297085096877137 0.016108189781972017 0.015171399133804423
6 0.4047657403189066 0.6991689701390472 0.014959430393752034 0.01026362179165717
