8 0.6640001515390687 0.6226152851792403 0.016477226835043407 0.011043146923488498
6 0.3808152549329124 0.45845394970572495 0.016359632517758484 0.010285282825040128
0 0.455764861878453 0.4591456565008026 0.024358066614048934 0.01104322910647405
0 0.29791085714285714 0.25303155056179777 0.02312946866614049 0.010650942322097378
13 0.6428586329913181 0.25444318031032637 0.01017469676400947 0.01778648004280364
0 0.29023934333070245 0.4800891685393258 0.02529110276243094 0.011622893097913324
6 0.22690975217048145 0.2293086099518459 0.01683316179952644 0.010486138041733548
0 0.2957949676400947 0.45751624184055645 0.025353779321231253 0.01124287897271268
9 0.24237724388318865 0.2291875270197967 0.014075271981057617 0.011431297164258962
14 0.31717490765588 0.15820416479400748 0.007567982320441989 0.017487087426431246
9 0.3818473370165746 0.6416724237560193 0.013817008997632201 0.010904422043873728
18 0.6304384101026046 0.2553808881754949 0.014952420520915548 0.013483515890850723
0 0.2836629518547751 0.4352504055644729 0.024577858879242305 0.011257206206527556
13 0.1962414775059195 0.22617689031567684 0.011095205682715074 0.017666301123595508
8 0.25230608366219415 0.20720275655430712 0.015146107655880032 0.010491753879079722
0 0.3096545288082084 0.6176988250401284 0.022610275611681135 0.01091984505082932
7 0.5315327797947907 0.2127594221508828 0.022661152328334648 0.01625253461744248
8 0.6530562020520915 0.46225573461744246 0.01612844451460142 0.010659544141252007
11 0.33569217363851617 0.3424334895666132 0.013274782004735596 0.017242702621722845
9 0.473441591160221 0.5056310925628679 0.014278415153906866 0.011492194756554308
2 0.6695501183898973 0.4390302750133761 0.013391972217837412 0.011159024933119316
8 0.3850914853985793 0.6874573868378813 0.01602758011049724 0.01158928025682183
8 0.6419489944751381 0.5077746987693954 0.016927843409629044 0.01088064376672017
8 0.6093232391475927 0.18788263242375602 0.01610642083662194 0.011369331193151417
6 0.6624443504340963 0.5534930936329587 0.015040919337016574 0.010449511824505082
13 0.3695552959747435 0.6391365855537721 0.007981663772691397 0.016999057463884432
8 0.31880684198895026 0.5504024654895666 0.014732426203630624 0.010190032744783306
14 0.25057853827940013 0.6199654317817015 0.006692288555643252 0.007186052862493312
2 0.35888815785319655 0.2096910382022472 0.012482252880820837 0.008457286677367577
0 0.6145574794001578 0.6445307479935795 0.016693462983425413 0.01132152808988764
18 0.5280308129439621 0.39163014232209736 0.014342627308603 0.012895469234884965
0 0.6489395927387529 0.27956487533440344 0.024276477979479082 0.011244303477795613
8 0.5961942983425413 0.46191851043338683 0.016302775059194946 0.011008849224184056
0 0.5594866866614049 0.23341858105939003 0.023060245619573795 0.010518764686998394
8 0.24076567640094712 0.25235354093097917 0.014368489976322021 0.010100288924558588
0 0.37307868034727704 0.16245055965757088 0.024314746645619573 0.011222881112894597
12 0.2268079179163378 0.617312838951311 0.013216793054459351 0.02108437367576244
9 0.36768025256511444 0.25361778919208133 0.014183086977111287 0.011487208988764045
13 0.5087008934490924 0.4568341230604602 0.010607775217048145 0.018818095666131622
13 0.6852746203630624 0.32090209523809526 0.011508685082872928 0.021518299839486357
8 0.33638965745856353 0.620159054895666 0.016031580741910027 0.007573353879079721
8 0.3896101783741121 0.6209840077046549 0.015377336069455407 0.0091967417870519
14 0.3793030970797159 0.1826073065810594 0.007465663141278611 0.016878549812734085
14 0.5236790149960536 0.25321098341359016 0.0069805360694554066 0.016793298662386304
11 0.47626304656669294 0.4795251193151418 0.014525605682715074 0.016584964794007492
18 0.5954564041041831 0.5290272188336009 0.013486330544593528 0.01227731621187801
6 0.30759828508287296 0.16150079828785446 0.009029263456985005 0.01104191417870519
8 0.19416599842146803 0.20619848047084002 0.01597448082083662 0.011082539967897272
0 0.28567175374901344 0.2090974578919208 0.022314269297553275 0.007279960620652755
5 0.46989517284925014 0.2094647062600321 0.015478927861089186 0.010670529266987694
6 0.32647859826361486 0.27629454039593365 0.015046293922651935 0.011154751417870519
0 0.27721506550907654 0.41276924986623864 0.02179451049723757 0.010913379989299091
6 0.6491970071033938 0.3943679315141787 0.015001357537490136 0.010629711717495986
2 0.610433959905288 0.7133190026752274 0.008514879242304657 0.011659711075441413
8 0.49174993528018945 0.2098646634563938 0.016408731176006313 0.011180310326377743
9 0.2056736732438832 0.6173994050294275 0.01405086408839779 0.011597662921348314
8 0.40087660299921074 0.5272161797752809 0.006455402683504341 0.01092751546281434
0 0.5732427971586425 0.4389149448903157 0.02058943141278611 0.009934553237025147
