12 0.6973165209155485 0.2683252562867844 0.013417511602209945 0.023542001070090957
21 0.6945540647198106 0.4985285650080257 0.014996063772691397 0.01578384505082932
20 0.678867548539858 0.5183921926163724 0.03433305509076559 0.023943273194221508
15 0.5548540363062352 0.42696636062065274 0.029202831254932914 0.017924026966292132
21 0.36824195737963694 0.6874664269662921 0.01904102541436464 0.018726598608881755
12 0.8563537426992897 0.26317539646869986 0.014996063772691397 0.016987688817549494
5 0.6406126623520126 0.40663456393793473 0.01484808082083662 0.012306052862493312
12 0.8397790055248618 0.30979122953451044 0.01578531965272297 0.01845906559657571
18 0.8232042683504341 0.24210806206527552 0.01617996779794791 0.013643663135366507
21 0.7646014838200473 0.36276090315676834 0.01578531965272297 0.016051378063135367
21 0.6791633528018943 0.6139647041198502 0.01736387182320442 0.01658641669341894
2 0.6366478345698501 0.4507758673087212 0.010741412470402526 0.011235948207597645
12 0.8038674790844514 0.6545277602996254 0.015390671507498026 0.021803091278758697
21 0.6274663046566693 0.3422285799892991 0.01736387182320442 0.016720183199571963
12 0.4173244514601421 0.45291591225254146 0.014798739700078925 0.02247189641519529
12 0.5469614775059195 0.2030497763509898 0.013417511602209945 0.02247189641519529
35 0.3260531573796369 0.31808458855002675 0.0217787908445146 0.023542001070090957
10 0.40346286977111284 0.3833600684858213 0.015292029676400948 0.019261637239165328
8 0.4496843062352012 0.4528490700909577 0.01578531965272297 0.011637247726056715
7 0.43389878453038677 0.4333867693953986 0.014206767482241514 0.0149812734082397
0 0.46211535911602214 0.18138031460674156 0.024467255564325177 0.013108624505082933
7 0.6101027561168113 0.15837346174424827 0.014996063772691397 0.017121455323702513
18 0.3917717316495659 0.5205993536650615 0.014601415627466457 0.013643663135366507
21 0.43567482241515393 0.13897800321027287 0.01657457553275454 0.01738898833600856
21 0.41594322336227313 0.20840016265382558 0.01736387182320442 0.018191532584269664
5 0.6127355352801894 0.3158105853397539 0.013084570165745855 0.011235948207597645
10 0.4311367324388319 0.6793404472980203 0.013022903867403315 0.019328506795077582
0 0.512430775059195 0.43017642803638306 0.024072607419100236 0.01257355848047084
10 0.686168094711918 0.4252608445157839 0.013812159747434886 0.018258429534510432
21 0.6158062825572217 0.5692883895131086 0.017376197000789264 0.016051378063135367
21 0.5860298658247829 0.2280632637774211 0.022888703393843725 0.016318883681112895
8 0.43212315074980273 0.1589084729802033 0.01696922367797948 0.012306052862493312
7 0.35359116022099446 0.6384597264847512 0.015193387845303866 0.017188324879614768
5 0.5887923220205209 0.17897262707330122 0.014996063772691397 0.011503481219903692
12 0.6758088839779006 0.2466560684858213 0.014206767482241514 0.021401819154628143
18 0.8113652280978689 0.15034774531835204 0.01617996779794791 0.014446234777956127
12 0.6156276685082873 0.3841627223113965 0.014601415627466457 0.021936857784911716
10 0.7507892028413575 0.17268590262172284 0.011444351696921862 0.01845906559657571
0 0.8545777048145226 0.17348855644729802 0.024861863299131808 0.01257355848047084
21 0.6118783898973954 0.6772338234349919 0.022494095659037094 0.015248806420545746
21 0.6338792359905289 0.6771001391118245 0.021606157537490137 0.015516312038523274
6 0.38003169692186267 0.6591760299625468 0.014798739700078925 0.011771014232209739
21 0.5860298658247829 0.6378118232209737 0.01578531965272297 0.01631052841091493
0 0.6837018468823994 0.3374800470840021 0.025256511444356748 0.012841091492776886
21 0.5714283693764799 0.41091492776886035 0.01578531965272297 0.016051378063135367
2 0.6629834254143646 0.3833600684858213 0.012233607576953433 0.011771014232209739
6 0.6067482872928177 0.4508761305510969 0.01617996779794791 0.012105416800428037
10 0.3271014036306235 0.5877475098983413 0.015933302604577742 0.019261637239165328
5 0.8016970355169692 0.10413323916532904 0.013812159747434886 0.013108624505082933
11 0.5059194443567482 0.4711076639914393 0.015390671507498026 0.01658641669341894
11 0.6049722494080505 0.654093012306046 0.014996063772691397 0.018191532584269664
0 0.8705604293606946 0.6318888132691278 0.024467255564325177 0.011771014232209739
8 0.6813337963693764 0.6334687537720706 0.014502773796369377 0.010483535580524344
5 0.7156668918705604 0.24531840342429106 0.014996063772691397 0.01257355848047084
18 0.5645226329913181 0.29240240556447294 0.014996063772691397 0.014446234777956127
2 0.796764135753749 0.26685390690208666 0.013022903867403315 0.013108624505082933
0 0.5035517979479085 0.6355838698769395 0.024467255564325177 0.013008306474050293
12 0.5777429013417522 0.4711076639914393 0.014206767482241514 0.01658641669341894
2 0.8504340205209155 0.3348715591225254 0.012628255722178374 0.013509896629213484
5 0.4765192486187846 0.1099517945425361 0.015390671507498026 0.014580001284109148
8 0.5491319210734017 0.13322628999464953 0.014601415627466457 0.011503481219903692
12 0.4594515043409629 0.38309269983948635 0.013812159747434886 0.018191532584269664
8 0.6507499794790844 0.6110220053504548 0.01775847955801105 0.012306052862493312
7 0.6444358516179952 0.26912791011235954 0.01578531965272297 0.009630804922418405
21 0.8320836495659037 0.1074104226859283 0.01696922367797948 0.017121455323702513
7 0.675611681136543 0.2951445778491172 0.014996063772691397 0.01658641669341894
0 0.547158680347277 0.22520398073836279 0.024072607419100236 0.011536929695024078
5 0.35364046093133383 0.31902092669876936 0.014996063772691397 0.013108624505082933
18 0.8234018752959748 0.42509368432316746 0.01578531965272297 0.014446234777956127
11 0.3818073307024467 0.5869448560727661 0.01677189960536701 0.01765649395398609
10 0.4483030781373323 0.4060995527019797 0.013022903867403315 0.018191532584269664
7 0.6460142825572218 0.4759898812199037 0.014996063772691397 0.016987688817549494
21 0.7872927419100237 0.24719107972177637 0.01756115548539858 0.017121455323702513
7 0.8458959305445936 0.5200643424291065 0.02604576732438832 0.01738898833600856
18 0.7003747813733229 0.6310861594435526 0.022099447513812154 0.016051378063135367
0 0.5915547782162589 0.38469773354735154 0.023677999684293606 0.011503481219903692
46 0.5915547782162589 0.541867214553237 0.022888703393843725 0.012038519850187265
0 0.33363754632991316 0.680577849117175 0.02402326629834254 0.008560727661851257
8 0.47030372217837413 0.22742777014446228 0.014798739700078925 0.011704117281968967
7 0.5694555327545383 0.11115577528089889 0.01578531965272297 0.01658641669341894
8 0.7097475737963694 0.4721776864633494 0.01617996779794791 0.012841091492776886
0 0.6608622825572218 0.5417335302300695 0.025256511444356748 0.01257355848047084
0 0.39315295974743486 0.5668807019796682 0.025256511444356748 0.012841091492776886
6 0.4371546519337017 0.544676228999465 0.014996063772691397 0.011503481219903692
18 0.6160220741910024 0.5874798673087211 0.01578531965272297 0.014446234777956127
0 0.5497239337016575 0.6355002075976458 0.02604576732438832 0.01337613012306046
9 0.7987369723756906 0.3579455280898876 0.014601415627466457 0.012306052862493312
13 0.8237962809786898 0.6749598202247191 0.007892639621152327 0.0197966758694489
4 0.574585635359116 0.3615569224184056 0.012628255722178374 0.012306052862493312
0 0.8654303267561168 0.10339742750133762 0.025256511444356748 0.0149812734082397
2 0.46083273243883194 0.3624932605671482 0.013220187529597475 0.012306052862493312
4 0.620757771112865 0.10680856928838951 0.012628255722178374 0.015248806420545746
5 0.6446823147592738 0.10727673836276083 0.015982643725335435 0.013108624505082933
8 0.6460142017363852 0.3158774275013376 0.015292029676400948 0.01056714307116105
6 0.3374358831886346 0.613162050294275 0.01474939857932123 0.012038519850187265
18 0.7813734238358326 0.6308185168539326 0.015390671507498026 0.013911168753344035
20 0.7400355864246251 0.6318888132691278 0.03334647513812154 0.02407703970037453
22 0.8705604293606946 0.19689673622257892 0.01578531965272297 0.012306052862493312
4 0.5611681641673244 0.2704655751738898 0.011444351696921862 0.014044935259497057
5 0.43310956906077347 0.11115577528089889 0.01578531965272297 0.0149812734082397
9 0.3989740805051302 0.22739429427501337 0.01617996779794791 0.012306052862493312
46 0.5276242841357538 0.36302827180310326 0.025256511444356748 0.011235948207597645
0 0.3660222131018153 0.47458537399678974 0.024861863299131808 0.009630804922418405
18 0.8476715643251774 0.5853398223649011 0.015390671507498026 0.0149812734082397
14 0.4058551665351223 0.15543076297485287 0.007941980741910023 0.01845906559657571
7 0.36621941594317287 0.2082664783306581 0.014996063772691397 0.01658641669341894
8 0.4721783614838201 0.43069489309791337 0.01657457553275454 0.011971650294275014
4 0.6414757884767166 0.6554975195291599 0.013812159747434886 0.014847506902086678
2 0.41683104025256507 0.15837346174424827 0.012430931649565904 0.012841091492776886
2 0.6947512675611681 0.4721776864633494 0.012628255722178374 0.012841091492776886
18 0.6310179763220205 0.6091493290529695 0.0205208953433307 0.014446234777956127
0 0.7620362304656669 0.6099517089352595 0.023283351539068665 0.011771014232209739
18 0.3663180173638516 0.5208667223113965 0.014798739700078925 0.01417870176565008
6 0.6377269139700079 0.1548957517388978 0.01657457553275454 0.012306052862493312
2 0.7054062825572218 0.12981542215088282 0.011247027624309392 0.01257355848047084
0 0.4792817048145225 0.24959876725521668 0.024467255564325177 0.013643663135366507
4 0.32248916053670085 0.3861690829320492 0.014453432675611682 0.013108624505082933
5 0.8084055690607734 0.28999471803103266 0.014601415627466457 0.010968442589620118
0 0.7892659826361483 0.38215636169074374 0.025256511444356748 0.01337613012306046
9 0.35541649881610105 0.1589084729802033 0.014897381531176007 0.012841091492776886
5 0.5732044072612471 0.24799345960406635 0.014206767482241514 0.011503481219903692
0 0.42324376953433307 0.3855003873729267 0.023875283346487766 0.012306052862493312
14 0.33445145256511444 0.47204400214018194 0.00917522588792423 0.014713740395933653
5 0.5524863898973954 0.6115570165864099 0.014996063772691397 0.012038519850187265
5 0.7979477569060773 0.6317548550026753 0.01578531965272297 0.012306052862493312
2 0.8533936795580112 0.12707324986623864 0.013022903867403315 0.012038519850187265
5 0.34629061404893446 0.4751203852327448 0.014601415627466457 0.008560727661851257
5 0.5763616732438832 0.6112893739967897 0.015390671507498026 0.011235948207597645
0 0.37075750591949486 0.36276090315676834 0.025157869613259668 0.011771014232209739
2 0.7438830623520126 0.6096843402889245 0.012233607576953433 0.012306052862493312
18 0.567285089187056 0.1550294360620653 0.014996063772691397 0.014446234777956127
5 0.5812945730071034 0.13215626752273943 0.01578531965272297 0.012306052862493312
18 0.47592723599052883 0.3382824269662921 0.014996063772691397 0.01658641669341894
6 0.5363060584056827 0.4515785211342964 0.01578531965272297 0.012306052862493312
14 0.611046016101026 0.2669875912252542 0.006560793054459353 0.01779026046013911
2 0.874901316495659 0.539927696094168 0.012628255722178374 0.011904753344034244
8 0.6767957063930545 0.15395941359015516 0.015883961483820045 0.011771014232209739
4 0.7770325367008682 0.22070624291064742 0.012628255722178374 0.012306052862493312
5 0.7582873559589582 0.2445157495987159 0.014601415627466457 0.01337613012306046
21 0.4396213038674033 0.3000267950775816 0.023677999684293606 0.017924026966292132
7 0.3505328997632202 0.6205127156768325 0.011937641673243883 0.00828067544141252
11 0.6419198989739542 0.6316379086142322 0.015489353749013416 0.018024344997324773
6 0.6625886156274664 0.26912791011235954 0.01736387182320442 0.010834676083467094
7 0.6673243125493291 0.36369724130551095 0.014009483820047354 0.017121455323702513
8 0.5006907403314917 0.13369445906902086 0.01637725146014207 0.01377742964151953
18 0.7417126187845304 0.40436056072766186 0.015390671507498026 0.01658641669341894
5 0.6850826708760852 0.6787051728196897 0.014996063772691397 0.012306052862493312
5 0.3933505666929756 0.15864110433386838 0.014996063772691397 0.012306052862493312
5 0.6664364956590371 0.6333601626538257 0.014404091554853986 0.011771014232209739
4 0.4652722209944751 0.2721374510433387 0.012628255722178374 0.01257355848047084
18 0.8111680252565114 0.470037367576244 0.015390671507498026 0.013911168753344035
2 0.48677985793212314 0.13429631246655965 0.010655095816890291 0.011503481219903692
0 0.32679311254932913 0.22926697057249867 0.02577445177584846 0.01337613012306046
20 0.525256637726914 0.2667202225789192 0.02604576732438832 0.014446234777956127
6 0.8376085619573795 0.19743174745853398 0.01696922367797948 0.011503481219903692
10 0.6014205777426993 0.3360755398608882 0.013417511602209945 0.019127870733012305
0 0.8504340205209155 0.4491705596575709 0.023677999684293606 0.011503481219903692
22 0.7125100299921073 0.518258508293205 0.012430931649565904 0.010834676083467094
2 0.5887923220205209 0.2019797538790797 0.012628255722178374 0.01337613012306046
10 0.872138860299921 0.2397003745318352 0.01657457553275454 0.017924026966292132
13 0.3835340678768745 0.27086690208667735 0.00927386771902131 0.0197966758694489
9 0.8743093038674034 0.5869448560727661 0.015390671507498026 0.014446234777956127
5 0.4380424688239937 0.36302827180310326 0.01617996779794791 0.01257355848047084
0 0.4323203535911603 0.6358681134296416 0.025256511444356748 0.013008306474050293
7 0.6659430844514602 0.13362761690743713 0.015390671507498026 0.01738898833600856
14 0.4463298374112076 0.22445575944355273 0.0067087760063141285 0.01798254125200642
0 0.8701656195737963 0.4709068635634029 0.025256511444356748 0.012038519850187265
0 0.7089830086819258 0.656099646869984 0.02205010639305446 0.011771014232209739
0 0.469021499605367 0.13449711289459604 0.024861863299131808 0.012974857998929909
0 0.5217049660615627 0.6583733761369717 0.022888703393843725 0.013242363616907438
2 0.5276242841357538 0.40716957517388974 0.012628255722178374 0.012841091492776886
7 0.6337066026835043 0.2030497763509898 0.01637725146014207 0.017121455323702513
0 0.6132596179952644 0.4288096975922953 0.024467255564325177 0.011896398073836276
2 0.4571824593528019 0.43054441605136434 0.012628255722178374 0.012306052862493312
8 0.7084649471191792 0.541867214553237 0.014601415627466457 0.011503481219903692
5 0.8393841957379637 0.2423757046548957 0.014206767482241514 0.011235948207597645
21 0.5031569881610103 0.6800428378812199 0.020915543488555642 0.009630804922418405
0 0.35018739068666144 0.4307117132156233 0.024565897395422257 0.012841091492776886
5 0.8279399652722967 0.47084002140181913 0.014996063772691397 0.011771014232209739
6 0.48697706077348063 0.5898875548421616 0.014404091554853986 0.011771014232209739
9 0.6057614648776638 0.2239165842696629 0.014996063772691397 0.012841091492776886
11 0.6509964830307814 0.2217762653825575 0.015193387845303866 0.018191532584269664
0 0.4299527071823205 0.476458050294275 0.023283351539068665 0.013509896629213484
5 0.6627862225730071 0.47277953986088816 0.014996063772691397 0.012105416800428037
9 0.525256637726914 0.10955046762974853 0.014996063772691397 0.012306052862493312
6 0.6231254175217048 0.2468565949705725 0.015390671507498026 0.011503481219903692
5 0.668311134964483 0.2236657344034243 0.01617996779794791 0.01320894253611557
5 0.406447179163378 0.2504011471375067 0.016229268508287292 0.012306052862493312
7 0.35541649881610105 0.6161047490636705 0.021112867561168112 0.017121455323702513
2 0.8068271381215469 0.19743174745853398 0.013022903867403315 0.012306052862493312
5 0.5895815374901342 0.4514445628678438 0.01578531965272297 0.013911168753344035
5 0.6428570165745856 0.33814874264312467 0.013417511602209945 0.012038519850187265
35 0.41781786266771903 0.13282496308186195 0.01973163946329913 0.0197966758694489
18 0.49269917600631413 0.1797752808988764 0.014996063772691397 0.0149812734082397
5 0.7529596464088397 0.33627606634563934 0.014996063772691397 0.01257355848047084
2 0.45560362430939233 0.5666130593900481 0.012233607576953433 0.012841091492776886
5 0.7754537016574585 0.6547954028892455 0.015193387845303866 0.012239155912252542
14 0.6233226203630623 0.3130015708935259 0.007892639621152327 0.01765649395398609
2 0.46487781531176003 0.6590423456393794 0.013417511602209945 0.013108624505082933
5 0.7787095690607735 0.4713750326377742 0.015390671507498026 0.012038519850187265
5 0.3533693070244672 0.6803102065275549 0.014453432675611682 0.009095766292134832
5 0.32230416164167325 0.252006454788657 0.01669790812943962 0.012841091492776886
22 0.5976717032359905 0.40663456393793473 0.013417511602209945 0.011503481219903692
2 0.6329666475138122 0.3158105853397539 0.010309788792423046 0.011102181701444624
7 0.5726123946329913 0.659978683788122 0.020915543488555642 0.01765649395398609
0 0.753748861878453 0.47204400214018194 0.024861863299131808 0.013108624505082933
7 0.4695145067087608 0.5700910433386838 0.014996063772691397 0.01658641669341894
5 0.5852406503551697 0.10861412948100589 0.01578531965272297 0.013911168753344035
14 0.6357537540647198 0.24357941144997322 0.00828728776637727 0.01845906559657571
9 0.872138860299921 0.265382557517389 0.01736387182320442 0.01257355848047084
4 0.8204418121546962 0.3340689052969502 0.014206767482241514 0.015248806420545746
5 0.3311217553275454 0.5455457249866239 0.02402326629834254 0.01377742964151953
14 0.38111671665351227 0.13235679400749062 0.007892639621152327 0.01939540374531835
35 0.7271111223362273 0.33426970572498665 0.01973163946329913 0.017121455323702513
0 0.5355168429360694 0.566078048154093 0.024072607419100236 0.012841091492776886
5 0.7407262004735595 0.4947832124130551 0.015390671507498026 0.012306052862493312
5 0.5473558831886346 0.2696629213483146 0.014206767482241514 0.008560727661851257
5 0.4051896069455406 0.18164795719636168 0.014996063772691397 0.012841091492776886
5 0.8358325240726125 0.22097388550026753 0.01578531965272297 0.012306052862493312
5 0.8200474064719812 0.6546280235420011 0.014996063772691397 0.012306052862493312
5 0.45777406787687447 0.6361691771000535 0.015390671507498026 0.012841091492776886
5 0.44258096290449883 0.6591760299625468 0.015587995580110498 0.012306052862493312
13 0.44563922336227313 0.428304025682183 0.00868193591160221 0.01738898833600856
0 0.6081295153906866 0.20144474264312467 0.024467255564325177 0.01337613012306046
21 0.4639895943172849 0.4743177314071696 0.0230860274664562 0.010165870947030498
5 0.7543408745067088 0.1290796104868914 0.014206767482241514 0.011637247726056715
2 0.8750985193370165 0.2871857035848047 0.009865839936858722 0.008293194649545211
5 0.766574724546172 0.40502953023006955 0.014996063772691397 0.012306052862493312
10 0.7462511128650355 0.5149144826110219 0.014206767482241514 0.018191532584269664
2 0.7279993433307025 0.4052968988764045 0.012825579794790843 0.012038519850187265
2 0.8587213891081295 0.40355818084537187 0.013417511602209945 0.012841091492776886
2 0.6493687513812154 0.20077577314071696 0.012233607576953433 0.012841091492776886
0 0.4784924893449093 0.6351700511503477 0.025651159589581685 0.013100241840556448
13 0.5556432517758485 0.17629757089352593 0.00828728776637727 0.018726598608881755
2 0.7719020299921073 0.19823440128410913 0.012233607576953433 0.012841091492776886
7 0.7804852028413575 0.2677902450508293 0.015587995580110498 0.011771014232209739
12 0.5477506929755328 0.20976708485821294 0.013417511602209945 0.008619241947565543
0 0.4005525114443568 0.6593097142857143 0.025256511444356748 0.012841091492776886
8 0.8606946298342542 0.6545611813804173 0.014996063772691397 0.010700909577314071
0 0.6817286061562746 0.3833600684858213 0.023677999684293606 0.011771014232209739
13 0.8494476022099448 0.1480737421080792 0.01026044767166535 0.0197966758694489
2 0.3567480220994475 0.49913041840556444 0.011937641673243883 0.011771014232209739
0 0.7476323409629045 0.4277687405029427 0.025256511444356748 0.012841091492776886
14 0.5485399084451461 0.44836817977528093 0.007892639621152327 0.018726598608881755
5 0.7750592959747435 0.448903191011236 0.01617996779794791 0.010968442589620118
6 0.871744454617206 0.4454254810058855 0.018942383583267563 0.01658641669341894
22 0.6193765430149961 0.5424022257891921 0.013812159747434886 0.010433376565008026
0 0.3607931049723757 0.25120380096308187 0.030386735280189425 0.011771014232209739
2 0.45609703551696923 0.22702230668806847 0.012825579794790843 0.01231440813269128
6 0.649565954222573 0.5620653269127875 0.018153127703235992 0.016051378063135367
22 0.42146813575374903 0.613162050294275 0.013022903867403315 0.012306052862493312
7 0.3643447766377269 0.4563938962011771 0.025552477348066295 0.017121455323702513
5 0.5076954822415154 0.31714825040128414 0.014601415627466457 0.011235948207597645
6 0.6282559242304657 0.22461878309256286 0.01736387182320442 0.011603799250936329
2 0.6139749228097869 0.6104869941144997 0.01267759684293607 0.012306052862493312
2 0.691840909234412 0.6559656886035312 0.010655095816890291 0.011771014232209739
14 0.5937252217837411 0.49351266345639383 0.00828728776637727 0.018191532584269664
8 0.47967651460142063 0.6594436725521668 0.01578531965272297 0.011771014232209739
0 0.6929263330702448 0.44947162332798285 0.023677999684293606 0.012506688924558588
5 0.49901330386740334 0.5210004066345639 0.014206767482241514 0.01257355848047084
0 0.7712114159431729 0.6779025189941145 0.03275454333070244 0.013911168753344035
22 0.6698895659037095 0.10714278009630818 0.012628255722178374 0.01136971471375067
11 0.5047354191002368 0.2229509341894061 0.014996063772691397 0.017447502621722847
5 0.6018153875295975 0.565543036918138 0.014996063772691397 0.012306052862493312
5 0.7065410071033938 0.3829587415730337 0.015883961483820045 0.012306052862493312
14 0.39354776953433307 0.17883894275013376 0.007793997790055249 0.018191532584269664
6 0.6986977490134175 0.17709995077581592 0.014206767482241514 0.012038519850187265
7 0.35270334333070247 0.13897800321027287 0.01578531965272297 0.01738898833600856
13 0.7412196116811366 0.3331996832530765 0.00868193591160221 0.019529170251471373
10 0.8261643314917126 0.17134823756019263 0.014206767482241514 0.018191532584269664
5 0.5708367608524073 0.6345638694489031 0.014996063772691397 0.012306052862493312
7 0.7301697868981847 0.10720962225789192 0.015982643725335435 0.01939540374531835
10 0.32353740678768744 0.4063669213483146 0.017141856985003947 0.018994104226859286
10 0.5451854396211523 0.6551633087212413 0.012628255722178374 0.017924026966292132
35 0.5165744593528019 0.20090945746388442 0.0205208953433307 0.021401819154628143
11 0.749210771902131 0.31072756768325305 0.012233607576953433 0.017924026966292132
13 0.36587431097079715 0.6326911931514179 0.00838597000789266 0.020331741894060996
13 0.5601813417521704 0.1995720663456394 0.009865839936858722 0.021936857784911716
6 0.4415941404893449 0.31808458855002675 0.01657457553275454 0.01417870176565008
18 0.40647182951854777 0.40663456393793473 0.022888703393843725 0.015516312038523274
14 0.5935280189423836 0.12881224184055645 0.007892639621152327 0.01738898833600856
11 0.6802487766377269 0.3121989170679508 0.014996063772691397 0.01738898833600856
14 0.5643250260457775 0.6088816864633493 0.007103383741120757 0.01765649395398609
14 0.45501201578531963 0.6554306773675762 0.007498031886345699 0.018191532584269664
21 0.8340568902920285 0.6120920278223649 0.01696922367797948 0.01658641669341894
8 0.6483819289660616 0.5880148785446763 0.01736387182320442 0.012841091492776886
5 0.4349842083662194 0.22833063242375604 0.015193387845303866 0.013108624505082933
0 0.4413969376479874 0.2703316169074371 0.02940015532754538 0.0072231173889780636
7 0.36148371902131016 0.3428304333868379 0.02614444956590371 0.017121455323702513
14 0.42225735122336233 0.4063669213483146 0.0067087760063141285 0.01765649395398609
18 0.33723855911602213 0.20559114820759766 0.017166547750591947 0.012038519850187265
10 0.40795165903709546 0.42750137185660786 0.013022903867403315 0.018191532584269664
22 0.8709548350434098 0.31179786409844834 0.014601415627466457 0.011771014232209739
8 0.5615625698500395 0.5885501637239166 0.014996063772691397 0.011771014232209739
5 0.5536700110497238 0.49785986944890315 0.013812159747434886 0.01337613012306046
5 0.337115226519337 0.13616898876404496 0.015489353749013416 0.012306052862493312
0 0.6253453234411996 0.4713750326377742 0.023677999684293606 0.015516312038523274
14 0.6081295153906866 0.5389245157838416 0.00868193591160221 0.01845906559657571
23 0.8121548476716653 0.4486355484216158 0.014206767482241514 0.010700909577314071
8 0.6783741373322809 0.49571955056179773 0.01657457553275454 0.01337613012306046
0 0.8455011207576953 0.4942482011771001 0.023283351539068665 0.012841091492776886
14 0.7460535059194949 0.2411717239165329 0.007695355958958169 0.018191532584269664
18 0.7046170670876085 0.5631353493846978 0.005130223835832675 0.013911168753344035
6 0.8376085619573795 0.6544943392188336 0.01854773543804262 0.010968442589620118
6 0.49980251933701664 0.24648868913857677 0.01696922367797948 0.016787052755484217
14 0.6543016511444356 0.6308185168539326 0.00868193591160221 0.017924026966292132
0 0.7439816637726914 0.3595505617977528 0.02624309139700079 0.012841091492776886
9 0.7186265509076558 0.3595505617977528 0.015390671507498026 0.012841091492776886
13 0.3848659952644041 0.2251202910647405 0.009076543646408839 0.018726598608881755
13 0.6850826708760852 0.5626003381487426 0.00828728776637727 0.01765649395398609
0 0.5205209408050513 0.3860353986088818 0.02683502320441989 0.013911168753344035
12 0.8421466519337016 0.3782770508293205 0.014206767482241514 0.018191532584269664
6 0.7924232486187845 0.42763505617977526 0.015587995580110498 0.010968442589620118
0 0.5505131491712708 0.4077045864098448 0.025256511444356748 0.011771014232209739
12 0.7258288997632202 0.21956094082397 0.021507515706393053 0.018275140074906368
2 0.7934096669297553 0.5854735066880685 0.013614835674822417 0.010968442589620118
7 0.3713495185477506 0.2755483188871054 0.015587995580110498 0.01658641669341894
13 0.3459451049723757 0.4504748036383093 0.009865839936858722 0.022605662921348312
10 0.3276070591949487 0.6338616980203318 0.015168697079715866 0.01999731193151418
13 0.6797553654301499 0.3586142236490102 0.00917522588792423 0.019529170251471373
2 0.7884767671665351 0.40462820331728194 0.010655095816890291 0.011771014232209739
22 0.6988949518547751 0.42792770979133227 0.013417511602209945 0.011252686142322098
2 0.4799723188634569 0.18138031460674156 0.010457771744277821 0.011235948207597645
2 0.4271902509865825 0.3179509042268593 0.012233607576953433 0.013108624505082933
10 0.7949880978689818 0.6756287897271268 0.014206767482241514 0.01845906559657571
5 0.5664954696132596 0.22471896415195292 0.013812159747434886 0.012038519850187265
10 0.32612718926598266 0.6108880470840021 0.013935492344119968 0.0197966758694489
13 0.7067875106550907 0.6754948314606741 0.00828728776637727 0.018191532584269664
6 0.39300505761641674 0.3619582493311932 0.017166547750591947 0.013643663135366507
4 0.720402588792423 0.3816210765115035 0.012233607576953433 0.015248806420545746
6 0.42117192738752957 0.18191532584269665 0.017166547750591947 0.012306052862493312
5 0.4185084767166535 0.43017642803638306 0.01578531965272297 0.012306052862493312
14 0.6507499794790844 0.49317817870518993 0.00828728776637727 0.01845906559657571
2 0.6306235706393055 0.429106405564473 0.01026044767166535 0.011235948207597645
6 0.7328336416732439 0.5635366762974853 0.01578531965272297 0.011771014232209739
12 0.7467441199684294 0.10192607811663992 0.01578531965272297 0.019261637239165328
8 0.7452642904498816 0.22204390797217763 0.01657457553275454 0.01257355848047084
8 0.7441792707182321 0.29093105617977527 0.01835045177584846 0.012841091492776886
13 0.7984411681136543 0.21691078608881756 0.007695355958958169 0.019763254788657036
14 0.6885357411207577 0.3579455280898876 0.007695355958958169 0.019261637239165328
7 0.6687055406471981 0.6795078266452649 0.01568667782162589 0.010700909577314071
18 0.6574092123125493 0.15288911717495987 0.02032361168113654 0.0149812734082397
18 0.36735414048934495 0.5436730486891386 0.015489353749013416 0.0156500785446763
4 0.3852111002367798 0.4293740481540931 0.023381993370165745 0.013911168753344035
22 0.5657062541436464 0.3836277110754414 0.013417511602209945 0.011235948207597645
2 0.8729280757695342 0.3772070283574103 0.014996063772691397 0.01765649395398609
2 0.3517165209155485 0.20559114820759766 0.011838999842146803 0.012306052862493312
13 0.849249995264404 0.6516853247726057 0.007892639621152327 0.016853922311396468
14 0.7033348445146015 0.2423757046548957 0.00868193591160221 0.018191532584269664
6 0.5280190939226519 0.2949437774210808 0.024467255564325177 0.012306052862493312
18 0.6479875232833464 0.42702482011771004 0.021310191633780583 0.014095094275013376
9 0.3848659952644041 0.2500000941680043 0.015390671507498026 0.01257355848047084
8 0.3919693385951066 0.6366372365971108 0.01677189960536701 0.01377742964151953
10 0.40247645146014205 0.47043869448903153 0.012529613891081294 0.017924026966292132
22 0.7654893007103394 0.6322898662386303 0.014206767482241514 0.011771014232209739
4 0.7892659826361483 0.6547619818084538 0.011049743962115234 0.012038519850187265
12 0.813733278610892 0.629464278223649 0.014601415627466457 0.017188324879614768
22 0.43616823362273094 0.3402890615302301 0.013220187529597475 0.011771014232209739
13 0.753748861878453 0.4023542001070091 0.00887925998421468 0.01765649395398609
18 0.5966848808208366 0.47164267522739434 0.022888703393843725 0.016318883681112895
4 0.7892659826361483 0.22137507544141252 0.009668515864246252 0.01046682504012841
13 0.8346489029202842 0.4456928496522204 0.007892639621152327 0.016853922311396468
4 0.3233030667719021 0.4771935880149813 0.01346685272296764 0.013242363616907438
2 0.7944946866614049 0.448903191011236 0.0205208953433307 0.010700909577314071
22 0.7401341878453038 0.1524880642054575 0.014206767482241514 0.011503481219903692
13 0.4543214017363852 0.26946239486356344 0.00828728776637727 0.017522727447833068
14 0.7342148697711128 0.606473998929909 0.007103383741120757 0.018726598608881755
5 0.34614230781373323 0.6591091878009631 0.02032361168113654 0.011637247726056715
14 0.5777429013417522 0.19943810807918672 0.007103383741120757 0.017924026966292132
2 0.7592737742699289 0.22191022364901017 0.011444351696921862 0.011235948207597645
22 0.4329123662194159 0.40850724023541995 0.013614835674822417 0.012038519850187265
22 0.41278595737963697 0.27019793258426966 0.014996063772691397 0.00749065040128411
4 0.6917423078137332 0.10353138576779027 0.01578531965272297 0.020331741894060996
22 0.5335436022099447 0.13362761690743713 0.014206767482241514 0.01257355848047084
21 0.769731586424625 0.13249075227394327 0.01696922367797948 0.016452650187265917
2 0.6108919715864246 0.29360611235955053 0.01973163946329913 0.011503481219903692
6 0.4453434191002367 0.6134296928838952 0.014601415627466457 0.012841091492776886
2 0.7660813133385951 0.3822900460139112 0.019928963535911604 0.011235948207597645
13 0.4865826550907656 0.632423824505083 0.009471191791633781 0.017924026966292132
12 0.40647182951854777 0.6104869941144997 0.015193387845303866 0.018726598608881755
6 0.6233226203630623 0.26886026752273945 0.01657457553275454 0.010165870947030498
14 0.3180710895027624 0.2722042932049224 0.009921323441199685 0.020599247512038524
22 0.38664162904498817 0.47485274264312466 0.013614835674822417 0.008828260674157304
22 0.7531572533543804 0.44970584483681114 0.013812159747434886 0.011235948207597645
8 0.3841753812154696 0.68111286035313 0.012825579794790843 0.00749065040128411
6 0.8741121010260458 0.49130550240770465 0.01736387182320442 0.01765649395398609
0 0.710832593528019 0.1050695773140717 0.021112867561168112 0.012841091492776886
13 0.3719415311760063 0.24731654574638845 0.009865839936858722 0.01847577613697164
4 0.8161009250197315 0.10406639700374533 0.014206767482241514 0.01257355848047084
14 0.8606946298342542 0.33219622899946494 0.00868193591160221 0.01779026046013911
6 0.695738089976322 0.2924692477260567 0.022099447513812154 0.01337613012306046
8 0.48776627624309393 0.49832803852327445 0.01677189960536701 0.011904753344034244
18 0.6889305509076559 0.541599845906902 0.021507515706393053 0.01257355848047084
2 0.863062276243094 0.28571435420010705 0.013417511602209945 0.01765649395398609
22 0.6191793401736385 0.6334938469769931 0.014996063772691397 0.011235948207597645
14 0.7896607924230465 0.10125738255751739 0.009076543646408839 0.019529170251471373
5 0.6112863772691397 0.3390850807918673 0.015390671507498026 0.012841091492776886
14 0.8528020710339383 0.2862493654360621 0.007892639621152327 0.018726598608881755
4 0.3284826317284925 0.6601123681112895 0.014206767482241514 0.014446234777956127
14 0.5702447482241515 0.19983943499197432 0.007892639621152327 0.018726598608881755
14 0.7984411681136543 0.401284177635099 0.007498031886345699 0.018726598608881755
10 0.4360696322020521 0.6103530358480471 0.012430931649565904 0.018726598608881755
6 0.410590863456985 0.4763577870518994 0.01504536448303078 0.011302845157838417
11 0.35951047829518545 0.2268592830390583 0.014601415627466457 0.019261637239165328
12 0.48421460457774274 0.5163858319957196 0.014404091554853986 0.02126805264847512
22 0.5872138910812944 0.26912791011235954 0.013417511602209945 0.009630804922418405
18 0.6018153875295975 0.5181916661316212 0.021310191633780583 0.015382545532370251
14 0.6964287040252566 0.3582128967362226 0.007596673717442779 0.019261637239165328
8 0.6211521767955801 0.5199303841626538 0.01657457553275454 0.012306052862493312
5 0.6833070370955011 0.40583191011235953 0.021112867561168112 0.012306052862493312
14 0.4489936921862668 0.5414658876404495 0.007695355958958169 0.01845906559657571
0 0.5299919305445935 0.24571973033707867 0.025256511444356748 0.017924026966292132
13 0.36286494711917916 0.2933387437132156 0.009668515864246252 0.019127870733012305
2 0.7166537142857143 0.130618075976458 0.009865839936858722 0.008159455537720706
22 0.6318075958958169 0.3837613953986089 0.013417511602209945 0.011771014232209739
0 0.4131807671665351 0.11128945960406635 0.022296771586424624 0.013911168753344035
2 0.7363853133385951 0.31086152594970573 0.013220187529597475 0.016853922311396468
6 0.727308729281768 0.19903678116639917 0.01657457553275454 0.01337613012306046
13 0.46093133385951063 0.4060995527019797 0.009076543646408839 0.01765649395398609
5 0.5576164925019732 0.47428431032637774 0.022888703393843725 0.01264045543071161
2 0.3255228918705604 0.29695013804173354 0.0224447545382794 0.012038519850187265
13 0.6649566661404893 0.6528893055109684 0.007202065982636148 0.020064208881754947
11 0.4674426645619574 0.1546281091492777 0.014798739700078925 0.017924026966292132
13 0.4925019731649566 0.33513920171214556 0.01775847955801105 0.022605662921348312
1 0.7746644861878453 0.4292403638309257 0.01696922367797948 0.01738898833600856
22 0.6627862225730071 0.4509095516318887 0.013516193843725335 0.012372922418405563
6 0.8356353212312551 0.2671215494917068 0.022494095659037094 0.011904753344034244
6 0.46487781531176003 0.5442749020866774 0.022888703393843725 0.012306052862493312
10 0.8397790055248618 0.28651673408239703 0.014206767482241514 0.01845906559657571
6 0.845698323599053 0.6318888132691278 0.022888703393843725 0.011771014232209739
5 0.8082083662194159 0.42669871803103265 0.01578531965272297 0.012306052862493312
22 0.49704006314127863 0.10988495238095239 0.014206767482241514 0.01257355848047084
21 0.7817678295185477 0.35941687747458534 0.018153127703235992 0.01337613012306046
10 0.5438042115232833 0.10660776886035313 0.012628255722178374 0.020465481005885498
13 0.7713100173638516 0.10179239379347245 0.00868193591160221 0.018994104226859286
6 0.5564324672454617 0.566078048154093 0.01696922367797948 0.012841091492776886
6 0.4260062257300711 0.5906902086677368 0.015390671507498026 0.012038519850187265
6 0.8330700678768745 0.15168541037988229 0.023677999684293606 0.012306052862493312
12 0.5181532943962115 0.2228465617977528 0.011838999842146803 0.016318883681112895
2 0.5175612817679558 0.5662120064205458 0.011838999842146803 0.01257355848047084
2 0.37677582951854777 0.6357678501872659 0.013022903867403315 0.01257355848047084
0 0.6598386866614049 0.17736759336543606 0.02759962872928177 0.01257355848047084
14 0.7334252501973165 0.4467628721241306 0.007103383741120757 0.01765649395398609
29 0.4329123662194159 0.5668807019796682 0.03235989518547751 0.023542001070090957
7 0.8545777048145226 0.24558577207062599 0.01578531965272297 0.016051378063135367
6 0.4129835643251776 0.3187532841091493 0.01696922367797948 0.012038519850187265
16 0.6722572123125494 0.5643393301230604 0.015390671507498026 0.011771014232209739
6 0.5840566250986582 0.1546281091492777 0.01696922367797948 0.014446234777956127
18 0.6787689471191792 0.4729800663456394 0.01657457553275454 0.011771014232209739
4 0.3377071987371744 0.25100327447833065 0.014108125651144436 0.012439819368646333
5 0.38535900236779796 0.20821629192081328 0.019337031728492503 0.005467497057249866
13 0.7050611775848461 0.35727655858748 0.011345709865824782 0.019529170251471373
10 0.6831098342541437 0.17415725200642054 0.018153127703235992 0.018726598608881755
18 0.7020522178374112 0.19729806313536652 0.01026044767166535 0.016853922311396468
6 0.5767560789265983 0.5197966998394864 0.027229671349644834 0.012306052862493312
0 0.358215728492502 0.4131617010165864 0.022124097868981847 0.0044935464954521135
22 0.6620956085240726 0.4959203509898341 0.013417511602209945 0.01136971471375067
6 0.5651146456195738 0.4509095516318887 0.023283351539068665 0.01337613012306046
6 0.6216826039463299 0.6547619818084538 0.017240539226519337 0.016318883681112895
5 0.32083354569850037 0.20652748635634027 0.016087468350434096 0.01337613012306046
6 0.804064681925809 0.1278759036918138 0.01736387182320442 0.011503481219903692
22 0.49417900552486194 0.4518458897806314 0.013220187529597475 0.011771014232209739
24 0.825966724546172 0.49612087747458533 0.014996063772691397 0.017121455323702513
22 0.7271111223362273 0.2677902450508293 0.014206767482241514 0.012038519850187265
5 0.8729280757695342 0.17308722953451042 0.011838999842146803 0.006955584376672017
2 0.3302338172059984 0.2714019133226324 0.013614835674822417 0.018325299090422686
6 0.5536700110497238 0.108881772070626 0.014996063772691397 0.01337613012306046
5 0.37874907024467247 0.3855003873729267 0.013614835674822417 0.012841091492776886
22 0.7043705635359115 0.5873461829855537 0.013516193843725335 0.012038519850187265
18 0.5536700110497238 0.3392187651150348 0.022494095659037094 0.013108624505082933
23 0.7121152202052092 0.2680913087212413 0.014206767482241514 0.011570350775815943
14 0.4985202967640095 0.5864098448368111 0.00848461183898974 0.018726598608881755
18 0.5935280189423836 0.4285713943285179 0.013417511602209945 0.015248806420545746
23 0.5203237379636938 0.6814473451043339 0.013812159747434886 0.01337613012306046
5 0.5428177932123125 0.3169474499732477 0.020915543488555642 0.01257355848047084
14 0.7586817616416733 0.514312355270198 0.00828728776637727 0.01779026046013911
6 0.3395076849250197 0.11175762867843766 0.017462513654301497 0.014847506902086678
18 0.874901316495659 0.5627340224719102 0.014996063772691397 0.01257355848047084
13 0.8555645272296765 0.6765651278758694 0.00868193591160221 0.013911168753344035
13 0.37939038358326754 0.3587479079721776 0.00818864593528019 0.0197966758694489
18 0.6378995472770324 0.5417335302300695 0.018893042462509866 0.010700909577314071
22 0.44455420363062353 0.680577849117175 0.012628255722178374 0.008560727661851257
18 0.7436858595106551 0.5397271696094168 0.021310191633780583 0.014446234777956127
16 0.4266968397790056 0.658574176565008 0.015982643725335435 0.012172286356340288
14 0.3919693385951066 0.26752260246120924 0.006314127861089187 0.012841091492776886
13 0.5931332091554854 0.22177634756554307 0.00868193591160221 0.017823708935259495
23 0.8128947624309393 0.6780364772605671 0.012726897553275452 0.012306052862493312
8 0.5368980710339385 0.4975253846976993 0.01736387182320442 0.01337613012306046
6 0.554459226519337 0.6582396918138042 0.01578531965272297 0.011503481219903692
6 0.7241514632991318 0.5874798673087211 0.022888703393843725 0.011771014232209739
18 0.5189425098658248 0.17924026966292136 0.012628255722178374 0.012841091492776886
2 0.5520915801104972 0.3624932605671482 0.020915543488555642 0.011235948207597645
18 0.7242500647198106 0.29032892883895134 0.021704799368587213 0.015248806420545746
7 0.8239934838200473 0.2930711011235955 0.014996063772691397 0.018994104226859286
7 0.5955012596685083 0.3155429427501338 0.01578531965272297 0.013911168753344035
22 0.5244674222573007 0.6357008984483682 0.01578531965272297 0.012306052862493312
7 0.48677985793212314 0.4737827201712146 0.020915543488555642 0.010700909577314071
21 0.47119194317284924 0.6797751952915998 0.022494095659037094 0.010165870947030498
10 0.46872529123914763 0.5189940460139112 0.014601415627466457 0.018726598608881755
12 0.6913972028413575 0.2479266174424826 0.013417511602209945 0.01578384505082932
22 0.34917632202052096 0.3632959143927234 0.01346685272296764 0.011771014232209739
13 0.6914958042620363 0.1987694125200642 0.00868193591160221 0.01578384505082932
13 0.4470204514601421 0.29273689031567685 0.009668515864246252 0.018726598608881755
2 0.3541338721389108 0.11095497485286249 0.010753737647987371 0.0149812734082397
0 0.47602624151539075 0.20779828734082395 0.014601415627466457 0.0046565701444622794
12 0.6081171053512234 0.5601926506153023 0.003921665414364641 0.023542001070090957
22 0.5343332217837411 0.4740169416800428 0.012628255722178374 0.010767779133226324
13 0.453038775059195 0.5166532006420546 0.01854773543804262 0.02367576757624398
4 0.3708565114443568 0.10848044515783842 0.015193387845303866 0.0211342861423221
13 0.3943369850039463 0.6107543627608347 0.007695355958958169 0.020331741894060996
2 0.8762825445935281 0.6519529673622257 0.013812159747434886 0.018191532584269664
5 0.4344907971586424 0.204654810058855 0.02012628760852407 0.012306052862493312
10 0.718133543804262 0.1966290936329588 0.012233607576953433 0.018726598608881755
18 0.6800511696921863 0.20010707758159443 0.012825579794790843 0.011771014232209739
5 0.3308504397790055 0.5679507244515783 0.023135368587213892 0.014446234777956127
18 0.813733278610892 0.5848048111289459 0.023677999684293606 0.01337613012306046
5 0.45737966219415943 0.20805536119850185 0.021310191633780583 0.005170706902086677
18 0.4323203535911603 0.5218030604601391 0.022099447513812154 0.01257355848047084
13 0.8277427624309392 0.5148476404494382 0.007892639621152327 0.013643663135366507
2 0.4928967829518548 0.6149010422685928 0.009865839936858722 0.006688078758694489
13 0.6233351475927388 0.22097388550026753 0.009939831412786109 0.018726598608881755
18 0.8464879431728491 0.4711076639914393 0.0205208953433307 0.011771014232209739
18 0.3518151223362273 0.2707329438202247 0.021902123441199687 0.006420545746388443
22 0.8095895943172849 0.17388988336008562 0.013812159747434886 0.011235948207597645
8 0.6325968113654302 0.566078048154093 0.01617996779794791 0.01337613012306046
2 0.6092547596527229 0.5197966998394864 0.0061784700868192585 0.011503481219903692
6 0.8488555895816889 0.6104869941144997 0.014206767482241514 0.01337613012306046
6 0.5866218784530387 0.6796415109684323 0.027229671349644834 0.010433376565008026
18 0.3727307466456196 0.3162119122525415 0.0205208953433307 0.016318883681112895
22 0.7468431254932912 0.3825574146602461 0.013417511602209945 0.011771014232209739
7 0.61021667308603 0.10794543392188335 0.008034480189423836 0.014713740395933653
7 0.3603493985793212 0.3860353986088818 0.022000805682715077 0.023006962439807384
18 0.3974942509865825 0.543271721776351 0.022691379321231255 0.015382545532370251
6 0.8030782636148383 0.2434457271268058 0.01617996779794791 0.011503481219903692
14 0.39650742857142857 0.27019793258426966 0.014996063772691397 0.01805779347244516
5 0.5939228287292818 0.2942750818619583 0.01026044767166535 0.007356883895131086
21 0.7052090797158642 0.4954521819154628 0.003946327892659826 0.017924026966292132
13 0.7681531554853985 0.2634764601391118 0.00868193591160221 0.021067416586409843
8 0.6022097932123126 0.6341625425361156 0.01696922367797948 0.01257355848047084
13 0.5288083093922652 0.3766720171214553 0.00828728776637727 0.006955584376672017
4 0.3493242241515391 0.5674157132156233 0.013861500868192581 0.012306052862493312
6 0.33691790244672454 0.5909578512573568 0.015637336700868195 0.013108624505082933
18 0.425611820047356 0.25033430497592296 0.0205208953433307 0.012172286356340288
23 0.6278611144435674 0.293204785446763 0.013417511602209945 0.011771014232209739
10 0.8101323062352014 0.21843223970037454 0.012726897553275452 0.018726598608881755
2 0.8005130102604578 0.6784375302300696 0.012233607576953433 0.012841091492776886
6 0.5305839431728493 0.15623314285714288 0.024467255564325177 0.012841091492776886
5 0.506264953433307 0.15369177100053502 0.020619577584846092 0.01765649395398609
18 0.636740495659037 0.13128677153558052 0.022494095659037094 0.014044935259497057
22 0.8157065193370167 0.2662520535045479 0.014206767482241514 0.013108624505082933
13 0.6574585130228887 0.1052701037988229 0.011049743962115234 0.020197975387907973
13 0.7526638421468035 0.35593889352594976 0.00848461183898974 0.01765649395398609
22 0.3861975185477506 0.4983948806848582 0.013713477505919495 0.013108624505082933
12 0.5146016227308603 0.5853398223649011 0.022494095659037094 0.019529170251471373
2 0.7369769218626677 0.6777688346709471 0.025651159589581685 0.01417870176565008
18 0.5080898879242305 0.40850724023541995 0.022494095659037094 0.012841091492776886
11 0.5418309707971586 0.5856071910112359 0.022888703393843725 0.01765649395398609
10 0.7246448745067088 0.538523188871054 0.014996063772691397 0.01765649395398609
8 0.6487767387529597 0.38068473836276084 0.01657457553275454 0.018191532584269664
4 0.7298735785319652 0.47137503263777425 0.022888703393843725 0.013509896629213484
6 0.40074971428571426 0.6824839464954521 0.01775847955801105 0.014914403852327448
13 0.38427398263614837 0.2946764087747458 0.005327547908445146 0.015516312038523274
5 0.7695343835832676 0.517656380952381 0.013812159747434886 0.010433376565008026
7 0.8180741657458565 0.22231127661851258 0.01736387182320442 0.018994104226859286
14 0.6364936688239937 0.5885501637239166 0.006758076716653513 0.012306052862493312
18 0.6487767387529597 0.361690606741573 0.021902123441199687 0.012306052862493312
6 0.5779401041831097 0.5869448560727661 0.01775847955801105 0.014446234777956127
18 0.39581681452249406 0.3182182728731942 0.014009483820047354 0.012974857998929909
24 0.33652329471191794 0.6183432820973783 0.014996063772691397 0.003941769930444088
19 0.60161818468824 0.26859289887640453 0.011838999842146803 0.010433376565008026
8 0.7863063235990528 0.12968173782771536 0.01617996779794791 0.013911168753344035
21 0.6195121199684294 0.5000667565543071 0.016796549960536703 0.016853922311396468
13 0.7176401325966851 0.6261955047619047 0.009865839936858722 0.017740101444622795
10 0.453926591949487 0.10747726484751205 0.01657457553275454 0.019930442375601924
6 0.38708573954222575 0.20505613697164257 0.021704799368587213 0.011771014232209739
5 0.3379044823993686 0.6364533110754413 0.015587995580110498 0.013844299197431782
0 0.48145214838200473 0.269261594435527 0.01854773543804262 0.009363299304440877
4 0.3266081136543015 0.4307117132156233 0.022198089344909234 0.0149812734082397
13 0.3805247040252565 0.5401953386837881 0.012036323914759275 0.02367576757624398
2 0.4641872012628256 0.4521135323702515 0.012430931649565904 0.012841091492776886
13 0.7951853007103393 0.31193154842161586 0.009865839936858722 0.01578384505082932
6 0.6519829013417522 0.2462547415730337 0.021902123441199687 0.013108624505082933
6 0.4570838579321232 0.4131387116960942 0.014206767482241514 0.0043973924023542
2 0.533938411996843 0.43164805136436596 0.00868193591160221 0.0072231173889780636
2 0.5885951191791633 0.20711276070626003 0.011444351696921862 0.003264609523809524
14 0.39946708760852406 0.26752260246120924 0.007695355958958169 0.012841091492776886
22 0.43310956906077347 0.45251458533975386 0.013417511602209945 0.011503481219903692
18 0.7520718295185478 0.19903678116639917 0.022691379321231255 0.012306052862493312
22 0.5670874822415154 0.5426030262172284 0.013417511602209945 0.010834676083467094
12 0.6083390878610893 0.6327079858747994 0.004340967955801105 0.015616630069555913
11 0.3712509171270718 0.27019793258426966 0.015587995580110498 0.00749065040128411
5 0.5824781941594317 0.3164792808988764 0.01026044767166535 0.009363299304440877
5 0.450276318863457 0.13456395505617977 0.012628255722178374 0.011235948207597645
12 0.7501971902131018 0.6550293504547886 0.03275454333070244 0.023274468057784912
12 0.47119194317284924 0.5893525436062065 0.01578531965272297 0.01337613012306046
6 0.45737966219415943 0.20398611449973247 0.022494095659037094 0.01337613012306046
8 0.666929906866614 0.4297083959336544 0.015390671507498026 0.01264045543071161
4 0.5321627782162589 0.1796415965757089 0.010655095816890291 0.01257355848047084
14 0.6760064909234412 0.265382557517389 0.00868193591160221 0.017121455323702513
0 0.7024466235201263 0.6556983199571964 0.009471191791633781 0.010700909577314071
13 0.7258288997632202 0.6070090101658641 0.007103383741120757 0.017924026966292132
11 0.7191199621152329 0.4472978833600856 0.022296771586424624 0.018191532584269664
13 0.7038278516179953 0.5389245157838416 0.0067087760063141285 0.01738898833600856
7 0.5994473370165746 0.41255559327982877 0.012628255722178374 0.00324789898341359
2 0.505130228887135 0.2942750818619583 0.020915543488555642 0.011771014232209739
11 0.6102999185477506 0.24558577207062599 0.008262637411207578 0.016051378063135367
