15 0.7567089250197316 0.2386303520599251 0.031175991160220996 0.019261637239165328
21 0.4384372786108919 0.6991706538255752 0.01578531965272297 0.016853922311396468
12 0.49713906866614044 0.2394327319422151 0.014009483820047354 0.02247189641519529
18 0.3382497894238358 0.4178956053504548 0.014996063772691397 0.01361021466024612
10 0.45905669455406467 0.6700107608346709 0.015390671507498026 0.01845906559657571
18 0.6664364956590371 0.3547351867308722 0.014798739700078925 0.013911168753344035
12 0.6059590718232044 0.12479924665596577 0.014206767482241514 0.023006962439807384
10 0.7438830623520126 0.2619048475120385 0.014601415627466457 0.018726598608881755
10 0.6443370077348066 0.4886301722846442 0.01016180584056827 0.018191532584269664
18 0.5331491965272296 0.2153307360085607 0.014996063772691397 0.014697029855537721
10 0.42403298500394637 0.5322364644194757 0.014996063772691397 0.017924026966292132
12 0.6216579535911603 0.5829321348314607 0.014058784530386741 0.02247189641519529
35 0.44060772217837413 0.3512237817014446 0.021704799368587213 0.024143936650615302
7 0.6996841673243883 0.47084002140181913 0.014996063772691397 0.017121455323702513
12 0.5854378531965272 0.5803904890315676 0.014601415627466457 0.017924026966292132
10 0.7326360347277032 0.6964953237025147 0.014996063772691397 0.0197966758694489
9 0.7032851397000789 0.6749598202247191 0.014897381531176007 0.011704117281968967
18 0.5970796906077349 0.46676018405564473 0.01578531965272297 0.014446234777956127
9 0.7352012880820837 0.4462278608881755 0.013812159747434886 0.011503481219903692
8 0.7835438674033149 0.6754948314606741 0.01617996779794791 0.012841091492776886
5 0.6010261720599842 0.1717495644729802 0.014996063772691397 0.012306052862493312
21 0.5899763472770323 0.15155172605671482 0.01578531965272297 0.016051378063135367
21 0.6914958042620363 0.2677902450508293 0.01637725146014207 0.016185117174959872
8 0.5773480915548539 0.3327983563402889 0.014601415627466457 0.010968442589620118
7 0.5295975248618785 0.470037367576244 0.01617996779794791 0.016318883681112895
12 0.8054459100236779 0.44489019582664524 0.014206767482241514 0.017322091385767787
18 0.6905582825572217 0.6511503135366505 0.015292029676400948 0.014446234777956127
11 0.368883270718232 0.32477263991439276 0.014996063772691397 0.01765649395398609
5 0.6018153875295975 0.605671619047619 0.014996063772691397 0.012306052862493312
18 0.5104579384372533 0.6040663113964687 0.01578531965272297 0.014713740395933653
1 0.6921864183109707 0.3122660331728197 0.014996063772691397 0.017522727447833068
0 0.4094318926598263 0.4435528047084002 0.022888703393843725 0.012841091492776886
2 0.4025257521704815 0.5112359721776352 0.012430931649565904 0.012306052862493312
10 0.7388515611681136 0.557784963081862 0.015390671507498026 0.017924026966292132
12 0.42511840883977897 0.3041734745853398 0.015193387845303866 0.01765649395398609
6 0.7963693259668507 0.31126257891920817 0.01578531965272297 0.010968442589620118
13 0.6657458816101025 0.5118378255751739 0.007892639621152327 0.017924026966292132
7 0.34056825635359117 0.6745584933119315 0.014206767482241514 0.016853922311396468
8 0.8088003788476716 0.17308722953451042 0.01657457553275454 0.012841091492776886
18 0.6838004483030782 0.19422140609951843 0.01578531965272297 0.0149812734082397
8 0.7348064782951855 0.33353389406099515 0.017166547750591947 0.01257355848047084
0 0.8310972312549328 0.5157837046548956 0.02604576732438832 0.012841091492776886
0 0.5414365651144436 0.17121455323702514 0.024861863299131808 0.013643663135366507
2 0.5899763472770323 0.2405030283574104 0.012628255722178374 0.013108624505082933
12 0.8409630307813734 0.19448904868913858 0.01578531965272297 0.019261637239165328
0 0.5034531965272296 0.4681646912787587 0.024664579636937647 0.01417870176565008
7 0.6063534775059195 0.7003746345639379 0.01617996779794791 0.01765649395398609
5 0.8407654238358327 0.4471641990369182 0.01657457553275454 0.012306052862493312
18 0.42857147908445153 0.2137757517388978 0.022888703393843725 0.0164024911717496
10 0.3103295040252565 0.5984482825040128 0.014453432675611682 0.017924026966292132
6 0.46112853670086823 0.2382290251471375 0.015390671507498026 0.011771014232209739
21 0.7899565966850829 0.3836277110754414 0.015193387845303866 0.016051378063135367
6 0.46083273243883194 0.5362494596040663 0.015390671507498026 0.011771014232209739
10 0.3847669897395422 0.6233280856072766 0.014108125651144436 0.01765649395398609
10 0.8512232359905287 0.3080525115034778 0.01617996779794791 0.018191532584269664
21 0.4030187592738753 0.12526741573033706 0.01677189960536701 0.01658641669341894
9 0.8218230402525651 0.1502140609951846 0.015390671507498026 0.012841091492776886
0 0.6671271097079716 0.2871857035848047 0.025256511444356748 0.012841091492776886
2 0.5327543867403315 0.33092568004280365 0.012233607576953433 0.012841091492776886
5 0.4844118074191003 0.5358481326912787 0.014601415627466457 0.012707324986623863
7 0.4185084767166535 0.14847506902086677 0.01617996779794791 0.01765649395398609
5 0.7459549044988161 0.14967904975922952 0.015587995580110498 0.01257355848047084
0 0.5370956779794791 0.19422140609951843 0.023283351539068665 0.012306052862493312
2 0.30858143014996053 0.6252007619047618 0.010932553749013417 0.012306052862493312
7 0.7177387340173639 0.6330089673622258 0.015390671507498026 0.01651951974317817
12 0.5692579258089977 0.12212419047619048 0.014996063772691397 0.018726598608881755
10 0.7532558547750592 0.37653833279828786 0.010852419889502763 0.01765649395398609
0 0.3864444262036306 0.6953584590690209 0.024565897395422257 0.01337613012306046
2 0.6953432801894239 0.24143936650615302 0.013417511602209945 0.013643663135366507
8 0.6104971617995264 0.4909710176565008 0.014996063772691397 0.011503481219903692
5 0.7954815090765588 0.469234987693954 0.014996063772691397 0.011904753344034244
5 0.7184293480662983 0.5609953044408774 0.015193387845303866 0.011771014232209739
9 0.640884179952644 0.28651673408239703 0.014206767482241514 0.012306052862493312
2 0.6851816764009471 0.5607276618512573 0.012825579794790843 0.012306052862493312
5 0.7211918042620363 0.1495450914927769 0.01578531965272297 0.012841091492776886
6 0.7845302857142857 0.2652822942750134 0.01657457553275454 0.011503481219903692
6 0.8338596874506707 0.46963604066345643 0.01578531965272297 0.011637247726056715
5 0.47720986266771903 0.19275005671482076 0.015193387845303866 0.01257355848047084
5 0.37445748382004734 0.6709470989834136 0.015390671507498026 0.011771014232209739
7 0.443370178374112 0.19542538683788122 0.01657457553275454 0.016853922311396468
0 0.7780189550118389 0.6302835056179774 0.024072607419100236 0.011771014232209739
13 0.6904103804262036 0.6723850272873194 0.01026044767166535 0.016720183199571963
4 0.6988949518547751 0.6286199302300696 0.012825579794790843 0.015165198929909043
13 0.43133393528018943 0.23461735687533442 0.00828728776637727 0.017924026966292132
10 0.6611213133385951 0.5349786367041198 0.014971373007103394 0.01779026046013911
7 0.32256622320441986 0.2158908678437667 0.01745633086029992 0.01765649395398609
10 0.8133384688239936 0.3079856693418941 0.015390671507498026 0.01779026046013911
2 0.727703134964483 0.6758961583734617 0.013022903867403315 0.012306052862493312
5 0.5228885872138911 0.14713740395933653 0.01578531965272297 0.01337613012306046
1 0.6986977490134175 0.22070624291064742 0.01578531965272297 0.017924026966292132
8 0.3508533543804262 0.2364900331728197 0.017511854775059194 0.013643663135366507
5 0.5033541910023678 0.21619182193686465 0.01578531965272297 0.012372922418405563
8 0.44455420363062353 0.421883342964152 0.015390671507498026 0.011771014232209739
9 0.8293211933701659 0.31032624077046544 0.014601415627466457 0.011637247726056715
2 0.3319356615627466 0.441680128410915 0.01267759684293607 0.012841091492776886
6 0.7699287892659826 0.3336007362225789 0.017166547750591947 0.011637247726056715
0 0.6939620520915548 0.5842695259497057 0.021704799368587213 0.011771014232209739
5 0.8226126598263616 0.4923755248796148 0.01578531965272297 0.012306052862493312
2 0.7296763756906077 0.21910120920278223 0.013022903867403315 0.012841091492776886
2 0.6515391949486977 0.3786783777421081 0.011444351696921862 0.012038519850187265
10 0.7555248997632202 0.44408781594435526 0.012233607576953433 0.01765649395398609
5 0.4569848524072613 0.6037989427501337 0.015390671507498026 0.012306052862493312
2 0.6320540590370954 0.6741574403424291 0.012825579794790843 0.012306052862493312
6 0.38535900236779796 0.3285179925093633 0.01677189960536701 0.011771014232209739
5 0.7445736764009471 0.12653823863028357 0.014798739700078925 0.01257355848047084
0 0.6610101846882399 0.4019528731942215 0.025256511444356748 0.013911168753344035
2 0.6209549739542226 0.24053644943820227 0.012233607576953433 0.012707324986623863
4 0.6991911602209945 0.4015515462814339 0.013318869771112865 0.015516312038523274
5 0.4838201988950276 0.513509975387908 0.01657457553275454 0.012841091492776886
5 0.7340172628255722 0.6300829243445693 0.015982643725335435 0.012974857998929909
5 0.418705679558011 0.12212419047619048 0.014404091554853986 0.012707324986623863
14 0.4652722209944751 0.2133494959871589 0.007498031886345699 0.019261637239165328
5 0.5258486503551697 0.5825308079186731 0.015390671507498026 0.012038519850187265
12 0.5828730039463299 0.30704933119315136 0.014601415627466457 0.018860365115034777
0 0.612075592738753 0.3320625446762975 0.025256511444356748 0.01257355848047084
6 0.4721783614838201 0.44328516211878016 0.01617996779794791 0.012306052862493312
18 0.6685083378058406 0.6051363338683788 0.014996063772691397 0.013911168753344035
6 0.6998817742699289 0.19529170251471376 0.014601415627466457 0.01337613012306046
8 0.44435659668508287 0.23809534082397005 0.01696922367797948 0.012306052862493312
7 0.7045184656669298 0.1524880642054575 0.01617996779794791 0.01658641669341894
9 0.3456493007103394 0.5117709834135902 0.01484808082083662 0.012306052862493312
5 0.4238357821625887 0.32865167683253077 0.01657457553275454 0.011503481219903692
0 0.509027409629045 0.42006920834670947 0.023776641515390686 0.015934322097378276
11 0.7340172628255722 0.6033976158373462 0.015390671507498026 0.01765649395398609
8 0.8539856921862666 0.1268058812199037 0.01696922367797948 0.012841091492776886
9 0.36779784688239936 0.23595502193686463 0.014404091554853986 0.012841091492776886
5 0.6010261720599842 0.5826644922418405 0.01578531965272297 0.012306052862493312
4 0.8378057647987371 0.49291053611556984 0.014206767482241514 0.012841091492776886
0 0.40074971428571426 0.21441951845906904 0.024269931491712707 0.012038519850187265
5 0.5668902794001579 0.30912253397538786 0.014601415627466457 0.010968442589620118
1 0.36824195737963694 0.26183800535045476 0.01608128555643252 0.018592832102728732
13 0.3502859921073401 0.4184808029962547 0.00927386771902131 0.015131750454788657
0 0.31807420110497236 0.4184473545211343 0.02604576732438832 0.014396075762439809
5 0.4604379226519337 0.5126404794007491 0.015193387845303866 0.011503481219903692
7 0.5195345224940806 0.31106205243445695 0.01617996779794791 0.016720183199571963
6 0.7619376290449882 0.6527553472445158 0.01696922367797948 0.012306052862493312
2 0.6870559116022099 0.2873193879079721 0.011838999842146803 0.01257355848047084
21 0.4912193464877664 0.6768324965222043 0.01578531965272297 0.01578384505082932
8 0.5183504972375691 0.21696089031567684 0.014996063772691397 0.012038519850187265
2 0.4747436148382005 0.2162921947565543 0.011444351696921862 0.012038519850187265
11 0.3684391602209945 0.43980745211342964 0.015193387845303866 0.01765649395398609
4 0.4563932438831886 0.4657570037453183 0.013022903867403315 0.014446234777956127
2 0.5414365651144436 0.6278758180845372 0.012628255722178374 0.011771014232209739
0 0.6397001546961326 0.30992518780096306 0.022099447513812154 0.012841091492776886
0 0.5911603725335438 0.3548688710540396 0.024072607419100236 0.011771014232209739
14 0.5422257805840569 0.4645532969502407 0.007103383741120757 0.018191532584269664
5 0.7096489723756907 0.42455867308721246 0.014798739700078925 0.011503481219903692
2 0.7987369723756906 0.6754279892990904 0.013022903867403315 0.01136971471375067
0 0.6862666961325967 0.49291053611556984 0.023677999684293606 0.01417870176565008
6 0.6381217237569061 0.5837345147137507 0.01657457553275454 0.012306052862493312
5 0.583267409629045 0.3782770508293205 0.014996063772691397 0.012841091492776886
24 0.7409234033149171 0.40476188764044946 0.015390671507498026 0.017121455323702513
8 0.4173244514601421 0.26090166720171215 0.01657457553275454 0.013911168753344035
0 0.6965273054459352 0.5376536928838951 0.021310191633780583 0.011771014232209739
8 0.37006689187056035 0.6484752573568754 0.01756115548539858 0.012841091492776886
0 0.35240713496448306 0.3504548228999465 0.024467255564325177 0.012841091492776886
23 0.838397777426993 0.33393522097378275 0.014601415627466457 0.011637247726056715
5 0.6525256132596685 0.6046013226324237 0.01578531965272297 0.015248806420545746
5 0.8305052186266771 0.6076779796682719 0.014601415627466457 0.011771014232209739
0 0.49674425887924234 0.19395403745318351 0.0230860274664562 0.012841091492776886
9 0.45777406787687447 0.2605671824505083 0.013812159747434886 0.012306052862493312
6 0.5955012596685083 0.402086557517389 0.01578531965272297 0.012841091492776886
5 0.6854774806629835 0.4015515462814339 0.014206767482241514 0.010700909577314071
18 0.34002566566692977 0.5318351375066881 0.021211509392265192 0.0149812734082397
6 0.7120166187845304 0.6072766527554843 0.011838999842146803 0.010165870947030498
5 0.7231650449881609 0.2649143884430177 0.014996063772691397 0.01337613012306046
8 0.8433306771902132 0.3574105168539326 0.01657457553275454 0.012306052862493312
9 0.7886739700078926 0.42562869555912247 0.014206767482241514 0.012306052862493312
8 0.7212904056827151 0.4925094831460674 0.014601415627466457 0.011771014232209739
4 0.845698323599053 0.6067416415195293 0.01657457553275454 0.015248806420545746
5 0.847079551696922 0.3790797046548957 0.01657457553275454 0.012841091492776886
13 0.6108919715864246 0.46535567683253076 0.011049743962115234 0.0197966758694489
18 0.5461718579321231 0.3762706902086677 0.014601415627466457 0.014446234777956127
9 0.4323203535911603 0.6033976158373462 0.014206767482241514 0.01257355848047084
5 0.6402921673243883 0.6281078754414126 0.014996063772691397 0.011641411663991439
5 0.49269917600631413 0.17014453076511504 0.01578531965272297 0.01337613012306046
6 0.5706391539068666 0.354467544141252 0.014996063772691397 0.012306052862493312
11 0.45570262983425414 0.44047614767255217 0.014996063772691397 0.017924026966292132
13 0.6724544151539068 0.5576512787586946 0.011049743962115234 0.018994104226859286
8 0.5856354601420679 0.5593899967897271 0.01657457553275454 0.012306052862493312
5 0.4948696195737964 0.6048689652220439 0.01578531965272297 0.01257355848047084
0 0.6706787813733228 0.17255221829855538 0.023677999684293606 0.012841091492776886
5 0.4009966219415943 0.2617708892455859 0.015489353749013416 0.013911168753344035
0 0.814127684293607 0.46976999892990906 0.022888703393843725 0.012841091492776886
2 0.7800907971586425 0.24174015623327985 0.012233607576953433 0.011704117281968967
18 0.5116415595895817 0.44228198180845374 0.021704799368587213 0.014847506902086678
1 0.5814917758484609 0.5391921583734617 0.01617996779794791 0.017924026966292132
10 0.6183897205998421 0.557216530765115 0.014206767482241514 0.018793468164794006
13 0.6081295153906866 0.6243981080791867 0.01026044767166535 0.019261637239165328
13 0.8265587371744277 0.5810594585339754 0.01026044767166535 0.019261637239165328
9 0.6112863772691397 0.40021415516318887 0.014996063772691397 0.011771014232209739
6 0.666929906866614 0.42402366185125734 0.01657457553275454 0.010700909577314071
5 0.6375297111286503 0.2188335666131621 0.014601415627466457 0.011503481219903692
2 0.5213101562746646 0.5136436597110754 0.013022903867403315 0.012306052862493312
9 0.828334775059195 0.6300161369716426 0.014601415627466457 0.012306052862493312
5 0.41574602052091547 0.6035313001605136 0.015193387845303866 0.012306052862493312
12 0.5516967703235991 0.44221513964687 0.014206767482241514 0.018191532584269664
0 0.8275455595895816 0.2419743777421081 0.023677999684293606 0.012105416800428037
5 0.3514453670086819 0.4420814553237025 0.016426592580899763 0.01264045543071161
0 0.814127684293607 0.4259630707330123 0.023677999684293606 0.01257355848047084
5 0.6760064909234412 0.6522874521134296 0.014996063772691397 0.012038519850187265
0 0.4423837600631413 0.5354468057784911 0.021704799368587213 0.012439819368646333
5 0.8320836495659037 0.10286241626538255 0.01657457553275454 0.01417870176565008
13 0.8145224940805051 0.28658385018726595 0.007892639621152327 0.019261637239165328
4 0.7417126187845304 0.46803100695559124 0.012628255722178374 0.01417870176565008
5 0.4057812154696133 0.19141239165329052 0.01617996779794791 0.01337613012306046
7 0.7602605966850828 0.47164267522739434 0.01578531965272297 0.015516312038523274
10 0.6782755359116022 0.5809255002675227 0.011641675769534333 0.017924026966292132
2 0.6073402999210734 0.10045472873194221 0.012628255722178374 0.013643663135366507
6 0.6531176258879242 0.14847506902086677 0.025651159589581685 0.012306052862493312
9 0.8500396148382005 0.4699036832530765 0.01578531965272297 0.011771014232209739
9 0.6260850765588004 0.49043600642054574 0.014601415627466457 0.012172286356340288
14 0.3969022383583268 0.5767790947030498 0.00818864593528019 0.018191532584269664
6 0.5173636748224152 0.194087721776351 0.01578531965272297 0.012306052862493312
8 0.3213792479873718 0.23542001070090957 0.015390671507498026 0.011771014232209739
0 0.7636146614048934 0.26471386195826646 0.023875283346487766 0.012841091492776886
11 0.645422269928966 0.5345104676297485 0.014601415627466457 0.01765649395398609
6 0.483622591949487 0.6279929014446228 0.01657457553275454 0.01120252712680578
0 0.7081440883977901 0.6989032851792403 0.03083068413575375 0.014446234777956127
6 0.3294445613259669 0.5111022878544677 0.01726518958168903 0.011771014232209739
18 0.3202570102604578 0.30243448261102196 0.0162046181531176 0.014713740395933653
7 0.4782952865035517 0.31032624077046544 0.022099447513812154 0.017924026966292132
2 0.7371745288082083 0.4922418405564473 0.013022903867403315 0.012841091492776886
4 0.366614225730071 0.6253992064205457 0.013417511602209945 0.016122411556982342
11 0.6633782352012628 0.12199023220973783 0.01578531965272297 0.01939540374531835
21 0.600631362273086 0.6773675077581593 0.01736387182320442 0.0149812734082397
5 0.7576953433307024 0.6293471674692348 0.013812159747434886 0.012038519850187265
4 0.34254141625887924 0.2576244836811129 0.022987385635359115 0.014446234777956127
0 0.402229543804262 0.09751202996254682 0.02545383551696922 0.014713740395933653
5 0.6065510844514601 0.14794005778491173 0.014996063772691397 0.01257355848047084
8 0.7618390276243094 0.5615303156768325 0.01617996779794791 0.011503481219903692
11 0.8153117095501183 0.6043339539860888 0.014601415627466457 0.018191532584269664
7 0.5647198358326756 0.1736222407704655 0.022099447513812154 0.017924026966292132
0 0.5605761515390687 0.26324251257356873 0.023677999684293606 0.012841091492776886
9 0.681530999210734 0.3782770508293205 0.014996063772691397 0.012306052862493312
0 0.3267098670876085 0.6247324832530765 0.02406646503551697 0.015599919529159978
6 0.6325720397790056 0.26364356554307117 0.014700097868981847 0.012038519850187265
0 0.6787689471191792 0.14927772284644195 0.024467255564325177 0.014446234777956127
13 0.5501183393843725 0.23702504440877473 0.009865839936858722 0.0197966758694489
7 0.7618390276243094 0.6771001391118245 0.02604576732438832 0.015516312038523274
10 0.6894239621152328 0.09898337934724451 0.01578531965272297 0.020331741894060996
5 0.33943369344909236 0.1904760535045479 0.014700097868981847 0.012306052862493312
2 0.33568469771112863 0.2356876532905297 0.012628255722178374 0.01264045543071161
7 0.44435659668508287 0.5155831781701444 0.01578531965272297 0.016853922311396468
0 0.7206983930544594 0.653022989834136 0.03235989518547751 0.012841091492776886
13 0.6870066108918705 0.16907450829320492 0.010359129913180741 0.018726598608881755
5 0.4925019731649566 0.26250670090957734 0.014996063772691397 0.013108624505082933
0 0.5057222415153907 0.12372922418405564 0.024467255564325177 0.012974857998929909
5 0.7174429297553275 0.5378544933119315 0.014996063772691397 0.012038519850187265
5 0.5615625698500395 0.3776083552701979 0.014996063772691397 0.012038519850187265
7 0.7318468192580899 0.541064834670947 0.014996063772691397 0.017121455323702513
13 0.5678766977111287 0.2818520278223649 0.00868193591160221 0.022438475334403424
0 0.7056531902131018 0.2875870304975923 0.024368573322809787 0.013108624505082933
21 0.41554841357537486 0.6295060819689673 0.01736387182320442 0.016904081326912786
9 0.8569453512233622 0.26511491492776884 0.01578531965272297 0.013108624505082933
6 0.3848659952644041 0.26029953986088816 0.015390671507498026 0.012239155912252542
18 0.7032358389897395 0.489834153023007 0.007892639621152327 0.017255221829855536
4 0.41002350118389896 0.5561796554307117 0.013220187529597475 0.0149812734082397
2 0.5020719684293606 0.5585873429641519 0.012825579794790843 0.012306052862493312
2 0.33366837947908445 0.3493848004280364 0.012418606471981057 0.012306052862493312
6 0.6840962525651144 0.46913445050829317 0.01578531965272297 0.011704117281968967
4 0.48677985793212314 0.6492776372391653 0.012825579794790843 0.0149812734082397
24 0.7403313906866614 0.6775014660246121 0.013022903867403315 0.014446234777956127
2 0.7809786140489345 0.5387908314606742 0.013812159747434886 0.012439819368646333
8 0.5761640662983425 0.100254202247191 0.01696922367797948 0.016452650187265917
10 0.3745067845303867 0.3485821466024612 0.01775847955801105 0.018726598608881755
5 0.4204813133385951 0.39767250936329585 0.013614835674822417 0.011771014232209739
6 0.5363060584056827 0.5374531663991439 0.01657457553275454 0.011771014232209739
6 0.6205605682715075 0.309390176565008 0.014996063772691397 0.01377742964151953
0 0.47947890765588 0.42200039892990904 0.025256511444356748 0.012105416800428037
9 0.7978491554853986 0.6987693269127876 0.014798739700078925 0.013108624505082933
2 0.4769140584056827 0.16974320385232744 0.013417511602209945 0.012841091492776886
6 0.5497239337016575 0.1242642354200107 0.022099447513812154 0.012306052862493312
5 0.4528411681136543 0.2158908678437667 0.01617996779794791 0.012841091492776886
5 0.3426400985003946 0.3051098127340824 0.01608128555643252 0.011503481219903692
0 0.434293594317285 0.44221513964687 0.02604576732438832 0.01417870176565008
2 0.3504092438831886 0.6484752573568754 0.01297356274664562 0.01257355848047084
9 0.48796388318863454 0.44341884644194757 0.014206767482241514 0.012306052862493312
2 0.7859115138121547 0.1494114071696094 0.012628255722178374 0.012038519850187265
23 0.7862077221783741 0.21910120920278223 0.015390671507498026 0.011235948207597645
13 0.3397296593528019 0.32437131300160515 0.00956983362273086 0.018191532584269664
5 0.3959154159431728 0.42041199357945425 0.015587995580110498 0.012038519850187265
6 0.8222178500394632 0.4026218426966292 0.01617996779794791 0.011771014232209739
4 0.675611681136543 0.5365168282504013 0.013417511602209945 0.014446234777956127
11 0.6590369439621152 0.557784963081862 0.014996063772691397 0.018726598608881755
2 0.7960735217048146 0.6308185168539326 0.010852419889502763 0.011235948207597645
8 0.4745460078926599 0.6736221551631889 0.017166547750591947 0.013041727554842161
8 0.808603176006314 0.19716437881219903 0.014996063772691397 0.012841091492776886
0 0.7134964483030781 0.24157305082932048 0.022494095659037094 0.01257355848047084
14 0.734115864246251 0.14646870840021403 0.007892639621152327 0.017924026966292132
2 0.8099844041041832 0.2185661979668272 0.011838999842146803 0.011235948207597645
13 0.7257298942383583 0.5810594585339754 0.011049743962115234 0.01765649395398609
7 0.48549723125493294 0.3555378405564473 0.02584844325177585 0.01765649395398609
5 0.5793213322809787 0.28611568111289454 0.014996063772691397 0.013108624505082933
9 0.6973165209155485 0.1249332049224184 0.014206767482241514 0.013108624505082933
0 0.5173636748224152 0.6274744911717496 0.024467255564325177 0.01337613012306046
4 0.41019645777426994 0.6702781294810058 0.01346685272296764 0.014713740395933653
5 0.40188443883188635 0.14499735901551633 0.015094705603788476 0.012306052862493312
8 0.7928176543014995 0.12620375387907973 0.014996063772691397 0.013509896629213484
14 0.7987369723756906 0.26150352059925097 0.007892639621152327 0.018191532584269664
18 0.5627465951065509 0.3315275334403424 0.013417511602209945 0.012707324986623863
7 0.6096894747277032 0.10386559657570893 0.007054083030781373 0.020465481005885498
13 0.5098659258089977 0.1431581037988229 0.010655095816890291 0.021869988228999465
13 0.38733224309392267 0.5762440834670947 0.01006312359905288 0.020331741894060996
0 0.5674822920284136 0.5134431332263243 0.023283351539068665 0.01257355848047084
5 0.696478004735596 0.10286241626538255 0.01578531965272297 0.013108624505082933
2 0.7612470149960536 0.3790797046548957 0.011049743962115234 0.012038519850187265
6 0.8366217395422257 0.5620653269127875 0.01657457553275454 0.011235948207597645
0 0.6274663046566693 0.4456260074906367 0.02604576732438832 0.01257355848047084
5 0.7561169123914759 0.2877207148207597 0.014206767482241514 0.012841091492776886
10 0.8393841957379637 0.5815944697699305 0.013417511602209945 0.018191532584269664
10 0.649565954222573 0.2386303520599251 0.014996063772691397 0.018726598608881755
13 0.6505523725335438 0.1217228635634029 0.009471191791633781 0.019261637239165328
1 0.7507892028413575 0.17522727447833067 0.015390671507498026 0.018191532584269664
6 0.4081492659826362 0.5806581316211877 0.014009483820047354 0.012038519850187265
0 0.40410418310970797 0.5349117945425361 0.0230860274664562 0.012306052862493312
6 0.4029694585635359 0.6486423627608346 0.01568667782162589 0.011302845157838417
6 0.726815318074191 0.42429103049759226 0.017166547750591947 0.01337613012306046
0 0.36206360852407266 0.21348318031032637 0.022518746014206788 0.012841091492776886
5 0.3419494844514602 0.3962011599785982 0.015489353749013416 0.012306052862493312
11 0.33696724356748226 0.4626806206527555 0.013910801578531964 0.01738898833600856
7 0.5359116527229677 0.2423757046548957 0.01736387182320442 0.017924026966292132
2 0.678867548539858 0.4458265339753879 0.012233607576953433 0.012506688924558588
2 0.32308109234411997 0.5568486249331194 0.011395010576164167 0.011503481219903692
6 0.5548540363062352 0.4681646912787587 0.01736387182320442 0.013643663135366507
10 0.8222178500394632 0.5588549855537721 0.013022903867403315 0.018994104226859286
22 0.5856354601420679 0.4446228271803104 0.013417511602209945 0.011771014232209739
6 0.6004341594317285 0.5369181551631889 0.018942383583267563 0.01257355848047084
7 0.3652451207576954 0.5589886698769395 0.025626468823993685 0.01765649395398609
2 0.5767560789265983 0.14767241519529162 0.013417511602209945 0.012306052862493312
5 0.5696527355958958 0.5825308079186731 0.01578531965272297 0.012038519850187265
7 0.3852111002367798 0.3772070283574103 0.01637725146014207 0.01765649395398609
13 0.3495953780584057 0.4622792937399679 0.010359129913180741 0.02086678052434457
5 0.6969217111286504 0.4459604922418406 0.022494095659037094 0.01337613012306046
8 0.3211325827940016 0.2576244836811129 0.01637725146014207 0.016318883681112895
13 0.6492697458563536 0.35312987907972176 0.009767157695343332 0.02086678052434457
4 0.6278611144435674 0.5125067950775816 0.012628255722178374 0.014713740395933653
23 0.6345696479873717 0.2407703970037453 0.013812159747434886 0.011771014232209739
6 0.7133978468823994 0.3103933568753344 0.025059187371744278 0.01257355848047084
13 0.6099207031412787 0.23809534082397005 0.00752886503551697 0.017924026966292132
18 0.5704419510655091 0.6963616393793473 0.014996063772691397 0.017121455323702513
10 0.46014211838989744 0.2815509641519529 0.01617996779794791 0.017957475441412518
0 0.3276193843725335 0.3271803274478331 0.032655861089187055 0.012841091492776886
21 0.7064424056827151 0.33761373140716966 0.01568667782162589 0.017121455323702513
2 0.4583660805051302 0.16947556126270732 0.013417511602209945 0.01257355848047084
13 0.3238580230465667 0.5306314307116105 0.010285138437253354 0.019662909363295882
5 0.42423059194948703 0.5802568047084002 0.014996063772691397 0.012306052862493312
18 0.5761640662983425 0.19208136115569824 0.015390671507498026 0.018191532584269664
13 0.7038278516179953 0.6035313001605136 0.0067087760063141285 0.01765649395398609
18 0.6168112896606156 0.2616037838416265 0.014601415627466457 0.016385780631353666
8 0.35753764167324387 0.6716826367041198 0.01736387182320442 0.014312468271803103
6 0.4291634917127072 0.6269394799357946 0.013614835674822417 0.011771014232209739
0 0.7565113180741909 0.5383226623863028 0.03275454333070244 0.012172286356340288
6 0.7118194159431728 0.5153826516853932 0.015982643725335435 0.01257355848047084
5 0.6295505932123125 0.5370518394863564 0.016155277032359906 0.012038519850187265
13 0.44889509076558803 0.6241304654895666 0.011049743962115234 0.019261637239165328
13 0.5556432517758485 0.6705791931514179 0.00868193591160221 0.018860365115034777
2 0.6270718989739542 0.4681646912787587 0.01973163946329913 0.011704117281968967
0 0.4644830055248618 0.3297216993044409 0.022888703393843725 0.01337613012306046
9 0.8382005745856355 0.402086557517389 0.014601415627466457 0.012306052862493312
0 0.4388320883977901 0.16947556126270732 0.024467255564325177 0.012841091492776886
13 0.7373717316495659 0.17014453076511504 0.009865839936858722 0.019261637239165328
18 0.8114149329123914 0.6283022382022472 0.019632997632202054 0.014596711824505084
0 0.4177188571428572 0.23799480363830927 0.02683502320441989 0.012038519850187265
10 0.3130981026045777 0.4613429555912253 0.016118301499605366 0.019261637239165328
13 0.4957578405682715 0.6251922696629213 0.00828728776637727 0.017472568432316746
18 0.802289048145225 0.28651673408239703 0.015390671507498026 0.014713740395933653
12 0.6365428887134964 0.35259486784376676 0.013417511602209945 0.01765649395398609
0 0.7995265919494869 0.5153826516853932 0.01637725146014207 0.012038519850187265
2 0.5426201862667719 0.6048689652220439 0.012628255722178374 0.012841091492776886
6 0.6953432801894238 0.5150481669341894 0.01578531965272297 0.012974857998929909
12 0.6187845303867403 0.3523274991974318 0.02012628760852407 0.018191532584269664
12 0.5639306203630623 0.39780619368646336 0.015390671507498026 0.01765649395398609
0 0.5438042115232833 0.6737226923488496 0.03157063930544594 0.012105416800428037
8 0.666929906866614 0.1955590711610487 0.01617996779794791 0.0149812734082397
8 0.39976329597474347 0.6268057956126271 0.014009483820047354 0.011235948207597645
2 0.47790047671665353 0.262038531835206 0.013022903867403315 0.014446234777956127
14 0.4398185067087608 0.6238630968432317 0.007300707813733228 0.018191532584269664
2 0.7859115138121547 0.515449493846977 0.011049743962115234 0.012172286356340288
9 0.4522495595895817 0.12219103263777421 0.014009483820047354 0.012974857998929909
8 0.5568272770323599 0.6052702921348314 0.01578531965272297 0.01337613012306046
7 0.8041632833464878 0.5619316425896201 0.021507515706393053 0.012841091492776886
4 0.450769730071034 0.30557798180845375 0.023677999684293606 0.014044935259497057
7 0.8441198926598263 0.2221107501337614 0.02683502320441989 0.017756811985018727
6 0.5899763472770323 0.6516853247726057 0.014601415627466457 0.012306052862493312
22 0.6838990497237569 0.42402366185125734 0.014206767482241514 0.011771014232209739
2 0.6527228161010261 0.49157314499732474 0.01026044767166535 0.012038519850187265
2 0.5069062667719022 0.6971642932049225 0.013022903867403315 0.013108624505082933
18 0.6464086882399369 0.16987688817549493 0.022099447513812154 0.017121455323702513
12 0.47158634885556433 0.5781167597645799 0.02683502320441989 0.01765649395398609
12 0.7561169123914759 0.09965234884965221 0.021704799368587213 0.02086678052434457
14 0.6132596179952644 0.6032636575708936 0.007103383741120757 0.017924026966292132
22 0.6487767387529597 0.26371040770465487 0.014996063772691397 0.012306052862493312
2 0.7389501625887924 0.3104601990369181 0.012233607576953433 0.012038519850187265
18 0.5392661215469613 0.5121723103263778 0.022099447513812154 0.01578384505082932
6 0.6089187308602999 0.5137773440342429 0.022494095659037094 0.01257355848047084
6 0.8067285367008682 0.5389245157838416 0.025059187371744278 0.011235948207597645
0 0.3722377395422257 0.14472971642589622 0.03127467340173639 0.013911168753344035
7 0.5923439936858721 0.49337870518994115 0.022888703393843725 0.017924026966292132
22 0.7128058342541437 0.5842695259497057 0.013022903867403315 0.011771014232209739
5 0.4013910276243094 0.3745319721776351 0.015292029676400948 0.012306052862493312
22 0.7363853133385951 0.19636172498662388 0.014601415627466457 0.011771014232209739
23 0.7131262888713497 0.4023542001070091 0.013368210891870562 0.011235948207597645
0 0.7988359779005525 0.23939931086142324 0.024664579636937647 0.017522727447833068
13 0.7769335311760063 0.3786783777421081 0.009668515864246252 0.02407703970037453
5 0.5737964198895028 0.4681646912787587 0.0205208953433307 0.01337613012306046
6 0.4378452659826362 0.4893659839486356 0.024467255564325177 0.013242363616907438
13 0.8332676748224153 0.6959603124665596 0.011838999842146803 0.020599247512038524
2 0.6252958610891871 0.5608613461744247 0.012628255722178374 0.01257355848047084
9 0.7922256416732439 0.5837345147137507 0.014009483820047354 0.012306052862493312
14 0.7458563030781373 0.626120252541466 0.007498031886345699 0.017689942429106473
6 0.6805445808997632 0.12546821615837347 0.01617996779794791 0.012841091492776886
18 0.7882795643251775 0.17255221829855538 0.022099447513812154 0.013911168753344035
2 0.7154696890292028 0.12586954307116105 0.011049743962115234 0.012841091492776886
5 0.7512826140489345 0.6972979775280899 0.013812159747434886 0.01765649395398609
4 0.38535900236779796 0.18994104226859282 0.012825579794790843 0.014446234777956127
6 0.47277037411207584 0.6503476597110756 0.014601415627466457 0.011235948207597645
6 0.7214876085240727 0.3574105168539326 0.023480675611681136 0.012306052862493312
2 0.4206789202841357 0.6948234478330658 0.013417511602209945 0.01377742964151953
13 0.6790647513812155 0.35339752166934196 0.010457771744277821 0.018726598608881755
5 0.3819059321231255 0.09697701872659176 0.013812159747434886 0.015516312038523274
22 0.3983820678768745 0.4646869812734083 0.012430931649565904 0.011771014232209739
4 0.366614225730071 0.39499745318352064 0.012825579794790843 0.015248806420545746
22 0.6018153875295975 0.5601926506153023 0.013417511602209945 0.01257355848047084
18 0.7892659826361483 0.4026218426966292 0.01657457553275454 0.012306052862493312
4 0.6704815785319653 0.468398912787587 0.011838999842146803 0.013309260567148208
4 0.4709943362273086 0.14513104333868376 0.012628255722178374 0.014446234777956127
8 0.6250986582478295 0.28778755698234354 0.014206767482241514 0.012841091492776886
10 0.8253747119179162 0.1706795420010701 0.014601415627466457 0.018726598608881755
6 0.7154696890292028 0.2188335666131621 0.014996063772691397 0.014446234777956127
7 0.7841358800315706 0.4491705596575709 0.024072607419100236 0.017121455323702513
6 0.5919495880031571 0.10038788657035848 0.013812159747434886 0.013242363616907438
4 0.8076163535911602 0.12540137399678972 0.014206767482241514 0.014580001284109148
6 0.6598261594317285 0.5837345147137507 0.021310191633780583 0.011235948207597645
18 0.6994869644830308 0.5589886698769395 0.015390671507498026 0.016051378063135367
2 0.41722585003946333 0.6490102685928304 0.011049743962115234 0.011503481219903692
12 0.7071823204419889 0.17041189941144996 0.02032361168113654 0.019261637239165328
5 0.4956588350434096 0.2863830497592295 0.00828728776637727 0.00749065040128411
6 0.3805247040252565 0.21294816907437134 0.014601415627466457 0.012841091492776886
14 0.7251382857142856 0.16987688817549493 0.013812159747434886 0.018726598608881755
10 0.8239934838200473 0.1936863948635634 0.013417511602209945 0.01765649395398609
2 0.3869378374112076 0.3515248453718566 0.011049743962115234 0.011235948207597645
2 0.45974730860299917 0.4202783092562868 0.012628255722178374 0.015516312038523274
0 0.4818469581689029 0.4888978148742643 0.022888703393843725 0.0149812734082397
13 0.7230664435674823 0.30724985767790264 0.008089963693764798 0.01805779347244516
2 0.6181555826361484 0.41987698234349924 0.019854972059984214 0.01658641669341894
6 0.479084501973165 0.4680644280363831 0.023283351539068665 0.013576766185125736
5 0.5607733543804262 0.19435536436597112 0.015390671507498026 0.012841091492776886
8 0.4902329281767956 0.3994115013376137 0.013812159747434886 0.010700909577314071
4 0.4354776195737963 0.1211210101658641 0.017955803630623518 0.016853922311396468
22 0.6505523725335438 0.19502405992509364 0.013812159747434886 0.013108624505082933
6 0.5428177932123125 0.490369164258962 0.026440415469613256 0.012841091492776886
8 0.681136593528019 0.2188335666131621 0.018153127703235992 0.015516312038523274
12 0.45007911602209943 0.09604068057784912 0.015982643725335435 0.02086678052434457
22 0.7271111223362273 0.40074916639914393 0.013022903867403315 0.011235948207597645
13 0.6179953149171271 0.4423154028892456 0.00868193591160221 0.017522727447833068
7 0.6566692975532754 0.449045367576244 0.018153127703235992 0.017238483895131086
8 0.6736384404104183 0.1023274050294275 0.018942383583267563 0.015516312038523274
24 0.8224150528808207 0.2225789192081327 0.015390671507498026 0.01658641669341894
5 0.5864246756116812 0.696161112894596 0.01578531965272297 0.019127870733012305
9 0.8451067150749803 0.6986356425896201 0.014601415627466457 0.013643663135366507
9 0.4765192486187846 0.2386303520599251 0.013812159747434886 0.012306052862493312
21 0.7687451681136543 0.6964953237025147 0.021902123441199687 0.018726598608881755
18 0.6602209692186266 0.6273408068485822 0.021014225730071032 0.014713740395933653
4 0.640884179952644 0.6498126484751203 0.013417511602209945 0.013911168753344035
0 0.5757696606156275 0.21669352166934192 0.022099447513812154 0.014446234777956127
22 0.8482635769534334 0.24211655430711612 0.014996063772691397 0.012155575815944356
2 0.720402588792423 0.3336007362225789 0.012233607576953433 0.012306052862493312
13 0.3552807198105762 0.392589491706795 0.010038473243883189 0.020331741894060996
13 0.3329160991318074 0.30136446013911183 0.009384875138121546 0.019930442375601924
18 0.30854748539857935 0.6479399721776351 0.0108893954222573 0.01337613012306046
7 0.610108769187056 0.698970127340824 0.007855664088397791 0.021535585660781165
8 0.6657458816101025 0.3785446934189406 0.01657457553275454 0.01337613012306046
4 0.5935280189423836 0.4215134373461744 0.015390671507498026 0.013313424505082933
4 0.4522495595895817 0.6498962011771 0.013417511602209945 0.013342709042268593
8 0.6799525682715075 0.2412470583199572 0.014996063772691397 0.01349318608881755
4 0.8054459100236779 0.653022989834136 0.01657457553275454 0.012841091492776886
6 0.3510998579321231 0.6254681305510968 0.017215848460931334 0.011771014232209739
8 0.4011938247829519 0.35205985660781164 0.01687054143646409 0.01337613012306046
8 0.80633372691397 0.37948103156768326 0.01677189960536701 0.011771014232209739
6 0.5329519936858721 0.4225103717495987 0.022099447513812154 0.011219237667201712
22 0.8445147024467247 0.28872389513108615 0.012628255722178374 0.011771014232209739
5 0.5153908382004735 0.6715489523809524 0.014996063772691397 0.01765649395398609
13 0.4948696195737964 0.6938202675227394 0.010457771744277821 0.01738898833600856
1 0.6489739415943173 0.4260299676832531 0.015193387845303866 0.017924026966292132
13 0.5887923220205209 0.19181371856607812 0.01026044767166535 0.019261637239165328
12 0.4844118074191003 0.11757618405564473 0.015390671507498026 0.02287319593365436
7 0.34130821152328333 0.21295646955591224 0.018942383583267563 0.013075176029962547
23 0.32158889723756906 0.6486423627608346 0.013836810102604577 0.01136971471375067
2 0.6331888239936859 0.19181371856607812 0.020915543488555642 0.01845906559657571
18 0.3558480820836622 0.09637516532905296 0.012850230149960538 0.016452650187265917
24 0.7523676337805841 0.3136705403959336 0.01617996779794791 0.016853922311396468
21 0.3358881641673244 0.5773141059390049 0.022087122336227307 0.018726598608881755
6 0.8541832991318075 0.1717495644729802 0.024861863299131808 0.018191532584269664
22 0.3896998895027624 0.442750150882825 0.013812159747434886 0.012841091492776886
13 0.3692776764009471 0.0943016886035313 0.011740317600631413 0.021000547030497592
2 0.31397985793212313 0.6013909812734082 0.015218038200473561 0.011771014232209739
10 0.5880031065509076 0.6257357731407169 0.014206767482241514 0.017924026966292132
13 0.3758387119179163 0.18766731300160513 0.009076543646408839 0.019261637239165328
4 0.5055250386740332 0.5826644922418405 0.012233607576953433 0.013108624505082933
1 0.6724544151539068 0.33500524344569294 0.015390671507498026 0.017522727447833068
18 0.34259075737963696 0.48809516104868916 0.02584844325177585 0.016051378063135367
24 0.6361484830307814 0.6083466752273943 0.01578531965272297 0.017121455323702513
0 0.6495166535122336 0.5151150090957731 0.0230860274664562 0.012038519850187265
6 0.77663772691397 0.12580270090957732 0.01657457553275454 0.01337613012306046
9 0.6010261720599842 0.44489019582664524 0.014206767482241514 0.012306052862493312
2 0.6117797884767167 0.287118861423221 0.011247027624309392 0.016452650187265917
22 0.3861482178374112 0.6486089416800428 0.013220187529597475 0.011771014232209739
6 0.7642066740331492 0.4474318416265382 0.014996063772691397 0.012038519850187265
22 0.7178373354380426 0.3796147158908507 0.014206767482241514 0.010700909577314071
23 0.6653510718232044 0.4923755248796148 0.012628255722178374 0.011503481219903692
13 0.5730072044198895 0.5548422643124665 0.00828728776637727 0.02086678052434457
2 0.6229282146803473 0.6051363338683788 0.011444351696921862 0.01337613012306046
12 0.6100902733385951 0.14549894917067951 0.007720006314127861 0.018258429534510432
18 0.45925430149960533 0.35098983413590157 0.015587995580110498 0.016051378063135367
7 0.31077349329123916 0.5350454788657036 0.015341370797158643 0.021401819154628143
12 0.6140488334648776 0.6502139753879079 0.013417511602209945 0.013108624505082933
22 0.6649566661404893 0.2414475848047084 0.014009483820047354 0.012690614446227929
18 0.6602209692186267 0.2174959015516319 0.021310191633780583 0.016853922311396468
2 0.771112814522494 0.42429103049759226 0.020915543488555642 0.012306052862493312
24 0.410590863456985 0.17121455323702514 0.015834660773480662 0.018191532584269664
6 0.5661010639305446 0.23996801712145532 0.022888703393843725 0.013911168753344035
13 0.6182542244672455 0.51043331835206 0.007251366692975532 0.017121455323702513
24 0.48677985793212314 0.21923489352594971 0.014996063772691397 0.016853922311396468
10 0.7517760252565114 0.5813268271803103 0.013417511602209945 0.018191532584269664
6 0.3664166187845304 0.46548963509898345 0.022494095659037094 0.011637247726056715
23 0.5025649755327545 0.3312601647940075 0.013812159747434886 0.012306052862493312
21 0.3637527640094712 0.422853129588015 0.01736387182320442 0.01658641669341894
5 0.7048146740331491 0.4248260417335473 0.004735616101026046 0.010700909577314071
13 0.7394435737963694 0.5817281540930979 0.009865839936858722 0.01738898833600856
4 0.47947890765588 0.283774835741038 0.022494095659037094 0.014446234777956127
18 0.6491711444356748 0.6743245457463884 0.012628255722178374 0.011771014232209739
13 0.422849363851618 0.1666665468164794 0.00828728776637727 0.018726598608881755
18 0.3673048397790055 0.6836542322097378 0.013614835674822417 0.002407703970037453
5 0.6816300047355959 0.6275916293204923 0.0205208953433307 0.017823708935259495
4 0.4475138626677191 0.5575173204922418 0.01854773543804262 0.014446234777956127
8 0.7004733827940016 0.3785446934189406 0.013417511602209945 0.013108624505082933
12 0.5102110307813733 0.6500802910647405 0.022987385635359115 0.013911168753344035
22 0.6779793275453828 0.6749598202247191 0.013417511602209945 0.011771014232209739
18 0.5475530860299921 0.33132700695559125 0.01578531965272297 0.01257355848047084
6 0.3621250323599053 0.5339754563937935 0.022691379321231255 0.012306052862493312
14 0.5994473370165746 0.625426354200107 0.007103383741120757 0.017740101444622795
6 0.6208440069455406 0.21831318394863564 0.018153127703235992 0.012945600856072766
1 0.6785713401736385 0.5177234970572498 0.015390671507498026 0.01805779347244516
10 0.5280190939226519 0.23622266452648474 0.014996063772691397 0.018191532584269664
18 0.5039462036306235 0.30785171107544135 0.013022903867403315 0.01337613012306046
5 0.8137825793212312 0.26471386195826646 0.022790061562746645 0.013108624505082933
18 0.7965665288082084 0.6054039764579989 0.02012628760852407 0.014446234777956127
5 0.3694259826361484 0.1213215366506153 0.015390671507498026 0.012841091492776886
13 0.4605365240726125 0.5563136136971643 0.004735616101026046 0.019529170251471373
8 0.7073548729281768 0.26457990369181383 0.01504536448303078 0.011771014232209739
5 0.7765391254932913 0.30992518780096306 0.021902123441199687 0.013911168753344035
18 0.5808997632202052 0.6730871439272338 0.014206767482241514 0.013911168753344035
6 0.6383189265982636 0.37841100909577313 0.013417511602209945 0.012306052862493312
21 0.3226587226519337 0.6692081070090958 0.021710982162588793 0.016853922311396468
22 0.429262093133386 0.42109959122525414 0.014996063772691397 0.012201543499197432
12 0.8014994285714285 0.10279557410379883 0.007892639621152327 0.0149812734082397
7 0.5505131491712708 0.21718040107009096 0.018153127703235992 0.012736582129481006
4 0.5994473370165746 0.19315138362760834 0.011838999842146803 0.015516312038523274
9 0.5351224372533544 0.26217221615837344 0.013417511602209945 0.01257355848047084
4 0.5982637158642463 0.26207195291599783 0.012628255722178374 0.014780637346174425
5 0.4261048271507498 0.28310586623863027 0.014404091554853986 0.013643663135366507
13 0.6126676053670087 0.5336409716425896 0.009076543646408839 0.0197966758694489
4 0.8360301310181532 0.6725521326912787 0.01775847955801105 0.01805779347244516
1 0.6602209692186267 0.31179786409844834 0.014996063772691397 0.01845906559657571
10 0.5978689060773481 0.3753343520599251 0.011049743962115234 0.018726598608881755
18 0.7474347340173638 0.42322306260032105 0.022888703393843725 0.013840135259497057
13 0.6680149265982636 0.4435528047084002 0.009471191791633781 0.020331741894060996
5 0.4528411681136543 0.5810594585339754 0.009865839936858722 0.008025689031567683
10 0.655485272296764 0.7001738341359016 0.01657457553275454 0.019662909363295882
10 0.3663180173638516 0.6928839293739968 0.014798739700078925 0.020197975387907973
4 0.5394633243883188 0.28491170037453184 0.018942383583267563 0.01337613012306046
7 0.8196525966850828 0.33580789727126803 0.021310191633780583 0.018325299090422686
12 0.8516180457774271 0.10420008132691279 0.024072607419100236 0.02247189641519529
13 0.6507499794790844 0.5802568047084002 0.00848461183898974 0.01738898833600856
13 0.4429753685872139 0.43840294489031567 0.009865839936858722 0.0211342861423221
18 0.7691395737963693 0.5141786709470305 0.023283351539068665 0.014847506902086678
14 0.5651146456195738 0.14446234777956127 0.007498031886345699 0.018994104226859286
6 0.4340963914759274 0.6703115505617978 0.023677999684293606 0.01812466302835741
5 0.6762036937647987 0.6985019582664527 0.024072607419100236 0.015248806420545746
2 0.5927388034727704 0.3306580374531835 0.011838999842146803 0.0149812734082397
18 0.5702447482241515 0.4431514777956126 0.018153127703235992 0.01571694810058855
14 0.8378057647987371 0.17041189941144996 0.007103383741120757 0.018191532584269664
6 0.3637406408839779 0.30531033921883355 0.027057038042620364 0.013108624505082933
18 0.8220206471981057 0.3568752316746924 0.022099447513812154 0.012841091492776886
14 0.6026046029992107 0.6479399721776351 0.007103383741120757 0.018191532584269664
18 0.5299919305445935 0.3772070283574103 0.012628255722178374 0.012306052862493312
2 0.49348839147592743 0.5815944697699305 0.011838999842146803 0.012841091492776886
8 0.5007893417521705 0.3999465125735687 0.009865839936858722 0.011503481219903692
13 0.6562744877663773 0.6496622536115569 0.01578531965272297 0.01675360428036383
0 0.5753748508287292 0.42188337035848045 0.0205208953433307 0.011821173247726057
6 0.6053670591949487 0.24067013376136973 0.01657457553275454 0.012774221936864635
5 0.4250198074191002 0.46669334189406103 0.009668515864246252 0.008293194649545211
4 0.7744672833464877 0.3558052092027822 0.01973163946329913 0.0149812734082397
10 0.41712724861878453 0.508761442482611 0.015390671507498026 0.018860365115034777
0 0.6154054920284135 0.6716157945425361 0.01842444325177585 0.018994104226859286
18 0.8034726692975532 0.14794005778491173 0.021310191633780583 0.015516312038523274
18 0.4190014838200473 0.3743980139111825 0.01756115548539858 0.013643663135366507
18 0.4129835643251776 0.41943385168539327 0.01696922367797948 0.015282227501337613
8 0.8224150528808207 0.653558001070091 0.01657457553275454 0.011235948207597645
8 0.7946922936069455 0.10292925842696629 0.012430931649565904 0.014446234777956127
23 0.6641674506708761 0.6750935045478865 0.013417511602209945 0.011771014232209739
10 0.3103603371744278 0.5545746217228464 0.014539749329123913 0.020599247512038524
6 0.3352468912391476 0.16639917817014446 0.016660892186266773 0.013911168753344035
