46 0.2204024625098658 0.5895598771750256 0.030386735280189425 0.011770733265097236
10 0.35235783425414363 0.31864112998976457 0.013318869771112865 0.01765608679631525
35 0.533938411996843 0.23196010644831117 0.022888703393843725 0.018167850972364383
11 0.1673241862667719 0.20263720614124872 0.014601415627466457 0.012218536745138179
21 0.2647985603788477 0.6940891054247696 0.021310191633780583 0.01586489907881269
18 0.274269954222573 0.42214688229273284 0.01736387182320442 0.01586489907881269
11 0.3983820678768745 0.6225610808597748 0.011444351696921862 0.015880882702149438
9 0.5903711570639306 0.21212888433981578 0.014996063772691397 0.010747178710337769
11 0.3983820678768745 0.40020472139201635 0.011444351696921862 0.014329580348004094
10 0.5990529313338596 0.4951380634595701 0.014206767482241514 0.01688842743091095
18 0.16002364009471193 0.4270727205731832 0.01696922367797948 0.013306025793244625
2 0.3581292501973165 0.6892911361310133 0.012233607576953433 0.009339807574206755
5 0.5030583867403315 0.6226970726714433 0.013614835674822417 0.010427322824974411
3 0.6179953149171271 0.14687823132036848 0.024467255564325177 0.01791198198567042
24 0.36582460615627466 0.5875129252814739 0.01657457553275454 0.013817816171954964
20 0.655485272296764 0.3526099979529171 0.024467255564325177 0.020726724257932445
18 0.5883979163378059 0.41402248515864887 0.01736387182320442 0.01586489907881269
21 0.30485417521704816 0.3659159713408393 0.0205208953433307 0.015353134902763563
5 0.24506696132596686 0.6097588274309109 0.012628255722178374 0.00994755209825998
18 0.677486320441989 0.6145246984646878 0.01756115548539858 0.016600564994882293
10 0.7100433780584057 0.6774564421699079 0.013220187529597475 0.02021493387922211
0 0.34584650355169694 0.2584441842374616 0.022691379321231255 0.007164803275332652
12 0.5937252217837411 0.2306806305015353 0.01657457553275454 0.018167850972364383
14 0.3330703456985004 0.3600305916069601 0.007892639621152327 0.01586489907881269
18 0.25434115232833465 0.21801426407369498 0.01696922367797948 0.014841344524053224
1 0.6010261720599842 0.39883730931422723 0.014206767482241514 0.011594808597748208
8 0.5763616732438832 0.3555528188331627 0.015390671507498026 0.00972365035823951
2 0.19297550749802683 0.1617196806550665 0.013417511602209945 0.00972365035823951
18 0.6732440347277032 0.5534801228249744 0.01657457553275454 0.015353134902763563
18 0.6724544151539068 0.2272263336745138 0.017166547750591947 0.016376663254861822
2 0.6273184833464878 0.45681929170931423 0.012628255722178374 0.010363362128966222
2 0.3654302004735596 0.2581884462640737 0.012430931649565904 0.007676567451381781
6 0.500986544593528 0.29746675946775847 0.014601415627466457 0.01023541453428864
18 0.180544454617206 0.2420675209825998 0.01775847955801105 0.014329580348004094
7 0.23520116179952644 0.44933476356192426 0.01657457553275454 0.014329580348004094
21 0.29755322494080505 0.46788650972364376 0.018942383583267563 0.015097239713408393
21 0.6270718989739542 0.33572159672466734 0.0205208953433307 0.015353134902763563
10 0.557221682715075 0.20982593244626407 0.012628255722178374 0.017400191606960082
22 0.3449093859510655 0.36284554350051174 0.014206767482241514 0.00972365035823951
5 0.38111671665351227 0.6058086714431935 0.013812159747434886 0.01023541453428864
9 0.3056433906866614 0.3225434923234391 0.014206767482241514 0.00972365035823951
11 0.5532756053670087 0.23106449948822927 0.014996063772691397 0.016376663254861822
18 0.37835426045777426 0.23618214124872058 0.01657457553275454 0.01688842743091095
5 0.16022084293606945 0.24385873490276358 0.015390671507498026 0.011258969089048106
7 0.5753748508287292 0.5612845854657114 0.014996063772691397 0.014329580348004094
6 0.6177981120757695 0.2531667062436029 0.0067087760063141285 0.009083938587512793
10 0.2908446913970008 0.6264073694984647 0.011838999842146803 0.01944730071647902
2 0.23993685872138912 0.6508444953940635 0.011838999842146803 0.00844422681678608
7 0.5370956779794791 0.6036335885363356 0.01657457553275454 0.014073685158648925
9 0.4446528050513023 0.624616155578301 0.014798739700078925 0.010747178710337769
6 0.46132614364640884 0.21627110583418627 0.015390671507498026 0.009819604503582394
29 0.3251652596685083 0.20244930685772775 0.02330800189423836 0.011858695598771752
2 0.6272691018153118 0.35414521187308085 0.011838999842146803 0.00972365035823951
1 0.5698499384372533 0.4183726509723644 0.014996063772691397 0.014329580348004094
20 0.48401740173638513 0.4384596110542477 0.024269931491712707 0.021238488433981576
11 0.5674822920284136 0.45278906038894573 0.014601415627466457 0.011514838075742067
21 0.3563536164167324 0.40405897563971344 0.01736387182320442 0.014937298669396111
2 0.3835833685872139 0.5437563152507676 0.011444351696921862 0.00921185997952917
5 0.38496459668508287 0.6258956315250768 0.014601415627466457 0.00972365035823951
10 0.4104183109707972 0.15212374206755375 0.012825579794790843 0.017400191606960082
5 0.40795165903709546 0.2579324462640737 0.014404091554853986 0.008188331627430911
5 0.45422239621152327 0.31921706448311155 0.014206767482241514 0.00997951934493347
18 0.20856342225730073 0.15839299078812694 0.01736387182320442 0.016632558444216988
2 0.3452544909234412 0.4846467799385875 0.011740317600631413 0.00972365035823951
21 0.31132844956590366 0.6524116765609007 0.016451242936069456 0.018359785465711362
0 0.4782952865035517 0.5022389846468782 0.022888703393843725 0.010747178710337769
2 0.2951855785319653 0.42467386693961107 0.012628255722178374 0.00972365035823951
18 0.2657853827940016 0.6283345752302968 0.01736387182320442 0.013290042169907881
5 0.6119061922651934 0.23259971340839306 0.011425843725335439 0.01023541453428864
5 0.6896211649565903 0.45371663459570116 0.014601415627466457 0.010043506243602866
4 0.34629061404893446 0.627119033776868 0.01026044767166535 0.011370906857727738
5 0.17176407892659826 0.28467252405322413 0.014404091554853986 0.010491309723643807
13 0.43942369692186267 0.5596212405322416 0.009471191791633781 0.017400191606960082
4 0.3484610576164167 0.5246928311156602 0.011444351696921862 0.00997951934493347
9 0.19761260299921074 0.20227746980552713 0.013614835674822417 0.010491309723643807
4 0.6758088839779006 0.29094177277379735 0.011444351696921862 0.011514838075742067
7 0.6398973575374901 0.5396621494370522 0.01578531965272297 0.014329580348004094
0 0.1525254869771113 0.22453951279426815 0.023677999684293606 0.010491309723643807
7 0.6639698437253355 0.4567553572159672 0.01617996779794791 0.013817816171954964
7 0.6827150244672454 0.4977609498464688 0.025256511444356748 0.015609003889457523
5 0.3228837682715075 0.5069088229273285 0.01396014269928966 0.00895599099283521
7 0.31906086187845306 0.2833930481064483 0.01657457553275454 0.014073685158648925
22 0.5895815374901342 0.6415045568065507 0.014206767482241514 0.01023541453428864
5 0.4297555043409629 0.42105947185261 0.013812159747434886 0.00997951934493347
2 0.3350435864246251 0.6279425834186285 0.011049743962115234 0.009851597952917093
7 0.23086027466456197 0.4081371054247697 0.01578531965272297 0.013561920982599795
2 0.3194552675611681 0.4455602702149437 0.012628255722178374 0.00972365035823951
12 0.20486384846093134 0.4050664155578301 0.025157869613259668 0.01791198198567042
0 0.4299527071823205 0.3602865916069601 0.022494095659037094 0.00972365035823951
6 0.6146408460931334 0.3958546079836233 0.014206767482241514 0.00972365035823951
6 0.3518151223362273 0.5450357911975434 0.01578531965272297 0.00921185997952917
5 0.3105762904498816 0.3015609252814739 0.01578531965272297 0.00946775516888434
0 0.2809784877663773 0.36489249539406343 0.021310191633780583 0.01023541453428864
5 0.5434098058405683 0.3971340839303992 0.014206767482241514 0.01023541453428864
21 0.570047545382794 0.6028658505629477 0.019337031728492503 0.01586489907881269
5 0.6115578140489345 0.518487778915046 0.010803078768745068 0.009083938587512793
2 0.19790840726124703 0.61089431975435 0.012628255722178374 0.010299375230296826
23 0.2275058058405683 0.6519958403275333 0.013022903867403315 0.010107466939611055
2 0.39640882715074977 0.6672211586489253 0.012332289818468824 0.00972365035823951
22 0.6041830339384373 0.43666839713408395 0.013417511602209945 0.00997951934493347
10 0.35102590686661406 0.6860286427840327 0.012233607576953433 0.016632558444216988
13 0.17363871823204421 0.4247697686796315 0.007892639621152327 0.01842374616171955
4 0.3052485808997632 0.2806422927328557 0.010655095816890291 0.010747178710337769
2 0.21428553749013418 0.6512283643807574 0.011838999842146803 0.007676567451381781
21 0.2505918737174428 0.6734901453428863 0.0205208953433307 0.016248715660184238
18 0.19139707655880034 0.25742070829068575 0.01657457553275454 0.00921185997952917
7 0.5688635201262826 0.5826510214943705 0.01736387182320442 0.014329580348004094
8 0.6343724451460142 0.37410430296827024 0.014206767482241514 0.010747178710337769
2 0.5361088555643252 0.2754607164790174 0.012233607576953433 0.01023541453428864
5 0.19850041988950276 0.24334699692937561 0.014206767482241514 0.01023541453428864
22 0.38106741594317284 0.2190380020470829 0.014700097868981847 0.010747178710337769
4 0.346487816890292 0.21900587758444218 0.01026044767166535 0.011770733265097236
2 0.4221587498026835 0.4416581699078813 0.012036323914759275 0.00972365035823951
2 0.6499603599052881 0.3738485649948823 0.014206767482241514 0.01023541453428864
13 0.3212313054459353 0.4012922104401228 0.00828728776637727 0.016504610849539407
0 0.6249013341752171 0.21187314636642784 0.021803481610102603 0.01023541453428864
18 0.380327501183899 0.31729798157625383 0.01835045177584846 0.01586489907881269
13 0.3364248145224941 0.21612316560900718 0.007892639621152327 0.01734422272262027
7 0.23283351539068667 0.4902764216990788 0.01617996779794791 0.013817816171954964
29 0.33681922020520916 0.7102097686796316 0.025256511444356748 0.020982593244626407
5 0.26992906708760855 0.4865661248720573 0.014206767482241514 0.00997951934493347
2 0.3508780047355959 0.585977449334698 0.013220187529597475 0.01023541453428864
8 0.19721779321231256 0.6940891054247696 0.014404091554853986 0.010875126305015354
5 0.5199289281767956 0.4183726509723644 0.014206767482241514 0.00972365035823951
11 0.626282683504341 0.413078953531218 0.014996063772691397 0.016280709109518936
18 0.4540251933701657 0.6640865342886387 0.01696922367797948 0.014585475537359264
6 0.3970008397790055 0.218270264073695 0.014206767482241514 0.00972365035823951
7 0.5177584846093133 0.40046051177072667 0.01578531965272297 0.013817816171954964
2 0.3214285082872928 0.25831631525076765 0.013022903867403315 0.007420672262026612
5 0.6010261720599842 0.4574271934493347 0.013417511602209945 0.010555270419651996
29 0.5619573796369376 0.6620393203684749 0.024467255564325177 0.021750252610030708
4 0.31136550591949486 0.7114892446264074 0.01026044767166535 0.012026602251791198
10 0.2687450418310971 0.361438198567042 0.013417511602209945 0.016120768065506653
10 0.5651146456195738 0.2516631975435005 0.011838999842146803 0.016248715660184238
4 0.5548540363062352 0.5798363316274309 0.01026044767166535 0.011258969089048106
6 0.294396363062352 0.6082394923234391 0.01578531965272297 0.010747178710337769
5 0.4447514064719811 0.6452148536335721 0.015390671507498026 0.010747178710337769
2 0.5528807955801106 0.6008188986693962 0.011838999842146803 0.01023541453428864
13 0.4283742762430939 0.19268179324462642 0.007103383741120757 0.016376663254861822
6 0.5516967703235991 0.6218014657113613 0.01578531965272297 0.00972365035823951
9 0.6018153875295975 0.1709314882292733 0.014601415627466457 0.010747178710337769
5 0.4475138626677191 0.5835466284544524 0.014601415627466457 0.011003073899692937
5 0.6851323756906077 0.5358239836233368 0.013713477505919495 0.01023541453428864
5 0.4830305793212312 0.15365921801432958 0.013417511602209945 0.01023541453428864
10 0.4125887545382794 0.3776867308085977 0.014206767482241514 0.016632558444216988
13 0.30795248239936857 0.21647905015353122 0.006702593212312548 0.016376663254861822
13 0.19494874822415154 0.22031721596724668 0.007300707813733228 0.01688842743091095
22 0.6302287608524072 0.39643840327533264 0.014206767482241514 0.006796944114636642
2 0.28808223520126286 0.3015609252814739 0.011838999842146803 0.00972365035823951
1 0.3241909644830308 0.38485158648925283 0.014601415627466457 0.012794261617195496
22 0.36286494711917916 0.32158395087001024 0.013812159747434886 0.010491309723643807
9 0.33385956116811366 0.4025077256908905 0.014601415627466457 0.01023541453428864
21 0.29715881925808996 0.5089560368474924 0.0205208953433307 0.014329580348004094
14 0.4413969376479874 0.4794652036847492 0.005919479715864246 0.016120768065506653
2 0.6931728366219416 0.6381781289662232 0.013220187529597475 0.010491309723643807
14 0.5927388034727704 0.4342375762538383 0.007892639621152327 0.01586489907881269
13 0.5777429013417522 0.21008193244626405 0.007892639621152327 0.018679641351074718
0 0.1726518958168903 0.6514841023541453 0.01696922367797948 0.007164803275332652
22 0.34609300710339386 0.19907891095189356 0.014996063772691397 0.01023541453428864
4 0.5315707655880032 0.3985774313203685 0.009865839936858722 0.0110750264073695
2 0.5219021689029203 0.684109559877175 0.012628255722178374 0.01023541453428864
21 0.6278611144435674 0.684109559877175 0.0205208953433307 0.015097239713408393
11 0.15824800631412786 0.4055784155578301 0.01637725146014207 0.01586489907881269
14 0.4449486093133386 0.1925536622313204 0.007695355958958169 0.01586489907881269
18 0.3920679400157853 0.37794273080859775 0.01775847955801105 0.015353134902763563
7 0.40486874822415153 0.4238741617195496 0.017018564798737174 0.013817816171954964
13 0.2217836906077348 0.15736951484135106 0.007498031886345699 0.016376663254861822
6 0.46112853670086823 0.15481056294779938 0.014206767482241514 0.01023541453428864
13 0.3239937616416732 0.6663255516888433 0.00868193591160221 0.018551693756397133
22 0.6590369439621152 0.6190187430910952 0.014996063772691397 0.010299375230296826
0 0.6384668691397001 0.6193706448311157 0.021606157537490137 0.010747178710337769
4 0.34925027308602996 0.6058246026612079 0.01026044767166535 0.01093908700102354
5 0.4952644293606946 0.6439034104401228 0.014798739700078925 0.010491309723643807
7 0.4991119052880821 0.21723067349027633 0.01637725146014207 0.014777383828045037
2 0.4615233464877664 0.2984902354145343 0.013417511602209945 0.00946775516888434
0 0.4407063235990529 0.4420420388945752 0.022296771586424624 0.010107466939611055
2 0.2119178910812944 0.631141142272262 0.012628255722178374 0.00997951934493347
2 0.17541435201262826 0.7155194759467759 0.013417511602209945 0.010619231115660184
0 0.6075375027624309 0.7029170440122825 0.021704799368587213 0.010875126305015354
2 0.6002369565903709 0.31454696417604916 0.011444351696921862 0.00997951934493347
22 0.1795580363062352 0.3464688802456499 0.014798739700078925 0.01023541453428864
7 0.3962116243093923 0.6073438853633573 0.01617996779794791 0.014329580348004094
0 0.5726123946329913 0.4374361351074718 0.021310191633780583 0.00921185997952917
22 0.20363052249408048 0.30539909109518937 0.013812159747434886 0.00997951934493347
11 0.3950275990528808 0.6437116069600819 0.01657457553275454 0.01688842743091095
5 0.7024466235201263 0.4941785220061412 0.009471191791633781 0.011131021494370522
10 0.38920688239936857 0.6647900757420676 0.011838999842146803 0.017272270214943708
11 0.3759866140489345 0.4199078648925282 0.014798739700078925 0.01586489907881269
2 0.5887923220205209 0.3752559099283521 0.011049743962115234 0.00997951934493347
6 0.228097818468824 0.30501522210849535 0.01578531965272297 0.010491309723643807
13 0.20446903867403315 0.36348515046059365 0.00858325367008682 0.01714432262026612
2 0.5374900836621941 0.3565762947799386 0.011838999842146803 0.00972365035823951
5 0.3749011902131018 0.3817808966223132 0.014206767482241514 0.00972365035823951
22 0.3634569597474349 0.28045022722620266 0.014206767482241514 0.009595702763561923
13 0.45876089029202843 0.2748208474923234 0.00868193591160221 0.015609003889457523
0 0.6282559242304657 0.23135246673490276 0.021310191633780583 0.010875126305015354
11 0.3989740805051302 0.5610285854657113 0.01026044767166535 0.016120768065506653
4 0.147198181531176 0.2442426038894575 0.011049743962115234 0.011003073899692937
22 0.6619970071033938 0.16914027430910952 0.014206767482241514 0.010747178710337769
2 0.2894634632991318 0.20068610358239508 0.012628255722178374 0.008332262845445242
6 0.248224227308603 0.42604924462640736 0.014206767482241514 0.00921185997952917
10 0.33701642304656665 0.4825998280450359 0.011838999842146803 0.016376663254861822
5 0.553077998421468 0.45822663664278407 0.014601415627466457 0.010363362128966222
2 0.308621517284925 0.5665300962128966 0.01108671949486977 0.00972365035823951
5 0.3594244041041831 0.15711351484135105 0.013984793054459354 0.010747178710337769
10 0.5931332091554854 0.35184225997952917 0.012628255722178374 0.01688842743091095
9 0.5682715074980268 0.6209058587512793 0.014996063772691397 0.010491309723643807
8 0.31950472991318074 0.69076241555783 0.014576765272296765 0.00972365035823951
5 0.47967651460142063 0.23621410849539407 0.014996063772691397 0.010619231115660184
13 0.248224227308603 0.4433854493346981 0.00868193591160221 0.01893551033776868
0 0.583267409629045 0.2735413715455476 0.02683502320441989 0.00972365035823951
0 0.30741902446724545 0.15890472876151485 0.022494095659037094 0.00972365035823951
5 0.48914750434096294 0.5821392835209827 0.013812159747434886 0.01023541453428864
5 0.6610101846882399 0.6806550010235415 0.014601415627466457 0.011003073899692937
13 0.511049546961326 0.2114892773797339 0.007892639621152327 0.01765608679631525
0 0.42699304814522493 0.29874623541453427 0.023283351539068665 0.00972365035823951
2 0.36286494711917916 0.1980551729785056 0.013417511602209945 0.010747178710337769
5 0.4289658847671665 0.48323943500511773 0.014601415627466457 0.010747178710337769
5 0.4196920978689819 0.6665812896622313 0.014601415627466457 0.00997951934493347
0 0.34017368902920286 0.23992440532241555 0.022099447513812154 0.01093908700102354
2 0.3541831728492502 0.46404808188331625 0.013417511602209945 0.010747178710337769
13 0.49625084767166533 0.6610637952917093 0.00828728776637727 0.01743218505629478
16 0.6562744877663773 0.20901836642784033 0.01973163946329913 0.011019057523029683
2 0.38299135595895817 0.6880758567041965 0.012233607576953433 0.00997951934493347
0 0.35715535911602214 0.6688203070624361 0.014971373007103394 0.010747178710337769
13 0.5213101562746646 0.27175015762538385 0.007498031886345699 0.018167850972364383
13 0.2792028539857932 0.6261513694984647 0.007498031886345699 0.01842374616171955
2 0.49388320126282553 0.6850051668372569 0.012628255722178374 0.010491309723643807
9 0.6649566661404893 0.27162228863868987 0.014996063772691397 0.011258969089048106
13 0.38792425572217837 0.4200357338792221 0.007892639621152327 0.018871549641760493
4 0.4753356274664562 0.5406858874104401 0.01026044767166535 0.014329580348004094
21 0.6414512593528019 0.5798363316274309 0.028758882399368586 0.014841344524053224
2 0.5684687103393844 0.4989764912998977 0.011838999842146803 0.00972365035823951
22 0.17166547750591948 0.36719544728761516 0.014601415627466457 0.010747178710337769
23 0.15933302604577743 0.4488230255885363 0.013220187529597475 0.00972365035823951
22 0.6432518263614839 0.2924769866939611 0.014206767482241514 0.010363362128966222
5 0.2322415027624309 0.5287869969293757 0.014206767482241514 0.01023541453428864
9 0.612075592738753 0.5580860266120777 0.014206767482241514 0.010747178710337769
7 0.5955012596685083 0.684237428863869 0.01696922367797948 0.014073685158648925
13 0.6357536732438832 0.18641254452405323 0.007103383741120757 0.01970316970317298
13 0.15627476558800316 0.2001023868986694 0.006906059668508287 0.01714432262026612
13 0.21704799368587213 0.2571647082906858 0.007103383741120757 0.00972365035823951
0 0.6791633528018943 0.4749232343909928 0.022888703393843725 0.010491309723643807
22 0.3959154159431728 0.23874109314227226 0.014897381531176007 0.01023541453428864
0 0.6707773827940016 0.598213987308086 0.0230860274664562 0.011638776663254862
0 0.3768744309392265 0.4634244585465711 0.023875283346487766 0.01097108045035824
9 0.5128255848460931 0.2548617563971341 0.013812159747434886 0.00972365035823951
0 0.6345696479873717 0.3138434227226203 0.01657457553275454 0.010491309723643807
2 0.6181925177584846 0.661527582395087 0.013417511602209945 0.010363362128966222
5 0.6718628066298342 0.6593524994882293 0.014601415627466457 0.011131021494370522
5 0.2462509865824783 0.6299897973387922 0.014206767482241514 0.01023541453428864
9 0.37174432833464877 0.4428414820880246 0.014996063772691397 0.010107466939611055
1 0.6516377963693765 0.43807574206755373 0.014601415627466457 0.014329580348004094
2 0.2799920694554065 0.46615923029682704 0.011838999842146803 0.009851597952917093
0 0.6118783898973954 0.4983366223132037 0.020915543488555642 0.010491309723643807
8 0.6077347056037885 0.33444212077789154 0.014996063772691397 0.00972365035823951
13 0.6452250670876085 0.6582650890481064 0.01026044767166535 0.018807562743091095
18 0.31906086187845306 0.48541451791197543 0.020915543488555642 0.011514838075742067
5 0.2462509865824783 0.3450615353121802 0.014601415627466457 0.01023541453428864
22 0.5493291239147593 0.4376918730808598 0.015390671507498026 0.010491309723643807
0 0.4238357821625887 0.21750252610030707 0.021704799368587213 0.010747178710337769
8 0.46764027150749804 0.3996930358239509 0.014206767482241514 0.011003073899692937
5 0.4250198074191002 0.27865927533265095 0.014798739700078925 0.010491309723643807
2 0.2584844325177585 0.4049066055271239 0.012233607576953433 0.009531742067553736
5 0.5919495880031571 0.47863353121801433 0.014206767482241514 0.00972365035823951
0 0.6691989518547751 0.5762539037871034 0.022296771586424624 0.00997951934493347
5 0.46408859984214684 0.6030098603889458 0.014601415627466457 0.01045931627430911
7 0.2604576732438832 0.6110862280450358 0.01578531965272297 0.013945763766632547
13 0.3095294585635359 0.25524562538382806 0.006681014048934491 0.013561920982599795
6 0.38752944593528016 0.27955488229273284 0.014601415627466457 0.01023541453428864
7 0.4337015816890292 0.40225172569089046 0.01696922367797948 0.014329580348004094
7 0.6213497837411208 0.17169896417604913 0.01657457553275454 0.013306025793244625
2 0.1967243820047356 0.4694217236438076 0.011444351696921862 0.00997951934493347
2 0.6771901120757695 0.33239516888433984 0.013417511602209945 0.00972365035823951
2 0.6193765430149961 0.578812593654043 0.013022903867403315 0.01023541453428864
0 0.24112088397790055 0.2835848515864893 0.022494095659037094 0.010107466939611055
2 0.2245461468034728 0.2428352589559877 0.011049743962115234 0.01023541453428864
10 0.5720203820047356 0.5173361719549642 0.020915543488555642 0.017016375025588535
5 0.3622729344909234 0.6471341985670419 0.014996063772691397 0.010491309723643807
6 0.4595501057616417 0.7064994718526101 0.01578531965272297 0.00997951934493347
13 0.4861878453038674 0.21212888433981578 0.007103383741120757 0.01842374616171955
8 0.4682318800315707 0.3187692610030706 0.015390671507498026 0.009595702763561923
2 0.21902123441199686 0.4477353531218014 0.012628255722178374 0.009595702763561923
2 0.3603000978689819 0.5237972241555783 0.011049743962115234 0.00921185997952917
10 0.2462509865824783 0.5249488311156602 0.012628255722178374 0.014585475537359264
13 0.25907644514601424 0.4819599590583419 0.007498031886345699 0.019191405527123846
5 0.3813636243093923 0.48426317297850563 0.013713477505919495 0.010491309723643807
18 0.6819258089976322 0.6773285731832139 0.025256511444356748 0.018167850972364383
10 0.5808997632202052 0.37231308904810645 0.012628255722178374 0.01688842743091095
13 0.580110547750592 0.4517655844421699 0.00868193591160221 0.013561920982599795
7 0.4944752138910813 0.5435005772773798 0.01657457553275454 0.014841344524053224
2 0.3360300047355959 0.2808340962128966 0.013022903867403315 0.00946775516888434
22 0.5363060584056827 0.5813715455475946 0.014206767482241514 0.01023541453428864
9 0.5704419510655091 0.5392782804503582 0.013812159747434886 0.00972365035823951
2 0.626677089187056 0.7027252405322415 0.011838999842146803 0.011386890481064484
9 0.33780604262036307 0.669396241555783 0.014206767482241514 0.010747178710337769
14 0.3709551128650355 0.1535313490276356 0.007103383741120757 0.016632558444216988
18 0.40015770165745856 0.35900711566018423 0.007892639621152327 0.014841344524053224
5 0.23145228729281767 0.20112586284544523 0.014601415627466457 0.011258969089048106
2 0.5710339636937647 0.15058852814738996 0.011838999842146803 0.01023541453428864
18 0.41574602052091547 0.23656601023541451 0.01696922367797948 0.013817816171954964
5 0.670086768745067 0.3734646960081883 0.014996063772691397 0.010747178710337769
0 0.40479479715864247 0.48343150051177075 0.023283351539068665 0.011131021494370522
0 0.3269041199684294 0.58687305629478 0.021803481610102603 0.010747178710337769
11 0.4101225067087609 0.706371602865916 0.015587995580110498 0.016632558444216988
13 0.6988949518547751 0.6770725731832139 0.008089963693764798 0.02021493387922211
8 0.5720203820047356 0.6413447205731833 0.014996063772691397 0.010491309723643807
6 0.49782968271507494 0.25665297031729783 0.013417511602209945 0.00921185997952917
6 0.24980265824782955 0.24238745547594678 0.009471191791633781 0.00997951934493347
13 0.16653497079715865 0.3431421903787103 0.007892639621152327 0.017400191606960082
22 0.3435281578531965 0.17809634390992835 0.014206767482241514 0.01023541453428864
10 0.37278004735595893 0.5019190501535312 0.022395413417521704 0.016632558444216988
13 0.6524516621941594 0.5345445076765609 0.007843338910812944 0.017400191606960082
18 0.4293606945540647 0.17451391606960084 0.022494095659037094 0.012282497441146366
13 0.5570244798737174 0.5154810235414534 0.007892639621152327 0.01970316970317298
21 0.180544454617206 0.5119625301944729 0.01854773543804262 0.014585475537359264
13 0.5962904751381215 0.5973083971340839 0.007103383741120757 0.015257154554759468
22 0.3726321452249408 0.7103378996929376 0.014404091554853986 0.010747178710337769
7 0.23145228729281767 0.5505373019447288 0.027229671349644834 0.014073685158648925
0 0.2679558263614838 0.5474666120777891 0.023283351539068665 0.00997951934493347
2 0.6211521767955801 0.5385108045035824 0.011049743962115234 0.00921185997952917
2 0.6203629613259668 0.6402250808597748 0.011838999842146803 0.010491309723643807
2 0.3584375816890292 0.7094422927328558 0.012800889029202843 0.00997951934493347
13 0.2600632675611681 0.2785950788126919 0.007892639621152327 0.016632558444216988
13 0.6110891744277822 0.5355679836233367 0.009076543646408839 0.01791198198567042
22 0.5017757600631413 0.39852547144319345 0.01657457553275454 0.010347352302968271
9 0.4968428602999211 0.6020983746161719 0.013812159747434886 0.01023541453428864
13 0.19554076085240726 0.42400203070624365 0.007695355958958169 0.01765608679631525
8 0.6026046029992107 0.3749999099283521 0.014206767482241514 0.01023541453428864
1 0.40020700236779794 0.4654554268167861 0.014897381531176007 0.013817816171954964
1 0.33549355643251777 0.5465712671443194 0.014589090449881608 0.013306025793244625
2 0.612075592738753 0.6811667389969294 0.011838999842146803 0.010491309723643807
7 0.31772889408050514 0.18091103377686796 0.015390671507498026 0.013817816171954964
0 0.4751380205209155 0.46112150665301943 0.020915543488555642 0.01071521146366428
2 0.45797167482241513 0.4607216540429887 0.012628255722178374 0.01023541453428864
13 0.5246646250986583 0.4564354227226203 0.0067087760063141285 0.01906345793244626
6 0.6617994001578531 0.2919013142272262 0.01578531965272297 0.009851597952917093
22 0.6475927134964483 0.45598761924257936 0.014996063772691397 0.010363362128966222
14 0.3937449723756906 0.5406858874104401 0.007695355958958169 0.016120768065506653
18 0.3936956716653512 0.5042220020470829 0.01726518958168903 0.01023541453428864
13 0.663526137332281 0.6354913080859774 0.007892639621152327 0.021750252610030708
4 0.3239937616416732 0.30124099078812694 0.01026044767166535 0.010875126305015354
14 0.25730081136543015 0.34160697645854654 0.007103383741120757 0.01688842743091095
22 0.3549845114443568 0.443577252814739 0.014774089344909234 0.011258969089048106
11 0.5357144498816101 0.45304506038894576 0.01617996779794791 0.011003073899692937
13 0.29104189423835836 0.25460601842374614 0.007103383741120757 0.014841344524053224
13 0.5422257805840569 0.3336746448311157 0.00868193591160221 0.01842374616171955
8 0.3906867119179163 0.17643299897645856 0.015587995580110498 0.010491309723643807
12 0.5422257805840569 0.639457604912999 0.01578531965272297 0.01688842743091095
6 0.5305839431728493 0.33776854861821903 0.013417511602209945 0.010747178710337769
5 0.4078530576164167 0.5844422354145343 0.022296771586424624 0.01023541453428864
13 0.4327151633780584 0.31454696417604916 0.009471191791633781 0.01944730071647902
2 0.31570639305445936 0.5263242088024565 0.014206767482241514 0.009275846878198567
12 0.5228885872138911 0.5591095025588537 0.02604576732438832 0.020982593244626407
9 0.6912981973164957 0.5971804757420676 0.01657457553275454 0.01097108045035824
10 0.5313731586424626 0.2522069027635619 0.015390671507498026 0.017847995087001023
6 0.5627465951065509 0.39636634595701126 0.022099447513812154 0.00972365035823951
2 0.4528411681136543 0.4202917338792221 0.020915543488555642 0.00997951934493347
10 0.6491464940805052 0.6363869150460594 0.015440012628255721 0.01688842743091095
2 0.6667816006314128 0.18909936540429886 0.014305449723756905 0.01023541453428864
6 0.3571428318863457 0.34237471443193446 0.013022903867403315 0.01023541453428864
8 0.4395222983425414 0.27782760286591607 0.014009483820047354 0.009595702763561923
19 0.5493291239147593 0.5601329785056295 0.012628255722178374 0.00972365035823951
2 0.3058405935280189 0.6281985834186284 0.02604576732438832 0.011003073899692937
6 0.30977454775059193 0.4250255066530194 0.013294179005524862 0.00972365035823951
13 0.44978290765588 0.47920920368474923 0.006906059668508287 0.016632558444216988
2 0.4384372786108919 0.5424768393039918 0.011444351696921862 0.01023541453428864
13 0.43212315074980273 0.6215454657113613 0.00828728776637727 0.01791198198567042
6 0.1836031191791634 0.20229337482088025 0.01637725146014207 0.010907119754350053
22 0.6104971617995264 0.4160696990788127 0.014996063772691397 0.010747178710337769
4 0.20560376322020524 0.42630498259979527 0.010655095816890291 0.013306025793244625
7 0.5880031065509076 0.255629494370522 0.01657457553275454 0.014841344524053224
22 0.32162571112865035 0.46507155783009213 0.014206767482241514 0.010491309723643807
13 0.3868388318863457 0.2565890358239509 0.008089963693764798 0.017528139201637667
13 0.31037868350434095 0.4633445404298874 0.0067087760063141285 0.017016375025588535
7 0.49940811365430154 0.4617451299897646 0.023283351539068665 0.01471339692937564
10 0.29163390686661406 0.5437563152507676 0.012628255722178374 0.017400191606960082
4 0.3429361452249408 0.42299453838280454 0.01026044767166535 0.011994635005117708
5 0.5290055122336228 0.5003199017400205 0.014206767482241514 0.010363362128966222
12 0.31082279400157853 0.29605941453428863 0.015390671507498026 0.020854645649948822
1 0.23204429992107342 0.427840196519959 0.014206767482241514 0.013817816171954964
5 0.5698499384372533 0.31563463664278407 0.022099447513812154 0.00946775516888434
13 0.2600632675611681 0.4220509805527124 0.00868193591160221 0.01720828331627431
11 0.4052882083662195 0.6225692036847492 0.024861863299131808 0.016376663254861822
7 0.5915547782162589 0.6227610071647902 0.02604576732438832 0.015225187308085976
6 0.19790840726124703 0.3870266693961105 0.01617996779794791 0.010491309723643807
7 0.27762442304656665 0.6503327574206755 0.01657457553275454 0.00921185997952917
2 0.3508287040252565 0.5054375435005117 0.013417511602209945 0.010747178710337769
7 0.4486978879242305 0.23899683111566017 0.01578531965272297 0.014585475537359264
13 0.40173653670086823 0.17297844012282496 0.004735616101026046 0.01791198198567042
6 0.49072593528018943 0.5222620102354145 0.014601415627466457 0.00997951934493347
2 0.33051131554853985 0.5252048311156602 0.013997158642462511 0.00972365035823951
1 0.654104044198895 0.23234397543500512 0.01617996779794791 0.014329580348004094
2 0.6491711444356748 0.3940633940634596 0.012628255722178374 0.00972365035823951
2 0.27782162588792425 0.5674257031729785 0.013417511602209945 0.010747178710337769
2 0.6318075958958169 0.5588535025588536 0.011838999842146803 0.00972365035823951
5 0.6373321041831097 0.2522388700102354 0.014206767482241514 0.00972365035823951
2 0.18192568271507498 0.5905833531218013 0.012628255722178374 0.01023541453428864
0 0.34436667403314913 0.6482855435005117 0.020422253512233625 0.010747178710337769
5 0.5343332217837411 0.1532753490276356 0.024072607419100236 0.010747178710337769
5 0.17995244198895027 0.40762536745138184 0.023677999684293606 0.00997951934493347
2 0.2947907687450671 0.586745187308086 0.01854773543804262 0.01023541453428864
13 0.3075239299131807 0.5831627594677584 0.008570928492501973 0.01688842743091095
2 0.4605365240726125 0.4820241555783009 0.013022903867403315 0.010107466939611055
14 0.418705679558011 0.41811665097236433 0.006314127861089187 0.01586489907881269
13 0.48342538910812943 0.3349538587512794 0.006511451933701657 0.016120768065506653
1 0.23579317442778217 0.2236439058341863 0.01617996779794791 0.013817816171954964
13 0.6712707940015785 0.20638754063459572 0.00868193591160221 0.018519700307062435
4 0.49546163220205214 0.35747190174002047 0.009471191791633781 0.011258969089048106
5 0.5528807955801106 0.4554758812691914 0.012628255722178374 0.006141248720573183
9 0.18823981057616418 0.36655584032753324 0.014601415627466457 0.011003073899692937
24 0.19198908918705604 0.7176306243602867 0.020915543488555642 0.013817816171954964
8 0.4984212912391476 0.1532753490276356 0.018153127703235992 0.01023541453428864
2 0.6306235706393055 0.49744127737973387 0.012628255722178374 0.00972365035823951
14 0.5337412091554854 0.6190027594677585 0.0067087760063141285 0.01564099733879222
10 0.5157852438831887 0.29401220061412486 0.012628255722178374 0.01688842743091095
5 0.6248519930544594 0.5986438157625383 0.014798739700078925 0.010747178710337769
14 0.18567496132596686 0.38433984851586495 0.007103383741120757 0.015353134902763563
4 0.27545397947908445 0.586745187308086 0.011049743962115234 0.012794261617195496
13 0.23460914917127074 0.6279347226202661 0.0067087760063141285 0.018439729785056296
8 0.6071426929755328 0.5999152474923234 0.014601415627466457 0.010411339201637667
10 0.2805840820836622 0.4422977768679632 0.012628255722178374 0.016632558444216988
13 0.5647198358326756 0.29196524872057317 0.00868193591160221 0.018807562743091095
2 0.6621942099447513 0.5360797215967247 0.01026044767166535 0.00921185997952917
6 0.5698499384372533 0.1921697932446264 0.01973163946329913 0.00972365035823951
7 0.2750591696921863 0.2227482988741044 0.01578531965272297 0.014329580348004094
2 0.17136926913970008 0.2231319058341863 0.011838999842146803 0.011514838075742067
10 0.6429064789265982 0.41399054411463665 0.013318869771112865 0.01944730071647902
13 0.6880427340173638 0.6508444953940635 0.007103383741120757 0.00844422681678608
6 0.170974863456985 0.30571902558853636 0.0230860274664562 0.010107466939611055
10 0.20422253512233624 0.649277052200614 0.012233607576953433 0.01772007369498465
18 0.1660419636937648 0.46865398567041966 0.022494095659037094 0.01317810440122825
2 0.32596700236779796 0.5660183582395086 0.022099447513812154 0.011003073899692937
14 0.4329123662194159 0.6425280327533266 0.005919479715864246 0.01688842743091095
6 0.4820441610102605 0.19498474513817812 0.01775847955801105 0.01023541453428864
9 0.36148371902131016 0.3620778055271238 0.014404091554853986 0.011258969089048106
6 0.462608366219416 0.3787102067553736 0.015390671507498026 0.00972365035823951
8 0.25493276085240724 0.7139842620266121 0.01657457553275454 0.010363362128966222
10 0.6077347056037885 0.6376024564994882 0.01973163946329913 0.017784034390992836
4 0.6081295153906866 0.21161714636642784 0.01026044767166535 0.011514838075742067
14 0.26854783898973955 0.27853114431934495 0.007103383741120757 0.016120768065506653
13 0.6527474664561957 0.2684876642784033 0.008237946645619573 0.017016375025588535
14 0.4364640378847671 0.1925536622313204 0.007300707813733228 0.01586489907881269
2 0.4494871033938438 0.25665297031729783 0.011049743962115234 0.009787611054247696
5 0.6712707940015785 0.41427848515864896 0.013417511602209945 0.01023541453428864
16 0.3713495185477506 0.1768168679631525 0.02012628760852407 0.011770733265097236
2 0.37105371428571426 0.4003966296827022 0.011049743962115234 0.011738739815762539
13 0.2809784877663773 0.503710264073695 0.01026044767166535 0.016632558444216988
10 0.36414757379636936 0.5611567164790173 0.013220187529597475 0.016376663254861822
18 0.5597869360694554 0.37512804094165814 0.021310191633780583 0.011770733265097236
10 0.5084846977111286 0.4155579611054248 0.011838999842146803 0.016376663254861822
22 0.6254934680347277 0.43654052814739 0.024467255564325177 0.01023541453428864
4 0.25927405209155485 0.44600807369498463 0.009076543646408839 0.011514838075742067
22 0.4737567924230466 0.6156441809621289 0.012233607576953433 0.007772521596724668
14 0.6886347466456195 0.6554503991811669 0.007892639621152327 0.01714432262026612
13 0.4072363946329913 0.6635108618219038 0.008731236621941595 0.017784034390992836
4 0.6594810544593528 0.6594326796315251 0.01026044767166535 0.011994635005117708
13 0.3885162683504341 0.33828054861821905 0.007498031886345699 0.01791198198567042
14 0.3319356615627466 0.17566526100307062 0.007744656669297554 0.01688842743091095
6 0.3881214585635359 0.300793187308086 0.013417511602209945 0.010747178710337769
10 0.4653708224151539 0.4991043602865916 0.012825579794790843 0.01688842743091095
13 0.6967245082872928 0.6509723643807575 0.0067087760063141285 0.008188331627430911
22 0.3970008397790055 0.3208162128966223 0.013417511602209945 0.010619231115660184
2 0.2865034001578532 0.40429893961105423 0.01736387182320442 0.00972365035823951
4 0.45146034411996844 0.6033775885363357 0.01026044767166535 0.011770733265097236
1 0.47158634885556433 0.6225692036847492 0.01854773543804262 0.022006147799385874
14 0.37312555643251777 0.6234726714431934 0.0067087760063141285 0.015720967860798362
18 0.32991307971586425 0.3216478853633572 0.022888703393843725 0.011770733265097236
2 0.6381217237569061 0.4769701862845445 0.011838999842146803 0.01023541453428864
2 0.2478294175217048 0.6920418915046059 0.012233607576953433 0.01023541453428864
6 0.35063150118389896 0.30111312180143296 0.01617996779794791 0.009851597952917093
10 0.19396192580899763 0.3023286632548618 0.012628255722178374 0.018551693756397133
8 0.5096683188634569 0.6435517707267144 0.014601415627466457 0.01023541453428864
13 0.27348073875295975 0.668436438075742 0.009471191791633781 0.015353134902763563
22 0.6953432801894239 0.7013818300921187 0.013812159747434886 0.01189868085977482
2 0.17048145224940806 0.32574205117707267 0.011641675769534333 0.010491309723643807
2 0.17284909865824782 0.4490787635619243 0.013022903867403315 0.01023541453428864
0 0.5103096322020522 0.4396751525076766 0.02673638137332281 0.010875126305015354
8 0.6464581505919494 0.6815506079836233 0.015390671507498026 0.011003073899692937
10 0.2030385098658248 0.6283584196519959 0.012233607576953433 0.016952414329580348
4 0.4082478674033149 0.5029427881269191 0.00927386771902131 0.011514838075742067
4 0.34779509392265195 0.15749738382804504 0.00868193591160221 0.012282497441146366
10 0.1538081136543015 0.28249744114636643 0.021112867561168112 0.016376663254861822
23 0.14561975059194948 0.20368481473899694 0.012430931649565904 0.01023541453428864
5 0.46093133385951063 0.5427328393039919 0.01696922367797948 0.01023541453428864
9 0.40015770165745856 0.2997697113613101 0.007892639621152327 0.00997951934493347
2 0.4828333764798738 0.41914012691914027 0.010655095816890291 0.00972365035823951
6 0.3164956085240726 0.5461873981576254 0.01578531965272297 0.01023541453428864
2 0.29400155327545385 0.6496928884339815 0.011838999842146803 0.00997951934493347
13 0.4782952865035517 0.579324593654043 0.007892639621152327 0.01842374616171955
13 0.36710723283346486 0.2156633875127943 0.006511451933701657 0.016824466734902763
12 0.6168112896606156 0.4749232343909928 0.01736387182320442 0.01842374616171955
0 0.5327543867403315 0.4390352835209826 0.018153127703235992 0.010555270419651996
4 0.36977108760852406 0.48362330399181164 0.00927386771902131 0.011770733265097236
6 0.4743488050513022 0.1751535230296827 0.023677999684293606 0.01023541453428864
6 0.22059966535122336 0.7142400000000001 0.014996063772691397 0.010875126305015354
14 0.21625877821625886 0.3019447942681679 0.007103383741120757 0.01688842743091095
2 0.5619573796369376 0.3561924257932446 0.013417511602209945 0.00921185997952917
18 0.519731725335438 0.6226651054247697 0.018153127703235992 0.012026602251791198
13 0.6876479242304656 0.5524563848515865 0.008977901815311759 0.01893551033776868
13 0.33820044830307816 0.29772249744114637 0.00868193591160221 0.01791198198567042
14 0.3756411049723757 0.2769959303991812 0.007202065982636148 0.016504610849539407
2 0.5185477000789266 0.5409416253838281 0.022099447513812154 0.00946775516888434
12 0.40637322809786897 0.5230297482088024 0.014601415627466457 0.018679641351074718
6 0.3399764861878453 0.3825486345957011 0.015390671507498026 0.00946775516888434
6 0.33884176164167323 0.6069600163766632 0.00927386771902131 0.01023541453428864
2 0.418705679558011 0.3400717625383828 0.013022903867403315 0.012282497441146366
10 0.44988150907655877 0.45819466939611053 0.013022903867403315 0.016952414329580348
10 0.49309398579321234 0.6202662517911975 0.013417511602209945 0.016376663254861822
4 0.5797157379636937 0.3950868700102354 0.01026044767166535 0.011258969089048106
18 0.4421861531176006 0.7054120614124872 0.018153127703235992 0.015225187308085976
12 0.6087460531018153 0.1677329293756397 0.00511789865824783 0.022006147799385874
13 0.48677985793212314 0.3549129498464688 0.00828728776637727 0.01791198198567042
18 0.40015770165745856 0.278019406345957 0.007892639621152327 0.012794261617195496
22 0.4849052186266772 0.3183214575230297 0.013614835674822417 0.010491309723643807
8 0.4286700805051302 0.503774198567042 0.014798739700078925 0.01023541453428864
6 0.6882399368587214 0.5767656417604914 0.014601415627466457 0.00972365035823951
2 0.1702842494080505 0.6122057891504605 0.013022903867403315 0.010747178710337769
6 0.5607733543804262 0.5601329785056295 0.011838999842146803 0.00946775516888434
10 0.5209153464877664 0.33520985875127945 0.014996063772691397 0.01688842743091095
23 0.5248618279400157 0.3570880327533265 0.012628255722178374 0.00946775516888434
6 0.6563981436464088 0.41477418710337766 0.014650756748224152 0.010331368679631525
14 0.24112088397790055 0.5864891873080859 0.007103383741120757 0.016376663254861822
18 0.17166547750591948 0.5498976949846469 0.023677999684293606 0.012282497441146366
18 0.4441593938437253 0.37845446878198563 0.023283351539068665 0.012538392630501535
18 0.574585635359116 0.47530710337768683 0.018153127703235992 0.017528139201637667
2 0.4057812154696133 0.5429888393039918 0.013220187529597475 0.00972365035823951
6 0.5406473496448303 0.6837256908904811 0.01657457553275454 0.010363362128966222
2 0.20673848776637727 0.26439349846468785 0.011148385793212312 0.011003073899692937
6 0.4067680378847671 0.4424259078812692 0.014404091554853986 0.010491309723643807
4 0.6730464277821626 0.5356961146366428 0.009076543646408839 0.01023541453428864
19 0.4704023235990529 0.27776366837256905 0.011444351696921862 0.00972365035823951
13 0.4230465666929755 0.6214016131013306 0.009865839936858722 0.017624093346980556
6 0.6666336985003947 0.43487718321392016 0.01578531965272297 0.01023541453428864
10 0.5185477000789266 0.7031091095189355 0.011838999842146803 0.01944730071647902
5 0.21448314443567482 0.18231837871033776 0.01578531965272297 0.010747178710337769
23 0.26124688871349644 0.24104404503582397 0.013022903867403315 0.00972365035823951
46 0.2233621215469613 0.5924206051177072 0.024467255564325177 0.0056974542476970315
23 0.16811380584056826 0.5916068290685773 0.013812159747434886 0.01023541453428864
10 0.18567496132596686 0.6090072302968271 0.01973163946329913 0.01842374616171955
12 0.49713906866614044 0.7036847819856704 0.02584844325177585 0.019191405527123846
13 0.28235971586424624 0.3396878935516888 0.010655095816890291 0.019191405527123846
5 0.1980070086819258 0.4896365527123848 0.023480675611681136 0.010491309723643807
18 0.6462114853985793 0.5982739651995905 0.024467255564325177 0.013022172364380758
6 0.3105762904498816 0.6070200466734903 0.014996063772691397 0.010307393244626407
6 0.48145214838200473 0.17476965404298875 0.009865839936858722 0.01023541453428864
14 0.5217049660615627 0.3132035537359263 0.007892639621152327 0.016632558444216988
23 0.5878059037095501 0.3144190951893552 0.012628255722178374 0.00972365035823951
7 0.4960536448303078 0.38011781371545544 0.01657457553275454 0.013561920982599795
0 0.6361484830307814 0.2729017645854657 0.022099447513812154 0.010619231115660184
18 0.19327131176006315 0.5286591279426817 0.022296771586424624 0.012538392630501535
18 0.6527228161010261 0.49571399795291715 0.022099447513812154 0.011642785670419651
10 0.4408049250197316 0.2547658546571136 0.011444351696921862 0.01720828331627431
6 0.26085248303078135 0.5887921392016376 0.01578531965272297 0.01023541453428864
18 0.33089990213101816 0.157881252814739 0.022494095659037094 0.010747178710337769
18 0.26124688871349644 0.5665300962128966 0.01736387182320442 0.013306025793244625
22 0.23283351539068667 0.15992846673490277 0.013417511602209945 0.01023541453428864
8 0.5532756053670087 0.5003838362333675 0.013812159747434886 0.00972365035823951
13 0.5601813417521704 0.5294268659160696 0.004735616101026046 0.005629484544524053
13 0.19988164798737174 0.7112332446264074 0.0067087760063141285 0.018679641351074718
13 0.19198908918705604 0.6466221985670421 0.009865839936858722 0.01688842743091095
13 0.6787689471191792 0.593781911975435 0.007892639621152327 0.01714432262026612
18 0.27742681610102604 0.5248529293756398 0.022888703393843725 0.014777383828045037
7 0.5246646250986583 0.7043883234390993 0.021310191633780583 0.02136643602865916
13 0.17916322651933703 0.3014330562947799 0.009076543646408839 0.01842374616171955
10 0.36018896921862664 0.42001975025588534 0.014626065982636148 0.016792473285568064
4 0.5146016227308603 0.14943692118730809 0.012628255722178374 0.016632558444216988
13 0.2186268287292818 0.20169763111566016 0.012233607576953433 0.010115458751279427
13 0.33484597947908445 0.6449910829068577 0.007498031886345699 0.016824466734902763
11 0.4657656322020521 0.6414406223132038 0.02545383551696922 0.016504610849539407
14 0.2766376006314128 0.2791070788126919 0.007892639621152327 0.016248715660184238
13 0.1920876906077348 0.6284545834186285 0.007103383741120757 0.01688842743091095
13 0.25493276085240724 0.19600822108495394 0.007892639621152327 0.01842374616171955
18 0.48076153433307023 0.6028658505629477 0.01637725146014207 0.010491309723643807
13 0.629439545382794 0.6527635783009211 0.005524871981057617 0.004605929989764585
13 0.7052090797158642 0.6768807697031729 0.003946327892659826 0.01688842743091095
8 0.18804260773480663 0.6528275127942682 0.015390671507498026 0.010363362128966222
13 0.6948005682715075 0.6156441809621289 0.014700097868981847 0.018071896827021493
13 0.21389113180741912 0.46507155783009213 0.007892639621152327 0.01842374616171955
13 0.5793213322809787 0.18807562743091094 0.009471191791633781 0.01688842743091095
7 0.3098609048145225 0.40353120163766637 0.013516193843725335 0.01023541453428864
18 0.3214285082872928 0.218270264073695 0.02012628760852407 0.013306025793244625
13 0.2462509865824783 0.2590198567041965 0.01026044767166535 0.01714432262026612
12 0.39463278926598266 0.706371602865916 0.014996063772691397 0.01791198198567042
10 0.5538672138910813 0.2736695025588536 0.021704799368587213 0.02021493387922211
7 0.6760064909234412 0.6415684912998977 0.015982643725335435 0.01714432262026612
2 0.554459226519337 0.255373494370522 0.005524871981057617 0.005117694165813715
2 0.4210733259668508 0.6862846427840328 0.0205208953433307 0.011258969089048106
10 0.26420695185477505 0.3000257113613101 0.014206767482241514 0.01586489907881269
13 0.26696940805051306 0.564227144319345 0.0067087760063141285 0.01791198198567042
2 0.5986581215469613 0.55616694370522 0.011838999842146803 0.014585475537359264
13 0.4408049250197316 0.5949094910951893 0.005524871981057617 0.004334051177072671
2 0.18528015153906868 0.4272645240532241 0.012233607576953433 0.010043506243602866
6 0.597474500394633 0.19229792425793243 0.01973163946329913 0.00946775516888434
13 0.4849052186266772 0.597132472466735 0.00848461183898974 0.01504926264073695
13 0.34471177900552485 0.33904802456499483 0.009865839936858722 0.01714432262026612
13 0.31116830307813736 0.4567553572159673 0.004735616101026046 0.003582401637666326
13 0.36858706235201266 0.4547084053224156 0.00848461183898974 0.007420672262026612
10 0.29419875611681134 0.21732662763561925 0.02012628760852407 0.016088800818833165
6 0.2158643725335438 0.5699846550665302 0.014996063772691397 0.011258969089048106
46 0.6045778437253354 0.29311659365404297 0.03314915106550908 0.011770733265097236
4 0.45797167482241513 0.43986695598771747 0.01026044767166535 0.012282497441146366
14 0.20639297868981848 0.46481581985670417 0.007103383741120757 0.01893551033776868
10 0.3543803756906077 0.2769959303991812 0.012628255722178374 0.017016375025588535
6 0.32162571112865035 0.3631012814738997 0.013417511602209945 0.00972365035823951
6 0.16781759747434885 0.5304503418628455 0.01973163946329913 0.00972365035823951
20 0.9727705003946329 0.4156217907881269 0.04143643883188635 0.04516369293756397
8 0.2616416985003946 0.5074205609007165 0.014996063772691397 0.009083938587512793
8 0.46408859984214684 0.2369498792221085 0.014206767482241514 0.01023541453428864
13 0.5181532943962115 0.2318241146366428 0.009471191791633781 0.018823572569089047
6 0.3287294585635359 0.4237462927328557 0.015390671507498026 0.011258969089048106
12 0.45215055406471977 0.3993450906857728 0.01657457553275454 0.01152282988741044
11 0.21803481610102604 0.3229273613101331 0.01617996779794791 0.01688842743091095
7 0.15627476558800316 0.3955248055680655 0.018153127703235992 0.004929794882292733
2 0.40173653670086823 0.5429888393039918 0.004735616101026046 0.00997951934493347
12 0.17353971270718233 0.2618987430910952 0.01775847955801105 0.016376663254861822
13 0.4147591981057617 0.35683203275332653 0.009865839936858722 0.016120768065506653
2 0.38456978689818466 0.5845701044012283 0.021310191633780583 0.00997951934493347
13 0.5432121988950276 0.46910178915046064 0.007103383741120757 0.005757432139201638
12 0.5536700110497238 0.6445752466734902 0.011838999842146803 0.015609003889457523
13 0.3211202576164167 0.7084824892528148 0.007078733385951066 0.018807562743091095
12 0.3606945035516969 0.5920507624155578 0.007695355958958169 0.004941795701125895
13 0.6497138563535911 0.14547088638689867 0.007300707813733228 0.017400191606960082
4 0.19060786108918706 0.28134583418628456 0.022099447513812154 0.017400191606960082
19 0.29163390686661406 0.38408384851586486 0.011049743962115234 0.00921185997952917
2 0.6816300047355959 0.43270210030706246 0.013220187529597475 0.010747178710337769
6 0.6104971617995264 0.2531344769703173 0.007103383741120757 0.00895599099283521
22 0.5524863898973954 0.2956755455475947 0.013812159747434886 0.013561920982599795
6 0.5392661215469613 0.2136643602865916 0.013812159747434886 0.01023541453428864
19 0.46112853670086823 0.25719667553735925 0.009865839936858722 0.009403794472876151
6 0.25532757063930545 0.2624264646878199 0.01657457553275454 0.009435761719549641
18 0.4745460078926599 0.6532753162743091 0.014996063772691397 0.0030706374616171956
6 0.2081690165745856 0.2848003930399181 0.01657457553275454 0.010491309723643807
13 0.34614230781373323 0.40398102272262026 0.005722196053670086 0.014645427226202662
22 0.4032163662194159 0.36079832958034797 0.014009483820047354 0.01023541453428864
4 0.39581681452249406 0.25965972569089046 0.009668515864246252 0.012794261617195496
13 0.20441973796369375 0.5656344892528148 0.009076543646408839 0.02021493387922211
13 0.6965273054459352 0.6558182845445241 0.008089963693764798 0.01692042088024565
13 0.5242698153117601 0.17246670214943705 0.005919479715864246 0.022517911975435005
8 0.3629142478295186 0.2194216090071648 0.014502773796369377 0.010491309723643807
13 0.21428553749013418 0.38280463459570113 0.007103383741120757 0.015353134902763563
13 0.47198115864246254 0.19191405527123848 0.00868193591160221 0.016376663254861822
13 0.6771901120757695 0.4534289293756397 0.01026044767166535 0.01023541453428864
7 0.4015389297553275 0.5216863377686796 0.005130223835832675 0.013945763766632547
4 0.5891871318074191 0.14726210030706244 0.022888703393843725 0.016632558444216988
18 0.5061166471981058 0.2752047164790174 0.022494095659037094 0.013306025793244625
4 0.1848857458563536 0.4687818546571136 0.012628255722178374 0.010747178710337769
6 0.3827941531176007 0.15685777686796315 0.014996063772691397 0.01023541453428864
6 0.35951047829518545 0.2374616171954964 0.015390671507498026 0.015097239713408393
4 0.2677586235201263 0.46622316479017406 0.011049743962115234 0.009595702763561923
13 0.30544578374112075 0.255629494370522 0.014996063772691397 0.012794261617195496
4 0.4744474064719811 0.2128966223132037 0.01006312359905288 0.01688842743091095
4 0.3252022352012628 0.6476459365404299 0.009816498816101027 0.01023541453428864
2 0.6616021973164957 0.2504479181166837 0.022099447513812154 0.010811165609007165
13 0.5295975248618785 0.3138434227226203 0.007103383741120757 0.016632558444216988
13 0.4682318800315707 0.4363164953940634 0.007498031886345699 0.02309366305015353
5 0.5489343141278611 0.5202150583418629 0.006314127861089187 0.00921185997952917
22 0.6764008966061562 0.353377735926305 0.014206767482241514 0.011258969089048106
10 0.5947120441988951 0.6993346161719549 0.013812159747434886 0.01944730071647902
2 0.4555050228887135 0.19869898284544524 0.012825579794790843 0.004358052814738997
13 0.3083440189423836 0.38152515864892533 0.00825031223362273 0.015353134902763563
21 0.6769929092344119 0.699206747185261 0.0230860274664562 0.01714432262026612
23 0.30623499921073405 0.4452405977482088 0.012628255722178374 0.01023541453428864
2 0.60161818468824 0.3549129498464688 0.011838999842146803 0.01023541453428864
22 0.3105762904498816 0.24002056908904812 0.023677999684293606 0.01023541453428864
10 0.37016589739542227 0.2984902354145343 0.02012628760852407 0.019191405527123846
8 0.3385211049723757 0.44421685977482084 0.01484808082083662 0.010747178710337769
6 0.6752168713496448 0.3955947745342886 0.014206767482241514 0.0050777351074718525
13 0.6817286061562746 0.20647550296827022 0.007892639621152327 0.014889321596724667
4 0.4861878453038674 0.25636526509723645 0.009471191791633781 0.01170674636642784
4 0.20289060773480666 0.22287616786079836 0.009372549960536701 0.011258969089048106
