24 0.6772111254932912 0.2560662927328557 0.01653549865824783 0.011827252405322416
18 0.5432364451460142 0.20837116069600817 0.016939158326756115 0.015155121392016378
18 0.4574661404893449 0.4344044872057318 0.016216377584846092 0.013203887819856704
0 0.6784121231254934 0.47860968679631527 0.022241975059194948 0.009872795905834186
18 0.3413404186266772 0.6379996888433982 0.016545762904498818 0.012876066325486182
7 0.44909148539857935 0.23454342681678608 0.017122459984214678 0.013793421494370522
7 0.4121555548539858 0.21405687615148414 0.026727006156274664 0.014226053633572159
9 0.643613499605367 0.3750339733879222 0.01332610323599053 0.009246237871033776
22 0.5057226456195738 0.5982062313203685 0.01343444356748224 0.009359616786079836
22 0.7433742951854775 0.23413099692937564 0.014331433622730861 0.009913305220061413
4 0.43477407419100234 0.4157762292732856 0.009678497237569061 0.010712643602865916
0 0.6510647766377269 0.21291103377686796 0.022289336069455407 0.00994873121801433
2 0.6744898879242305 0.23273334698055273 0.01153159779005525 0.009486856908904811
23 0.40544095974743494 0.6188801310133061 0.012598352012628255 0.00957770153531218
9 0.39021310181531177 0.21217604912998975 0.013996875769534334 0.009513950460593654
8 0.42063891397000785 0.41623163152507675 0.013562504183109707 0.009111294165813716
0 0.6443433117600631 0.4986670378710338 0.020352585951065507 0.008350630910951893
0 0.6426606219415942 0.5580988659160696 0.021196678768745068 0.009621853019447287
9 0.4723032296764009 0.6382677420675538 0.014844484293606944 0.009970296008188332
0 0.6309375595895816 0.4777761801432958 0.021470216890292028 0.00942221494370522
22 0.6495291807419099 0.4578731627430911 0.014080606156274664 0.009464165404298874
0 0.6560461689029203 0.6196960818833163 0.021418531965272297 0.009122718526100308
2 0.6808076527229676 0.6607176581371546 0.011749935280189425 0.00929644216990788
7 0.6626427655880031 0.519868659160696 0.014810539542225729 0.013359479222108495
6 0.6639589329123915 0.4980148536335722 0.014228265824782952 0.008708533060388947
1 0.4724604262036306 0.5997089539406346 0.014584200789265984 0.013620012282497441
0 0.773326093133386 0.4173994841351075 0.022700633307024466 0.009679970522006141
0 0.6473987434885556 0.43727760900716484 0.015198843251775847 0.009560067144319345
8 0.5255467845303867 0.2118689539406346 0.014012474191002369 0.009476559263050154
11 0.7597178847671665 0.23157414124872058 0.013041533070244672 0.015463736335721597
6 0.7941908003157063 0.6002214779938587 0.014486528808208365 0.009148711566018423
0 0.42382487134964486 0.23259394882292733 0.02174504814522494 0.009744140839303993
1 0.7505657332280978 0.39847592221084954 0.013849983898973954 0.013228203889457522
18 0.6602456195737963 0.3536685854657114 0.015860604262036306 0.01410206264073695
7 0.70802972691397 0.2152391402251791 0.015674918389897395 0.013912512589559877
0 0.4729938437253354 0.6182242784032753 0.021478298973954223 0.009135269600818834
0 0.37827586424625104 0.6397893306038894 0.020567528966061562 0.009336165404298874
8 0.3978789581689029 0.2532539611054248 0.01340110497237569 0.009444198976458547
22 0.6515408113654302 0.2953042538382804 0.01477057363851618 0.009797777686796317
22 0.6587051744277821 0.639555340839304 0.014119238516179954 0.010069525486182191
1 0.6617298942383583 0.37843350665301945 0.013142761168113656 0.012746048720573184
5 0.8192897111286503 0.6204858300921188 0.013881504025256512 0.008970638280450357
4 0.39217623993685874 0.23192578096212896 0.009555366692975534 0.010667024769703173
6 0.7284531523283346 0.6198766182190378 0.014538617837411208 0.009855135312180142
18 0.6800192454617205 0.6381301780962129 0.01630249218626677 0.013196917911975435
2 0.6614712675611681 0.2545931791197544 0.012720633938437254 0.009680389764585465
22 0.5228893954222573 0.6189084298874105 0.01361426992896606 0.009714217400204709
14 0.3925496322020521 0.4127568966223132 0.006746478926598263 0.014988420061412487
8 0.4151734048934491 0.6397112466734902 0.014264029044988162 0.009270003684749234
2 0.6771703109707972 0.35602079836233363 0.011650444830307813 0.008672792630501535
8 0.6237242999210734 0.5786579979529172 0.014253966850828729 0.009555560286591606
18 0.7309072770323599 0.4147310051177072 0.01589491270718232 0.014806730808597748
18 0.4353171902131018 0.20819680818833164 0.01689652533543804 0.014876010644831116
5 0.6799388287292818 0.5182372814738997 0.013509324072612471 0.008925255271238485
1 0.7622487892659826 0.35961632753326506 0.012820528492501973 0.012532785261003071
22 0.4147410134175217 0.25219222927328555 0.013789085398579322 0.009375233572159672
0 0.5661006598263615 0.6403993285568065 0.02237233906866614 0.009580085977482087
2 0.3761486598263615 0.21154430296827023 0.012025453512233624 0.009768063868986694
0 0.3758912454617206 0.39615751074718525 0.02053273559589582 0.008828226816786081
19 0.7657705572217837 0.6199130399181166 0.011595284609313338 0.008997574616171955
22 0.5466034411996843 0.6393876438075742 0.014002088713496447 0.009639932855680655
9 0.3748337048145225 0.23221034186284545 0.014042862825572218 0.009878193654042989
9 0.36450924704025256 0.598460659160696 0.014395847829518547 0.009973152098259979
14 0.44376943330702445 0.6154963193449334 0.005537035516969219 0.015003565199590582
9 0.731633452249408 0.39671824769703173 0.013581820363062352 0.009764369293756398
7 0.398531182320442 0.6420624114636643 0.015770610260457774 0.013129210235414536
22 0.36436659826361484 0.33515299897645856 0.01443844041041831 0.009969274104401227
5 0.6090326882399368 0.5784158853633572 0.01415496132596685 0.009530327123848515
2 0.645295179163378 0.5989278526100307 0.011099327545382795 0.009345126714431936
0 0.6774390402525652 0.19215721596724666 0.02131710181531176 0.009550398362333675
13 0.5917883504340963 0.3923473817809621 0.008857034254143645 0.016612932650972367
8 0.5651259605367008 0.23267648720573184 0.014081535595895816 0.009438434390992836
0 0.7153824025256511 0.6397122947799386 0.022007513812154697 0.009904081883316275
5 0.6966756116811366 0.640077559877175 0.014427893291239148 0.00961391361310133
7 0.6450658500394634 0.579499889457523 0.015292595422257301 0.0143104
7 0.6568398295185477 0.4803128597748209 0.016123271981057615 0.014215808393039918
9 0.5186972186266772 0.2327178874104401 0.013924743172849249 0.009847772364380758
2 0.37822009786898186 0.25274248515864894 0.012310629834254145 0.00989412487205732
1 0.7495562809786899 0.25625521392016376 0.013360937016574585 0.011542901125895599
16 0.7941592801894238 0.3966228700102354 0.01954179131807419 0.010339543909928351
9 0.7452667150749802 0.619809539406346 0.013639203157063932 0.009354769293756397
8 0.6021726156274665 0.6194890808597747 0.014008554380426204 0.009538738178096213
1 0.6539254301499605 0.4182543459570113 0.013648133859510655 0.01300527164790174
22 0.5856681925808997 0.41671611873080866 0.014030295185477507 0.009564154759467758
9 0.7496593275453828 0.21333360409416582 0.013271266298342542 0.009969221699078813
13 0.5334490418310971 0.2317106571136131 0.007712005051302289 0.020316416786079837
16 0.6955950370955012 0.415882088024565 0.01858398358326756 0.010718146161719549
5 0.44712268981846887 0.415818153531218 0.013733480662983426 0.009942599795291709
9 0.666966680347277 0.6809123111566019 0.014221194001578532 0.009701875946775844
5 0.3596345382794002 0.6399884708290685 0.014115641988950278 0.009722445035823951
4 0.6844575217048146 0.5378151238485159 0.00985666677190213 0.010235466939611054
0 0.604653411207577 0.4165439672466735 0.02192438958168903 0.00987345097236438
7 0.7309565777426993 0.43938875742067557 0.015617697237569061 0.013646083930399181
8 0.6647150118389897 0.33608109723643803 0.013510051460142067 0.009022571954964176
13 0.4412029676400947 0.433468790174002 0.008457658089976323 0.016550465506653022
1 0.7749671602209944 0.33915964790174 0.013431574427782162 0.013522852814738997
9 0.4096088902920284 0.3347243234390993 0.013917832991318074 0.009301106243602867
2 0.7968057584846093 0.4175333797338792 0.011790709392265192 0.009032450358239508
18 0.39961903078137334 0.3945601965199591 0.01606629329123915 0.012404025383828045
0 0.7007926250986583 0.558682923234391 0.012779713970007893 0.009511592221084955
0 0.6283622036306236 0.4165401940634596 0.02177345666929755 0.009735205731832139
14 0.7619808681925809 0.37449184032753324 0.0054672871349644835 0.014437902149437052
22 0.4679344593528019 0.5571450890481064 0.013673673243883189 0.01036904810644831
2 0.5597598610891871 0.2122108986693961 0.011880905445935279 0.009506430296827021
8 0.782969635359116 0.6416725158648925 0.013567353433307023 0.009095991811668373
19 0.695509771112865 0.579021428863869 0.011412063772691397 0.009073902968270214
6 0.8464515737963694 0.39877911320368475 0.01487252912391476 0.009783077993858752
0 0.4963183330702447 0.2533548413510747 0.02096751128650355 0.009271418628454452
8 0.6196573954222573 0.23355270419651997 0.013370595106550908 0.009775033776867963
5 0.8125597600631413 0.3981496990788127 0.013362068508287294 0.008881103787103377
22 0.8077020236779795 0.33751202456499485 0.01443710686661405 0.009508002456499489
4 0.42380911128650356 0.35488491299897645 0.008848426835043409 0.0103582264073695
13 0.6687669644830307 0.6574813674513817 0.008833959905288083 0.017099070624360287
13 0.5947641736385162 0.20829726919140223 0.008251403314917126 0.019215197543500512
4 0.6462365398579322 0.5173767860798363 0.009437772375690608 0.010396298874104402
2 0.8388746203630623 0.6418127001023541 0.01094180773480663 0.009087554554759467
2 0.8598241894238359 0.41862079017400206 0.011781576637726915 0.009229258546571136
19 0.8184467498026836 0.25505644216990786 0.011143657774269929 0.00922118812691914
13 0.8338091744277822 0.6184527656090071 0.00833901310181531 0.016852555987717503
0 0.7974527292817679 0.2141493715455476 0.021390123441199685 0.009527733060388946
7 0.7036949013417522 0.21517703991811668 0.00697487861089187 0.014100464278403276
2 0.4027779131807419 0.6792397952917093 0.011949401104972375 0.009624001637666326
5 0.6124017048145225 0.47790562128966224 0.012758902604577743 0.009581134083930399
6 0.4888674601420679 0.5980136417604913 0.015171727861089186 0.009870699692937563
14 0.6650136448303079 0.698529670419652 0.005276226677190213 0.015316608393039917
6 0.40095378689818467 0.4157961432958035 0.006859506866614048 0.008706594063459569
1 0.4288927419100237 0.45526652200614126 0.01411818784530387 0.006560255475946776
5 0.7794426140489344 0.6205985015353123 0.013493685240726125 0.009225616376663255
0 0.8270291144435675 0.6008637052200615 0.02196484041041831 0.009696320982599795
4 0.8591537805840568 0.39829276560900717 0.009020211523283347 0.008984342272262028
14 0.5819738721389108 0.5951614820880246 0.004956943962115233 0.015242638280450357
14 0.6350877095501185 0.18908914636642785 0.004934637411207577 0.015281103787103378
13 0.8400073243883188 0.19051326100307062 0.0079135318074191 0.016099517707267145
18 0.7788396906077348 0.31318206755373595 0.01686233812154696 0.014616604298874106
0 0.8084779037095501 0.4388864524053224 0.022482457458563535 0.009989345342886388
10 0.6660376448303078 0.18864632139201637 0.012962530702446724 0.01622109805527124
7 0.5287662825572218 0.5808333428863869 0.01681525998421468 0.013855050153531218
13 0.47103595895816885 0.4335322006141249 0.008583213259668508 0.016339900921187308
23 0.7588231981057616 0.4377251504605936 0.011558632359905287 0.00967598771750256
7 0.6482752454617206 0.15335762538382805 0.017063460773480664 0.013817134902763562
8 0.587083769534333 0.4370032671443193 0.013204023362273085 0.009051447287615148
0 0.575138045777427 0.37542098669396107 0.020272371270718233 0.009343685568065507
9 0.6144408145224941 0.6403668372569089 0.014227093922651934 0.009665428045035824
22 0.5704536700868192 0.4364003439099283 0.014150031254932912 0.00956352589559877
2 0.6632541752170481 0.274506153531218 0.011860538595106551 0.008545369089048106
23 0.8435460647198106 0.48073891504605937 0.012878072928176795 0.00910628945752303
8 0.5856350560378848 0.6402161719549642 0.013641829834254144 0.009472445445240533
