19 0.6475733164956591 0.39154357624398073 0.012030060299921073 0.01194452990904227
0 0.456991318074191 0.43619797538790794 0.02396733827940016 0.010821992509363295
29 0.13563676085240725 0.43636288924558586 0.03337973291239148 0.022589527661851256
7 0.5813757979479084 0.6473931813804173 0.014579634411996842 0.015131366934189405
29 0.6172983564325178 0.6667949406099518 0.022094517442778218 0.020694223649010166
18 0.6322973701657458 0.3670267479935794 0.015613090449881609 0.013890239486356341
8 0.4195175248618785 0.43746605885500267 0.014784474822415154 0.009894694489031568
11 0.3668001136543015 0.43356318887105405 0.014376693291239149 0.01661674221508828
0 0.6308664372533543 0.23003223113964688 0.024439776479873717 0.01204243723916533
5 0.6159727734806629 0.36845207490636706 0.015354180899763219 0.012174724451578385
9 0.3852935374901342 0.5283426345639379 0.013341378374112076 0.01192987394328518
12 0.47238122178374115 0.6453210743713216 0.013061374585635359 0.021476742643124665
11 0.3132364274664562 0.45558658533975394 0.014731779636937647 0.016737962118780095
21 0.5950543204419889 0.23355007383627607 0.015287503709550117 0.015620684430176566
8 0.343261044988161 0.5747026046013911 0.017262482083662194 0.01284804965222044
8 0.43725971902131017 0.6681723274478332 0.015790734648776637 0.011716006420545747
8 0.5220145098658248 0.6683955912252542 0.01647059952644041 0.012144535901551632
0 0.40270153749013415 0.4589434863563403 0.022224032833464878 0.010884177635098984
5 0.6332753022888713 0.39215063456393795 0.014827350276243094 0.012232499090422688
0 0.6587274001578532 0.6923097442482611 0.02539427056037885 0.013165358159443554
5 0.41150333070244677 0.6680723381487426 0.015265318389897396 0.011219812948100589
0 0.3327353433307024 0.1832697014446228 0.02469125051302289 0.012184230283574104
8 0.5490983804262036 0.4149739454253611 0.01471646408839779 0.01084478459069021
8 0.37137861404893446 0.6919484130551097 0.014467778374112077 0.011526519850187265
5 0.5980826771902131 0.6450438437667202 0.01543116274664562 0.011172338576779026
0 0.6129860394632991 0.39212104868913855 0.023447417837411208 0.011247289459604067
12 0.32462416416732437 0.5978242397003745 0.01371945824782952 0.022398753558052435
2 0.29670460615627464 0.229640355270198 0.012842067245461719 0.012540712680577848
6 0.2438449502762431 0.6445501979668271 0.01519472138910813 0.010691622899946495
8 0.31119416574585634 0.4366927991439272 0.013921874033149172 0.01070488175494917
9 0.32274952486187847 0.574734655965757 0.01396466866614049 0.011578130765115035
9 0.5288426582478296 0.41395213697164257 0.014430115864246251 0.011901466024612091
0 0.6171345730071034 0.5286053461744248 0.02344588224151539 0.011303557410379882
2 0.12630235832675613 0.6439308121990369 0.014576765272296765 0.012587803531300162
6 0.36099354064719813 0.5742311482075977 0.016755331333859508 0.010930884965222043
6 0.4401559337016575 0.27612770893525945 0.015850744119968427 0.011832733654360621
12 0.3549461215469613 0.23035863456393793 0.014266292028413575 0.02193510454788657
2 0.6261202336227308 0.13743844194756555 0.0125598408839779 0.011747482504012842
9 0.40039652722967645 0.2756066688068486 0.014047510023677979 0.012437819582664527
12 0.1841914948697711 0.45834026324237565 0.013636495659037094 0.02094592273943285
4 0.340468563851618 0.22885550775815947 0.012051881925808998 0.014040333012306045
12 0.34938928492501975 0.4153128406634564 0.014201999052880821 0.008795825789192082
8 0.6277754443567483 0.16085620973782772 0.01654095406471981 0.012340788871054038
8 0.3021555674822415 0.644494861423221 0.017080675611681136 0.011563200856072767
9 0.41052661089187054 0.22985485286249333 0.014011100236779796 0.011873469020866775
9 0.3993450481452249 0.4363541230604601 0.014152738752959746 0.011044379668271802
13 0.4179552580899763 0.4749061615837346 0.009720362430939225 0.008968903156768324
11 0.48936491239147595 0.618491342964152 0.014624409155485399 0.017304367255216693
9 0.34545977584846094 0.4587958309256287 0.013747543488555645 0.011686228785446763
11 0.4964747213891081 0.4115080149812734 0.01441096132596685 0.01691114906367041
5 0.37203487924230466 0.25270610593900483 0.014961957379636938 0.012222582343499199
5 0.5990779857932123 0.6216507308721241 0.01396382004735596 0.011802024612092028
2 0.34041271665351225 0.5975497485286249 0.012717199052880821 0.012315257356875334
12 0.6123635169692185 0.2760156661316212 0.012278584372533544 0.02135141359015516
8 0.26559545382794 0.5283338683788122 0.014429832991318075 0.011029997645799894
15 0.6148303709550119 0.2093325012306046 0.030408880189423837 0.00775007469234885
2 0.1626992138910813 0.5283730422685928 0.011467749329123915 0.011667710219368648
12 0.23310386108918707 0.41425813162118785 0.012602069771112865 0.021442307972177638
2 0.3703279431728493 0.2299449802033173 0.012116659826361485 0.012156945532370253
0 0.4376949392265193 0.6218181102193686 0.021969891712707183 0.01135385339753879
14 0.4855542099447514 0.4747971321562333 0.005509556432517758 0.009089602568218298
0 0.5867940268350434 0.4147805414660246 0.024606065351223363 0.012124346281433922
5 0.45675895816890294 0.6219679571963617 0.014143201894238358 0.011456609523809523
2 0.6373603914759274 0.20931239379347244 0.013239705761641674 0.007709859818084537
2 0.6157832486187846 0.4590185468164794 0.012328733701657458 0.012036657035848046
12 0.6294613670086819 0.4371190822899947 0.013556159747434885 0.021302021615837347
0 0.3673832359905288 0.20920158373461745 0.024126959431728493 0.0074882397003745325
14 0.57486163851618 0.47485383841626533 0.007214593212312549 0.009093876083467095
2 0.3137498822415154 0.6673877538790797 0.012254459352801894 0.011997647512038523
13 0.2997951949486977 0.4556602760834671 0.011121229992107339 0.017815271482075977
1 0.14674760536700868 0.21113622600321028 0.015842338752959748 0.011344648903156769
5 0.607268773480663 0.3448321369716426 0.015266894396211525 0.01250255238095238
14 0.5873775532754538 0.6185620203317281 0.00729290860299921 0.017953092348849654
13 0.6566034285714285 0.15943362225789193 0.009352304340962904 0.01699856436597111
0 0.27100034727703237 0.4776313493846977 0.020881679558011047 0.003538963723916533
7 0.25486850828729285 0.43972444729802035 0.014955976637726914 0.016086059283039057
0 0.3422493297553275 0.2090274653825575 0.024787791002367797 0.007140002996254682
5 0.362109272296764 0.13694507009095772 0.01544405367008682 0.011840541037988228
5 0.271529319652723 0.458594482611022 0.014263907813733228 0.010933514820759764
9 0.3026683756906077 0.25302798929909043 0.013685351854775058 0.011739072445157839
13 0.20632791791633778 0.5490097378277154 0.008306482715074979 0.017210130765115034
8 0.4007881041831097 0.5284037239165329 0.006631794159431729 0.011245673194221508
