12 0.752403 0.429876 0.114651 0.140017 0.994329
18 0.291728 0.624316 0.107107 0.142827 0.989955
29 0.869272 0.657888 0.129529 0.189588 0.984158
11 0.943498 0.825403 0.0943773 0.143581 0.981385
16 0.132311 0.652987 0.101415 0.0988445 0.9684
8 0.519329 0.253109 0.095897 0.0934432 0.967702
8 0.47552 0.646195 0.0899417 0.0971937 0.966598
4 0.60033 0.446067 0.0690794 0.108575 0.96632
23 0.322405 0.843079 0.0741665 0.0936806 0.965714
2 0.364714 0.253949 0.0679784 0.0913126 0.965429
8 0.0400764 0.25796 0.0799812 0.101357 0.965298
2 0.226542 0.253233 0.0798418 0.101447 0.96024
14 0.218461 0.428555 0.0480602 0.14069 0.958839
7 0.738165 0.2773 0.0996126 0.134281 0.958424
4 0.302217 0.241025 0.0685583 0.121421 0.95808
4 0.634994 0.831721 0.0672891 0.120909 0.956444
5 0.223566 0.846428 0.0811163 0.0991683 0.95366
12 0.109183 0.43656 0.15474 0.144864 0.953167
2 0.126781 0.260793 0.074901 0.100408 0.952923
13 0.26592 0.428016 0.0445858 0.143104 0.941534
2 0.393031 0.645659 0.0715516 0.104632 0.93796
14 0.0961416 0.833039 0.0504897 0.141196 0.935474
5 0.958775 0.453938 0.0822988 0.0928301 0.933904
23 0.432883 0.248923 0.0652093 0.090493 0.921649
13 0.870237 0.828219 0.048372 0.149822 0.912268
13 0.0391031 0.640733 0.0480694 0.156988 0.899527
4 0.151662 0.832873 0.0661636 0.13636 0.896687
2 0.75773 0.649873 0.0389867 0.0456219 0.884763
14 0.00721037 0.641224 0.0144207 0.150076 0.880077
0 0.945588 0.255657 0.108824 0.102605 0.872631
13 0.208765 0.61875 0.0457191 0.1708 0.867264
6 0.84041 0.255713 0.0948474 0.0973136 0.862249
6 0.0361635 0.861092 0.072327 0.109625 0.830316
13 0.887566 0.427277 0.0508003 0.142362 0.821759
8 0.409515 0.819474 0.0992244 0.147838 0.818575
21 0.0880056 0.979144 0.0902038 0.041562 0.803846
14 0.880156 0.976505 0.0527313 0.046991 0.799505
13 0.532648 0.429408 0.0614794 0.13956 0.711463
5 0.974177 0.630025 0.0514772 0.159195 0.640808
4 0.0142675 0.448319 0.0284906 0.133047 0.640761
6 0.349082 0.449318 0.110266 0.0997461 0.605993
6 0.590312 0.641883 0.132333 0.0971987 0.566183
13 0.861364 0.425871 0.0881772 0.145009 0.555664
