12 0.330042 0.0762492 0.113331 0.13876 0.989129
4 0.912972 0.638507 0.0758104 0.144918 0.988285
4 0.530537 0.665142 0.0645052 0.110435 0.983121
4 0.287124 0.477605 0.0679317 0.101179 0.980762
4 0.814661 0.467802 0.0584539 0.111537 0.980709
7 0.101756 0.500332 0.0923809 0.122003 0.978136
19 0.225803 0.874953 0.0631156 0.091651 0.97711
4 0.620499 0.475253 0.0722393 0.108104 0.976876
4 0.372372 0.861778 0.0733178 0.120123 0.976633
11 0.454751 0.462743 0.0873278 0.130898 0.976151
11 0.749662 0.645235 0.0845612 0.135025 0.972346
11 0.406115 0.655283 0.0863522 0.132937 0.968101
5 0.363353 0.484464 0.0841218 0.0924762 0.966967
5 0.242072 0.676437 0.0893463 0.0940053 0.966688
23 0.322224 0.682595 0.0696833 0.0872958 0.964309
2 0.24317 0.292277 0.072987 0.0902464 0.963848
2 0.339371 0.293021 0.0777434 0.0964215 0.963423
2 0.0693715 0.679315 0.0707427 0.0928081 0.962503
0 0.881797 0.861313 0.132158 0.0982312 0.957264
11 0.173002 0.0716715 0.0949252 0.136991 0.956496
5 0.542148 0.485054 0.0837145 0.0920216 0.94996
0 0.490062 0.872442 0.130665 0.0977786 0.945381
5 0.834843 0.667229 0.0764985 0.0972414 0.938209
19 0.0153805 0.484607 0.0306496 0.0960838 0.935939
0 0.700927 0.287761 0.174457 0.1007 0.933586
19 0.513137 0.0945399 0.063544 0.0929964 0.928832
5 0.900212 0.470645 0.0758696 0.0908288 0.928826
5 0.0777436 0.0939875 0.0977462 0.094889 0.927693
13 0.692675 0.0717729 0.0443506 0.141923 0.919994
5 0.758443 0.0922015 0.0827565 0.0935887 0.919015
5 0.434289 0.0978849 0.0848044 0.0950484 0.913252
9 0.921812 0.275993 0.0843494 0.0989961 0.907853
2 0.140701 0.677494 0.0696663 0.0887116 0.888429
13 0.472321 0.267475 0.037484 0.143478 0.887757
6 0.737169 0.480906 0.0866555 0.08839 0.865183
13 0.471734 0.655495 0.0398094 0.145653 0.864555
23 0.414831 0.306682 0.0747906 0.117886 0.842176
8 0.601381 0.846221 0.0889148 0.144739 0.835639
18 0.887499 0.0717189 0.124906 0.132051 0.808661
13 0.0218398 0.86976 0.0436796 0.249725 0.793608
21 0.0684141 0.26445 0.136828 0.14933 0.780898
14 0.189701 0.2685 0.0688102 0.141637 0.727316
2 0.295243 0.871079 0.0734329 0.0975101 0.623043
13 0.176485 0.448791 0.0455108 0.165261 0.579168
6 0.744181 0.863203 0.135687 0.0948484 0.53152
