21 0.380068 0.712835 0.0990943 0.133651 0.995251
18 0.701058 0.473422 0.106107 0.147218 0.992532
18 0.047312 0.476332 0.094624 0.143387 0.982777
9 0.875816 0.683667 0.0888896 0.102491 0.976294
4 0.587071 0.876391 0.071795 0.112162 0.975153
6 0.637279 0.297539 0.100384 0.091189 0.970217
9 0.73817 0.295549 0.0851264 0.0961353 0.96922
11 0.67321 0.667983 0.086255 0.133676 0.968439
1 0.0764066 0.904614 0.0912336 0.128557 0.96517
0 0.134034 0.691985 0.189823 0.0929899 0.962277
5 0.0943418 0.298482 0.0835133 0.091661 0.959248
14 0.465622 0.472589 0.0472792 0.13911 0.958643
22 0.489862 0.296761 0.0871277 0.091975 0.957849
2 0.350112 0.881719 0.0742425 0.0986096 0.955207
0 0.529136 0.697218 0.191433 0.0994573 0.953522
14 0.563199 0.272852 0.0479894 0.140159 0.949811
2 0.288198 0.493951 0.0714191 0.0971415 0.94917
7 0.821925 0.522147 0.0982547 0.135615 0.946328
5 0.278846 0.689789 0.0821373 0.0904137 0.945297
2 0.14194 0.496991 0.0698746 0.0952812 0.943528
5 0.393616 0.491921 0.0920275 0.101876 0.939379
2 0.341232 0.101648 0.069715 0.0921732 0.935495
7 0.882448 0.325078 0.151504 0.146424 0.93527
5 0.984136 0.874547 0.0316973 0.132366 0.908405
7 0.223867 0.323677 0.164668 0.132924 0.903865
2 0.795883 0.106143 0.0803173 0.0968122 0.903153
6 0.585483 0.499157 0.0988607 0.0921594 0.900634
23 0.87347 0.102232 0.0729425 0.0953451 0.898287
5 0.187921 0.105098 0.0864949 0.0983583 0.873751
11 0.65577 0.0771332 0.147138 0.14499 0.870024
11 0.204257 0.859749 0.147712 0.138332 0.864684
7 0.0848241 0.125228 0.105075 0.148001 0.853806
7 0.915246 0.905151 0.113466 0.134439 0.851309
13 0.514152 0.478975 0.0456393 0.154181 0.842523
4 0.979539 0.291612 0.0409219 0.128254 0.815349
23 0.947261 0.103906 0.0738126 0.0919709 0.792461
4 0.531304 0.0874238 0.0987571 0.123517 0.75156
21 0.0108518 0.328019 0.0214718 0.159428 0.71718
8 0.430321 0.102831 0.100546 0.104938 0.668166
13 0.0588054 0.663856 0.0389858 0.138692 0.644815
2 0.00900221 0.0920731 0.0179025 0.16523 0.621912
5 0.502932 0.884158 0.0919248 0.0946054 0.603764
13 0.27011 0.074772 0.076816 0.148731 0.591487
2 0.00916851 0.691168 0.0181779 0.0948076 0.561193
