21 0.248618 0.371384 0.0926609 0.131543 0.992463
9 0.35083 0.544223 0.0814525 0.097018 0.96711
14 0.378601 0.926022 0.0426575 0.145433 0.966665
22 0.155826 0.931673 0.0848361 0.0924909 0.965352
2 0.370163 0.74166 0.067741 0.0930479 0.965341
0 0.0541314 0.344033 0.108263 0.108463 0.965232
5 0.152814 0.344212 0.0874786 0.0945939 0.962604
11 0.145398 0.706823 0.0867068 0.14143 0.961619
0 0.328538 0.158735 0.13103 0.0945302 0.958206
5 0.217006 0.151519 0.0874063 0.0964557 0.949533
38 0.107714 0.510987 0.124365 0.141238 0.947561
5 0.236482 0.732364 0.0819078 0.0980332 0.943623
29 0.103483 0.135905 0.128113 0.166765 0.929139
6 0.236399 0.541992 0.131819 0.0978017 0.897264
13 0.0849572 0.899389 0.0515795 0.15861 0.833719
11 0.0269071 0.917307 0.0538143 0.163538 0.803926
8 0.344665 0.35577 0.0941662 0.0995203 0.792436
13 0.280309 0.520017 0.0504047 0.14073 0.581713
12 0.29279 0.918506 0.118225 0.148055 0.578417
