21 0.838793 0.235977 0.102657 0.140794 0.992609
1 0.216406 0.223789 0.0932741 0.143622 0.989186
8 0.93924 0.20572 0.0921206 0.0933297 0.968814
2 0.0582602 0.0232881 0.0782331 0.0465375 0.951882
6 0.143464 0.024083 0.0928377 0.0481659 0.951463
2 0.234541 0.0257703 0.0787284 0.0515154 0.950924
2 0.5356 0.0281119 0.0718408 0.0562238 0.948628
6 0.320695 0.203978 0.097741 0.0923986 0.943228
4 0.0715401 0.195083 0.0702068 0.121422 0.942192
0 0.558951 0.217487 0.144475 0.110087 0.906996
2 0.754161 0.204782 0.071229 0.103219 0.903809
9 0.617456 0.026131 0.0883374 0.052262 0.889333
13 0.856677 0.0297021 0.0388154 0.0594042 0.796597
21 0.0162547 0.172704 0.0323528 0.140589 0.793053
13 0.408618 0.0284966 0.0368557 0.0569932 0.751621
4 0.467372 0.0251981 0.0637113 0.0503962 0.599463
8 0.924767 0.0292697 0.0861158 0.0585394 0.543946
