18 0.531348 0.103372 0.0865698 0.128393 0.97172
19 0.562352 0.31242 0.0603819 0.0990466 0.970779
9 0.528245 0.901551 0.0828827 0.100042 0.970368
19 0.742784 0.506096 0.064211 0.0952736 0.967967
2 0.636325 0.905138 0.0697203 0.0969452 0.950744
0 0.949122 0.701762 0.101554 0.0921855 0.945984
14 0.846078 0.0827255 0.0505307 0.141966 0.934882
13 0.782092 0.875158 0.0529132 0.143979 0.919579
7 0.741845 0.329479 0.091913 0.130641 0.917034
6 0.718728 0.899367 0.0961874 0.098778 0.910657
13 0.676029 0.288361 0.0371027 0.144672 0.906236
4 0.44017 0.901445 0.093704 0.106786 0.904258
7 0.46341 0.734258 0.154723 0.138222 0.903212
18 0.833358 0.689516 0.12731 0.122892 0.897987
4 0.901576 0.0796912 0.0660229 0.142791 0.875494
0 0.547807 0.530968 0.131023 0.129933 0.874099
8 0.837409 0.2814 0.090698 0.142658 0.860558
18 0.878433 0.883037 0.128675 0.129834 0.854189
8 0.972479 0.891041 0.0547607 0.0935529 0.840355
13 0.705892 0.68065 0.0486648 0.156573 0.830664
19 0.973459 0.299364 0.0530821 0.0928853 0.82498
6 0.941886 0.497373 0.116229 0.106259 0.807478
5 0.966439 0.0970488 0.0671227 0.0985581 0.750953
7 0.824801 0.500301 0.0970981 0.187481 0.684248
6 0.61486 0.705293 0.131719 0.110558 0.649244
6 0.778441 0.114747 0.0879966 0.100199 0.535409
