18 0.291183 0.0322624 0.0410366 0.0577239 0.995402
5 0.458353 0.313734 0.0375036 0.0446464 0.992807
18 0.534072 0.217183 0.0463768 0.0629222 0.984705
35 0.80361 0.0440946 0.0599387 0.0781465 0.983687
10 0.933801 0.30869 0.0384313 0.070268 0.976774
21 0.848439 0.502605 0.049495 0.0608539 0.973602
18 0.678613 0.572709 0.0432103 0.0594642 0.973521
8 0.489301 0.227158 0.0430233 0.0435236 0.968066
18 0.903824 0.400803 0.039952 0.0563123 0.964751
9 0.209666 0.222244 0.0394663 0.0512294 0.964396
18 0.154022 0.305208 0.041656 0.0640993 0.964317
7 0.898819 0.148803 0.0617884 0.0634122 0.963136
22 0.443802 0.13451 0.0363795 0.0403768 0.962891
7 0.32508 0.414506 0.0436711 0.0600094 0.960684
5 0.656551 0.318914 0.0423014 0.0431018 0.960548
21 0.308963 0.321627 0.0427291 0.0626894 0.960442
6 0.654183 0.138361 0.0428655 0.0427376 0.958882
13 0.0382153 0.118576 0.0231077 0.0698721 0.957163
18 0.407736 0.0348585 0.0438159 0.0596123 0.955136
4 0.574391 0.0441964 0.0300119 0.0566611 0.954704
8 0.348813 0.133735 0.044181 0.0458385 0.951724
8 0.0500441 0.400915 0.0433232 0.0432622 0.951537
8 0.49796 0.583104 0.0430241 0.0473777 0.950955
7 0.76856 0.237675 0.0456195 0.062563 0.950692
2 0.234952 0.400192 0.0281659 0.0427105 0.950098
6 0.0948921 0.40119 0.0429949 0.0419295 0.948399
5 0.112727 0.313349 0.0393126 0.0438505 0.946439
5 0.608299 0.049371 0.0372753 0.0453087 0.946228
5 0.862258 0.408788 0.0394477 0.0421786 0.943843
13 0.0427736 0.0320202 0.0209745 0.0633934 0.942638
8 0.552256 0.495277 0.040791 0.0433525 0.942403
13 0.569897 0.217725 0.0251237 0.0681069 0.942331
4 0.891788 0.0486015 0.0257051 0.0495603 0.941389
1 0.116593 0.592838 0.0448502 0.0628293 0.940568
22 0.247288 0.042814 0.0397774 0.0403197 0.939856
5 0.306358 0.134206 0.0390274 0.042469 0.93914
0 0.199595 0.132119 0.0602778 0.0455142 0.938824
8 0.958433 0.145531 0.0431204 0.0458763 0.937841
0 0.148693 0.399406 0.0564807 0.0428001 0.936494
18 0.575273 0.57479 0.0395887 0.0536044 0.934407
2 0.946881 0.402742 0.0336213 0.0415494 0.934406
7 0.488771 0.0538274 0.0431092 0.0597957 0.933966
8 0.698424 0.320631 0.042748 0.0452096 0.933656
5 0.835813 0.578893 0.0366855 0.0436021 0.932697
6 0.792379 0.319363 0.0374556 0.0432242 0.93215
10 0.470404 0.483494 0.043216 0.0640999 0.93197
10 0.161625 0.483498 0.0505889 0.0678502 0.930549
5 0.448659 0.225714 0.0379629 0.0439618 0.930259
0 0.781377 0.494812 0.0591784 0.0423993 0.927472
7 0.975305 0.234482 0.0492368 0.0632983 0.926278
2 0.537952 0.582858 0.0337441 0.0442038 0.925236
6 0.112318 0.132769 0.0409102 0.0447291 0.925092
22 0.511548 0.494447 0.0376532 0.0414981 0.925058
6 0.855301 0.052508 0.0417233 0.0430515 0.924233
9 0.599311 0.227995 0.0358162 0.0452169 0.923353
6 0.0713852 0.310947 0.0390255 0.040971 0.923176
2 0.381777 0.582319 0.0331734 0.0457371 0.92291
11 0.126397 0.212838 0.0404262 0.066846 0.916016
0 0.244809 0.309956 0.0585174 0.0527617 0.914891
9 0.833445 0.31985 0.0409081 0.0441922 0.91117
13 0.326137 0.0348711 0.02264 0.0691574 0.910047
2 0.694144 0.139164 0.0322936 0.044609 0.908594
22 0.839312 0.22997 0.037919 0.0412298 0.906979
7 0.0923626 0.502806 0.0659665 0.06367 0.905339
10 0.630047 0.309224 0.0368752 0.0662955 0.90433
1 0.0270802 0.322492 0.0421074 0.0627307 0.901013
10 0.279199 0.124059 0.036369 0.0657322 0.900853
0 0.721116 0.490518 0.059813 0.0508844 0.898938
14 0.349267 0.211758 0.0212883 0.0639278 0.897266
2 0.719062 0.58449 0.0330625 0.0447102 0.896775
11 0.960692 0.56688 0.0373845 0.0618207 0.895217
4 0.727901 0.138419 0.0322325 0.0423809 0.89442
1 0.517515 0.325404 0.0416281 0.0674477 0.894085
22 0.0369472 0.492469 0.0386326 0.0422322 0.893252
2 0.430415 0.404932 0.0337027 0.0446918 0.889659
0 0.488225 0.405668 0.0624185 0.0488871 0.885814
2 0.449232 0.046822 0.0349799 0.0448243 0.883166
0 0.583472 0.41161 0.0601542 0.0493391 0.882851
11 0.316449 0.213396 0.0407956 0.0630915 0.881351
2 0.843644 0.137864 0.0333732 0.041443 0.880824
6 0.168942 0.223408 0.0420728 0.0471484 0.878628
13 0.437237 0.482603 0.0213624 0.0670062 0.872591
2 0.673644 0.491913 0.0348562 0.0470284 0.869182
6 0.409051 0.223136 0.0391209 0.0428921 0.867835
2 0.15265 0.130769 0.0318442 0.0447271 0.862256
14 0.725799 0.218521 0.0205901 0.0642977 0.86188
13 0.804699 0.570441 0.0235956 0.0658 0.861459
22 0.635587 0.410694 0.0394294 0.043427 0.858665
6 0.536197 0.0464379 0.0418561 0.05059 0.853239
6 0.0651556 0.219614 0.0399424 0.0435023 0.850856
2 0.537376 0.408459 0.0302032 0.0537944 0.850514
0 0.911465 0.232318 0.0773039 0.0429713 0.828924
4 0.987772 0.0511242 0.0244559 0.0466479 0.824845
2 0.276396 0.401039 0.0540465 0.0464512 0.819482
2 0.374982 0.222744 0.0278333 0.0444537 0.815886
14 0.0167213 0.11885 0.0214394 0.0711166 0.812008
13 0.931705 0.572746 0.0207611 0.0644902 0.811132
1 0.0227828 0.225291 0.0386253 0.0655586 0.810992
2 0.0741245 0.0465155 0.037059 0.0482075 0.8078
5 0.197128 0.312622 0.0360375 0.0484096 0.783483
1 0.0708934 0.140038 0.0402959 0.0605129 0.765845
4 0.282592 0.584359 0.0302643 0.0484982 0.761463
15 0.340828 0.483576 0.0550411 0.0646842 0.740226
9 0.622435 0.494686 0.0370338 0.0421212 0.727958
8 0.610976 0.133053 0.0437777 0.0510598 0.725892
4 0.0161689 0.0442201 0.0319537 0.0412973 0.722324
46 0.231515 0.584506 0.0698616 0.0470849 0.718
13 0.357796 0.39535 0.0170848 0.0587885 0.712906
10 0.399838 0.39229 0.0629637 0.0632278 0.684836
22 0.982091 0.404792 0.0358188 0.0418926 0.681162
2 0.783329 0.135852 0.0275328 0.046363 0.677383
2 0.589024 0.494715 0.0312904 0.0431727 0.673858
12 0.989281 0.574769 0.0214382 0.0690796 0.667735
5 0.688308 0.40826 0.0627112 0.0451074 0.63825
9 0.714724 0.046306 0.0420043 0.0524815 0.61473
21 0.162705 0.57245 0.0443796 0.0663791 0.602344
13 0.119303 0.116383 0.0288305 0.0759366 0.597554
18 0.887613 0.573332 0.0628588 0.0535271 0.59644
6 0.135857 0.0450506 0.0633376 0.0414345 0.579941
7 0.0106648 0.584877 0.0211925 0.0539029 0.577559
4 0.94014 0.0400212 0.0531104 0.0709368 0.56896
10 0.427094 0.573614 0.0539778 0.0678973 0.560707
5 0.364717 0.31542 0.0639384 0.0455225 0.551641
12 0.0498278 0.5707 0.0533428 0.0669038 0.531417
16 0.769057 0.577719 0.0428784 0.0589309 0.52641
