18 0.108946 0.524119 0.0996839 0.140535 0.984212
18 0.194538 0.330435 0.110297 0.142014 0.979562
9 0.657682 0.546261 0.0881721 0.1019 0.979315
4 0.767655 0.149416 0.07587 0.11158 0.977206
2 0.574055 0.346211 0.0784549 0.100791 0.970513
7 0.0904123 0.95197 0.101285 0.0960604 0.969836
11 0.590652 0.123083 0.0932882 0.142954 0.9692
2 0.460991 0.351467 0.0751328 0.0946037 0.965257
8 0.0837669 0.352744 0.0958899 0.0983868 0.964408
4 0.946014 0.73608 0.0690656 0.114867 0.963664
7 0.231446 0.171014 0.0925786 0.141259 0.963387
2 0.125043 0.150839 0.0807105 0.103251 0.96304
2 0.681803 0.94828 0.0743302 0.100187 0.962994
14 0.0539979 0.125641 0.0517116 0.142165 0.962638
5 0.211832 0.54695 0.0909877 0.0919743 0.961972
16 0.871655 0.549493 0.101958 0.0963283 0.961308
2 0.871539 0.151617 0.0775632 0.101613 0.960325
0 0.581856 0.754646 0.141468 0.104871 0.958872
4 0.279256 0.937183 0.0735434 0.123915 0.957559
5 0.760526 0.747325 0.09103 0.0980587 0.953519
1 0.96217 0.949676 0.0756609 0.100648 0.953226
23 0.583188 0.949075 0.0738664 0.0965025 0.951923
5 0.147412 0.754262 0.0953887 0.0951853 0.949906
8 0.245538 0.748081 0.096229 0.0975223 0.949424
6 0.193437 0.948204 0.0957624 0.0967004 0.947692
0 0.934476 0.353241 0.130664 0.0977416 0.94416
2 0.861337 0.948674 0.0733926 0.0997163 0.943692
5 0.358504 0.950453 0.0858212 0.0980424 0.930533
13 0.713363 0.322386 0.0383444 0.146046 0.923582
5 0.499127 0.14744 0.0853195 0.0983549 0.911779
22 0.299489 0.359597 0.0851249 0.091386 0.907895
2 0.00914862 0.943239 0.0181197 0.113521 0.891668
13 0.582683 0.520204 0.0414398 0.148356 0.881618
2 0.947295 0.149894 0.0745358 0.101858 0.879485
13 0.0107467 0.720907 0.0213648 0.188066 0.860498
23 0.654675 0.369687 0.0790851 0.129145 0.856346
5 0.684079 0.15097 0.0857682 0.0970369 0.812457
6 0.857755 0.745867 0.0999289 0.0962689 0.771231
21 0.752387 0.549316 0.0840886 0.091145 0.761666
6 0.472807 0.942729 0.141951 0.10749 0.727779
0 0.963507 0.553612 0.0729868 0.10138 0.700936
6 0.335307 0.148463 0.0963999 0.0964957 0.695223
4 0.421712 0.126807 0.0696698 0.132712 0.689657
13 0.490194 0.721281 0.0401767 0.151792 0.676754
2 0.0155025 0.57794 0.031005 0.152612 0.661545
5 0.362985 0.731156 0.114672 0.133759 0.506593
