18 0.678128 0.87059 0.0928508 0.131783 0.987239
1 0.574913 0.919281 0.0907209 0.137768 0.98252
8 0.800052 0.890187 0.0955925 0.090517 0.980005
16 0.90737 0.701604 0.105024 0.0910354 0.977096
0 0.573645 0.324348 0.143836 0.0998521 0.972534
9 0.93215 0.314205 0.0917013 0.0983375 0.972501
1 0.519862 0.530132 0.091826 0.133663 0.972392
8 0.781515 0.50933 0.0971978 0.0921065 0.970438
4 0.466911 0.889759 0.0665029 0.0986404 0.969314
5 0.623261 0.702012 0.0873518 0.0875244 0.959483
2 0.891419 0.891821 0.0702149 0.0912888 0.956804
2 0.778144 0.700794 0.0693939 0.0894554 0.953717
13 0.862409 0.293836 0.0427141 0.146506 0.927912
22 0.374357 0.512143 0.085511 0.0903784 0.924408
13 0.69215 0.297257 0.0474055 0.149564 0.917161
3 0.339339 0.291634 0.12599 0.185233 0.912761
7 0.318174 0.727132 0.0964427 0.126328 0.864231
13 0.982825 0.669631 0.03435 0.156467 0.857633
6 0.644007 0.509776 0.142629 0.0964668 0.852299
8 0.420673 0.679362 0.0996948 0.141756 0.776571
6 0.520252 0.697671 0.0996315 0.0976439 0.650832
8 0.973218 0.485715 0.0535638 0.141828 0.621968
6 0.45165 0.319784 0.0979897 0.0942253 0.559568
4 0.963442 0.842163 0.0731165 0.194486 0.530064
