28 0.951821 0.565914 0.0963579 0.172919 0.995678
18 0.109658 0.339029 0.106249 0.143434 0.989753
18 0.375892 0.543591 0.10924 0.144343 0.983238
8 0.188729 0.954649 0.0909271 0.0907015 0.981681
0 0.200979 0.761991 0.144649 0.0970769 0.977834
21 0.0898512 0.957734 0.102534 0.0843927 0.976254
4 0.718357 0.766924 0.0726705 0.121431 0.975231
8 0.606121 0.956283 0.102293 0.0874342 0.971596
4 0.757 0.567578 0.0730722 0.123119 0.969935
2 0.477488 0.569436 0.0748392 0.0944374 0.969276
2 0.818421 0.964621 0.0745857 0.070757 0.968694
11 0.567467 0.547528 0.0919294 0.143018 0.967083
0 0.91127 0.781429 0.141582 0.10671 0.966301
23 0.0546971 0.760816 0.0662065 0.0902035 0.964091
1 0.615951 0.400199 0.081707 0.13275 0.96199
11 0.31013 0.142578 0.0923475 0.142839 0.95489
2 0.652076 0.170354 0.0726429 0.09573 0.953906
11 0.897348 0.359544 0.0909369 0.139847 0.952928
9 0.737258 0.180129 0.0925239 0.100452 0.951702
18 0.429475 0.940744 0.135057 0.118512 0.951533
2 0.0199349 0.950982 0.0398699 0.0980356 0.945739
2 0.809392 0.378862 0.0721176 0.0988558 0.945296
8 0.440825 0.36854 0.0951288 0.099882 0.93124
8 0.876154 0.185527 0.0974216 0.0971065 0.930572
13 0.298778 0.742294 0.0481876 0.136224 0.928407
5 0.79571 0.775368 0.0830578 0.0949128 0.922389
7 0.0780009 0.584686 0.155995 0.133018 0.914362
0 0.393795 0.767502 0.146064 0.0931523 0.913953
13 0.382971 0.139931 0.0448226 0.155484 0.901306
13 0.190068 0.351215 0.0453368 0.164201 0.895362
13 0.107001 0.736095 0.0395512 0.148468 0.8814
13 0.520967 0.929174 0.0437887 0.141652 0.877615
0 0.236032 0.541468 0.145561 0.143486 0.877473
4 0.968597 0.937645 0.0610983 0.124711 0.871556
2 0.967963 0.185844 0.0634735 0.0941125 0.86119
13 0.993174 0.744224 0.0136516 0.176266 0.857296
2 0.357137 0.3747 0.0377239 0.0491145 0.841579
27 0.69084 0.388608 0.0597987 0.160902 0.821119
11 0.542148 0.741629 0.148396 0.140593 0.796683
22 0.287755 0.957754 0.0898452 0.0844922 0.780359
4 0.861776 0.0164698 0.061253 0.0328882 0.772443
2 0.535616 0.371552 0.0762712 0.098569 0.762893
6 0.186476 0.167349 0.148066 0.0957971 0.751124
14 0.802879 0.0133243 0.0430336 0.0265049 0.724342
13 0.586873 0.129444 0.0521076 0.186876 0.714709
2 0.93075 0.0154426 0.070924 0.0308852 0.705269
2 0.028385 0.372255 0.05677 0.130549 0.66415
6 0.726913 0.0139865 0.0887026 0.0279096 0.567001
