4 0.324836 0.867958 0.0758871 0.138368 0.988352
1 0.950202 0.520959 0.0910053 0.1401 0.984056
8 0.240215 0.890654 0.0901663 0.0933242 0.980998
11 0.943571 0.0751857 0.0945117 0.144537 0.975297
19 0.640748 0.493243 0.063404 0.0938207 0.974438
9 0.536732 0.287394 0.0908741 0.105731 0.97265
9 0.470823 0.490073 0.0919813 0.103975 0.972095
5 0.423027 0.888982 0.0822408 0.0928831 0.967296
7 0.520651 0.916713 0.099478 0.146278 0.964522
9 0.775577 0.889917 0.0926243 0.106077 0.961625
9 0.819158 0.492989 0.092618 0.102165 0.960835
6 0.433174 0.292107 0.0913675 0.0915821 0.960296
0 0.215097 0.701617 0.132696 0.0946124 0.959313
14 0.879563 0.273916 0.0480649 0.14154 0.955339
6 0.952265 0.303437 0.0954174 0.102104 0.953234
13 0.870228 0.0776973 0.0485551 0.151694 0.949206
2 0.952886 0.692587 0.0791144 0.0983603 0.942833
18 0.0831159 0.689321 0.127581 0.123301 0.938498
4 0.635563 0.0807111 0.0683029 0.124027 0.937547
14 0.0961662 0.0828994 0.0506157 0.141583 0.934971
5 0.223483 0.0969033 0.0811352 0.0983596 0.924172
14 0.600663 0.870389 0.0465746 0.139591 0.911454
6 0.199851 0.497103 0.132135 0.102437 0.908026
23 0.3224 0.0929207 0.0743041 0.0932062 0.906088
13 0.365429 0.272886 0.0420145 0.143655 0.893783
4 0.658927 0.284025 0.105146 0.110248 0.893425
4 0.151671 0.0816947 0.0661566 0.138895 0.886649
13 0.0308816 0.894521 0.0547194 0.180167 0.876466
18 0.128255 0.883065 0.128363 0.129778 0.872508
8 0.409472 0.0762862 0.0990763 0.134431 0.86934
7 0.890507 0.920037 0.0935838 0.137309 0.84845
8 0.0873354 0.281521 0.0909942 0.143095 0.846825
6 0.270092 0.298104 0.144991 0.0957879 0.841457
11 0.0190268 0.277382 0.0380535 0.194314 0.774565
6 0.0362213 0.10569 0.0724426 0.121545 0.772657
2 0.0127372 0.50287 0.0252742 0.12157 0.733495
6 0.730058 0.697752 0.153331 0.101566 0.688346
5 0.373632 0.495492 0.0912988 0.0967948 0.687955
7 0.0748343 0.50101 0.0969965 0.186407 0.610687
13 0.67234 0.867263 0.0911918 0.142599 0.5949
8 0.442937 0.669532 0.12968 0.146764 0.555207
