21 0.166539 0.0647958 0.10139 0.129255 0.994764
18 0.615508 0.407865 0.0933931 0.124707 0.986349
4 0.773373 0.0443857 0.0743022 0.0884413 0.980777
8 0.806398 0.232376 0.0991991 0.098068 0.977536
1 0.815571 0.844209 0.0920289 0.134257 0.973001
6 0.506521 0.236116 0.0952368 0.0912996 0.969052
2 0.444909 0.817189 0.0673318 0.0911503 0.96849
16 0.677899 0.0428226 0.103009 0.0856452 0.967515
2 0.0812541 0.0436473 0.0705487 0.0872769 0.965177
8 0.265214 0.0456512 0.0983312 0.0913023 0.964703
23 0.186127 0.43 0.0702252 0.0920622 0.964266
14 0.0845526 0.962828 0.0442972 0.0738684 0.963862
2 0.599187 0.234628 0.0770977 0.0907717 0.962806
2 0.147386 0.620211 0.0736965 0.094363 0.961622
7 0.434149 0.645142 0.110856 0.142587 0.960394
23 0.0233458 0.0427899 0.0464981 0.0855799 0.954619
14 0.89211 0.79835 0.0498939 0.146062 0.952631
23 0.376185 0.822445 0.0662626 0.0842476 0.951022
6 0.369111 0.0402924 0.0934695 0.0805847 0.946782
0 0.697427 0.62764 0.133523 0.0979912 0.945808
14 0.902407 0.40713 0.0479803 0.145571 0.945773
14 0.0381373 0.961001 0.0492824 0.0773939 0.944716
4 0.893991 0.226479 0.0716252 0.109703 0.94267
0 0.552801 0.821195 0.144732 0.0949984 0.940587
2 0.247781 0.622427 0.0734431 0.0979607 0.939554
2 0.960701 0.822014 0.0733581 0.0979958 0.938762
13 0.353671 0.960038 0.0448823 0.0799246 0.930711
2 0.110895 0.428552 0.0737296 0.0970387 0.92024
13 0.949969 0.414118 0.0476487 0.135477 0.91056
9 0.0213113 0.426755 0.0424916 0.0969959 0.907571
13 0.540963 0.404611 0.0470558 0.158058 0.905982
23 0.848224 0.0441069 0.0726187 0.0882137 0.902576
22 0.16799 0.824348 0.0847819 0.0919191 0.892725
13 0.590224 0.0454767 0.0410558 0.0908957 0.892127
7 0.768545 0.989266 0.101321 0.0214673 0.886494
2 0.322934 0.620575 0.0749391 0.0934441 0.856882
16 0.273706 0.986435 0.104436 0.0271294 0.812356
22 0.674632 0.820061 0.0868939 0.0924852 0.806727
2 0.418774 0.430951 0.0840437 0.09729 0.798393
2 0.731512 0.424973 0.0737506 0.0883342 0.78811
8 0.406579 0.213073 0.0910531 0.138238 0.783987
19 0.593526 0.59746 0.067755 0.142913 0.770739
18 0.503492 0.0440183 0.126572 0.0877982 0.758712
8 0.967417 0.60223 0.0651662 0.141024 0.714879
5 0.870667 0.600245 0.0945396 0.137927 0.684184
38 0.0543373 0.817354 0.108675 0.181515 0.584826
2 0.793694 0.629227 0.0364716 0.0457133 0.528365
4 0.875834 0.977632 0.0996689 0.0447367 0.506059
8 0.708805 0.21158 0.095871 0.138359 0.505872
6 0.933309 0.0429789 0.0945954 0.0859578 0.501689
