12 0.277568 0.193993 0.0950804 0.138616 0.994432
1 0.31332 0.439333 0.0814233 0.141262 0.985266
18 0.360105 0.593608 0.0969512 0.150295 0.982157
1 0.238082 0.834199 0.0818315 0.141811 0.974536
4 0.182806 0.405959 0.0592108 0.113586 0.96538
6 0.17575 0.0325953 0.0858812 0.0651367 0.961499
14 0.14968 0.587759 0.0417632 0.136385 0.960425
2 0.159269 0.810976 0.0723266 0.0936743 0.960211
21 0.0110115 0.63964 0.0219517 0.150869 0.953574
19 0.195916 0.212927 0.056969 0.0952464 0.940241
23 0.0451164 0.979757 0.065792 0.0404868 0.937172
27 0.382351 0.438381 0.0443472 0.132818 0.936183
13 0.3476 0.197405 0.0342825 0.139883 0.930875
18 0.268135 0.0325607 0.0814337 0.0651214 0.928164
14 0.061698 0.0361431 0.0436665 0.0722192 0.927223
13 0.195302 0.586414 0.0441639 0.144886 0.923218
6 0.346481 0.814752 0.130031 0.104703 0.921345
5 0.086711 0.607102 0.082112 0.0954938 0.918475
0 0.093607 0.216895 0.134056 0.0975365 0.917413
14 0.389671 0.20031 0.0356272 0.142639 0.912755
6 0.259618 0.615132 0.0846754 0.087194 0.899847
2 0.374225 0.0363671 0.0629836 0.0727342 0.886335
32 0.10514 0.443837 0.0799865 0.174749 0.871606
2 0.244113 0.414086 0.0632621 0.0919071 0.829768
7 0.0170348 0.062446 0.0339393 0.124892 0.711163
14 0.107629 0.0316831 0.0425999 0.0632561 0.668861
13 0.385506 0.791789 0.0509672 0.153924 0.626211
21 0.0364167 0.78622 0.0728334 0.143807 0.587944
