21 0.416467 0.664763 0.0751609 0.0610451 0.991931
11 0.380738 0.0304548 0.0427221 0.0609096 0.990305
18 0.489851 0.0308381 0.0398015 0.0590982 0.990108
10 0.387978 0.822432 0.0341656 0.0658596 0.984173
10 0.542037 0.208433 0.0347078 0.0638722 0.981251
18 0.752887 0.645545 0.0402566 0.0553944 0.980372
8 0.759376 0.743731 0.0423661 0.0435112 0.977764
18 0.850997 0.913576 0.0406826 0.0572273 0.976585
18 0.756033 0.914986 0.0414367 0.0610243 0.976281
12 0.321533 0.563196 0.054942 0.0755531 0.975378
22 0.863932 0.47998 0.0374539 0.0376805 0.974417
5 0.860203 0.566197 0.0402534 0.0431682 0.974115
5 0.721804 0.566265 0.0366695 0.042644 0.969448
10 0.978707 0.471437 0.0322789 0.0587456 0.967855
8 0.513758 0.83189 0.041072 0.0456295 0.967797
11 0.498334 0.556395 0.0418051 0.0610297 0.966005
18 0.924914 0.121049 0.0397444 0.0636512 0.965911
22 0.938442 0.482516 0.035259 0.0373391 0.962461
5 0.754549 0.834025 0.0386785 0.0427058 0.962112
21 0.41972 0.753904 0.0428994 0.0562568 0.961304
11 0.916574 0.734565 0.0368104 0.0628901 0.960939
6 0.471872 0.833083 0.0379555 0.0456967 0.960708
11 0.542701 0.732041 0.0388294 0.0644243 0.958435
4 0.308942 0.832046 0.0296338 0.0532215 0.958145
0 0.837589 0.129781 0.0602621 0.0450369 0.955776
6 0.410078 0.481346 0.0382244 0.0385469 0.955517
22 0.505788 0.483322 0.0405879 0.0375019 0.955379
5 0.569275 0.218578 0.0393035 0.0428195 0.95403
1 0.843291 0.840878 0.0417559 0.0616624 0.953784
18 0.560419 0.121357 0.0400767 0.0569751 0.953048
6 0.888196 0.832974 0.0414119 0.0430015 0.95261
18 0.696463 0.824027 0.0426817 0.0578276 0.950864
11 0.37672 0.119156 0.046175 0.0663089 0.950682
5 0.943381 0.220633 0.0379443 0.0433359 0.949113
8 0.411956 0.570824 0.0406269 0.0456283 0.948351
14 0.570614 0.0302793 0.0214097 0.0605585 0.947911
9 0.626659 0.741257 0.0419608 0.0449126 0.947789
6 0.563348 0.655573 0.0405905 0.0442991 0.946884
0 0.685807 0.48217 0.0588536 0.0377883 0.946651
18 0.422066 0.390896 0.0412586 0.0575598 0.946311
10 0.815385 0.296588 0.0428576 0.0637861 0.945896
2 0.753173 0.308412 0.031152 0.0413599 0.945107
13 0.367853 0.199666 0.0201554 0.0745097 0.942491
8 0.833922 0.742085 0.0386524 0.043334 0.939107
7 0.679282 0.137961 0.0414816 0.0593219 0.938491
8 0.612282 0.217002 0.0438789 0.0468195 0.935737
6 0.671394 0.922652 0.0429475 0.0425746 0.935379
22 0.380155 0.397849 0.0368908 0.0431316 0.935236
5 0.658475 0.397502 0.0364699 0.0425665 0.934032
0 0.524153 0.398534 0.0617242 0.0441566 0.934002
0 0.630906 0.652791 0.0625446 0.0413616 0.933721
14 0.787759 0.822641 0.0212469 0.065091 0.933516
4 0.919817 0.304256 0.0305762 0.0487641 0.93284
13 0.986907 0.556612 0.0202422 0.0701606 0.929507
5 0.822877 0.397337 0.0413289 0.0436954 0.9295
10 0.916863 0.213221 0.0352501 0.0683582 0.929493
5 0.780689 0.0382336 0.0415549 0.0474443 0.92857
13 0.352453 0.727063 0.0223396 0.08306 0.92607
5 0.636437 0.481474 0.0309956 0.0372868 0.925909
5 0.990114 0.831782 0.0197724 0.0457268 0.925489
0 0.32553 0.397844 0.0639997 0.0481308 0.923218
0 0.335321 0.921284 0.0820941 0.0621371 0.92194
7 0.579948 0.577035 0.0425394 0.0592084 0.920305
13 0.734452 0.12161 0.0206333 0.0690928 0.919612
2 0.451135 0.568571 0.0330718 0.0421605 0.919144
14 0.388114 0.915499 0.0202656 0.066247 0.914185
14 0.465932 0.646334 0.0209925 0.0674549 0.913922
1 0.627452 0.930938 0.0435176 0.0637805 0.913041
8 0.900802 0.569274 0.0387461 0.0472745 0.910259
5 0.519108 0.131813 0.0382471 0.0480263 0.910081
8 0.823088 0.0380971 0.0411489 0.0494635 0.909811
4 0.986628 0.123903 0.026083 0.0554871 0.907984
2 0.410126 0.832187 0.0298931 0.0415032 0.907364
5 0.314514 0.216756 0.0405443 0.0471351 0.904717
13 0.959551 0.114276 0.0223041 0.0837663 0.904309
5 0.653123 0.834155 0.0368624 0.0417842 0.903718
6 0.584295 0.74431 0.0393028 0.0423661 0.902917
5 0.596566 0.307955 0.063014 0.0418364 0.902768
18 0.569065 0.827168 0.0670397 0.058203 0.901385
6 0.924519 0.922758 0.0347581 0.0451487 0.900534
1 0.434733 0.137959 0.0423869 0.0643199 0.89972
6 0.441066 0.21564 0.0384499 0.0405165 0.899648
18 0.599643 0.390382 0.0606745 0.0530438 0.898204
13 0.593331 0.0327574 0.0240541 0.0655148 0.898091
0 0.972155 0.655572 0.0556901 0.0430551 0.897378
22 0.967705 0.917708 0.0374492 0.0410886 0.894179
6 0.637232 0.125417 0.0362802 0.0456808 0.893443
0 0.325404 0.297904 0.0659254 0.0726975 0.892875
5 0.713505 0.920533 0.0364852 0.0447114 0.890734
5 0.539377 0.570073 0.0370433 0.0398141 0.89034
10 0.832861 0.557314 0.0336146 0.0621355 0.888677
4 0.478751 0.925904 0.0308614 0.0478805 0.886592
8 0.356714 0.655023 0.0391372 0.0454017 0.885842
13 0.580858 0.909652 0.0243611 0.0791299 0.885495
5 0.446834 0.0380727 0.0398919 0.0464421 0.882893
13 0.306382 0.0303476 0.0224099 0.0602216 0.878332
6 0.669174 0.0339999 0.0427654 0.0520134 0.87061
2 0.890258 0.923711 0.0289282 0.0415471 0.867147
6 0.468339 0.397913 0.0437371 0.0448341 0.864295
11 0.877857 0.643323 0.0376229 0.0611932 0.863476
13 0.508596 0.294531 0.019648 0.0683739 0.863382
0 0.768417 0.399839 0.05928 0.0425492 0.862658
2 0.886564 0.128211 0.032858 0.0446608 0.859247
14 0.872966 0.212805 0.021986 0.0669084 0.857744
1 0.397856 0.227407 0.0434111 0.0618596 0.857524
21 0.392631 0.314284 0.0456858 0.0610596 0.852922
13 0.505325 0.903897 0.0199124 0.0846047 0.851263
5 0.800418 0.917002 0.0422513 0.0547559 0.850255
5 0.313171 0.66066 0.0413064 0.0462797 0.848957
1 0.625718 0.0440532 0.040786 0.0703091 0.845035
5 0.441843 0.926608 0.037326 0.0488443 0.843088
5 0.539635 0.0353474 0.0383759 0.0532503 0.826647
13 0.907945 0.477657 0.0227504 0.0529562 0.823704
13 0.942015 0.386523 0.0186634 0.0669953 0.822858
2 0.710404 0.0373681 0.0338004 0.0487043 0.821248
6 0.476748 0.130426 0.0356033 0.0444217 0.811313
0 0.818679 0.654373 0.0771003 0.0435287 0.802772
0 0.707132 0.396409 0.059509 0.0418447 0.802244
13 0.729111 0.385041 0.0189109 0.0616555 0.798557
13 0.411416 0.916481 0.022446 0.0695682 0.794811
4 0.380485 0.740627 0.0342392 0.0506036 0.79273
0 0.481999 0.739093 0.0801478 0.0511174 0.791069
14 0.42825 0.29514 0.0210651 0.064064 0.764513
13 0.378212 0.470854 0.0251645 0.0598502 0.751083
2 0.798059 0.742093 0.0305613 0.0462668 0.750691
18 0.99553 0.915945 0.00894022 0.0633153 0.749801
6 0.959048 0.74341 0.0391145 0.0435448 0.748515
8 0.71705 0.306102 0.0371773 0.0433607 0.745667
14 0.71361 0.11972 0.019161 0.0674478 0.744201
22 0.713912 0.2192 0.037667 0.0427119 0.74351
10 0.973678 0.825463 0.0360513 0.0692909 0.730573
46 0.827132 0.220869 0.0666554 0.0417125 0.727151
18 0.77238 0.119655 0.0479996 0.0611583 0.723466
13 0.810586 0.82259 0.0202582 0.0705476 0.697799
14 0.347095 0.204328 0.0223989 0.0640239 0.670535
4 0.607194 0.477091 0.0272138 0.0437151 0.663535
18 0.625398 0.556701 0.0422981 0.0585701 0.660223
5 0.370831 0.564258 0.0415587 0.0551929 0.649064
6 0.972538 0.0365861 0.0405313 0.0506495 0.637407
13 0.695986 0.982558 0.0211536 0.0348846 0.63335
5 0.664764 0.207526 0.0518456 0.0592178 0.626085
18 0.949841 0.560256 0.0484188 0.0603735 0.621051
22 0.337672 0.0368325 0.0365942 0.0493345 0.608327
8 0.815525 0.470451 0.0533879 0.0593109 0.604141
10 0.540008 0.297923 0.0407519 0.0638525 0.595435
6 0.768867 0.481788 0.03738 0.0362571 0.595164
2 0.340304 0.832964 0.0321317 0.0481776 0.593079
2 0.929209 0.822829 0.0354183 0.0659056 0.579883
13 0.511874 0.728257 0.0210425 0.0712602 0.561147
18 0.66479 0.29627 0.0614824 0.0629976 0.558961
13 0.452199 0.728367 0.021793 0.0559299 0.545941
10 0.752734 0.031143 0.0327823 0.062286 0.543439
22 0.703509 0.652773 0.0545406 0.0402886 0.539269
8 0.981958 0.223134 0.0357156 0.0528363 0.532813
11 0.919127 0.983831 0.0442541 0.0323387 0.525812
9 0.990689 0.742783 0.0186229 0.0437634 0.510465
