18 0.653397 0.231338 0.108921 0.146992 0.980565
9 0.847079 0.253992 0.0841835 0.102508 0.976582
9 0.765926 0.0547003 0.0921032 0.101927 0.974791
19 0.229888 0.0606406 0.0694246 0.0952647 0.974469
12 0.100322 0.0591508 0.169729 0.118302 0.97315
2 0.730304 0.854843 0.0767345 0.0951166 0.969933
0 0.423044 0.259396 0.138696 0.102944 0.969788
8 0.488226 0.846555 0.0968437 0.103709 0.968847
11 0.279596 0.227582 0.0959678 0.139475 0.967443
0 0.908684 0.0695818 0.141297 0.114647 0.963714
8 0.133306 0.849832 0.101817 0.104295 0.962405
5 0.688879 0.449868 0.0963712 0.114127 0.962061
4 0.0842557 0.251335 0.0746838 0.116408 0.961532
2 0.883913 0.45394 0.074614 0.0947142 0.960939
2 0.227268 0.851082 0.0776044 0.098438 0.960603
16 0.973164 0.456282 0.0536727 0.089673 0.959903
2 0.582928 0.852704 0.0765212 0.103371 0.958122
8 0.820319 0.849619 0.0945081 0.0995376 0.956327
2 0.332906 0.0598946 0.0777535 0.102692 0.954245
13 0.699247 0.0555215 0.0429746 0.11086 0.947741
2 0.222363 0.648808 0.0814225 0.102085 0.945529
23 0.482968 0.0533241 0.0689467 0.102011 0.944657
23 0.408376 0.0570101 0.0720352 0.101234 0.940233
2 0.529278 0.651996 0.0760713 0.104267 0.937086
22 0.503544 0.451999 0.0882086 0.0952034 0.936395
5 0.181353 0.254696 0.0948607 0.101996 0.92201
0 0.837772 0.654873 0.139944 0.0966126 0.92131
13 0.593779 0.628192 0.0501798 0.14578 0.91858
4 0.92064 0.84744 0.0981473 0.107434 0.916961
8 0.788372 0.454966 0.0983493 0.095662 0.899048
22 0.562266 0.058537 0.0861448 0.0975775 0.886548
11 0.36737 0.825109 0.143073 0.137819 0.88
4 0.987281 0.842148 0.0254371 0.124906 0.850748
22 0.957253 0.650992 0.0831406 0.0966818 0.848131
6 0.668638 0.650717 0.100289 0.0945487 0.84311
13 0.75432 0.247365 0.0922656 0.191484 0.829883
5 0.991961 0.0632103 0.0160789 0.121509 0.820843
8 0.96478 0.256663 0.0704405 0.0950847 0.805602
5 0.41833 0.652962 0.0931115 0.103187 0.781868
13 0.0526256 0.825676 0.059065 0.149685 0.781317
13 0.643918 0.0574488 0.0572195 0.114734 0.709878
4 0.318424 0.647367 0.102169 0.0995998 0.707387
28 0.240014 0.434685 0.0865112 0.153059 0.534317
