18 0.313102 0.38197 0.0891482 0.12465 0.990088
18 0.533991 0.586637 0.0867693 0.123283 0.985793
4 0.912687 0.214505 0.0714812 0.106333 0.981004
8 0.394199 0.790579 0.0945266 0.0963089 0.980753
4 0.107883 0.569717 0.0778895 0.143443 0.978859
19 0.659084 0.600752 0.0611906 0.0957084 0.976349
8 0.504196 0.790952 0.0968533 0.0971024 0.973624
11 0.745872 0.193778 0.0850365 0.136816 0.973614
8 0.691353 0.793207 0.092473 0.0961254 0.973226
5 0.116811 0.397453 0.0893163 0.092284 0.971775
16 0.833353 0.79257 0.0903543 0.0913954 0.967851
8 0.212793 0.399493 0.097945 0.0964004 0.966901
5 0.408991 0.403981 0.0838132 0.0921131 0.965125
5 0.300037 0.790879 0.0927138 0.0989758 0.963509
8 0.341707 0.203715 0.0892669 0.0953844 0.959529
8 0.158432 0.967584 0.09628 0.0648326 0.958441
5 0.657549 0.217066 0.0852067 0.0944049 0.957855
2 0.0736601 0.964293 0.0710939 0.0713918 0.954479
2 0.533143 0.030215 0.070807 0.0603787 0.94625
4 0.614683 0.398043 0.0730791 0.114328 0.944977
5 0.440863 0.600972 0.0860313 0.0985955 0.94432
7 0.0138294 0.431839 0.0275247 0.160374 0.941644
2 0.260995 0.204486 0.0653772 0.0891826 0.941464
5 0.0760854 0.204161 0.0934879 0.0917268 0.937046
5 0.0758835 0.0288169 0.0932092 0.0576338 0.936523
2 0.185668 0.594497 0.0730036 0.0927925 0.935258
7 0.840606 0.620917 0.131531 0.136181 0.935179
14 0.794891 0.948734 0.0391924 0.102532 0.933527
5 0.489351 0.968894 0.0844884 0.0622112 0.929067
5 0.755181 0.0351163 0.079151 0.0702326 0.928436
5 0.731981 0.601049 0.0791197 0.103142 0.927623
13 0.565944 0.190964 0.048671 0.145636 0.927351
6 0.409872 0.0300943 0.132844 0.0601886 0.925406
4 0.0195728 0.957309 0.0390034 0.0853821 0.913842
8 0.576943 0.971129 0.0880523 0.057742 0.911658
4 0.253806 0.959706 0.0893836 0.0805887 0.900817
5 0.907996 0.972611 0.0828753 0.0547789 0.893158
46 0.890189 0.0368848 0.186871 0.0737695 0.891164
10 0.852998 0.949632 0.0695107 0.100593 0.873435
13 0.050696 0.381265 0.0442263 0.143512 0.871823
4 0.684533 0.031583 0.0551486 0.0630524 0.846568
13 0.633216 0.0346374 0.0393584 0.0691337 0.844303
23 0.310052 0.0289764 0.0644875 0.0579528 0.808892
6 0.436465 0.207723 0.096213 0.0988934 0.808355
8 0.531671 0.37973 0.0872602 0.143358 0.783049
22 0.598491 0.791868 0.0809579 0.0926719 0.77858
0 0.035274 0.603612 0.070548 0.103544 0.764498
6 0.101585 0.782069 0.140901 0.10815 0.747251
8 0.289222 0.569561 0.126882 0.143877 0.746601
8 0.832606 0.195548 0.0811048 0.14124 0.729596
35 0.793025 0.399322 0.160063 0.13533 0.651436
6 0.352481 0.969967 0.0878428 0.0600668 0.605502
12 0.706962 0.944745 0.125393 0.11051 0.572764
6 0.207519 0.0272803 0.125772 0.0545607 0.514318
