1 0.52314 0.175679 0.0948269 0.145029 0.985293
18 0.858915 0.524196 0.0996969 0.140428 0.985061
1 0.531662 0.378045 0.0932605 0.13881 0.978923
7 0.840268 0.952006 0.101269 0.0959872 0.970048
8 0.833735 0.352891 0.0961772 0.0977927 0.967005
4 0.510868 0.543976 0.0754364 0.106914 0.964939
2 0.875102 0.150846 0.0809557 0.103304 0.963597
0 0.700646 0.753669 0.139671 0.106463 0.963338
2 0.584838 0.552345 0.0729182 0.0901341 0.961018
14 0.803933 0.125759 0.0515918 0.142426 0.958952
7 0.967539 0.172834 0.0649221 0.143048 0.955728
5 0.897375 0.754114 0.0953681 0.0949827 0.955417
5 0.733804 0.35458 0.0958483 0.0946538 0.953192
6 0.636085 0.354521 0.0998129 0.0936166 0.952529
6 0.944041 0.948966 0.0971551 0.0964291 0.952214
14 0.502953 0.731556 0.0502037 0.157226 0.942784
2 0.735913 0.946166 0.0652344 0.0977309 0.94161
14 0.498663 0.923324 0.0522894 0.153071 0.941508
5 0.730576 0.147576 0.0937097 0.0992043 0.939998
6 0.578379 0.748962 0.093864 0.0933893 0.936968
18 0.943828 0.357327 0.109214 0.211573 0.932167
5 0.958288 0.54713 0.0830674 0.0914044 0.881604
8 0.973677 0.754211 0.0526345 0.111941 0.837113
6 0.675547 0.943431 0.0407474 0.100572 0.758225
18 0.711644 0.537905 0.135669 0.126409 0.746616
7 0.519814 0.0226757 0.0870457 0.0453514 0.74324
2 0.569621 0.947966 0.0728788 0.10007 0.700186
13 0.630297 0.920545 0.0489748 0.147693 0.615457
6 0.627147 0.151171 0.0998707 0.0953511 0.539593
