9 0.566013 0.0505218 0.0935974 0.10089 0.975395
18 0.0429022 0.820712 0.0858044 0.143077 0.975338
4 0.888763 0.0546939 0.0673248 0.109317 0.975096
7 0.677236 0.0750076 0.1343 0.141414 0.974892
11 0.19659 0.217425 0.0915685 0.142464 0.970915
21 0.152689 0.666471 0.110516 0.136967 0.964916
9 0.209944 0.838487 0.0855492 0.107116 0.962519
22 0.600362 0.455466 0.0854584 0.0906996 0.960775
2 0.348612 0.648851 0.0735222 0.0978532 0.96012
14 0.636714 0.828616 0.0496068 0.145855 0.960044
8 0.252735 0.646176 0.0982065 0.0970463 0.95558
0 0.456217 0.657292 0.147446 0.110971 0.952101
2 0.178093 0.0448488 0.0716631 0.0896977 0.951623
14 0.0356527 0.429778 0.0488863 0.160996 0.944541
2 0.12745 0.845648 0.0749356 0.0993668 0.944472
19 0.831902 0.257902 0.073632 0.0944204 0.944356
2 0.930483 0.258967 0.0759683 0.0952491 0.934743
2 0.954226 0.0596279 0.0701578 0.0984754 0.932481
5 0.0956305 0.237424 0.0937659 0.0977846 0.931747
7 0.800402 0.0765238 0.0956603 0.138265 0.931405
2 0.881925 0.856869 0.076317 0.0952861 0.92995
5 0.200037 0.447385 0.0947806 0.0965864 0.916436
13 0.269512 0.222631 0.0459182 0.144792 0.91554
13 0.821461 0.434268 0.0413764 0.146027 0.914024
4 0.887907 0.651387 0.0671986 0.120394 0.910477
20 0.667087 0.651528 0.154174 0.192657 0.901685
14 0.109548 0.0463831 0.0466271 0.0927661 0.89648
7 0.335523 0.466999 0.164108 0.13244 0.895072
13 0.942934 0.851703 0.0438991 0.153146 0.893859
22 0.801449 0.658928 0.0894108 0.0995352 0.881781
4 0.982916 0.842993 0.0341675 0.174889 0.875375
13 0.0687005 0.629209 0.0492939 0.176508 0.847358
2 0.954934 0.660251 0.0711277 0.100322 0.836191
7 0.920931 0.46122 0.154978 0.184577 0.821655
6 0.483007 0.977967 0.0948461 0.0440658 0.797718
21 0.629529 0.255273 0.0874389 0.0990767 0.733952
13 0.936859 0.984803 0.0455809 0.0303932 0.685396
6 0.416073 0.246479 0.0371286 0.0854172 0.677512
6 0.444453 0.0469997 0.139427 0.0939994 0.624612
4 0.346736 0.235413 0.104245 0.111442 0.607639
13 0.994904 0.638074 0.0101914 0.148906 0.599968
13 0.0138269 0.974135 0.0276538 0.0517296 0.58623
11 0.0117669 0.612862 0.0235338 0.149919 0.586215
5 0.324614 0.0467003 0.0931985 0.0926171 0.557102
11 0.0234954 0.231001 0.0469178 0.161474 0.537133
10 0.741324 0.233974 0.092618 0.145707 0.50399
