1 0.238123 0.0838485 0.0816324 0.142586 0.98102
4 0.388662 0.842306 0.0664135 0.118585 0.980571
14 0.30737 0.629774 0.0412182 0.143785 0.969857
2 0.159033 0.060448 0.0731128 0.0942498 0.962589
5 0.243916 0.64993 0.082226 0.104857 0.960682
9 0.0608499 0.849347 0.0854763 0.0999451 0.948964
22 0.370233 0.653101 0.0732701 0.0933242 0.94815
0 0.130975 0.651797 0.130224 0.10586 0.946518
5 0.224915 0.851965 0.0823472 0.0985509 0.945639
6 0.346417 0.0640124 0.129705 0.105609 0.927251
14 0.0965433 0.0536529 0.0364571 0.107306 0.906816
6 0.310997 0.851186 0.0847594 0.0927181 0.895445
22 0.0362719 0.0602373 0.0725437 0.0956393 0.849526
21 0.00992194 0.842203 0.0198439 0.171199 0.780944
2 0.0238455 0.651023 0.0476352 0.0981202 0.722511
6 0.0615507 0.258662 0.0973345 0.0996889 0.630006
