18 0.533952 0.764447 0.106312 0.14265 0.990153
1 0.180322 0.228277 0.0895603 0.135943 0.985127
12 0.48568 0.589807 0.111429 0.171357 0.985107
4 0.857749 0.56947 0.0777957 0.142918 0.982657
19 0.295094 0.787837 0.0664278 0.0908318 0.976097
11 0.459184 0.180066 0.142591 0.142101 0.972571
5 0.866741 0.39734 0.0894179 0.0920949 0.97124
7 0.570408 0.96659 0.103922 0.0668203 0.970153
2 0.0800084 0.396026 0.0700046 0.087618 0.967906
8 0.599714 0.20339 0.0981492 0.0920261 0.967209
14 0.622218 0.57418 0.0495238 0.137276 0.965783
4 0.756785 0.956949 0.0635524 0.0861024 0.965258
9 0.126484 0.587806 0.0922458 0.0985672 0.963448
4 0.979723 0.955203 0.0405545 0.0891614 0.961228
2 0.823637 0.964278 0.0711751 0.0714285 0.960365
5 0.826167 0.0287524 0.0924406 0.0575048 0.960328
5 0.0609171 0.203169 0.0883245 0.0928248 0.960326
2 0.44419 0.786068 0.0740168 0.0914941 0.960015
2 0.440375 0.966006 0.0732895 0.0679872 0.959516
19 0.3949 0.596365 0.0629899 0.0987803 0.959483
8 0.0563196 0.966777 0.100446 0.0664458 0.958995
8 0.632041 0.396601 0.0998223 0.0974382 0.958309
5 0.499587 0.403924 0.0945668 0.097701 0.955588
6 0.0685527 0.0294735 0.0959066 0.0588866 0.952941
4 0.144217 0.961623 0.0705704 0.0767549 0.952806
5 0.637922 0.786455 0.087352 0.097973 0.952612
46 0.208668 0.0302336 0.163826 0.0604382 0.948786
8 0.90828 0.967651 0.0958953 0.0646985 0.948278
8 0.731821 0.78617 0.0981207 0.0976596 0.946475
0 0.291853 0.599164 0.137085 0.108563 0.943876
5 0.825809 0.204098 0.0939375 0.0917904 0.942565
2 0.633309 0.0286809 0.0731478 0.0572696 0.939896
2 0.935466 0.594267 0.0726063 0.0923374 0.938755
0 0.750045 0.603923 0.138984 0.104476 0.938677
6 0.409315 0.027569 0.0952237 0.0550893 0.929895
13 0.569396 0.572994 0.0438284 0.141748 0.926026
6 0.723044 0.0285 0.0933022 0.056935 0.925926
0 0.188569 0.407064 0.137314 0.109289 0.921082
4 0.0303137 0.794955 0.060554 0.15983 0.8751
13 0.800383 0.384426 0.0445793 0.15048 0.87422
8 0.956849 0.401403 0.0863016 0.0991682 0.864615
6 0.345951 0.969734 0.0968485 0.0605326 0.860881
4 0.00745269 0.197311 0.01486 0.104551 0.860645
4 0.3964 0.396568 0.0964811 0.101419 0.793428
13 0.694178 0.953887 0.043703 0.092227 0.779936
4 0.365824 0.788264 0.0725358 0.0934579 0.768282
6 0.85184 0.782218 0.140165 0.107124 0.766954
23 0.0978909 0.791118 0.0724449 0.094574 0.764526
6 0.306692 0.205097 0.147875 0.0895147 0.728782
13 0.352177 0.178658 0.0545111 0.14462 0.71323
6 0.0377039 0.585798 0.0754077 0.114464 0.684453
6 0.947425 0.0271748 0.104928 0.0543496 0.651271
