1 0.308708 0.318219 0.0962048 0.142088 0.986608
9 0.188002 0.295566 0.090294 0.10107 0.978825
7 0.231497 0.924175 0.0926636 0.147465 0.976927
4 0.36386 0.687421 0.074847 0.121492 0.971844
4 0.421704 0.882749 0.0696654 0.121617 0.971487
4 0.767561 0.900836 0.0755789 0.114385 0.970017
2 0.965522 0.304383 0.0689563 0.0975765 0.962976
2 0.125051 0.900898 0.0806072 0.10335 0.962483
2 0.0366751 0.699351 0.072212 0.0973707 0.959631
4 0.161129 0.497042 0.0703366 0.112658 0.958853
14 0.0540323 0.875809 0.0517763 0.141956 0.958355
2 0.227438 0.101043 0.0779556 0.0988876 0.957386
23 0.784799 0.295822 0.0788041 0.0908977 0.956835
11 0.464127 0.477562 0.0924999 0.143199 0.955887
8 0.133338 0.10033 0.101982 0.103929 0.952335
2 0.730471 0.104605 0.0769985 0.0963715 0.950387
8 0.26523 0.496262 0.0989364 0.100393 0.949815
13 0.536035 0.483869 0.0483193 0.15435 0.947694
11 0.590771 0.873733 0.0931542 0.143686 0.947278
0 0.912111 0.508021 0.17501 0.101943 0.9458
2 0.0630751 0.299179 0.0738055 0.096332 0.945349
5 0.177398 0.699709 0.0916231 0.0991549 0.943345
2 0.953888 0.698383 0.0760443 0.100894 0.939742
6 0.415273 0.297349 0.0969741 0.0957047 0.937199
2 0.508662 0.296073 0.0769789 0.0960436 0.934628
2 0.583285 0.102468 0.0771854 0.104355 0.933844
9 0.617506 0.49512 0.0911818 0.103404 0.930494
5 0.499068 0.896973 0.0851955 0.0992769 0.924967
8 0.82067 0.0996698 0.0938833 0.101735 0.917163
2 0.871312 0.901385 0.0770643 0.101823 0.912296
7 0.666808 0.321273 0.153668 0.138669 0.905265
4 0.987339 0.079877 0.0253215 0.150965 0.905055
11 0.367417 0.0732405 0.142908 0.143405 0.898534
6 0.335646 0.898696 0.0965328 0.0978503 0.863997
8 0.767335 0.48058 0.095907 0.146512 0.862378
8 0.487675 0.0973634 0.09791 0.102791 0.831557
4 0.920807 0.0974701 0.098094 0.108913 0.827062
13 0.103779 0.475561 0.0429821 0.142415 0.81863
13 0.0528372 0.0775189 0.0601805 0.147857 0.798217
22 0.365476 0.501119 0.0873697 0.0913933 0.778485
6 0.276529 0.698901 0.0979757 0.0968213 0.750049
5 0.684148 0.900599 0.0857033 0.096529 0.716509
7 0.699601 0.705019 0.0946058 0.167844 0.676034
2 0.104854 0.705099 0.0351482 0.050463 0.641846
13 0.0140096 0.887725 0.0280192 0.15029 0.515947
