1 0.224104 0.710134 0.0888457 0.141313 0.981307
4 0.576442 0.474295 0.0673145 0.116747 0.97986
1 0.900816 0.516834 0.092634 0.141416 0.97976
18 0.779157 0.0717767 0.111636 0.143126 0.97957
9 0.397319 0.886891 0.0862795 0.101997 0.973674
9 0.706099 0.696898 0.0875342 0.100697 0.972075
27 0.302314 0.711779 0.0523348 0.136103 0.971871
2 0.145288 0.682398 0.0696148 0.0934246 0.970674
29 0.27604 0.477198 0.130522 0.171142 0.96776
7 0.0727192 0.303829 0.0981974 0.139823 0.967278
2 0.149026 0.0861053 0.0743205 0.0993917 0.967132
14 0.46428 0.463205 0.0459126 0.137527 0.966103
2 0.645987 0.896098 0.0757034 0.099455 0.965696
8 0.54744 0.893543 0.0938835 0.0952516 0.960098
2 0.865524 0.70484 0.0767531 0.0927396 0.95853
8 0.0568091 0.682721 0.0925129 0.096568 0.951584
2 0.865709 0.293379 0.0728879 0.0938038 0.951294
2 0.647288 0.485652 0.0737443 0.101816 0.950709
2 0.317674 0.88929 0.0688651 0.0996072 0.948454
13 0.630652 0.672878 0.0485284 0.14474 0.947147
13 0.924487 0.277276 0.0440804 0.135231 0.943248
0 0.826527 0.906739 0.140117 0.10425 0.942665
4 0.11826 0.47103 0.0735714 0.115069 0.939007
13 0.514835 0.466719 0.0479499 0.147916 0.935895
14 0.579445 0.673016 0.04986 0.139169 0.93544
14 0.203076 0.864933 0.0440658 0.138677 0.935001
14 0.611169 0.268809 0.0498974 0.149408 0.93461
27 0.707104 0.918972 0.0550032 0.138606 0.93311
22 0.175825 0.284189 0.0874261 0.0937053 0.926907
13 0.373327 0.671044 0.048674 0.147075 0.926681
11 0.520553 0.0711701 0.146773 0.14234 0.926213
22 0.393104 0.485788 0.0876147 0.0921528 0.914083
4 0.974135 0.289725 0.0511076 0.109702 0.911611
13 0.0578029 0.457681 0.040939 0.144674 0.910217
14 0.251397 0.864784 0.0478367 0.145728 0.907058
0 0.774562 0.494638 0.143059 0.0996541 0.906904
9 0.958421 0.0822769 0.0823886 0.119139 0.903131
18 0.473363 0.681495 0.148598 0.12805 0.88892
13 0.421538 0.0688442 0.0476429 0.137688 0.886836
2 0.877437 0.0953281 0.0755645 0.0988381 0.886751
0 0.0416032 0.884153 0.0831601 0.0946836 0.860725
8 0.0585093 0.0769733 0.0920288 0.0995059 0.857727
5 0.94878 0.905856 0.0864394 0.0966301 0.855413
7 0.34348 0.118889 0.0934479 0.129345 0.820794
22 0.13035 0.88764 0.0826402 0.0908062 0.772497
8 0.667732 0.0696361 0.0964625 0.139137 0.705686
8 0.705984 0.26925 0.136293 0.142312 0.701896
5 0.535863 0.290773 0.0987189 0.102631 0.691969
13 0.00720988 0.0719763 0.0143973 0.143953 0.664514
4 0.989433 0.689803 0.0208077 0.123015 0.576772
