8 0.219883 0.522675 0.0858322 0.092097 0.979777
1 0.2796 0.936298 0.0794949 0.127399 0.977265
2 0.159414 0.921279 0.114686 0.093519 0.964575
21 0.345869 0.543259 0.150594 0.131572 0.962576
14 0.0703944 0.898595 0.0484231 0.145079 0.958478
23 0.034133 0.52717 0.068266 0.0869428 0.954043
5 0.132576 0.525144 0.07903 0.0958509 0.951637
9 0.374318 0.122837 0.0792189 0.0996583 0.949917
9 0.376353 0.709704 0.0807636 0.108269 0.947219
23 0.188507 0.332581 0.0630431 0.0851936 0.944688
2 0.0794857 0.331485 0.0732076 0.094363 0.942851
2 0.25824 0.716469 0.0679623 0.0914185 0.940308
7 0.0649988 0.156477 0.129998 0.134527 0.928797
18 0.37484 0.894486 0.0791038 0.133634 0.927284
7 0.0880679 0.739314 0.149372 0.132786 0.925933
13 0.309726 0.693964 0.036377 0.132035 0.899132
4 0.162752 0.116214 0.0548701 0.121618 0.8849
2 0.25052 0.32892 0.060793 0.0887738 0.880897
23 0.0190508 0.331426 0.0379974 0.0849233 0.687978
13 0.19357 0.689754 0.0487819 0.154503 0.680381
13 0.274521 0.0954065 0.0440856 0.165754 0.525134
7 0.353626 0.327611 0.136941 0.191835 0.515397
23 0.220049 0.130249 0.0564385 0.0840313 0.510339
