12 0.29891 0.39268 0.115853 0.144125 0.990463
18 0.948451 0.812083 0.102286 0.142625 0.987784
2 0.177824 0.413912 0.0768812 0.092513 0.974373
9 0.261093 0.615078 0.0928229 0.113307 0.973598
5 0.57292 0.826768 0.0974422 0.0954008 0.971498
23 0.274546 0.807321 0.0735868 0.0942631 0.970664
7 0.421523 0.839384 0.0943892 0.134032 0.969509
6 0.792078 0.0353817 0.097055 0.0707311 0.968693
6 0.578436 0.624671 0.0961223 0.0950878 0.965709
5 0.816409 0.432118 0.0868986 0.0989337 0.964773
4 0.138814 0.797055 0.0674364 0.124457 0.964505
0 0.263391 0.213305 0.139179 0.0992249 0.962295
13 0.672977 0.966094 0.0542455 0.0678115 0.961105
2 0.470814 0.41652 0.077215 0.0948117 0.959221
5 0.676772 0.627254 0.088563 0.0960299 0.958139
0 0.696773 0.828106 0.146127 0.10325 0.954123
5 0.427537 0.626608 0.0989714 0.117718 0.950762
7 0.713391 0.452116 0.102535 0.14143 0.948864
2 0.203801 0.810971 0.0690513 0.0976874 0.94832
2 0.771542 0.632937 0.0809329 0.0972987 0.947931
2 0.439371 0.220539 0.0753349 0.0937033 0.947304
14 0.502744 0.597061 0.0457451 0.144907 0.946919
2 0.870763 0.631691 0.0677754 0.0942889 0.946363
13 0.498498 0.196628 0.0375161 0.140675 0.940607
6 0.105572 0.0296359 0.139014 0.0592719 0.940113
13 0.351912 0.801812 0.0452385 0.162486 0.938854
18 0.14228 0.595876 0.126178 0.128035 0.936934
6 0.968156 0.242835 0.0636871 0.0975078 0.931406
5 0.667291 0.231935 0.0864339 0.0960988 0.917886
22 0.614106 0.42339 0.0850677 0.0899305 0.910918
5 0.939967 0.433928 0.0909412 0.0938129 0.904434
18 0.952692 0.969839 0.0914578 0.0603217 0.90044
2 0.402366 0.983634 0.067286 0.0327322 0.894813
14 0.571744 0.0357885 0.0411313 0.0714893 0.880559
38 0.862341 0.223044 0.144572 0.169648 0.874745
7 0.591607 0.989043 0.0952642 0.0219144 0.856611
7 0.0501381 0.830428 0.095703 0.131438 0.851517
7 0.312605 0.0572862 0.138023 0.114474 0.822244
7 0.563331 0.245175 0.0965703 0.134803 0.819961
8 0.824686 0.985449 0.0979087 0.0291022 0.811177
27 0.270629 0.0526322 0.0523493 0.105264 0.787167
13 0.964063 0.0437577 0.0457168 0.0875155 0.776341
18 0.683268 0.0352653 0.0938828 0.0705307 0.776248
13 0.519164 0.96046 0.0363719 0.0790795 0.771534
2 0.468013 0.983452 0.0638665 0.033095 0.732382
12 0.211495 0.0285118 0.0562939 0.0570236 0.712615
4 0.0813173 0.980473 0.0714971 0.0389531 0.685793
5 0.315953 0.981131 0.0894883 0.0377382 0.67866
2 0.736388 0.988023 0.0741229 0.0239534 0.666395
13 0.953254 0.610355 0.0903046 0.145405 0.656752
38 0.0297648 0.355588 0.0595297 0.198134 0.638146
6 0.467768 0.0355368 0.154543 0.0710735 0.635862
5 0.0219037 0.209302 0.0437559 0.102628 0.616506
8 0.016503 0.0273035 0.0330059 0.0544445 0.543578
7 0.0361945 0.599481 0.0723889 0.184814 0.542798
27 0.397516 0.404215 0.0712207 0.168454 0.540939
11 0.89357 0.0390254 0.086732 0.0780509 0.533378
8 0.838774 0.807333 0.0990491 0.14083 0.52171
2 0.131148 0.208861 0.0804173 0.0979833 0.511008
