18 0.948414 0.0667141 0.102477 0.133428 0.989238
18 0.930547 0.262068 0.109539 0.144528 0.979492
18 0.602377 0.855564 0.0928013 0.128562 0.978476
19 0.403259 0.264269 0.0673586 0.0948101 0.977484
4 0.138764 0.0547666 0.0672991 0.109452 0.977
1 0.347749 0.887456 0.0886838 0.138622 0.976493
2 0.736171 0.274572 0.0733787 0.096828 0.974759
19 0.46859 0.264068 0.0656267 0.0949507 0.974602
18 0.448974 0.847199 0.0949102 0.137854 0.973534
4 0.249745 0.847901 0.0680661 0.135778 0.972902
5 0.625782 0.678324 0.0966537 0.103084 0.972787
6 0.830849 0.483084 0.094293 0.0950717 0.969658
8 0.822121 0.275995 0.0932829 0.102161 0.96814
5 0.572951 0.0774924 0.0973325 0.0941268 0.964416
2 0.180507 0.258995 0.0760559 0.0951291 0.959886
5 0.882019 0.688948 0.0868595 0.0940645 0.958838
14 0.754554 0.456076 0.0502036 0.146485 0.95878
7 0.590043 0.297491 0.101253 0.140723 0.95825
4 0.857652 0.874406 0.078498 0.125839 0.957358
5 0.679326 0.480703 0.0978014 0.100089 0.953584
6 0.779425 0.681968 0.0973858 0.0968848 0.953584
5 0.319796 0.262071 0.0947325 0.0998839 0.952743
0 0.696772 0.0775764 0.145998 0.104193 0.951593
5 0.320513 0.461806 0.0899732 0.0995583 0.950644
6 0.928099 0.481752 0.0979642 0.0958977 0.947834
4 0.319941 0.656167 0.0719522 0.117707 0.947523
21 0.435955 0.66477 0.114633 0.187858 0.946224
2 0.203813 0.061078 0.0689802 0.0974334 0.945886
13 0.351959 0.0670914 0.0454668 0.134183 0.94575
4 0.507757 0.452656 0.0754938 0.129547 0.941591
7 0.0504597 0.0766848 0.0956043 0.138579 0.938954
13 0.260785 0.643575 0.0428373 0.139531 0.938088
19 0.0819972 0.258027 0.0736933 0.0945824 0.937218
2 0.204509 0.660542 0.0694916 0.100515 0.935285
13 0.682145 0.856239 0.0462435 0.148599 0.934563
14 0.702612 0.664652 0.0485337 0.162691 0.931606
2 0.132379 0.856696 0.0771105 0.0946872 0.930966
4 0.137699 0.651716 0.066988 0.119417 0.927396
7 0.421633 0.0877518 0.094936 0.137657 0.926473
13 0.671417 0.255513 0.0496497 0.146315 0.915479
13 0.19293 0.846488 0.0436519 0.143966 0.905881
13 0.0717029 0.434368 0.0415088 0.146331 0.897569
13 0.51819 0.246115 0.0393183 0.139482 0.880656
23 0.274695 0.0539862 0.0739179 0.101081 0.872784
7 0.171836 0.46991 0.156753 0.166702 0.826975
22 0.0516661 0.658318 0.088395 0.0995824 0.810536
13 0.208043 0.984727 0.0839047 0.0305469 0.791748
13 0.961834 0.865342 0.0480764 0.158697 0.787676
8 0.838845 0.064375 0.0991223 0.126802 0.686364
21 0.0183324 0.27399 0.0366647 0.225367 0.664675
9 0.993417 0.485875 0.0131662 0.0952893 0.628156
13 0.416958 0.441619 0.0921754 0.143445 0.618231
13 0.316131 0.953895 0.0770971 0.0922099 0.55974
18 0.764183 0.879869 0.104244 0.099272 0.55872
13 0.494944 0.0626358 0.0390527 0.12443 0.548175
