21 0.0891124 0.235895 0.102003 0.140762 0.991925
8 0.188993 0.205841 0.091925 0.0930331 0.97787
0 0.910683 0.0426411 0.142799 0.0852822 0.976298
0 0.202651 0.0296116 0.14134 0.0592232 0.966951
18 0.430161 0.199856 0.136065 0.137157 0.963365
2 0.81831 0.229291 0.0742586 0.0993373 0.961748
8 0.605961 0.217867 0.10155 0.111485 0.958678
5 0.795479 0.0363233 0.0832767 0.0726466 0.955743
0 0.376122 0.0319213 0.181875 0.0638427 0.954524
4 0.7192 0.0385076 0.0712743 0.0765636 0.951118
13 0.519091 0.197901 0.0419984 0.184667 0.884636
4 0.968385 0.202548 0.061039 0.151786 0.772775
13 0.106875 0.0294734 0.0383786 0.0589469 0.749601
22 0.288131 0.211893 0.0907231 0.0937368 0.637958
23 0.894561 0.2109 0.0747448 0.148345 0.533806
23 0.0567387 0.02792 0.0569779 0.0558399 0.50998
2 0.0201379 0.215109 0.0402404 0.125677 0.504652
