4 0.164684 0.740884 0.0659392 0.114963 0.972787
22 0.0583778 0.947025 0.0776241 0.0920249 0.952487
13 0.0141615 0.529938 0.0283231 0.136136 0.922408
2 0.124688 0.556102 0.061748 0.0961087 0.899896
2 0.146693 0.945724 0.0706335 0.092437 0.883619
6 0.0805141 0.36794 0.124335 0.0991313 0.848482
4 0.17935 0.357962 0.0739728 0.125349 0.845548
2 0.0269853 0.012675 0.0539706 0.0252549 0.842635
23 0.0603849 0.554414 0.0630519 0.0903401 0.840571
2 0.0727524 0.750146 0.112974 0.0922353 0.819397
13 0.0084703 0.341183 0.0168132 0.146285 0.818486
29 0.978595 0.145138 0.0419285 0.1857 0.815489
2 0.00912888 0.937393 0.0182578 0.11808 0.753183
8 0.150181 0.158613 0.0802244 0.143282 0.610103
22 0.117957 0.0129455 0.0844386 0.0258911 0.603631
35 0.981932 0.347241 0.0360451 0.1521 0.545616
35 0.986907 0.528012 0.0261011 0.129237 0.521692
