1 0.621845 0.933221 0.0833799 0.132943 0.982551
1 0.332521 0.927199 0.0906065 0.138453 0.982122
9 0.563912 0.326996 0.0875806 0.110757 0.980029
18 0.868052 0.713697 0.0854124 0.125685 0.979658
0 0.344955 0.328052 0.144133 0.0940294 0.978179
8 0.303643 0.517244 0.0939267 0.0910269 0.975413
8 0.252252 0.706659 0.0989749 0.0935023 0.973946
6 0.466426 0.3273 0.0937788 0.0956582 0.973773
2 0.142345 0.514052 0.0696678 0.0944127 0.970646
2 0.768682 0.732062 0.071031 0.0874438 0.965791
6 0.712593 0.920616 0.0862763 0.0919456 0.95632
23 0.21532 0.516814 0.074954 0.0908308 0.955083
2 0.632489 0.717731 0.0706726 0.0914675 0.951462
5 0.229264 0.32344 0.0858931 0.0973639 0.948859
4 0.0761604 0.52169 0.065601 0.143356 0.94411
23 0.565716 0.719238 0.0626796 0.0869663 0.930334
13 0.941665 0.716849 0.0440024 0.14745 0.926842
21 0.735713 0.359285 0.101465 0.138658 0.925858
8 0.828985 0.343049 0.091799 0.0951642 0.92108
13 0.224972 0.905562 0.0474746 0.186753 0.901069
2 0.0664603 0.893142 0.0749801 0.0909162 0.900055
2 0.0188663 0.509909 0.0376077 0.130567 0.86983
2 0.685311 0.528048 0.0709853 0.0918962 0.859757
13 0.942691 0.520467 0.047483 0.146468 0.85477
2 0.343422 0.709289 0.0679561 0.0896804 0.840226
13 0.657385 0.317584 0.0426457 0.167082 0.827498
2 0.018136 0.317953 0.0362294 0.100753 0.818603
6 0.45485 0.924981 0.140438 0.135035 0.783821
0 0.0357571 0.705153 0.0714165 0.0929012 0.777195
8 0.151941 0.911648 0.0993122 0.122696 0.771815
11 0.11399 0.298244 0.144818 0.147565 0.744443
4 0.768242 0.5276 0.0886211 0.115373 0.6725
22 0.922629 0.351845 0.0842021 0.0921104 0.645247
13 0.399587 0.496786 0.0923899 0.138934 0.632338
22 0.121513 0.709457 0.0889788 0.0902872 0.627819
5 0.85716 0.541168 0.0830004 0.0963157 0.603656
8 0.900206 0.908962 0.0801693 0.144168 0.529444
