18 0.291384 0.783644 0.0407329 0.0555533 0.990892
18 0.692836 0.433976 0.0413232 0.0565714 0.984761
10 0.564475 0.697867 0.0342755 0.0682479 0.982646
10 0.340046 0.248854 0.037535 0.0660906 0.981234
35 0.803573 0.79479 0.059993 0.0765862 0.978331
18 0.534031 0.966627 0.0462033 0.0615306 0.978189
4 0.925038 0.268802 0.0313685 0.0500649 0.977671
21 0.916884 0.631792 0.0442021 0.0586227 0.97652
5 0.517223 0.70819 0.0376875 0.0463849 0.975305
18 0.101008 0.163752 0.0408889 0.0571139 0.974674
8 0.488716 0.976579 0.0416327 0.0420929 0.974117
7 0.768527 0.977856 0.0451293 0.0439863 0.972
18 0.805085 0.523238 0.0431477 0.0583126 0.971137
9 0.533549 0.524874 0.0377653 0.0435134 0.970722
18 0.151078 0.342357 0.0396857 0.0597912 0.96676
7 0.898825 0.898948 0.0617831 0.0637194 0.96613
4 0.705683 0.0810227 0.0288532 0.0488326 0.965556
0 0.0360587 0.707354 0.0641006 0.0460378 0.964811
5 0.0119605 0.0840426 0.0238737 0.0429303 0.964612
7 0.83428 0.453041 0.045157 0.0594447 0.963924
22 0.443813 0.884514 0.0363936 0.0404172 0.963191
6 0.567632 0.261647 0.0388258 0.039371 0.962632
21 0.675564 0.186957 0.0384071 0.0629501 0.962212
6 0.654193 0.888368 0.0428444 0.0426602 0.962079
1 0.0933034 0.0908319 0.0417655 0.0615399 0.960545
0 0.729624 0.176621 0.0630927 0.0458817 0.960216
21 0.381295 0.534287 0.0410905 0.0589955 0.958944
5 0.608505 0.799496 0.0375166 0.0453939 0.958662
13 0.467699 0.602485 0.0213592 0.0713396 0.957837
13 0.0382013 0.868763 0.0230655 0.0694647 0.957697
22 0.30291 0.172919 0.0364769 0.0441459 0.957335
8 0.292462 0.0837992 0.0429865 0.0436617 0.957068
0 0.500982 0.0842474 0.0641814 0.0464385 0.956608
7 0.686924 0.274601 0.0431049 0.0590972 0.955005
18 0.407872 0.786201 0.0440409 0.0572087 0.953337
6 0.314897 0.437763 0.0417322 0.0415413 0.953284
9 0.889031 0.53216 0.0380771 0.0459321 0.95264
6 0.848346 0.532922 0.0397179 0.0421723 0.952315
18 0.38389 0.696341 0.0378317 0.0562477 0.951954
1 0.859866 0.100843 0.0401626 0.0620113 0.951636
13 0.505539 0.513599 0.0188547 0.0681041 0.951425
4 0.574346 0.794114 0.0300632 0.0569067 0.951264
8 0.348811 0.883768 0.0441627 0.0457877 0.950678
0 0.483384 0.26236 0.0579787 0.0401466 0.950447
7 0.251311 0.448374 0.0434942 0.0618998 0.950185
2 0.614611 0.352841 0.0314789 0.0436313 0.949889
22 0.247291 0.792782 0.0398457 0.040399 0.949812
18 0.795827 0.702683 0.0375397 0.0568111 0.947631
6 0.1382 0.0829614 0.0414223 0.0430962 0.94671
11 0.168564 0.251094 0.0426663 0.0613956 0.946619
8 0.0256226 0.530912 0.0416802 0.0460486 0.944074
5 0.755166 0.710107 0.039139 0.0451524 0.942703
7 0.692455 0.719547 0.047984 0.0617867 0.942648
0 0.299367 0.351667 0.0604299 0.046008 0.942256
9 0.209846 0.970726 0.039758 0.0475454 0.941301
9 0.562386 0.351398 0.0413144 0.045898 0.941219
8 0.191276 0.525953 0.0413495 0.042986 0.941095
5 0.250162 0.0830116 0.038175 0.0422896 0.941049
18 0.954484 0.70508 0.0403485 0.0564516 0.939182
1 0.0310711 0.269298 0.0413734 0.0610604 0.938704
14 0.794908 0.608321 0.0207796 0.063423 0.938284
7 0.488747 0.803998 0.0429279 0.0595629 0.937894
0 0.199598 0.882106 0.0602356 0.045431 0.937842
13 0.569933 0.967119 0.0254707 0.0657612 0.937567
5 0.306361 0.884197 0.0390416 0.0424473 0.93746
14 0.953151 0.524413 0.0194104 0.0648508 0.936267
8 0.958443 0.895538 0.0431316 0.0458659 0.936166
6 0.112338 0.882782 0.0409343 0.0446587 0.93561
0 0.12859 0.526686 0.0803857 0.0452594 0.93417
4 0.891671 0.799176 0.0256895 0.0488945 0.933564
22 0.217702 0.167762 0.037385 0.0414986 0.932446
2 0.903311 0.447214 0.0298897 0.0407207 0.931518
22 0.694588 0.528925 0.039217 0.0421345 0.930827
0 0.636831 0.707906 0.0619142 0.0459213 0.930274
6 0.447441 0.0837191 0.0394539 0.0444527 0.929881
1 0.095898 0.717622 0.0412402 0.0642103 0.929403
13 0.0427899 0.781086 0.0207823 0.065094 0.929235
6 0.855377 0.802498 0.0418841 0.0433048 0.928906
2 0.834789 0.712048 0.0318216 0.0436641 0.928074
0 0.229658 0.616822 0.0607275 0.0458825 0.926923
8 0.911745 0.712063 0.0388112 0.0457151 0.926897
9 0.649925 0.352411 0.0376916 0.0435455 0.92582
6 0.0749084 0.260955 0.0396828 0.0405163 0.925385
2 0.253073 0.344666 0.0299833 0.0508429 0.923908
13 0.119456 0.605742 0.0200254 0.0724736 0.922835
8 0.629363 0.174522 0.0444007 0.0450764 0.92206
2 0.594222 0.61727 0.0332896 0.0468104 0.922032
5 0.178551 0.616638 0.0349248 0.0429888 0.921301
6 0.429991 0.7071 0.0418172 0.0440667 0.920704
2 0.863175 0.180305 0.0334148 0.042813 0.920701
22 0.533186 0.61575 0.0391626 0.0445451 0.918924
0 0.37737 0.264425 0.0594189 0.0428855 0.916194
0 0.131009 0.437959 0.0632665 0.044675 0.915954
5 0.448461 0.975181 0.0375123 0.042155 0.915744
6 0.904053 0.0889669 0.0427613 0.0424217 0.915494
2 0.694222 0.889365 0.0323848 0.0450789 0.914307
11 0.126303 0.960489 0.0401416 0.0619953 0.91246
2 0.44918 0.797144 0.0348174 0.0444101 0.91079
0 0.192121 0.707503 0.076468 0.0455664 0.910741
10 0.637685 0.517234 0.0547513 0.0666609 0.909488
9 0.599305 0.9771 0.0361217 0.0435808 0.908235
2 0.386028 0.174362 0.0327694 0.0501134 0.908091
5 0.117607 0.261437 0.037557 0.0423364 0.907568
6 0.0774744 0.440417 0.0405063 0.0445353 0.905829
6 0.536187 0.798275 0.0416046 0.0462118 0.905302
14 0.349622 0.961807 0.0204574 0.0642837 0.90443
0 0.315743 0.61626 0.082563 0.0508435 0.904211
8 0.345052 0.175069 0.0432836 0.0474256 0.902476
14 0.778819 0.344667 0.0216849 0.0616711 0.902246
5 0.845338 0.270144 0.0377445 0.0477431 0.90103
14 0.0377356 0.0723759 0.021272 0.0650583 0.899493
13 0.510146 0.158389 0.0262505 0.0847825 0.898092
4 0.146021 0.612501 0.0304208 0.0512508 0.896811
5 0.608773 0.439121 0.0387414 0.0423814 0.896501
10 0.279226 0.874038 0.0364006 0.0656695 0.896354
22 0.0668318 0.526031 0.0350699 0.0416145 0.895311
5 0.210493 0.262807 0.0341423 0.0390083 0.895122
6 0.429282 0.259724 0.0398157 0.0435326 0.895028
0 0.911374 0.980962 0.0780237 0.0380753 0.893892
4 0.727952 0.888442 0.0322767 0.0423553 0.893533
6 0.170575 0.172383 0.0269279 0.0445989 0.893143
13 0.989396 0.349787 0.0212073 0.0695703 0.890518
2 0.587958 0.706508 0.0342376 0.0462635 0.887803
14 0.725942 0.967792 0.0209833 0.0628493 0.88759
13 0.326276 0.779974 0.0220661 0.0769448 0.883796
9 0.780048 0.440094 0.040446 0.0452117 0.882407
10 0.36672 0.342739 0.0393183 0.0717753 0.881647
4 0.987467 0.801302 0.0250655 0.0457262 0.880611
2 0.843671 0.887894 0.0334344 0.041492 0.880432
10 0.223567 0.0756603 0.0350458 0.0692939 0.878737
11 0.4754 0.164215 0.0397683 0.0632558 0.877733
10 0.606033 0.250211 0.0374805 0.0626544 0.876451
14 0.566353 0.605688 0.0207843 0.0650167 0.875117
7 0.251663 0.272427 0.0433542 0.0591877 0.874575
6 0.871851 0.711326 0.0386858 0.0446687 0.874174
0 0.367875 0.437026 0.0603807 0.0451973 0.871769
2 0.735116 0.0871786 0.0321393 0.0424286 0.870799
8 0.65014 0.439818 0.0397077 0.0412036 0.870497
2 0.800402 0.0889123 0.0291829 0.0401683 0.870426
2 0.593598 0.527513 0.0315607 0.0402824 0.868728
9 0.94778 0.359724 0.0392483 0.0455482 0.868284
2 0.152658 0.880859 0.0318316 0.0446136 0.866911
6 0.409179 0.973431 0.0391145 0.0416694 0.865416
0 0.284636 0.517971 0.0605826 0.0643971 0.86334
0 0.899581 0.358225 0.05446 0.038472 0.858842
9 0.63143 0.616634 0.0418686 0.0460484 0.858115
0 0.435493 0.526723 0.0605931 0.0444329 0.855111
0 0.970332 0.622012 0.0584346 0.0405824 0.853905
13 0.932695 0.522348 0.0208211 0.0730164 0.852833
10 0.504889 0.605111 0.0366728 0.0656166 0.850273
2 0.0738387 0.79668 0.0365493 0.0479062 0.847667
2 0.229592 0.527201 0.0292401 0.0408993 0.847111
1 0.0230693 0.970809 0.038123 0.0581715 0.845001
5 0.327324 0.00808279 0.0402445 0.0161132 0.843946
11 0.316352 0.962532 0.0407182 0.0614303 0.840895
6 0.886577 0.270046 0.042405 0.0429447 0.839089
6 0.168768 0.97229 0.0415286 0.0434269 0.835768
2 0.637993 0.264746 0.0539544 0.0455932 0.832229
13 0.224905 0.694162 0.0221283 0.0655792 0.830506
2 0.140299 0.173608 0.0290043 0.0416734 0.83025
5 0.989799 0.444685 0.0204027 0.0444473 0.82861
13 0.936362 0.0733948 0.0212827 0.0772689 0.827369
6 0.837508 0.356132 0.0638835 0.0412328 0.823275
5 0.0503971 0.165262 0.0425527 0.0572366 0.81848
46 0.73331 0.35351 0.0667496 0.0417825 0.817003
14 0.0167203 0.86902 0.0213862 0.0707341 0.813284
13 0.457353 0.514103 0.0211182 0.0634792 0.812056
22 0.385689 0.0840164 0.0367273 0.0443307 0.802837
0 0.974509 0.267861 0.0498857 0.0496543 0.795639
18 0.0133025 0.167942 0.0265735 0.0675523 0.788039
2 0.87475 0.0129613 0.0325742 0.02589 0.781403
1 0.0709179 0.890186 0.0402735 0.0602382 0.779475
14 0.285074 0.425116 0.0180883 0.0627757 0.770771
10 0.339466 0.514161 0.0404097 0.0656589 0.767568
6 0.509998 0.350628 0.0604188 0.0444201 0.760658
8 0.61098 0.882898 0.0437756 0.0513911 0.752777
18 0.0998008 0.348813 0.057775 0.0499889 0.748781
9 0.714646 0.797243 0.0418901 0.0504131 0.745541
2 0.374742 0.973557 0.0275894 0.042645 0.743243
4 0.928515 0.795626 0.0301839 0.054913 0.740037
2 0.639943 0.082542 0.0300102 0.0562043 0.73024
6 0.065134 0.970228 0.0394737 0.0433831 0.719351
13 0.0606221 0.0724514 0.0201616 0.0708334 0.712094
5 0.389778 0.615907 0.0660009 0.0442284 0.700226
5 0.27097 0.706069 0.0673659 0.0447928 0.689871
6 0.187286 0.171807 0.019167 0.0438208 0.688028
2 0.783343 0.88583 0.0275877 0.0464351 0.684476
7 0.97545 0.975701 0.0490997 0.046939 0.677169
13 0.737131 0.42736 0.0422523 0.0736089 0.665856
18 0.994556 0.172022 0.0108886 0.0552235 0.661759
13 0.162716 0.509777 0.0174144 0.072969 0.660263
12 0.672985 0.0161241 0.040539 0.0322481 0.658613
2 0.179163 0.0728222 0.0352736 0.0656641 0.657076
14 0.0478509 0.339505 0.0215065 0.0682075 0.636625
22 0.839784 0.979705 0.0386653 0.0396292 0.633928
5 0.582955 0.00825622 0.0368463 0.0164054 0.631594
4 0.185392 0.432871 0.0264833 0.0552979 0.617987
13 0.293004 0.00962934 0.0211686 0.0192553 0.613506
10 0.547278 0.251444 0.0388255 0.0603549 0.60257
0 0.204179 0.344601 0.0602639 0.058473 0.594929
4 0.0162068 0.794591 0.0319756 0.0405587 0.583695
22 0.412293 0.00787969 0.0383885 0.0156961 0.578225
18 0.561299 0.08354 0.0363207 0.0460863 0.574477
2 0.681719 0.616055 0.0428171 0.0441273 0.574459
6 0.600773 0.0837529 0.0386868 0.0479505 0.573982
18 0.474242 0.00753705 0.0599733 0.0149828 0.570467
13 0.131196 0.701753 0.0244911 0.0953348 0.543994
16 0.086035 0.615123 0.0422601 0.0489551 0.54367
13 0.803986 0.0110915 0.0212858 0.0221829 0.537739
18 0.912827 0.0102805 0.0390699 0.020555 0.537148
9 0.250224 0.00755338 0.0354759 0.0150867 0.532878
22 0.7505 0.618541 0.0608339 0.0432909 0.531197
18 0.455775 0.342276 0.0431972 0.0621276 0.530477
13 0.118991 0.866368 0.0295328 0.0759871 0.516605
5 0.978031 0.444349 0.0439385 0.0471942 0.510058
6 0.135835 0.795151 0.0633452 0.0412433 0.505532
