12 0.277597 0.937383 0.0954279 0.125122 0.994231
18 0.268805 0.754869 0.0813942 0.120102 0.98902
8 0.0847165 0.571874 0.0986544 0.0970674 0.98556
4 0.307092 0.3735 0.0568496 0.119033 0.968942
19 0.19609 0.957888 0.0576436 0.084223 0.96816
22 0.15608 0.18131 0.0851394 0.0923936 0.966687
14 0.378475 0.175939 0.0424389 0.145302 0.965194
23 0.240173 0.384586 0.0658768 0.0921132 0.96365
6 0.175801 0.77048 0.0844837 0.0901275 0.953789
2 0.370228 0.0188877 0.0687543 0.0376674 0.94898
7 0.0170999 0.794657 0.0340343 0.162195 0.944429
0 0.0937143 0.958656 0.13538 0.0823473 0.943559
7 0.274715 0.602101 0.0800104 0.135045 0.941493
13 0.0168876 0.54934 0.0337557 0.146318 0.937442
14 0.389251 0.939822 0.0349761 0.120356 0.928133
14 0.0602228 0.745985 0.0456258 0.143857 0.925837
5 0.367868 0.390085 0.0695735 0.0938182 0.885907
13 0.348939 0.93843 0.0361392 0.12314 0.883928
8 0.0401058 0.384659 0.079982 0.0965073 0.881692
13 0.106574 0.746587 0.0455716 0.137176 0.873829
11 0.0273127 0.159094 0.0546254 0.235939 0.803638
13 0.0851477 0.147997 0.0516386 0.160839 0.786101
22 0.150907 0.0130809 0.0830368 0.0261382 0.680703
5 0.239226 0.0153705 0.0772568 0.030741 0.670608
12 0.292836 0.164521 0.118107 0.140184 0.638436
6 0.362056 0.585347 0.0825363 0.0918462 0.598617
2 0.182127 0.573702 0.0733903 0.0884264 0.564877
