1 0.507186 0.140379 0.0941575 0.140683 0.990299
12 0.215318 0.0879735 0.111408 0.138479 0.989504
18 0.59882 0.899866 0.0924926 0.128278 0.984048
9 0.389931 0.712433 0.093334 0.102657 0.98223
19 0.655397 0.721181 0.0617442 0.0921876 0.980446
7 0.119061 0.927215 0.104663 0.140319 0.975555
18 0.452297 0.503519 0.0929842 0.125314 0.974348
6 0.190419 0.712798 0.0952589 0.0952423 0.972131
1 0.878963 0.753355 0.107698 0.145408 0.967903
18 0.0904748 0.498692 0.130644 0.125347 0.967474
22 0.204289 0.511829 0.0889578 0.0933744 0.96596
9 0.743542 0.318065 0.0899107 0.100681 0.965331
4 0.494276 0.903717 0.0699246 0.121636 0.963171
6 0.604168 0.518903 0.0913711 0.093585 0.959372
5 0.804602 0.52488 0.0888522 0.0971942 0.9592
2 0.708596 0.119253 0.0746564 0.0968868 0.95907
6 0.644912 0.324574 0.0929093 0.0952818 0.958457
9 0.971384 0.929178 0.0572314 0.102085 0.957537
11 0.544605 0.295047 0.0941321 0.138044 0.953972
8 0.887316 0.927522 0.0996742 0.0988536 0.951313
19 0.403257 0.116301 0.0689927 0.0923348 0.943708
13 0.473701 0.296804 0.0524184 0.147158 0.943388
5 0.34793 0.521683 0.094893 0.101146 0.942598
8 0.899852 0.527744 0.0947165 0.0974272 0.942322
14 0.114791 0.687556 0.0493785 0.142583 0.93617
22 0.289778 0.718629 0.0905544 0.0909407 0.935819
5 0.0437958 0.713157 0.0871492 0.102741 0.923708
13 0.680094 0.911413 0.049346 0.172666 0.916514
5 0.31742 0.109816 0.0851648 0.094163 0.91446
4 0.975957 0.483232 0.0475123 0.191564 0.901522
7 0.393563 0.339727 0.100445 0.136031 0.896255
22 0.295351 0.318883 0.0867723 0.092329 0.889518
13 0.532897 0.500412 0.048466 0.145309 0.88627
6 0.705202 0.522739 0.0990891 0.0932037 0.875863
6 0.614399 0.12326 0.0967591 0.0942793 0.824123
2 0.268943 0.913822 0.0688139 0.0943575 0.82118
23 0.033292 0.910575 0.066584 0.108958 0.793723
21 0.0631754 0.296565 0.126351 0.132361 0.78253
2 0.725192 0.728641 0.0779763 0.0991348 0.764066
11 0.979244 0.306866 0.0415127 0.13597 0.759963
13 0.894023 0.0890498 0.0397544 0.167285 0.673382
13 0.436066 0.898365 0.0473166 0.144654 0.628955
28 0.55251 0.693664 0.134979 0.146315 0.565885
6 0.905294 0.322143 0.0999248 0.103394 0.531483
