18 0.201449 0.811837 0.108514 0.142423 0.9946
6 0.046002 0.0352887 0.0892486 0.0705237 0.976403
22 0.287088 0.0441775 0.0903441 0.0883549 0.97395
5 0.0664173 0.432329 0.0868948 0.0991757 0.960013
2 0.0311112 0.632771 0.0622224 0.0969377 0.951037
5 0.190327 0.43368 0.0915063 0.0943764 0.949856
2 0.120761 0.631666 0.0677734 0.0942762 0.947253
18 0.197204 0.970027 0.0805117 0.0599467 0.938164
6 0.261345 0.242756 0.151119 0.105021 0.892157
13 0.213399 0.0433819 0.0437708 0.0867638 0.874183
38 0.111884 0.223291 0.145811 0.169872 0.850239
8 0.074718 0.985631 0.0980169 0.0287383 0.80558
11 0.00923976 0.427761 0.0184795 0.167216 0.769294
13 0.288995 0.414314 0.0956218 0.146153 0.517357
