28 0.262575 0.557745 0.103102 0.17461 0.995693
4 0.683634 0.763383 0.0642633 0.0998816 0.992117
4 0.548655 0.566544 0.0700061 0.101644 0.988357
21 0.810257 0.601372 0.0975232 0.134903 0.987776
19 0.200981 0.365798 0.0627905 0.0906903 0.981567
11 0.450285 0.16141 0.0908589 0.13638 0.98144
4 0.912923 0.955677 0.0717132 0.0886468 0.979945
11 0.74611 0.937384 0.0852792 0.123772 0.979721
23 0.306764 0.762569 0.0689713 0.0890212 0.977717
23 0.732295 0.189551 0.0705045 0.0890397 0.976105
22 0.807846 0.195667 0.0767694 0.0893855 0.970983
14 0.696106 0.0227216 0.040738 0.044643 0.969589
23 0.728081 0.578541 0.0658181 0.0902843 0.966922
0 0.0963444 0.365748 0.135977 0.095822 0.966788
8 0.341524 0.953016 0.0886104 0.0936031 0.966711
5 0.65751 0.960132 0.0851812 0.0797356 0.964804
23 0.663275 0.188911 0.0639379 0.0859169 0.963632
27 0.274619 0.0365978 0.0465039 0.073086 0.963161
6 0.819714 0.390128 0.0833266 0.0888805 0.961646
2 0.107891 0.558494 0.075438 0.0934238 0.960647
2 0.631734 0.0210584 0.0719671 0.0421168 0.960435
2 0.659709 0.57533 0.0680226 0.0920427 0.958434
8 0.369233 0.37215 0.0887058 0.0961357 0.956553
5 0.755673 0.774427 0.0781355 0.091002 0.955282
22 0.901471 0.582951 0.0838455 0.0867376 0.954791
5 0.281166 0.368359 0.0832951 0.0913484 0.95113
23 0.0423969 0.173762 0.070794 0.0880862 0.945655
2 0.112579 0.170796 0.0717095 0.0939744 0.943058
2 0.594084 0.188151 0.0693588 0.0884757 0.937002
16 0.680034 0.387788 0.0944365 0.0946245 0.936896
2 0.261043 0.954195 0.0656034 0.0887618 0.935808
13 0.566066 0.933915 0.0488986 0.132169 0.932107
13 0.631121 0.747451 0.0437036 0.146381 0.920795
13 0.755154 0.36441 0.0439217 0.144251 0.91923
13 0.519953 0.15802 0.0403097 0.148871 0.909137
2 0.896683 0.195579 0.0705159 0.0928222 0.905167
5 0.0756255 0.954087 0.0937319 0.0917141 0.900994
13 0.342091 0.544819 0.0486434 0.146056 0.89888
13 0.0114158 0.733047 0.0228124 0.152428 0.890275
23 0.0348832 0.565085 0.0680095 0.0971731 0.867227
6 0.442129 0.574504 0.137994 0.0903561 0.830369
2 0.533302 0.765865 0.0704381 0.0885797 0.821747
28 0.195744 0.0216707 0.10097 0.0433415 0.815435
6 0.484091 0.369591 0.127005 0.104566 0.814547
4 0.93517 0.0241333 0.0999907 0.0482665 0.77966
8 0.351634 0.154408 0.0862945 0.1428 0.764898
46 0.875206 0.779194 0.155305 0.0908682 0.749335
5 0.0756453 0.760141 0.0931034 0.0943751 0.71334
13 0.738962 0.0221433 0.0388434 0.0442867 0.673791
13 0.0144419 0.363344 0.0288149 0.209681 0.658804
13 0.453264 0.0185412 0.04721 0.0370825 0.639072
2 0.209132 0.758221 0.122955 0.0931604 0.632439
23 0.21993 0.172849 0.138435 0.0912581 0.626317
16 0.376103 0.0153672 0.0614605 0.0306472 0.616594
6 0.436353 0.954705 0.0959203 0.0905892 0.562486
