12 0.819801 0.23185 0.164813 0.154024 0.997127
9 0.830768 0.852246 0.0907384 0.101306 0.977523
9 0.0970623 0.254073 0.0840515 0.103109 0.97732
1 0.758652 0.0809305 0.0900838 0.135691 0.977259
9 0.953381 0.649297 0.0901113 0.104895 0.976731
4 0.343478 0.444879 0.0698584 0.114642 0.975313
0 0.158677 0.0700426 0.141566 0.111377 0.974882
8 0.0709775 0.849678 0.0940051 0.0997394 0.972932
0 0.25219 0.257433 0.148206 0.0993781 0.972423
18 0.305715 0.639478 0.0909258 0.140298 0.971402
1 0.390101 0.872902 0.089723 0.135708 0.970873
2 0.476596 0.649227 0.0762219 0.0968773 0.969424
6 0.488254 0.852074 0.0946846 0.0977316 0.965422
4 0.260876 0.843413 0.072488 0.121165 0.965227
16 0.247573 0.453464 0.102594 0.0933819 0.964382
2 0.133907 0.453924 0.0746006 0.0946832 0.963163
23 0.553536 0.652746 0.0725265 0.0926757 0.961191
23 0.419044 0.45311 0.0746177 0.0897238 0.96077
13 0.683569 0.0548762 0.0480428 0.108843 0.96014
2 0.864318 0.652081 0.078593 0.0967722 0.96005
22 0.427198 0.0573502 0.0882087 0.0956738 0.958954
5 0.280097 0.0586143 0.0932752 0.100017 0.956687
14 0.634216 0.0545652 0.0442801 0.108655 0.954628
5 0.564658 0.0577583 0.0904388 0.101071 0.952725
14 0.353004 0.0578022 0.0459697 0.115243 0.95151
0 0.0842168 0.655617 0.14608 0.0977304 0.950773
8 0.0438377 0.45345 0.0876755 0.100088 0.950007
22 0.208428 0.650652 0.085938 0.0966282 0.949817
18 0.984404 0.0530482 0.0311915 0.106096 0.947255
14 0.456376 0.233163 0.0548743 0.149462 0.941004
13 0.382001 0.637555 0.0509657 0.173016 0.937589
4 0.170646 0.847366 0.0981694 0.107234 0.936398
23 0.628197 0.651707 0.0679737 0.100956 0.934342
9 0.0310623 0.0539097 0.0621004 0.102185 0.932973
13 0.0245446 0.25062 0.0490072 0.191434 0.930643
5 0.380035 0.258495 0.0939077 0.0970792 0.91457
22 0.708683 0.658422 0.0860326 0.103446 0.88395
2 0.00850943 0.871091 0.0169473 0.122937 0.867915
13 0.933649 0.236105 0.0481026 0.1571 0.864451
6 0.886965 0.059659 0.150108 0.106015 0.843422
6 0.707607 0.85509 0.147046 0.0999634 0.788157
5 0.587158 0.855075 0.0906758 0.097754 0.770751
13 0.78995 0.619152 0.0601952 0.172724 0.759502
8 0.976785 0.263891 0.0464293 0.101557 0.753549
13 0.755771 0.830234 0.0549592 0.15266 0.677357
13 0.943 0.975209 0.0487295 0.0495036 0.6725
19 0.395858 0.981058 0.0754777 0.0378836 0.614554
6 0.670639 0.236288 0.0949633 0.148538 0.53662
6 0.506873 0.428809 0.0927209 0.141238 0.529392
8 0.942284 0.83447 0.0888512 0.14113 0.520401
