35 0.0536568 0.0441977 0.059865 0.0779859 0.982612
10 0.183898 0.308658 0.0387031 0.0704137 0.974539
21 0.09852 0.502584 0.0496666 0.060907 0.97129
18 0.153837 0.400808 0.0399854 0.0563162 0.96574
7 0.14881 0.148848 0.0617506 0.0635448 0.965568
4 0.14178 0.0487359 0.0256504 0.0492869 0.944354
7 0.0206773 0.236173 0.0413546 0.0646138 0.943963
5 0.112259 0.408789 0.0394551 0.0421798 0.941114
7 0.232429 0.234865 0.0637147 0.0625907 0.935346
2 0.19686 0.402782 0.0335246 0.0417187 0.934422
6 0.105357 0.0525497 0.0417524 0.0430214 0.933571
5 0.0857966 0.578876 0.0366999 0.0436041 0.930099
0 0.0309623 0.494621 0.0602245 0.042563 0.92658
16 0.0203812 0.583263 0.0404702 0.0554514 0.924866
22 0.0893111 0.230068 0.0378911 0.0409454 0.910574
9 0.0835231 0.319697 0.04134 0.044116 0.909163
8 0.20853 0.145396 0.0434119 0.0454985 0.908523
4 0.244407 0.0518215 0.0378426 0.0452255 0.901014
2 0.0934573 0.137752 0.0334137 0.0410416 0.900844
2 0.247658 0.143886 0.0350631 0.0468573 0.896509
11 0.210686 0.566877 0.0372384 0.0617392 0.891979
6 0.0425859 0.319441 0.0371938 0.0433243 0.889957
13 0.0546481 0.57049 0.0234626 0.0655639 0.882696
22 0.234869 0.405174 0.0411836 0.0425448 0.8367
13 0.181665 0.572845 0.0206899 0.0642451 0.794905
0 0.161398 0.232139 0.0775428 0.0432937 0.787211
12 0.0122525 0.0504168 0.024312 0.0623054 0.784273
6 0.0168816 0.410275 0.0335574 0.0482528 0.680236
2 0.0337034 0.135678 0.0267727 0.0467101 0.661713
18 0.137618 0.573545 0.0628541 0.0530003 0.621676
4 0.178542 0.0435448 0.0302347 0.0588728 0.610647
