35 0.0536929 0.79481 0.0597662 0.0763506 0.977392
4 0.175046 0.268756 0.0313919 0.0500907 0.9773
21 0.166819 0.631824 0.044073 0.0586421 0.974957
18 0.0550975 0.52327 0.0431029 0.0580109 0.970546
7 0.148811 0.898988 0.061742 0.0638415 0.966657
7 0.0843157 0.453054 0.0451594 0.0594385 0.96432
14 0.0448701 0.60837 0.0209461 0.0630783 0.959403
9 0.139042 0.532134 0.0380696 0.04591 0.954973
6 0.0983411 0.532888 0.0397696 0.0422418 0.953011
1 0.109888 0.100913 0.0402019 0.0621615 0.951176
4 0.141585 0.799336 0.0255139 0.0483674 0.946256
14 0.203321 0.524704 0.0198237 0.0644351 0.944479
18 0.204569 0.704846 0.0404625 0.0568836 0.939607
18 0.0458534 0.702779 0.0376696 0.0570302 0.938118
6 0.105384 0.802519 0.0418876 0.0432261 0.933717
2 0.153396 0.447363 0.029727 0.0405099 0.930728
4 0.252104 0.170812 0.028095 0.0507905 0.927647
2 0.0847884 0.712059 0.0318617 0.0437332 0.92704
2 0.113165 0.180292 0.0334422 0.0428876 0.921534
8 0.208511 0.895396 0.0433684 0.0455077 0.911388
8 0.161679 0.712149 0.0392966 0.0452964 0.906718
0 0.232117 0.268608 0.0657797 0.049376 0.905285
6 0.153893 0.0888882 0.042742 0.0426024 0.904662
5 0.0126377 0.71094 0.0252399 0.046514 0.904488
2 0.0934486 0.887762 0.0334416 0.0410903 0.904046
2 0.247686 0.893921 0.0350791 0.0469315 0.895584
5 0.0953524 0.270229 0.0377778 0.0479146 0.895155
0 0.222039 0.622143 0.0620163 0.0415725 0.89363
9 0.0302151 0.440611 0.0403102 0.0457295 0.882183
13 0.182716 0.522706 0.0208528 0.0720116 0.879987
0 0.149582 0.358228 0.0545083 0.0385354 0.879897
9 0.19775 0.359814 0.0391858 0.0455006 0.878469
0 0.162036 0.980437 0.0762841 0.0387776 0.874602
6 0.121799 0.711336 0.0386552 0.0446281 0.863337
2 0.249244 0.538569 0.0330351 0.0455182 0.850451
2 0.0503865 0.0888891 0.029159 0.0401404 0.845197
14 0.222571 0.524026 0.0199559 0.0680828 0.839987
13 0.239788 0.349723 0.0227467 0.0696304 0.839334
13 0.186352 0.0732644 0.0213005 0.0773524 0.831574
6 0.0875432 0.35614 0.0638968 0.0412785 0.826647
6 0.136596 0.270044 0.0424554 0.0430758 0.817906
2 0.124751 0.0129055 0.0326019 0.025779 0.800615
4 0.243947 0.801529 0.0372941 0.0451043 0.797544
14 0.0289273 0.344679 0.021619 0.0609859 0.778735
4 0.17844 0.795996 0.0300365 0.0538518 0.760937
2 0.00797329 0.35324 0.0158174 0.0416478 0.755245
12 0.0120663 0.799789 0.0240375 0.0638996 0.749513
5 0.228335 0.445735 0.0696004 0.0460364 0.746231
13 0.00569245 0.164613 0.0110771 0.0666826 0.740655
7 0.232643 0.976588 0.0636511 0.0455287 0.729112
5 0.0165618 0.529551 0.0329734 0.05231 0.729023
7 0.0204159 0.975863 0.0408318 0.048069 0.725772
2 0.0337176 0.885666 0.0267884 0.0466504 0.661996
22 0.0897696 0.979737 0.0386552 0.0395198 0.590786
13 0.244543 0.610843 0.0228793 0.0634255 0.583292
13 0.0540656 0.0112034 0.0210892 0.0223916 0.570296
13 0.0274747 0.254704 0.0494635 0.0682039 0.535546
