12 0.630806 0.563739 0.106491 0.141236 0.979074
9 0.793681 0.380282 0.0848701 0.100564 0.976897
8 0.422639 0.58585 0.0842084 0.0984225 0.963163
22 0.474958 0.965501 0.084393 0.0689989 0.959699
6 0.69494 0.021533 0.0870321 0.0429854 0.956651
23 0.577345 0.388965 0.0717986 0.0891435 0.955732
0 0.542579 0.213598 0.133644 0.133368 0.947954
5 0.904346 0.384435 0.08845 0.0984295 0.945936
23 0.419899 0.391853 0.0705595 0.091866 0.943792
5 0.729597 0.58514 0.0816143 0.100085 0.940799
0 0.891877 0.0247814 0.134914 0.0495629 0.933796
22 0.744795 0.787539 0.0799928 0.095823 0.928433
23 0.841791 0.969898 0.0672317 0.0602047 0.925633
5 0.681496 0.18639 0.0888944 0.101667 0.923643
5 0.604543 0.0228625 0.0819844 0.045725 0.92178
6 0.520347 0.390126 0.0353339 0.0926019 0.90364
13 0.973862 0.363707 0.0457206 0.144713 0.896741
14 0.543359 0.946177 0.0366457 0.107647 0.896674
7 0.805813 0.210826 0.144449 0.137055 0.891316
6 0.478471 0.391414 0.044894 0.0931692 0.874818
14 0.777855 0.0209388 0.0504363 0.0418775 0.863155
5 0.859638 0.786058 0.0860863 0.0984962 0.860364
5 0.944822 0.585095 0.0821033 0.100988 0.825438
13 0.517035 0.0305082 0.0532272 0.0609826 0.8179
11 0.837827 0.562941 0.131618 0.133103 0.813479
13 0.921716 0.9452 0.045198 0.1096 0.773203
28 0.440127 0.0224604 0.0983454 0.0449208 0.679947
5 0.604075 0.942305 0.084116 0.11539 0.633833
8 0.683176 0.367536 0.123676 0.139065 0.607073
20 0.452045 0.784117 0.135805 0.189469 0.592223
0 0.73793 0.968445 0.140564 0.0631106 0.550152
8 0.943763 0.166266 0.112236 0.157937 0.509137
