1 0.423869 0.450149 0.082442 0.137775 0.987325
11 0.849624 0.410305 0.0912529 0.142333 0.986624
18 0.523004 0.406217 0.085637 0.136275 0.985708
11 0.552799 0.964115 0.0865583 0.0717707 0.984876
6 0.484177 0.82521 0.0781077 0.0966082 0.979264
19 0.795802 0.636023 0.0663686 0.0887477 0.978665
2 0.898867 0.835757 0.074031 0.100201 0.977752
22 0.474689 0.229413 0.0822956 0.0966237 0.975327
4 0.755001 0.430109 0.0666513 0.120838 0.969176
4 0.936563 0.432875 0.0666809 0.117196 0.968239
8 0.808276 0.830277 0.0916023 0.0927937 0.967526
4 0.580136 0.619208 0.0624561 0.121218 0.964626
4 0.87992 0.627368 0.0667599 0.11154 0.961062
0 0.592613 0.830258 0.125408 0.0987098 0.959521
6 0.954935 0.0396244 0.0901017 0.0791568 0.955336
23 0.841693 0.233984 0.0680463 0.0884721 0.95443
5 0.635322 0.431436 0.0816436 0.0970147 0.947566
7 0.737395 0.257072 0.140911 0.139573 0.946367
2 0.416473 0.627411 0.0658544 0.094106 0.94422
22 0.745012 0.0427336 0.0806091 0.0854671 0.943524
2 0.410807 0.824654 0.0666443 0.0978998 0.943041
22 0.642716 0.974065 0.0767221 0.0518706 0.928494
14 0.542895 0.211818 0.0355906 0.137848 0.922334
13 0.697742 0.40886 0.04107 0.140155 0.919074
5 0.859574 0.0425857 0.0858777 0.0851714 0.905409
27 0.675735 0.0440081 0.049921 0.0880162 0.89256
13 0.529922 0.604017 0.0381103 0.13511 0.884941
21 0.976106 0.226854 0.0477096 0.200395 0.874133
8 0.718827 0.812838 0.0882398 0.14629 0.854425
13 0.921658 0.217498 0.044893 0.153079 0.816039
23 0.481484 0.625914 0.0597408 0.0909989 0.735089
5 0.605157 0.207538 0.0852208 0.143525 0.703455
8 0.707739 0.617289 0.0864792 0.140221 0.629731
20 0.454085 0.065899 0.13101 0.131798 0.612167
22 0.565882 0.0393678 0.072319 0.0775203 0.522107
