18 0.117995 0.713671 0.0853722 0.125728 0.978559
21 0.0163807 0.358752 0.0327018 0.121073 0.970631
2 0.0270807 0.731531 0.0540893 0.0876256 0.961461
8 0.0788844 0.342829 0.0919113 0.0953386 0.943742
13 0.191047 0.716594 0.0426166 0.146589 0.931195
29 0.978674 0.901371 0.0416882 0.17524 0.922248
13 0.192293 0.519846 0.0464092 0.142479 0.902788
29 0.980491 0.474505 0.037007 0.165963 0.853765
22 0.17231 0.351768 0.0839335 0.091917 0.822133
5 0.107032 0.54104 0.0829647 0.0963104 0.685493
29 0.980659 0.687637 0.0385902 0.189816 0.668214
8 0.150281 0.908727 0.0803916 0.143968 0.563522
21 0.031306 0.566827 0.062612 0.184175 0.550709
