4 0.534752 0.156574 0.0712732 0.121707 0.986032
19 0.625386 0.169429 0.067526 0.0931574 0.977765
28 0.980363 0.557335 0.0392295 0.173719 0.977242
4 0.378365 0.551512 0.0695485 0.116223 0.973467
8 0.298632 0.367495 0.0998578 0.0970451 0.972336
1 0.179554 0.955183 0.0913262 0.0896112 0.970793
16 0.102571 0.176008 0.102668 0.091284 0.969191
8 0.450618 0.171688 0.0965099 0.0926234 0.966976
0 0.846462 0.365652 0.135682 0.0958416 0.965022
2 0.633632 0.759907 0.0713738 0.0924007 0.964888
5 0.708692 0.170444 0.0944223 0.091657 0.96312
8 0.599639 0.953374 0.0978789 0.0917773 0.962901
5 0.353942 0.170253 0.0945248 0.0953385 0.962566
5 0.0606953 0.953037 0.0880648 0.0927016 0.962488
16 0.0950502 0.563368 0.105421 0.0922997 0.961685
6 0.251289 0.175864 0.095438 0.0893568 0.960587
2 0.857858 0.558378 0.0753978 0.0933863 0.95992
23 0.327431 0.761378 0.0684304 0.0928447 0.958632
19 0.951594 0.365417 0.064055 0.0911132 0.958466
23 0.555528 0.560915 0.0712126 0.09095 0.95238
2 0.480151 0.560184 0.0732114 0.0952532 0.95031
23 0.792212 0.173714 0.0711598 0.087753 0.948166
23 0.784729 0.56097 0.0681403 0.0903763 0.947223
2 0.862578 0.170699 0.0717325 0.0939415 0.944121
11 0.459902 0.929878 0.144027 0.139751 0.936907
13 0.181104 0.152898 0.0455528 0.144125 0.923651
5 0.82558 0.954112 0.0938489 0.0916866 0.920117
8 0.294422 0.0145131 0.0930166 0.0289316 0.913855
13 0.179759 0.543801 0.0445867 0.147858 0.909581
4 0.72303 0.748481 0.0914367 0.115718 0.904088
13 0.321521 0.540785 0.0501914 0.139535 0.883568
4 0.00738994 0.946227 0.0147111 0.103103 0.873039
6 0.728951 0.36309 0.0950971 0.0865703 0.867492
14 0.00843053 0.735661 0.0165826 0.147475 0.840663
6 0.397993 0.0138001 0.102132 0.0275043 0.829025
2 0.0107615 0.344015 0.0213771 0.128874 0.805367
46 0.212992 0.761479 0.155162 0.0958917 0.795147
6 0.307314 0.955187 0.148125 0.0896267 0.783801
13 0.352162 0.927986 0.0545405 0.142591 0.781575
2 0.203078 0.0127775 0.0748094 0.025502 0.77655
6 0.112303 0.0148689 0.090117 0.0297379 0.775843
5 0.994953 0.369276 0.0100943 0.0827351 0.745537
28 0.946988 0.0216876 0.103343 0.0433752 0.731887
6 0.273132 0.562902 0.141069 0.0934492 0.72797
18 0.426492 0.355392 0.155915 0.132043 0.721007
12 0.525297 0.746484 0.0890131 0.168021 0.682293
23 0.0564233 0.368254 0.068385 0.0871775 0.636612
23 0.950408 0.17281 0.0991844 0.0921327 0.607916
6 0.0681958 0.760666 0.0975239 0.0966516 0.599864
2 0.610004 0.00863227 0.0920758 0.0172645 0.550706
11 0.0155158 0.142657 0.0309985 0.148164 0.54398
5 0.825544 0.761489 0.0932617 0.0918652 0.541976
