1 0.486666 0.317328 0.089781 0.133036 0.984284
18 0.595296 0.864782 0.0951941 0.129223 0.98102
7 0.851649 0.500291 0.0923223 0.121923 0.979465
9 0.125767 0.683819 0.0888047 0.102407 0.979387
19 0.746495 0.485477 0.0688953 0.0903067 0.979185
8 0.371576 0.888015 0.0976368 0.0946491 0.970978
2 0.724696 0.683973 0.0761471 0.0901663 0.969071
2 0.819315 0.679287 0.0705994 0.0926621 0.966419
2 0.978393 0.292929 0.043214 0.0899848 0.96148
4 0.699842 0.0744726 0.071408 0.133459 0.959084
6 0.583831 0.297184 0.0962498 0.0902401 0.957178
14 0.418041 0.470603 0.0503075 0.144915 0.956858
5 0.827743 0.0936955 0.0976465 0.0948959 0.95284
11 0.922979 0.0714551 0.0949193 0.137032 0.949912
7 0.160596 0.905372 0.104164 0.134765 0.944868
0 0.724029 0.876082 0.139254 0.0993261 0.944654
19 0.972384 0.875093 0.0552319 0.0914735 0.943112
0 0.267953 0.695788 0.140694 0.0988779 0.941636
4 0.241957 0.294082 0.066192 0.121618 0.938055
18 0.808946 0.27592 0.154237 0.126512 0.936142
7 0.071976 0.521759 0.0983698 0.136569 0.935078
1 0.408994 0.716345 0.0912719 0.138178 0.933505
5 0.261791 0.885606 0.0879666 0.0955639 0.929722
7 0.13228 0.323355 0.150961 0.142785 0.923465
6 0.951283 0.485963 0.0940343 0.0914887 0.911264
5 0.519427 0.097659 0.0843984 0.0947299 0.90983
23 0.197295 0.103843 0.0737059 0.0912057 0.909158
23 0.123526 0.102176 0.0729986 0.0952273 0.900469
23 0.312435 0.299121 0.0687709 0.0880107 0.895131
22 0.539889 0.489911 0.0867876 0.0901929 0.894202
8 0.660288 0.464424 0.0951668 0.140576 0.89384
13 0.467035 0.46366 0.0434082 0.141113 0.893597
11 0.533275 0.668855 0.150618 0.148177 0.885403
2 0.0459928 0.106793 0.080299 0.0952774 0.859641
2 0.891089 0.677325 0.0703726 0.0883778 0.795427
5 0.345215 0.494474 0.090749 0.09663 0.747559
14 0.938961 0.268605 0.0673456 0.141606 0.718578
13 0.360126 0.0779285 0.0651453 0.15477 0.715558
5 0.97386 0.677478 0.0522389 0.0934389 0.678896
22 0.280853 0.102318 0.0874168 0.0933029 0.643066
22 0.844255 0.879526 0.084923 0.095736 0.611468
