18 0.598957 0.149166 0.0927359 0.128057 0.986533
19 0.366179 0.366032 0.0617942 0.0970411 0.984671
1 0.136376 0.38182 0.0915367 0.136592 0.983295
1 0.44364 0.388274 0.0849405 0.140934 0.98106
11 0.893162 0.75774 0.087533 0.140077 0.978065
0 0.263538 0.956753 0.143696 0.0862668 0.978059
7 0.119174 0.177544 0.104616 0.14088 0.972159
18 0.683555 0.756945 0.0948261 0.126915 0.971656
16 0.736922 0.377113 0.100637 0.0927861 0.969285
7 0.313115 0.792564 0.138766 0.14198 0.966576
9 0.971642 0.178281 0.0567151 0.100324 0.965081
0 0.475929 0.571213 0.140527 0.0989907 0.961649
4 0.494302 0.153189 0.0700216 0.121554 0.960608
14 0.568866 0.748773 0.0460446 0.144 0.960112
2 0.969883 0.382744 0.0602343 0.0957807 0.959398
2 0.726703 0.0145506 0.0828745 0.0291012 0.959202
5 0.0222782 0.95395 0.0445387 0.0921006 0.955937
5 0.833157 0.377465 0.0860021 0.0953166 0.95456
14 0.138791 0.536732 0.0477766 0.140523 0.95428
2 0.439892 0.961925 0.0766509 0.0761507 0.950517
8 0.887204 0.176861 0.0991805 0.0973102 0.948462
22 0.639227 0.572171 0.0883133 0.0907865 0.94485
6 0.546985 0.371408 0.0969503 0.097878 0.944083
5 0.836245 0.57781 0.0826993 0.0954602 0.942585
2 0.364178 0.562005 0.0687593 0.0960212 0.937996
14 0.907983 0.358027 0.0471963 0.143338 0.93669
13 0.0879574 0.533244 0.0459256 0.149405 0.935619
5 0.0161095 0.757733 0.0321884 0.0945408 0.925503
13 0.500304 0.938229 0.0408702 0.123542 0.912866
7 0.737457 0.60041 0.100154 0.133204 0.910178
18 0.0280066 0.541093 0.0557895 0.131344 0.9044
13 0.680024 0.154676 0.0489202 0.158621 0.903128
1 0.879263 0.037645 0.10873 0.0752646 0.894307
6 0.994107 0.58158 0.0117866 0.0866511 0.887976
13 0.966445 0.784371 0.0509257 0.187184 0.878844
6 0.257967 0.362476 0.141646 0.105576 0.864211
2 0.269167 0.163642 0.0689836 0.0938731 0.825762
27 0.208775 0.759944 0.0616052 0.094537 0.741169
6 0.791968 0.774416 0.0975342 0.0923671 0.714959
7 0.0307179 0.37125 0.0613077 0.135258 0.689929
4 0.935166 0.571043 0.103071 0.108042 0.67598
6 0.469294 0.771677 0.151119 0.0957115 0.61758
23 0.0333702 0.160899 0.0667403 0.110553 0.580046
13 0.435501 0.146268 0.0463064 0.139591 0.578693
6 0.962277 0.971848 0.0504584 0.0563048 0.576373
14 0.386906 0.938322 0.0716411 0.123357 0.568715
