18 0.646985 0.240862 0.111247 0.143991 0.993653
12 0.163236 0.238585 0.165547 0.148477 0.992598
1 0.507172 0.890571 0.094047 0.141151 0.990533
12 0.215287 0.838673 0.111201 0.13691 0.990051
18 0.116419 0.440398 0.1132 0.147222 0.986277
19 0.293057 0.260683 0.0693797 0.0951724 0.98549
18 0.433082 0.654135 0.0944243 0.129021 0.98001
19 0.407539 0.263896 0.0670859 0.0963046 0.973202
2 0.70854 0.869071 0.0744781 0.0968595 0.96703
5 0.317184 0.859635 0.0854542 0.0940497 0.964224
19 0.403231 0.866395 0.0689414 0.0921111 0.960208
0 0.508993 0.470243 0.138574 0.104012 0.958418
11 0.365712 0.438871 0.145875 0.150132 0.954527
23 0.481671 0.263344 0.0704428 0.0902089 0.953652
0 0.704505 0.679742 0.140399 0.0981276 0.947765
8 0.849233 0.25902 0.0983795 0.115357 0.947676
5 0.82993 0.671303 0.0966371 0.0968587 0.946582
6 0.614505 0.873154 0.0963053 0.0941327 0.942931
5 0.026607 0.462438 0.0531772 0.0983021 0.94131
4 0.938089 0.260177 0.0767767 0.128256 0.938553
5 0.959793 0.674493 0.0803506 0.0958405 0.937917
14 0.808458 0.452277 0.0478184 0.144521 0.934808
13 0.512438 0.649755 0.0461714 0.142596 0.930809
6 0.629724 0.471522 0.0976107 0.101842 0.904944
18 0.06587 0.846394 0.13174 0.123507 0.895607
6 0.750589 0.268587 0.0947647 0.0945295 0.889313
22 0.734108 0.473703 0.089045 0.0980564 0.873051
2 0.554698 0.260293 0.0746075 0.100268 0.871935
6 0.582136 0.673682 0.0927575 0.0893892 0.862234
13 0.0335367 0.263002 0.0648561 0.202952 0.833983
5 0.317303 0.662853 0.0932239 0.0965908 0.830558
11 0.0248155 0.655065 0.0496311 0.190924 0.654288
6 0.160828 0.67035 0.0957561 0.0903249 0.645068
23 0.249495 0.658954 0.0759347 0.0869089 0.61522
2 0.875652 0.46956 0.0764261 0.0916281 0.596879
