1 0.129099 0.753567 0.107674 0.144935 0.972932
9 0.237564 0.926952 0.0889989 0.103785 0.971328
11 0.255898 0.30775 0.0943591 0.138261 0.970833
4 0.240598 0.520829 0.0773615 0.114341 0.964709
8 0.137255 0.927535 0.0995353 0.0988135 0.955534
8 0.149829 0.527805 0.094604 0.0973191 0.946322
5 0.306452 0.742929 0.0959196 0.101663 0.945523
5 0.054763 0.525084 0.0885475 0.0975709 0.944677
2 0.315424 0.532639 0.076099 0.101271 0.943818
13 0.332471 0.317905 0.0513577 0.159609 0.923683
2 0.31463 0.126255 0.0766226 0.0979177 0.896049
13 0.143823 0.0893957 0.039574 0.166633 0.68587
6 0.155289 0.324349 0.0999802 0.0989781 0.5802
2 0.31629 0.941268 0.0426166 0.0521257 0.540615
2 0.00802258 0.727247 0.0159426 0.0959337 0.537509
