18 0.789236 0.476324 0.110709 0.143675 0.993701
4 0.734478 0.289648 0.0722008 0.111313 0.980934
11 0.556303 0.274733 0.0910964 0.139362 0.979716
9 0.458877 0.103755 0.0870436 0.0997756 0.976708
16 0.314979 0.500533 0.101451 0.0972629 0.969364
0 0.884673 0.692192 0.189818 0.0933189 0.964941
2 0.72772 0.102402 0.0754232 0.0963183 0.964815
5 0.844331 0.298377 0.0835674 0.0915788 0.963025
1 0.826095 0.904806 0.0910581 0.127467 0.961625
0 0.681316 0.889853 0.141822 0.092489 0.959184
2 0.891997 0.496443 0.0700243 0.0953648 0.947592
16 0.623955 0.49603 0.103078 0.106054 0.944107
5 0.461302 0.304569 0.0932725 0.0978622 0.935457
13 0.55891 0.0773386 0.0482785 0.154677 0.927665
14 0.657652 0.0834212 0.0467494 0.145417 0.926523
7 0.945711 0.324701 0.108577 0.133562 0.91748
14 0.609379 0.0807145 0.0458233 0.135672 0.899573
7 0.561445 0.708937 0.16301 0.139971 0.895187
7 0.834872 0.125947 0.104964 0.145219 0.892693
13 0.702508 0.484617 0.0445139 0.170224 0.884296
6 0.340183 0.304113 0.14683 0.0970075 0.87995
5 0.652517 0.300392 0.0850134 0.0949482 0.876424
13 0.393287 0.464474 0.0430881 0.179491 0.862825
5 0.995082 0.693117 0.00983584 0.0815641 0.751318
5 0.938394 0.111252 0.0876949 0.11007 0.751266
11 0.93986 0.886984 0.12028 0.221521 0.728002
13 0.386411 0.271666 0.052921 0.160645 0.636495
4 0.320841 0.0982944 0.108226 0.11073 0.636207
