12 0.850197 0.794846 0.169463 0.149027 0.993312
12 0.739275 0.190693 0.165651 0.152392 0.991348
18 0.839435 0.591472 0.0959635 0.128031 0.978012
1 0.840806 0.0540005 0.0958996 0.108001 0.97792
5 0.583522 0.0305821 0.0877956 0.0611642 0.973185
6 0.734611 0.612752 0.0923724 0.0947442 0.962721
2 0.62209 0.811272 0.0751609 0.0976398 0.950851
5 0.535251 0.607589 0.102235 0.0956745 0.95052
8 0.523395 0.416067 0.101341 0.0988125 0.948647
2 0.733609 0.0316932 0.0752711 0.0633864 0.943527
13 0.662433 0.59369 0.0509982 0.163391 0.933367
6 0.950519 0.0347598 0.0989618 0.0695196 0.927838
2 0.750824 0.408075 0.122367 0.0931743 0.924546
0 0.961885 0.211208 0.0762297 0.10397 0.916085
14 0.612043 0.591894 0.0471498 0.142069 0.915235
5 0.855887 0.407774 0.085698 0.0939186 0.907686
19 0.867899 0.210779 0.0604556 0.093842 0.905606
4 0.935206 0.396961 0.0692205 0.128776 0.900434
2 0.510762 0.21106 0.0773053 0.0984145 0.887424
23 0.663984 0.031408 0.0630773 0.0627868 0.884608
4 0.833539 0.970656 0.0737122 0.0586438 0.867444
6 0.74317 0.984002 0.0929997 0.0319951 0.860474
4 0.503575 0.0351175 0.0781727 0.0698736 0.736528
14 0.665254 0.958307 0.0549598 0.0833008 0.668563
1 0.972046 0.833619 0.0559084 0.142194 0.600464
23 0.589889 0.232487 0.0812243 0.131044 0.518916
