1 0.522884 0.925476 0.0943044 0.144585 0.98589
12 0.55101 0.0818926 0.169559 0.160334 0.979448
9 0.938531 0.295501 0.0913308 0.100588 0.97484
7 0.967404 0.925645 0.0651914 0.14871 0.974678
2 0.875001 0.900794 0.0806909 0.103295 0.962657
14 0.803856 0.875625 0.0511377 0.142454 0.957653
2 0.969285 0.101338 0.0614295 0.0986961 0.95629
2 0.812914 0.299144 0.0738554 0.0962419 0.955835
2 0.786093 0.6989 0.0726807 0.0974057 0.955139
4 0.910995 0.496913 0.0701745 0.112576 0.954742
8 0.883211 0.100126 0.101806 0.103627 0.952098
5 0.927131 0.699582 0.0911456 0.0990305 0.942403
7 0.523224 0.328676 0.104759 0.146712 0.937826
0 0.714905 0.102098 0.152092 0.106198 0.936275
5 0.730502 0.898685 0.0938258 0.10197 0.933797
7 0.523703 0.729445 0.0985333 0.131062 0.929575
13 0.802762 0.0780905 0.0594611 0.148822 0.91263
13 0.853857 0.475713 0.0425708 0.142137 0.824381
13 0.617496 0.275389 0.0675545 0.172819 0.779122
23 0.669926 0.501221 0.0857685 0.0990908 0.731578
2 0.854894 0.705058 0.0347077 0.0500863 0.696481
6 0.551412 0.508479 0.151107 0.0983593 0.597069
27 0.710878 0.677878 0.0578692 0.143328 0.552143
8 0.982838 0.497951 0.0335566 0.103485 0.537797
