28 0.577899 0.551612 0.110447 0.159551 0.994345
12 0.343658 0.352225 0.116371 0.139507 0.99051
1 0.0905013 0.788233 0.0961622 0.141641 0.983808
9 0.747238 0.761055 0.0943885 0.102072 0.98147
14 0.434765 0.933417 0.0496623 0.133166 0.975966
7 0.122242 0.19603 0.111178 0.14162 0.97521
14 0.575388 0.74392 0.0485239 0.151805 0.973335
8 0.639283 0.0138446 0.0933861 0.0275948 0.971718
9 0.377143 0.562646 0.0917606 0.108307 0.971612
0 0.241752 0.955755 0.138335 0.08846 0.971245
9 0.673949 0.17367 0.0901735 0.105803 0.970611
0 0.381483 0.769377 0.141761 0.101859 0.970287
4 0.208065 0.364685 0.0764582 0.117318 0.969298
6 0.842975 0.956553 0.0982645 0.0868938 0.968542
4 0.824054 0.364658 0.0697901 0.114098 0.967725
23 0.752248 0.375105 0.0722468 0.0915782 0.964853
19 0.118871 0.956975 0.0616661 0.086051 0.963907
14 0.84079 0.548379 0.0465417 0.14642 0.963658
14 0.72321 0.933181 0.0510219 0.133638 0.961694
5 0.359743 0.95581 0.0928804 0.0883801 0.959364
5 0.503722 0.764624 0.0940731 0.0947039 0.958996
5 0.65169 0.958253 0.0938749 0.0834938 0.957997
2 0.862566 0.764656 0.0746665 0.101568 0.954902
5 0.904288 0.37456 0.0870185 0.0965323 0.953871
13 0.771617 0.922331 0.0474514 0.155263 0.946574
2 0.518694 0.373153 0.0755611 0.098799 0.946022
5 0.85034 0.176783 0.0878055 0.0999077 0.938105
23 0.548893 0.175206 0.0662384 0.0916927 0.933048
0 0.890665 0.0152967 0.147607 0.0303913 0.932076
22 0.282867 0.173488 0.0874236 0.0913819 0.931727
18 0.945368 0.93912 0.0953355 0.121465 0.931211
23 0.178584 0.566834 0.0644716 0.0907823 0.919953
5 0.0266092 0.181003 0.0531864 0.0968853 0.911361
13 0.605751 0.148532 0.0398669 0.14192 0.9111
5 0.0336616 0.373837 0.0672671 0.099021 0.90435
6 0.65055 0.763412 0.0960793 0.0954304 0.894186
6 0.955672 0.569878 0.0886561 0.0941873 0.881885
13 0.889636 0.546714 0.0459056 0.156079 0.875282
5 0.767595 0.569341 0.0964013 0.101083 0.848938
2 0.00921348 0.777544 0.018427 0.113258 0.816438
2 0.655623 0.372931 0.125794 0.0945808 0.814294
7 0.99132 0.394916 0.0173593 0.144844 0.807395
6 0.120785 0.373871 0.0956527 0.0911075 0.796872
6 0.219746 0.769827 0.154455 0.101352 0.77013
13 0.211725 0.131206 0.053422 0.193054 0.688827
2 0.0807027 0.564727 0.125705 0.099256 0.668706
27 0.663358 0.581743 0.0577115 0.153629 0.662156
46 0.432167 0.174801 0.162246 0.0945338 0.661178
4 0.270006 0.560748 0.103654 0.111067 0.640741
23 0.468962 0.0138893 0.0574151 0.0277287 0.627759
22 0.508817 0.957299 0.0896631 0.0854014 0.590358
8 0.0845268 0.0118454 0.100411 0.0236265 0.55899
11 0.0375701 0.907565 0.0750526 0.184869 0.555753
23 0.444074 0.35053 0.0741911 0.136407 0.545189
6 0.53965 0.0125748 0.0875316 0.0250933 0.535453
2 0.325277 0.0139674 0.0766358 0.0278589 0.522635
