18 0.325212 0.172084 0.0940653 0.137291 0.978407
7 0.538708 0.0428214 0.110104 0.0856427 0.968351
1 0.218874 0.21862 0.0895266 0.139802 0.96402
7 0.616136 0.214279 0.149284 0.138494 0.957319
2 0.111389 0.198584 0.0735412 0.0993253 0.956084
0 0.344075 0.0239172 0.155417 0.0478344 0.951515
5 0.444552 0.1947 0.0890868 0.0977525 0.94718
6 0.110148 0.0215767 0.0945638 0.0431534 0.943065
23 0.868221 0.0172512 0.0683553 0.0344415 0.934227
2 0.940406 0.0196971 0.0721093 0.0393941 0.929964
2 0.910154 0.190206 0.0744017 0.0975578 0.922625
5 0.0282302 0.0227705 0.0561796 0.045541 0.903424
23 0.727223 0.194745 0.0708671 0.0984246 0.881172
13 0.461478 0.0317536 0.041252 0.0635072 0.827955
14 0.19343 0.0213664 0.0590419 0.0427329 0.624656
0 0.688477 0.0196487 0.178101 0.0392974 0.609857
0 0.0532648 0.177898 0.10653 0.143405 0.600562
13 0.807533 0.150869 0.0883456 0.180754 0.539808
