1 0.574648 0.167948 0.0899353 0.134933 0.985021
8 0.314923 0.922913 0.0968851 0.0916312 0.981377
4 0.702561 0.525748 0.0817015 0.114107 0.974806
8 0.817207 0.927045 0.0953188 0.102627 0.974098
8 0.947774 0.730358 0.0972769 0.0954592 0.970628
18 0.678339 0.121534 0.0932839 0.130923 0.969202
2 0.920159 0.334585 0.0744703 0.103924 0.969189
8 0.800036 0.140252 0.0957966 0.0897282 0.967792
4 0.46704 0.139815 0.0664369 0.0989548 0.96692
5 0.826617 0.530254 0.0898738 0.0921952 0.966148
8 0.319601 0.52963 0.0977968 0.0990031 0.966045
5 0.541276 0.923036 0.0923716 0.0930953 0.964211
14 0.896778 0.513686 0.0462515 0.144443 0.961921
2 0.718927 0.342061 0.078594 0.0910068 0.961001
2 0.645329 0.72673 0.0722789 0.0955255 0.959364
8 0.826669 0.3386 0.0934012 0.0926081 0.957609
2 0.730701 0.920693 0.0730872 0.0967078 0.952885
2 0.891575 0.141597 0.0707532 0.0910856 0.941073
0 0.3403 0.345016 0.145563 0.100386 0.940214
2 0.985405 0.924043 0.0291903 0.0897918 0.925804
4 0.736223 0.714899 0.0968455 0.126584 0.913605
13 0.945965 0.507335 0.0461317 0.139052 0.908636
4 0.916753 0.915193 0.0973358 0.106622 0.873195
46 0.35802 0.727492 0.165348 0.0948436 0.816115
7 0.574453 0.545819 0.165275 0.15246 0.781299
5 0.834453 0.726336 0.0901698 0.100055 0.73679
14 0.661753 0.318845 0.0642333 0.141489 0.727237
8 0.978242 0.315442 0.0431534 0.143292 0.722525
4 0.963511 0.0947123 0.0729772 0.189425 0.706123
