27 0.710286 0.922931 0.0485766 0.15283 0.990305
29 0.445845 0.889257 0.132264 0.162701 0.983725
4 0.360902 0.68972 0.0776935 0.120486 0.980949
9 0.48228 0.508324 0.0901023 0.103122 0.980177
0 0.751075 0.704658 0.141196 0.0924293 0.977278
7 0.0556319 0.919653 0.10532 0.143013 0.972225
2 0.892357 0.513995 0.0697074 0.0943526 0.970407
0 0.607889 0.708185 0.1458 0.0927575 0.969338
23 0.297052 0.504808 0.0735884 0.089609 0.966071
1 0.413117 0.334199 0.0983917 0.142615 0.964773
4 0.245238 0.883989 0.0675789 0.107649 0.961613
14 0.234677 0.293965 0.0514531 0.149266 0.957211
2 0.562098 0.892278 0.0723194 0.098266 0.953926
4 0.826281 0.522046 0.0653325 0.142379 0.949969
2 0.0332203 0.700719 0.0661356 0.0917481 0.949108
22 0.379129 0.514347 0.0840739 0.0941098 0.947459
2 0.750794 0.509269 0.0735569 0.0951767 0.944106
1 0.640022 0.919742 0.0861459 0.13818 0.943139
8 0.976359 0.704955 0.0471084 0.0915656 0.94273
6 0.214595 0.50902 0.0881743 0.0932348 0.939905
0 0.635901 0.510997 0.141165 0.101618 0.938473
13 0.511511 0.68172 0.0444421 0.132782 0.936691
2 0.816555 0.892887 0.0755364 0.0914781 0.930181
18 0.720132 0.30602 0.133888 0.129827 0.91971
13 0.974552 0.894159 0.0466053 0.164418 0.918539
23 0.963677 0.516683 0.071785 0.0899577 0.901593
13 0.0237606 0.485278 0.0475043 0.14791 0.855247
11 0.863835 0.298686 0.144342 0.145537 0.839797
22 0.311008 0.30975 0.0894634 0.0908831 0.796202
5 0.968426 0.332109 0.0631478 0.115124 0.785
6 0.544307 0.320484 0.151603 0.10121 0.77327
8 0.90188 0.919385 0.0994587 0.138021 0.761141
4 0.0192953 0.273666 0.0385499 0.173602 0.747824
13 0.271127 0.677205 0.0905452 0.14274 0.675446
18 0.17024 0.701144 0.104538 0.0955689 0.595719
23 0.0725234 0.317984 0.0713801 0.0868701 0.593855
22 0.871516 0.709554 0.0889918 0.0904372 0.584456
