9 0.469984 0.0304974 0.0913184 0.0609948 0.97407
18 0.265042 0.793102 0.0922099 0.134212 0.971988
8 0.15209 0.606411 0.101376 0.0989504 0.968104
8 0.149312 0.206658 0.102927 0.101717 0.967621
9 0.709141 0.409457 0.0847903 0.102462 0.967608
4 0.932885 0.40612 0.0592287 0.11353 0.966121
14 0.899729 0.587769 0.0418506 0.136361 0.962299
6 0.925999 0.0326487 0.0857702 0.0652347 0.959493
5 0.477306 0.204433 0.0884914 0.0954008 0.95698
2 0.90928 0.810994 0.0722764 0.0936589 0.956111
1 0.0391344 0.626034 0.0782689 0.138073 0.954807
14 0.409289 0.955825 0.0520285 0.0882261 0.948415
23 0.795585 0.97982 0.0647895 0.0403597 0.944034
0 0.570605 0.807659 0.146748 0.105116 0.93711
2 0.187147 0.409102 0.0741991 0.0974526 0.935539
5 0.836616 0.607084 0.0822823 0.0953619 0.931454
0 0.844258 0.215893 0.133242 0.0984138 0.929764
2 0.0575945 0.0343743 0.0752201 0.0687485 0.927505
13 0.945094 0.584859 0.0436387 0.147619 0.92695
8 0.517875 0.401695 0.0955715 0.100654 0.9243
11 0.391955 0.382868 0.148764 0.149587 0.918636
2 0.0836823 0.40516 0.0768379 0.0947066 0.915636
13 0.45418 0.950976 0.0397254 0.0980471 0.915453
13 0.184851 0.954694 0.0501591 0.0906112 0.91275
14 0.811537 0.0355656 0.0437589 0.0710607 0.901792
19 0.945861 0.213129 0.0567756 0.0959425 0.901371
5 0.60371 0.603036 0.081708 0.0986896 0.892046
7 0.377432 0.226696 0.106229 0.144841 0.885576
1 0.973811 0.805629 0.0523778 0.200334 0.87804
32 0.855432 0.443672 0.0803525 0.175082 0.86908
1 0.0264828 0.831183 0.0528073 0.140996 0.858865
11 0.418194 0.781884 0.148924 0.14006 0.85575
13 0.44226 0.582832 0.053847 0.155382 0.855511
23 0.204904 0.027773 0.0713568 0.0554898 0.85361
13 0.396945 0.0303791 0.0431836 0.0607583 0.850019
13 0.183971 0.777921 0.0565384 0.165725 0.833815
2 0.267082 0.408108 0.0727003 0.092654 0.785362
0 0.276452 0.981996 0.13518 0.036008 0.785131
5 0.736441 0.0321641 0.096884 0.0643282 0.78286
4 0.572589 0.198412 0.0958393 0.104167 0.745236
8 0.691189 0.185235 0.0852966 0.140119 0.716376
12 0.076737 0.952702 0.153431 0.0945958 0.710025
23 0.131365 0.0304089 0.070887 0.0608179 0.705639
13 0.594491 0.0259784 0.0361147 0.0519281 0.678422
0 0.687121 0.983128 0.133836 0.0337442 0.662741
13 0.857941 0.0320379 0.0408356 0.0634458 0.629707
6 0.615671 0.409346 0.0942452 0.0931754 0.622179
13 0.982741 0.589711 0.034517 0.13545 0.61401
21 0.728751 0.608194 0.0860189 0.0935229 0.608757
7 0.516965 0.60124 0.0863564 0.179987 0.579867
4 0.65408 0.0307282 0.0667146 0.0614564 0.545978
12 0.549172 0.956897 0.13681 0.0862064 0.539017
