21 0.166679 0.810881 0.101426 0.135959 0.99385
1 0.929906 0.228639 0.0889182 0.136687 0.986314
0 0.480528 0.205212 0.142444 0.0928885 0.98074
18 0.730278 0.38109 0.0950874 0.126983 0.980029
11 0.680275 0.570828 0.095317 0.144624 0.976826
4 0.0395887 0.191922 0.0752591 0.11691 0.971842
9 0.876235 0.587735 0.0918893 0.0985818 0.971757
4 0.431465 0.588011 0.068835 0.106853 0.970959
5 0.0651186 0.396717 0.0891187 0.0851861 0.969253
4 0.353701 0.198668 0.0692625 0.106328 0.967969
8 0.80619 0.966678 0.0992348 0.0666444 0.967349
2 0.82991 0.395869 0.0698464 0.0879216 0.966701
5 0.810684 0.203206 0.0888352 0.0928648 0.965653
4 0.772837 0.779126 0.0716732 0.120477 0.964941
4 0.733059 0.190439 0.0660422 0.117129 0.964306
2 0.0813671 0.788606 0.0707249 0.0968261 0.963599
8 0.265217 0.789284 0.0978401 0.104939 0.960367
6 0.818134 0.0293201 0.096711 0.0586134 0.95585
16 0.677998 0.786593 0.102453 0.0973754 0.955064
2 0.135595 0.0279276 0.074799 0.0558552 0.951291
23 0.0231264 0.787337 0.0462527 0.09675 0.950195
2 0.600429 0.969453 0.0793499 0.0610944 0.949666
5 0.24797 0.596505 0.0958299 0.10351 0.947473
4 0.894057 0.961358 0.0705707 0.0772849 0.947303
2 0.279548 0.0278608 0.0710955 0.0557216 0.944307
14 0.676386 0.182028 0.0435293 0.139553 0.943691
22 0.492766 0.0290138 0.0856459 0.0579085 0.942998
6 0.0471571 0.0293333 0.0904167 0.0585709 0.941143
22 0.672909 0.0286867 0.0908469 0.0573735 0.941024
14 0.742952 0.0278886 0.0455743 0.0557147 0.937293
18 0.50228 0.775563 0.128139 0.123608 0.934695
6 0.505715 0.970273 0.0933888 0.0594532 0.92875
0 0.935094 0.4061 0.129811 0.107774 0.926524
6 0.991237 0.202706 0.017527 0.0927482 0.916691
2 0.595329 0.591317 0.0676116 0.0920093 0.91231
5 0.120364 0.203376 0.084438 0.0932722 0.910572
7 0.20992 0.413608 0.163492 0.127638 0.907467
13 0.590942 0.765727 0.0413575 0.151015 0.895196
6 0.601095 0.205098 0.0908186 0.0888989 0.891925
46 0.938795 0.0305603 0.12241 0.0611205 0.877781
8 0.386266 0.0282933 0.11197 0.0565838 0.873994
23 0.847658 0.790649 0.0726051 0.0935521 0.834354
13 0.588973 0.0309176 0.0510268 0.0618352 0.83094
6 0.779645 0.59378 0.0915935 0.0942785 0.828945
21 0.55805 0.395352 0.132764 0.179606 0.812997
27 0.531032 0.584662 0.0577425 0.0973921 0.656475
4 0.210978 0.0271021 0.0598255 0.0541461 0.601624
0 0.986755 0.588401 0.0264901 0.0964612 0.572534
6 0.369707 0.786592 0.0939015 0.0877109 0.52372
