18 0.836159 0.743014 0.0413094 0.0586793 0.983957
21 0.733726 0.0518988 0.0744941 0.0600839 0.980115
9 0.56681 0.56915 0.0381961 0.0437812 0.976086
18 0.620819 0.0328816 0.0448687 0.0647444 0.975735
5 0.110229 0.566153 0.0402135 0.0429776 0.975709
18 0.101008 0.913606 0.0406843 0.0573034 0.975282
21 0.786939 0.146354 0.0605288 0.0587687 0.975129
22 0.113933 0.480002 0.037484 0.0377252 0.973674
11 0.429043 0.643848 0.0367233 0.0626278 0.973639
21 0.60542 0.984505 0.038111 0.0309899 0.972179
5 0.327417 0.746051 0.0404068 0.0405495 0.971937
10 0.392168 0.468162 0.037426 0.0632364 0.970735
35 0.68315 0.74295 0.0593374 0.0786538 0.970266
12 0.337874 0.478826 0.0511259 0.0775585 0.969676
21 0.675566 0.936956 0.0384847 0.0627146 0.969478
11 0.800739 0.562816 0.0405725 0.0596478 0.967109
8 0.694922 0.658945 0.0403526 0.050105 0.966629
18 0.938113 0.398271 0.0429299 0.0571603 0.965033
18 0.174903 0.121033 0.0397812 0.0638434 0.964564
5 0.583086 0.745492 0.0376941 0.0429236 0.962948
5 0.0119935 0.834123 0.0239741 0.0433819 0.962662
4 0.705678 0.830963 0.028867 0.0488255 0.962598
7 0.743943 0.234541 0.0588769 0.062787 0.962373
22 0.188485 0.482478 0.0353742 0.037352 0.96137
8 0.29248 0.833842 0.0430127 0.0437235 0.959494
22 0.302931 0.923006 0.0364635 0.0442038 0.958209
18 0.73629 0.47783 0.0612122 0.0538448 0.958176
5 0.332175 0.223183 0.0374475 0.0424927 0.957647
11 0.916048 0.654286 0.0397043 0.0624382 0.956957
0 0.72966 0.926726 0.0630658 0.0459986 0.956453
1 0.859899 0.850894 0.0402405 0.0621262 0.95611
1 0.0933211 0.840884 0.0417609 0.061662 0.956068
11 0.166698 0.734553 0.0368764 0.0629019 0.955015
21 0.664673 0.410594 0.0428079 0.054107 0.953856
0 0.278463 0.310235 0.0616376 0.0411724 0.953748
0 0.501006 0.834238 0.0641673 0.0465338 0.953462
0 0.0876257 0.129763 0.0601924 0.0450391 0.953206
0 0.533548 0.314764 0.060914 0.0464584 0.952413
7 0.289133 0.491442 0.0399926 0.0545698 0.950503
5 0.442691 0.40169 0.0373903 0.0407985 0.949634
6 0.138227 0.83299 0.0414464 0.0431018 0.948146
5 0.193432 0.220652 0.0379658 0.0434302 0.947118
0 0.482543 0.995781 0.056569 0.00843835 0.946879
1 0.829421 0.326922 0.0396981 0.0638162 0.944758
13 0.236355 0.5569 0.0190775 0.0700263 0.943622
7 0.433476 0.488604 0.0690928 0.0544842 0.942302
8 0.494089 0.485655 0.044649 0.0422526 0.942286
18 0.984248 0.316979 0.0315031 0.0529313 0.941313
5 0.250165 0.83312 0.0382422 0.0423353 0.93788
5 0.331525 0.312889 0.0400864 0.0446589 0.937616
18 0.682903 0.562302 0.0615294 0.0579655 0.936389
9 0.25047 0.742335 0.039273 0.0450456 0.936231
5 0.0729165 0.397365 0.0413617 0.0437419 0.936044
10 0.0652105 0.296456 0.0431718 0.0635523 0.934942
8 0.0839661 0.742121 0.0386725 0.0433829 0.934906
8 0.235437 0.224454 0.0425273 0.0498386 0.933893
4 0.169754 0.30419 0.0304971 0.0487005 0.93311
5 0.51162 0.399369 0.0384362 0.0431378 0.932934
6 0.447264 0.833701 0.0391009 0.0448463 0.932745
13 0.59769 0.387846 0.0209908 0.0683825 0.931583
22 0.217739 0.917799 0.0374716 0.0415596 0.931365
5 0.856095 0.48985 0.0353353 0.0423552 0.931244
5 0.948713 0.318948 0.0345256 0.0433466 0.930291
22 0.671772 0.480592 0.0395982 0.0389255 0.930198
2 0.421001 0.0415524 0.0291127 0.0407479 0.930057
0 0.822284 0.402614 0.0604293 0.0411776 0.928368
9 0.264024 0.566411 0.0381216 0.0466068 0.927327
8 0.629366 0.924452 0.0443583 0.0448101 0.925349
10 0.166846 0.213202 0.0352728 0.0683261 0.924317
2 0.00962334 0.308364 0.0189784 0.04255 0.924193
13 0.208755 0.114472 0.0223551 0.0817404 0.924168
5 0.0306019 0.0373506 0.04162 0.0493604 0.921855
22 0.563032 0.481169 0.0402489 0.0391624 0.921208
0 0.224339 0.65538 0.0602062 0.0428833 0.920976
0 0.384755 0.224628 0.0630934 0.0492774 0.91944
0 0.278464 0.0426649 0.0619742 0.0415185 0.917542
23 0.898614 0.140144 0.0371722 0.0432224 0.917425
10 0.223663 0.825671 0.0352663 0.0692036 0.917083
5 0.268884 0.130898 0.0395068 0.0472566 0.915418
11 0.962799 0.568873 0.0362515 0.0588597 0.91466
6 0.90405 0.83897 0.0427601 0.0425072 0.913926
4 0.236387 0.123621 0.0258299 0.0548365 0.91337
2 0.86317 0.930348 0.0333767 0.0427797 0.913123
5 0.314752 0.566547 0.0388955 0.0407339 0.910163
6 0.0187396 0.481826 0.0374791 0.0367734 0.909944
2 0.585377 0.313054 0.0350215 0.0431895 0.909597
8 0.345066 0.924974 0.0432999 0.0471087 0.908892
8 0.150794 0.569254 0.0387171 0.0473714 0.908651
5 0.275151 0.654215 0.0357345 0.042501 0.908415
2 0.765731 0.401798 0.0328935 0.0421422 0.905541
7 0.884128 0.0564312 0.0712409 0.06123 0.904855
9 0.471028 0.311763 0.0413634 0.0461754 0.903714
13 0.74454 0.124303 0.0208881 0.0645142 0.900752
14 0.0377134 0.822443 0.0212976 0.0651317 0.90062
22 0.48539 0.564652 0.0395133 0.0444646 0.900225
18 0.314306 0.390147 0.0613297 0.0544294 0.899998
13 0.538709 0.55849 0.0188444 0.065913 0.898551
6 0.172778 0.922661 0.031274 0.0451818 0.897688
8 0.0731118 0.0372591 0.0406495 0.0507617 0.897612
13 0.362919 0.294845 0.0230378 0.0818715 0.897077
10 0.0828895 0.557266 0.0336417 0.0621386 0.895265
1 0.461345 0.232813 0.0425892 0.0626488 0.894692
11 0.475824 0.914789 0.0401406 0.0637307 0.894109
0 0.852078 0.219635 0.0826414 0.0611936 0.894018
2 0.386098 0.92449 0.0328664 0.0503442 0.893914
13 0.510207 0.908519 0.0263411 0.0847237 0.893843
4 0.769714 0.309581 0.0315597 0.0624329 0.89345
13 0.804594 0.73479 0.0204045 0.0780385 0.89331
5 0.674325 0.0452574 0.0363759 0.0452063 0.89327
7 0.370692 0.574386 0.070659 0.0569264 0.891796
13 0.442088 0.29748 0.0178968 0.081012 0.891102
5 0.563407 0.223405 0.0365465 0.0492631 0.890599
18 0.622851 0.215997 0.0602932 0.0588229 0.889396
9 0.512289 0.654615 0.0398255 0.0430217 0.888835
1 0.571853 0.0548014 0.0431857 0.061602 0.886555
6 0.874466 0.31961 0.0393369 0.0410023 0.885619
9 0.988701 0.0465767 0.0225987 0.0471537 0.884837
0 0.71788 0.4004 0.0571554 0.043556 0.884177
13 0.742891 0.301415 0.0203322 0.0716881 0.88139
6 0.380833 0.0399587 0.0420653 0.0483536 0.881297
5 0.947189 0.141727 0.039433 0.0473479 0.880433
2 0.821127 0.0468606 0.0341446 0.0436741 0.878234
0 0.886192 0.578096 0.0770335 0.0434737 0.874784
2 0.73511 0.837182 0.0321945 0.0424292 0.87447
14 0.122953 0.212723 0.0219241 0.0667511 0.871281
18 0.986984 0.47514 0.0260327 0.0747217 0.867687
2 0.136555 0.128217 0.0328255 0.0446027 0.866
13 0.93641 0.822938 0.021593 0.078187 0.865261
2 0.800415 0.838897 0.0291771 0.040207 0.864358
10 0.228723 0.471331 0.0329765 0.0587775 0.861462
18 0.984349 0.131373 0.0313015 0.0747006 0.856125
11 0.127877 0.643239 0.0376357 0.0612965 0.851752
2 0.0483556 0.742186 0.0310351 0.0458777 0.851461
10 0.53373 0.472273 0.0330918 0.060254 0.84812
2 0.61437 0.133178 0.0319028 0.0473842 0.847645
13 0.158002 0.477141 0.0229011 0.0544926 0.844985
22 0.38569 0.834025 0.0367734 0.0443819 0.841576
2 0.140301 0.92374 0.0289788 0.0415934 0.840854
13 0.536177 0.201501 0.0203881 0.0847756 0.8378
13 0.264926 0.3854 0.0172436 0.0700248 0.830656
22 0.671819 0.22554 0.0377953 0.0444739 0.825162
10 0.686371 0.304035 0.0381398 0.0665882 0.824442
10 0.340261 0.982881 0.0378259 0.0342389 0.82049
6 0.47171 0.658463 0.0416878 0.0414757 0.819543
9 0.412283 0.742417 0.0395225 0.0466979 0.818155
14 0.836346 0.56392 0.0208147 0.0600224 0.816051
5 0.0504395 0.914962 0.0426749 0.0578644 0.81546
13 0.401214 0.640834 0.0190364 0.0690377 0.814066
13 0.606718 0.300541 0.0197676 0.0647804 0.811281
22 0.8339 0.663478 0.0380483 0.0437747 0.809306
2 0.251479 0.482125 0.0322014 0.0367622 0.809215
8 0.0154549 0.743471 0.0308145 0.0440919 0.80556
18 0.0132327 0.917682 0.0264654 0.0665939 0.797141
13 0.192414 0.385924 0.0191671 0.0692949 0.796345
13 0.962171 0.481312 0.0219434 0.0671347 0.793055
4 0.476262 0.394137 0.0295917 0.0473383 0.789719
13 0.87822 0.651467 0.0334027 0.0687232 0.788415
10 0.298938 0.737157 0.0364698 0.0672057 0.787839
0 0.0686303 0.654358 0.0772955 0.0445995 0.784448
0 0.0239465 0.400201 0.0477478 0.0434288 0.776841
18 0.0112577 0.644364 0.022515 0.064396 0.768291
18 0.943134 0.22881 0.056428 0.0421887 0.763745
13 0.0605946 0.82261 0.020307 0.0708952 0.757289
14 0.51969 0.559645 0.0192232 0.0642921 0.756011
2 0.889444 0.405 0.031085 0.0385977 0.751511
46 0.0772047 0.220783 0.0664673 0.0416908 0.739531
4 0.617656 0.741017 0.0297196 0.0508626 0.738151
18 0.991324 0.652609 0.0173512 0.0760684 0.729676
4 0.791575 0.236994 0.0301999 0.0563795 0.72641
13 0.902816 0.21595 0.0212777 0.0681921 0.71981
6 0.222288 0.0351048 0.0402606 0.0537041 0.718218
4 0.772148 0.746543 0.0273932 0.0538909 0.711292
18 0.994597 0.92208 0.0108066 0.0556115 0.701989
8 0.0656369 0.47046 0.0532466 0.0592561 0.701517
22 0.487396 0.13209 0.0378114 0.0456421 0.688759
2 0.875202 0.753821 0.0315398 0.045876 0.67466
22 0.912619 0.751446 0.0388896 0.0395519 0.66817
12 0.0166547 0.209569 0.0333094 0.108345 0.66412
6 0.512588 0.220747 0.0573151 0.0443929 0.663597
10 0.798945 0.649097 0.0577466 0.0643852 0.661311
3 0.444315 0.123458 0.0551132 0.0652668 0.657373
2 0.639973 0.83092 0.0300839 0.0594809 0.656902
16 0.562981 0.398009 0.0448315 0.0447621 0.65452
13 0.992878 0.571571 0.0142431 0.0745293 0.649424
10 0.741892 0.648999 0.0525841 0.0659368 0.648485
18 0.323375 0.121036 0.061804 0.06651 0.647711
2 0.179195 0.822739 0.0353684 0.0658363 0.636027
6 0.712312 0.313343 0.0390491 0.0443666 0.633907
6 0.621862 0.472883 0.0562739 0.0582257 0.632261
6 0.187826 0.921913 0.0185342 0.0435913 0.628115
8 0.53115 0.128317 0.0429051 0.0536269 0.616907
13 0.208874 0.726117 0.0391544 0.0778228 0.612216
5 0.28774 0.213809 0.0527806 0.0647571 0.609573
18 0.90702 0.488957 0.0613279 0.0491265 0.586792
18 0.199833 0.560228 0.0482247 0.0602386 0.586546
4 0.481111 0.031875 0.0260963 0.0602867 0.584217
5 0.381425 0.653239 0.0202252 0.044234 0.567878
4 0.295756 0.99127 0.0403949 0.0174609 0.564617
6 0.964965 0.930878 0.0412309 0.0411382 0.544739
13 0.575036 0.115567 0.0422299 0.0799015 0.541871
11 0.340276 0.0316037 0.03616 0.0629908 0.540739
22 0.641265 0.658241 0.0627701 0.0463911 0.522059
18 0.561327 0.833467 0.0363808 0.0462501 0.516323
13 0.0373526 0.642044 0.0205728 0.0639024 0.513442
13 0.960203 0.983067 0.0173285 0.0335426 0.50278
