21 0.148616 0.35359 0.104565 0.13209 0.990686
21 0.975954 0.371504 0.0480926 0.131691 0.987721
11 0.0421956 0.899612 0.0843912 0.138081 0.982139
4 0.258852 0.718559 0.0725708 0.120857 0.977577
8 0.25384 0.329789 0.0973855 0.0954808 0.972854
7 0.542748 0.749814 0.104245 0.138795 0.965249
11 0.895569 0.706863 0.0868212 0.141715 0.961466
5 0.902836 0.344193 0.0875025 0.0946344 0.960907
0 0.492085 0.334742 0.146228 0.0994637 0.959038
14 0.568521 0.507682 0.0457878 0.13669 0.958887
6 0.9604 0.541727 0.0791996 0.0950462 0.956752
5 0.496955 0.526871 0.0867755 0.095721 0.954329
7 0.128992 0.556865 0.101957 0.129856 0.95402
0 0.791605 0.33844 0.133605 0.100113 0.953128
23 0.611498 0.333863 0.0623578 0.0906442 0.949473
2 0.28753 0.921814 0.0748005 0.0940219 0.948928
2 0.363346 0.134716 0.0774025 0.0986921 0.947473
5 0.439667 0.727555 0.0945133 0.0961065 0.944579
38 0.857875 0.510914 0.124285 0.14116 0.93849
2 0.246945 0.526874 0.0720356 0.0956309 0.938278
22 0.905946 0.931698 0.0852678 0.092096 0.937976
2 0.0276014 0.728149 0.0548976 0.0998912 0.936259
5 0.593579 0.135723 0.0857863 0.0965899 0.934327
2 0.67877 0.328723 0.069478 0.0969398 0.934185
29 0.853627 0.136043 0.127902 0.166489 0.933278
7 0.752073 0.941199 0.103511 0.117533 0.926509
21 0.138688 0.751299 0.165488 0.137035 0.919164
5 0.131407 0.930454 0.0849953 0.0996331 0.911273
5 0.0439596 0.328265 0.0879114 0.0974731 0.910507
5 0.972749 0.717657 0.0545014 0.124168 0.907791
5 0.96168 0.153169 0.0766075 0.100397 0.897402
2 0.187129 0.729087 0.0647694 0.0938246 0.891005
0 0.475042 0.133546 0.145747 0.0972105 0.890988
4 0.672641 0.125874 0.0638553 0.118592 0.870629
11 0.0326397 0.124324 0.0652794 0.236276 0.840539
0 0.373111 0.532702 0.14651 0.108402 0.796886
13 0.835058 0.898826 0.0516036 0.159508 0.778086
6 0.266864 0.13443 0.0918047 0.0955627 0.72611
13 0.640114 0.507548 0.0952311 0.145782 0.719076
4 0.992683 0.918015 0.0146335 0.130577 0.631262
22 0.8037 0.729174 0.0804592 0.090247 0.629915
7 0.651016 0.72101 0.10524 0.19501 0.582422
13 0.350088 0.306161 0.0969914 0.144703 0.513294
