9 0.115219 0.459468 0.0843904 0.0968913 0.979225
1 0.743547 0.487541 0.0910239 0.131451 0.978555
19 0.318697 0.461356 0.0624381 0.095117 0.977947
14 0.0377626 0.244862 0.0474785 0.145376 0.971534
2 0.444872 0.0666468 0.0672315 0.0907417 0.969749
2 0.0355686 0.459571 0.0708177 0.0986196 0.969744
2 0.795285 0.856612 0.0794997 0.0958014 0.968992
14 0.892162 0.0608127 0.0498403 0.121625 0.965372
16 0.27368 0.266243 0.102528 0.0905901 0.963447
1 0.815539 0.0947827 0.0919182 0.132649 0.963234
23 0.389845 0.464862 0.0710061 0.0903258 0.962469
8 0.552464 0.265932 0.0917059 0.0907636 0.96058
8 0.963362 0.269608 0.073276 0.0920556 0.960299
1 0.37189 0.97561 0.115814 0.0487791 0.960297
7 0.769201 0.293942 0.0979328 0.132412 0.958454
2 0.341196 0.851652 0.0698158 0.091822 0.95277
11 0.891027 0.636155 0.0931063 0.137696 0.949532
0 0.552834 0.0709275 0.145057 0.0943806 0.94457
5 0.0489907 0.655988 0.0924251 0.0964863 0.940745
13 0.354749 0.240663 0.0461692 0.142123 0.937506
14 0.0840554 0.24448 0.0442242 0.139384 0.93743
23 0.873178 0.851916 0.0729241 0.095119 0.933455
2 0.960856 0.0720446 0.0734298 0.0983651 0.925291
2 0.938588 0.463213 0.0715578 0.0969763 0.92116
13 0.444097 0.438379 0.0364039 0.13945 0.918891
18 0.53125 0.645856 0.128837 0.125803 0.915567
23 0.376183 0.0717144 0.0661849 0.0856802 0.907777
4 0.531199 0.843385 0.0987861 0.1109 0.891343
4 0.30958 0.056738 0.0629721 0.113476 0.891197
13 0.328796 0.635831 0.0513415 0.203141 0.890259
5 0.187897 0.852853 0.0861933 0.0935824 0.888514
23 0.947259 0.853879 0.0735774 0.0905857 0.888266
7 0.0846248 0.877419 0.104761 0.147669 0.882052
5 0.796167 0.658597 0.0911647 0.0934604 0.880409
8 0.430237 0.851812 0.100043 0.102891 0.873488
5 0.400539 0.653724 0.0891622 0.0930738 0.866066
14 0.556968 0.976485 0.0453548 0.0470301 0.842914
13 0.61249 0.44506 0.0424052 0.172808 0.841964
6 0.674255 0.664252 0.147839 0.0945832 0.834735
2 0.662084 0.471635 0.0387216 0.052229 0.821745
22 0.168045 0.0747996 0.0847185 0.0917924 0.820763
19 0.138584 0.656461 0.0678256 0.0943294 0.812534
11 0.655676 0.82889 0.147703 0.140055 0.810785
2 0.00850728 0.858613 0.0169217 0.0889058 0.808263
14 0.231056 0.0600477 0.0399606 0.119749 0.806345
6 0.843138 0.464151 0.0987787 0.0909342 0.763554
4 0.875257 0.263092 0.0977895 0.0991372 0.662344
5 0.425638 0.262203 0.0872414 0.0948746 0.651576
22 0.674188 0.0698292 0.0857831 0.0939424 0.610661
16 0.24386 0.654272 0.100608 0.0999315 0.602915
13 0.00586117 0.255913 0.0117223 0.158468 0.523782
