12 0.850281 0.0593535 0.169777 0.118707 0.986268
4 0.834097 0.251178 0.0750084 0.116441 0.976937
8 0.883248 0.849705 0.101823 0.10406 0.963087
12 0.550641 0.836065 0.169128 0.151995 0.961361
2 0.514454 0.0591246 0.0870396 0.101864 0.960406
6 0.746387 0.263638 0.0960202 0.0940117 0.959819
2 0.969255 0.850958 0.0614898 0.0983996 0.954441
2 0.622282 0.0613657 0.0753567 0.0973172 0.953393
0 0.721226 0.851238 0.164615 0.106602 0.941069
14 0.665099 0.239028 0.0542169 0.149706 0.939787
5 0.931528 0.254616 0.095289 0.101896 0.90001
13 0.802535 0.827176 0.0587817 0.149904 0.851976
19 0.972449 0.0587475 0.0551025 0.101429 0.841567
2 0.965839 0.655499 0.0683223 0.115419 0.781388
46 0.558125 0.259371 0.158896 0.0985303 0.767313
23 0.701326 0.0764852 0.0840918 0.148851 0.637354
11 0.991304 0.220168 0.0173416 0.144487 0.636122
