4 0.282513 0.923323 0.075511 0.126367 0.98938
21 0.898425 0.353391 0.104218 0.131863 0.98751
1 0.383306 0.154591 0.095228 0.142722 0.986183
4 0.546187 0.318437 0.0667098 0.116006 0.985616
7 0.53237 0.938808 0.106586 0.122383 0.982162
11 0.786833 0.899552 0.0948339 0.138852 0.975179
0 0.672181 0.332424 0.140669 0.0946329 0.972596
7 0.0693412 0.551944 0.102621 0.138996 0.969419
4 0.986226 0.717619 0.0275482 0.123314 0.969262
0 0.144535 0.730588 0.142518 0.0988207 0.969168
6 0.411224 0.72653 0.0964884 0.0959679 0.967614
4 0.419015 0.515441 0.0776381 0.122885 0.967557
0 0.760617 0.541261 0.133314 0.108242 0.966613
5 0.275469 0.527919 0.0960441 0.0995008 0.965991
2 0.768371 0.72666 0.0725548 0.096653 0.965985
18 0.635369 0.116946 0.0916929 0.127426 0.963222
6 0.464288 0.33269 0.0973718 0.0957106 0.962615
0 0.531764 0.731133 0.140448 0.0989201 0.959278
8 0.671594 0.728762 0.100206 0.100959 0.957635
5 0.363714 0.332019 0.0983636 0.100497 0.957175
14 0.33708 0.703419 0.0451397 0.142828 0.956516
7 0.879251 0.556699 0.1013 0.129025 0.950934
22 0.691868 0.928496 0.0853148 0.0923648 0.941722
21 0.888728 0.751281 0.16598 0.13695 0.941175
5 0.265088 0.729028 0.0916543 0.103128 0.938749
5 0.79349 0.327527 0.0882725 0.0959197 0.935968
5 0.1006 0.927227 0.0864549 0.100849 0.934014
7 0.761488 0.15452 0.109188 0.145767 0.933855
2 0.657255 0.53069 0.0719573 0.09354 0.922437
8 0.977763 0.33007 0.0444194 0.0965083 0.919796
5 0.881358 0.93054 0.0851749 0.0997872 0.901496
5 0.0762693 0.13388 0.0901918 0.100141 0.885335
2 0.937256 0.72889 0.0648625 0.0934637 0.859002
13 0.0147678 0.111079 0.0293944 0.219894 0.84979
13 0.984954 0.0917781 0.0300912 0.180634 0.82799
6 0.173232 0.532869 0.094878 0.100915 0.823091
9 0.0152062 0.720473 0.0304125 0.111191 0.793205
5 0.978738 0.503929 0.0422535 0.14626 0.792035
13 0.219597 0.923341 0.0487218 0.138991 0.772077
0 0.407647 0.924984 0.140582 0.121088 0.73343
4 0.156735 0.105612 0.0711643 0.155455 0.712713
23 0.0472897 0.334911 0.071394 0.100129 0.711411
22 0.123948 0.332793 0.0869401 0.0960399 0.684272
13 0.619181 0.893718 0.0538023 0.156492 0.6743
13 0.172046 0.904379 0.0524421 0.13229 0.628309
6 0.509276 0.135274 0.148602 0.101191 0.565215
8 0.502555 0.547753 0.0893607 0.152441 0.55553
2 0.354982 0.530569 0.0368481 0.0524677 0.554382
14 0.607303 0.507897 0.0674212 0.139136 0.538841
23 0.01841 0.944601 0.0367191 0.110484 0.533655
