21 0.0314219 0.671183 0.0627848 0.136284 0.990485
1 0.0954568 0.0904021 0.0830726 0.133218 0.975137
6 0.0717913 0.264392 0.0830504 0.090225 0.969234
2 0.156146 0.26157 0.0741713 0.0997708 0.963116
18 0.137132 0.826713 0.124059 0.120436 0.957503
27 0.1596 0.473845 0.0532189 0.137914 0.956527
2 0.100576 0.453335 0.0617079 0.0890593 0.939737
9 0.176012 0.988763 0.0796115 0.0224736 0.935427
27 0.166035 0.0852011 0.0493236 0.140351 0.933385
1 0.013361 0.292315 0.026722 0.141702 0.841369
5 0.0248358 0.84955 0.0496092 0.1091 0.807383
