1 0.709344 0.330527 0.0927427 0.145954 0.988532
18 0.579478 0.282869 0.0924526 0.138824 0.984667
4 0.233932 0.289912 0.0703691 0.108948 0.983283
1 0.151082 0.516963 0.0932364 0.141445 0.978127
23 0.801933 0.511231 0.072648 0.0993662 0.977751
4 0.599459 0.698171 0.0770319 0.111952 0.975747
18 0.812876 0.290363 0.0941291 0.143505 0.974952
2 0.671748 0.710915 0.0732017 0.0920882 0.971289
2 0.978974 0.711088 0.0420518 0.108086 0.968747
18 0.0427279 0.0717193 0.0854559 0.143439 0.966571
8 0.905821 0.708351 0.0911679 0.107507 0.963808
14 0.636928 0.0778136 0.0497904 0.147593 0.95908
2 0.115549 0.704919 0.0768148 0.0928284 0.957027
2 0.422231 0.704486 0.0679462 0.0937529 0.956798
9 0.751566 0.709799 0.087759 0.103907 0.955425
4 0.39466 0.492975 0.0768107 0.110846 0.954041
2 0.875307 0.512996 0.0706635 0.101293 0.953174
14 0.450195 0.275194 0.0494941 0.146427 0.951863
2 0.499708 0.50602 0.0740429 0.101088 0.951541
8 0.509808 0.707199 0.0993435 0.0960076 0.950333
2 0.115624 0.293469 0.0729909 0.0939016 0.950328
14 0.502359 0.279512 0.0508872 0.145252 0.950033
13 0.174378 0.277397 0.0443234 0.135626 0.94812
23 0.57343 0.506241 0.0726088 0.0976146 0.941251
13 0.934828 0.297627 0.0492644 0.155044 0.936633
0 0.0767789 0.909581 0.141588 0.108998 0.935612
22 0.554288 0.91575 0.0868142 0.106047 0.932452
14 0.480203 0.884523 0.0456921 0.143013 0.927288
2 0.127506 0.0953846 0.0755428 0.0991408 0.900075
5 0.198726 0.905445 0.0868048 0.0968533 0.899044
18 0.982858 0.303138 0.0342842 0.140705 0.896879
13 0.0130494 0.268483 0.0260989 0.141248 0.889091
2 0.881997 0.106987 0.0764351 0.0952956 0.888889
9 0.210045 0.087705 0.0853094 0.11037 0.856438
13 0.402226 0.286033 0.0449628 0.167428 0.806552
21 0.315791 0.29926 0.0962189 0.0976096 0.777497
13 0.944257 0.0937785 0.0454977 0.184509 0.752758
6 0.379077 0.913826 0.150678 0.0941017 0.751693
6 0.302657 0.706109 0.145137 0.0988874 0.749083
13 0.350812 0.684465 0.0561973 0.152395 0.717244
8 0.0477245 0.496031 0.0954489 0.100689 0.715448
4 0.982928 0.0931593 0.034144 0.184168 0.660445
6 0.93054 0.917862 0.137801 0.0955939 0.657583
6 0.278919 0.503242 0.148626 0.10962 0.627586
23 0.188144 0.699735 0.0662636 0.0949003 0.510556
