4 0.162707 0.955894 0.0710554 0.0882119 0.981587
21 0.0609364 0.60145 0.0985005 0.135007 0.977899
22 0.151355 0.582982 0.0836567 0.0866728 0.965135
6 0.0696867 0.3901 0.083356 0.0888825 0.961352
13 0.0134991 0.364878 0.0269711 0.145957 0.928718
11 0.0198484 0.921695 0.0395189 0.156611 0.928491
2 0.146529 0.195635 0.0702095 0.0923982 0.924379
5 0.0222536 0.775035 0.0444795 0.0921956 0.921887
22 0.0576795 0.196028 0.0769858 0.0900669 0.842619
46 0.12427 0.779104 0.153945 0.090708 0.694047
14 0.989656 0.375029 0.0206871 0.120456 0.662946
4 0.174147 0.0241923 0.0765782 0.0483846 0.632928
8 0.083732 0.937384 0.0829306 0.125051 0.575566
2 0.0716596 0.023268 0.11494 0.0465361 0.534453
2 0.00918063 0.209162 0.0183613 0.153964 0.505296
