11 0.0996781 0.410416 0.0913019 0.142286 0.985614
18 0.779874 0.820886 0.111766 0.144049 0.98462
1 0.31773 0.661132 0.0872369 0.141371 0.983098
2 0.14887 0.835639 0.0740176 0.09988 0.978977
6 0.418522 0.641747 0.0952995 0.0921853 0.976611
14 0.785167 0.424123 0.0489119 0.149692 0.975468
8 0.349755 0.236628 0.0940737 0.0949587 0.974436
11 0.947086 0.217353 0.0925801 0.142267 0.974355
19 0.0460244 0.636027 0.0659208 0.0885639 0.974278
2 0.0285633 0.234255 0.0570744 0.0938464 0.971646
21 0.251598 0.259986 0.097567 0.136328 0.971317
4 0.186459 0.432793 0.0665869 0.116766 0.969661
9 0.367531 0.433757 0.0900122 0.101499 0.968497
4 0.129882 0.62733 0.0666856 0.11159 0.966245
7 0.506878 0.463499 0.100349 0.136772 0.964557
8 0.0587531 0.830032 0.0908283 0.0928462 0.96062
6 0.205493 0.0396879 0.0913547 0.0793068 0.960216
23 0.091759 0.234068 0.0681001 0.0885818 0.957385
5 0.596243 0.239542 0.0911399 0.098015 0.956703
6 0.708204 0.444689 0.0953195 0.0944127 0.956508
5 0.513286 0.637862 0.0867453 0.098267 0.954454
9 0.958374 0.837657 0.0825111 0.107452 0.952441
14 0.668956 0.220062 0.0545819 0.147229 0.950588
2 0.928222 0.0448303 0.0719483 0.0896607 0.947144
2 0.877399 0.845541 0.0750344 0.099376 0.945192
21 0.903416 0.666173 0.112006 0.139249 0.944071
4 0.0191321 0.420941 0.0381859 0.145182 0.937128
5 0.845586 0.237214 0.0937505 0.0976347 0.934831
8 0.388468 0.0409181 0.093144 0.0817021 0.933438
4 0.294983 0.0386971 0.074029 0.0773942 0.933332
11 0.519979 0.816647 0.145098 0.15116 0.919691
5 0.950075 0.447397 0.0945764 0.0964528 0.909751
7 0.723127 0.668748 0.101067 0.133533 0.904167
5 0.109726 0.0427973 0.0859594 0.0855947 0.903516
14 0.859554 0.0463722 0.0466225 0.0927444 0.899695
13 0.421151 0.816499 0.0472895 0.144262 0.884145
13 0.8188 0.629364 0.0493612 0.180683 0.871012
5 0.612235 0.44265 0.0907274 0.101523 0.865641
13 0.171581 0.215904 0.0446582 0.148817 0.852866
7 0.343349 0.868967 0.0933179 0.12946 0.835018
6 0.748152 0.240514 0.0980659 0.0930107 0.828406
19 0.674958 0.97547 0.0635062 0.0490606 0.812359
13 0.00725442 0.818998 0.0144839 0.154289 0.738415
14 0.617955 0.971533 0.0433099 0.0569336 0.704756
21 0.0330886 0.0624912 0.0657348 0.124982 0.673962
22 0.248677 0.835961 0.0827598 0.0925335 0.665177
1 0.294098 0.968759 0.126891 0.0624824 0.654142
2 0.770726 0.0455474 0.125828 0.0910948 0.621185
13 0.98316 0.0540463 0.0336792 0.108093 0.596294
8 0.667178 0.816894 0.095804 0.143367 0.557835
8 0.97679 0.645365 0.0459218 0.0956392 0.512424
