1 0.964779 0.710576 0.0704424 0.141153 0.985788
9 0.658529 0.672932 0.0824773 0.100628 0.976063
11 0.553185 0.246488 0.0844789 0.135692 0.975492
7 0.822706 0.303689 0.0977998 0.139609 0.972091
2 0.898963 0.0860782 0.0742278 0.0994143 0.968596
0 0.592676 0.0802125 0.125278 0.0989182 0.967791
2 0.895328 0.682314 0.069793 0.0937033 0.966677
2 0.501949 0.875879 0.0752033 0.0960402 0.965803
8 0.414425 0.868543 0.0882475 0.0988383 0.965668
14 0.588952 0.454927 0.0459144 0.140819 0.960578
22 0.522852 0.473209 0.075028 0.087086 0.959604
5 0.739281 0.479222 0.0892649 0.0984585 0.959528
5 0.727107 0.282312 0.086534 0.0919473 0.95761
2 0.584704 0.675213 0.0636921 0.0985007 0.955677
8 0.806697 0.682395 0.0929081 0.0963117 0.944281
2 0.4108 0.074166 0.0667369 0.0988327 0.941935
27 0.650704 0.911108 0.0476556 0.165037 0.938546
1 0.580184 0.900098 0.0823027 0.144065 0.934431
4 0.868167 0.469082 0.0739789 0.118192 0.933737
6 0.4839 0.0727482 0.079129 0.101332 0.932901
29 0.977724 0.473252 0.0445522 0.180326 0.924957
13 0.807941 0.458077 0.0416445 0.145535 0.919572
14 0.952865 0.865484 0.0439539 0.137235 0.917392
0 0.766998 0.884997 0.134954 0.0960388 0.894725
8 0.718694 0.0683823 0.0883477 0.136765 0.873325
22 0.92562 0.285059 0.0873079 0.0957394 0.855453
8 0.808115 0.0751208 0.0923452 0.103594 0.849684
14 0.988096 0.265877 0.0238082 0.138519 0.782691
13 0.52532 0.636619 0.0533905 0.162369 0.782003
22 0.880427 0.887677 0.0827627 0.0908855 0.650105
14 0.989082 0.872211 0.0217912 0.143633 0.649581
1 0.978638 0.0926991 0.0427244 0.184594 0.606018
8 0.427153 0.443112 0.119495 0.144556 0.580566
6 0.438824 0.273309 0.126757 0.0988 0.517203
