28 0.208362 0.566966 0.109393 0.174862 0.990965
0 0.160728 0.781253 0.140557 0.105617 0.965349
2 0.222699 0.18538 0.0729151 0.0951484 0.961969
2 0.0685359 0.964669 0.0745191 0.0706629 0.960458
11 0.147323 0.35949 0.0908697 0.139764 0.95657
2 0.0593916 0.378821 0.072258 0.0989275 0.952784
27 0.283557 0.215424 0.0587382 0.137606 0.942134
8 0.126145 0.18548 0.0973058 0.0972963 0.93598
4 0.0214642 0.562652 0.0427593 0.124532 0.88973
2 0.278193 0.755662 0.0823004 0.141764 0.888649
13 0.289715 0.359894 0.0422885 0.146487 0.884192
13 0.289693 0.556194 0.048221 0.156791 0.879676
4 0.219178 0.941368 0.0635376 0.117264 0.853612
5 0.0454404 0.775383 0.0836465 0.0948429 0.82206
2 0.180786 0.0150978 0.0701944 0.0301745 0.749219
23 0.23529 0.383927 0.0664629 0.0892419 0.740008
4 0.11242 0.016332 0.0609224 0.0325797 0.728692
