18 0.882366 0.537963 0.132454 0.130597 0.983152
1 0.0555931 0.554851 0.0819707 0.133848 0.980687
1 0.959934 0.951023 0.079978 0.0979481 0.978623
9 0.427476 0.735174 0.0857319 0.0965161 0.977367
9 0.397343 0.13676 0.0863217 0.102881 0.97515
0 0.826532 0.156342 0.139816 0.104038 0.974958
4 0.821863 0.942024 0.0713589 0.115385 0.974645
9 0.718784 0.549748 0.0929551 0.101786 0.973895
7 0.397369 0.566373 0.0926976 0.132715 0.973683
8 0.0630803 0.331556 0.0918915 0.095215 0.97273
1 0.232857 0.358868 0.0864063 0.141069 0.969803
0 0.0793889 0.730332 0.138114 0.0966597 0.969122
6 0.89419 0.749201 0.0901484 0.0973148 0.968848
2 0.951966 0.347785 0.0758628 0.0950983 0.966329
27 0.312393 0.359622 0.0547377 0.138424 0.965984
27 0.13219 0.554676 0.0526134 0.136273 0.960316
2 0.646031 0.14606 0.076046 0.099928 0.960119
13 0.354265 0.71132 0.0408483 0.141704 0.958489
8 0.859572 0.354573 0.0962019 0.0969523 0.957322
23 0.68413 0.742901 0.0712976 0.0887489 0.956014
5 0.372339 0.943996 0.0939723 0.101837 0.953891
5 0.4916 0.540677 0.0828335 0.0966002 0.946736
2 0.317643 0.139395 0.0689321 0.0997118 0.946404
2 0.808917 0.749227 0.0763477 0.0946064 0.945009
2 0.673771 0.945026 0.0736432 0.0969161 0.94274
5 0.413051 0.344384 0.0896795 0.0953292 0.942253
2 0.150471 0.336396 0.0706075 0.091903 0.937882
14 0.203149 0.114788 0.0441718 0.139222 0.927963
14 0.442584 0.917937 0.0481095 0.145996 0.921901
13 0.746423 0.330349 0.0495262 0.15407 0.919684
7 0.573797 0.766138 0.149738 0.133977 0.919152
13 0.183389 0.703611 0.0425625 0.143201 0.914349
6 0.509351 0.345772 0.0976095 0.0892962 0.904215
0 0.0416078 0.134122 0.0832016 0.0949211 0.893473
13 0.970775 0.529622 0.0416708 0.145997 0.890971
5 0.948825 0.156121 0.0862577 0.0966794 0.884091
14 0.25151 0.113994 0.0479819 0.147811 0.883917
27 0.707356 0.16559 0.0542932 0.134022 0.870492
8 0.547596 0.143983 0.0942323 0.095045 0.862563
5 0.613423 0.350506 0.0885414 0.111928 0.858687
5 0.303704 0.54067 0.0872688 0.0949161 0.830338
2 0.0060002 0.524423 0.0118585 0.0814505 0.670706
6 0.565816 0.944905 0.0854851 0.105 0.665447
13 0.747368 0.922906 0.0697744 0.142208 0.606653
2 0.606402 0.545258 0.122564 0.0961925 0.577922
18 0.077056 0.906116 0.133374 0.1365 0.55105
