12 0.913057 0.238566 0.165727 0.148302 0.993898
18 0.866506 0.440315 0.113197 0.146626 0.98996
29 0.118985 0.657863 0.12967 0.189569 0.984422
1 0.548996 0.48204 0.0927644 0.143891 0.983201
1 0.618512 0.285952 0.0908158 0.139199 0.982431
11 0.193212 0.825624 0.0933485 0.143936 0.978858
7 0.749715 0.682846 0.102514 0.134903 0.974818
8 0.3076 0.458443 0.0956608 0.0977184 0.973319
4 0.679755 0.848172 0.0741278 0.115301 0.972005
19 0.552563 0.655329 0.0673292 0.0961723 0.971591
5 0.493683 0.852819 0.0960556 0.100414 0.96914
5 0.754167 0.46273 0.0982232 0.0973186 0.969105
23 0.289167 0.852814 0.0838342 0.0976989 0.967361
23 0.622502 0.661451 0.0610673 0.0879974 0.962138
5 0.212635 0.453899 0.0898291 0.093225 0.958798
6 0.652072 0.462675 0.0937963 0.0930135 0.958169
0 0.360484 0.659588 0.140017 0.10298 0.956896
5 0.410539 0.461814 0.0975778 0.0964515 0.955617
5 0.241459 0.65159 0.086015 0.0998776 0.945044
0 0.210362 0.255929 0.139207 0.102658 0.944184
13 0.363637 0.234602 0.0469686 0.147456 0.940282
12 0.954782 0.838982 0.0904356 0.1379 0.939694
13 0.674627 0.635686 0.0407839 0.143411 0.930604
18 0.812527 0.846272 0.138614 0.123504 0.920322
13 0.120311 0.828142 0.0485314 0.150286 0.911122
11 0.0192757 0.255857 0.0385514 0.198239 0.848781
6 0.0904259 0.255751 0.0947898 0.0972407 0.841119
14 0.130382 0.976498 0.0527578 0.047003 0.834184
13 0.137597 0.427342 0.0509346 0.142548 0.83036
6 0.723 0.258853 0.111854 0.103635 0.803633
4 0.415745 0.978798 0.0821047 0.0415888 0.76045
13 0.787862 0.248937 0.0566018 0.174571 0.759463
6 0.980572 0.657354 0.038856 0.0900897 0.747098
7 0.0307371 0.47124 0.0613856 0.181081 0.667718
6 0.910524 0.670256 0.0956661 0.0902333 0.644388
2 0.0139918 0.686812 0.0279715 0.123314 0.614494
12 0.472265 0.250253 0.0925093 0.176548 0.592659
13 0.111269 0.425947 0.0880999 0.145164 0.516708
