11 0.557357 0.275839 0.0898559 0.13462 0.979913
14 0.609798 0.0814787 0.0428045 0.130162 0.972984
14 0.657987 0.0843818 0.0425388 0.138702 0.967233
13 0.392715 0.477764 0.0403576 0.13441 0.96338
5 0.460922 0.303291 0.0875151 0.0864388 0.949266
2 0.727784 0.102805 0.0729311 0.0912983 0.94119
13 0.558361 0.0825954 0.0456271 0.13431 0.930733
9 0.459263 0.104335 0.0853342 0.0912102 0.925893
13 0.702673 0.475538 0.0420368 0.134602 0.913909
16 0.316007 0.503312 0.0981761 0.0870094 0.910095
16 0.624342 0.496992 0.0985248 0.0853886 0.78423
7 0.834462 0.128684 0.100805 0.133721 0.627797
