0 0.34536 0.328514 0.140242 0.0922954 0.974639
8 0.30414 0.518319 0.091871 0.0878372 0.969874
6 0.466765 0.32846 0.0892695 0.091099 0.956424
22 0.120942 0.710406 0.0847242 0.0880535 0.931638
6 0.401987 0.522717 0.0887761 0.0866592 0.927063
8 0.252979 0.70793 0.0956274 0.0901718 0.92233
13 0.657521 0.320236 0.0368125 0.150575 0.906
0 0.0352522 0.705476 0.0705045 0.0893289 0.863329
2 0.0183287 0.509362 0.0366486 0.0898575 0.826434
5 0.229149 0.323552 0.0826687 0.0930941 0.61794
2 0.0179299 0.320927 0.0358597 0.0988142 0.55282
