6 0.684633 0.596913 0.0864853 0.0858982 0.957661
6 0.320455 0.397604 0.0958953 0.0885985 0.953664
7 0.657801 0.422947 0.095335 0.128466 0.951833
22 0.414144 0.0269855 0.0804263 0.0539711 0.93161
9 0.511804 0.0284588 0.0890707 0.0569176 0.925406
4 0.409705 0.397415 0.0624821 0.104185 0.910736
1 0.483764 0.617334 0.0858749 0.123658 0.901076
6 0.793979 0.0273447 0.0951215 0.0546894 0.886661
5 0.558644 0.403082 0.0882987 0.0922175 0.862692
8 0.314086 0.0269019 0.093793 0.0537748 0.84915
29 0.330959 0.590966 0.120311 0.167646 0.82643
16 0.641011 0.0259218 0.115585 0.0515518 0.820935
6 0.655251 0.78914 0.0923812 0.0857723 0.607797
11 0.588313 0.57181 0.0881591 0.132884 0.588357
13 0.738835 0.37507 0.0462902 0.137365 0.582554
13 0.721516 0.0296921 0.043031 0.0593349 0.531769
