11 0.590877 0.123075 0.0920389 0.136057 0.989939
14 0.054056 0.127295 0.0480706 0.137337 0.975473
8 0.0840534 0.355509 0.0921176 0.0868811 0.973739
6 0.336151 0.150739 0.0935397 0.0892373 0.966433
5 0.498984 0.14803 0.0816849 0.0916646 0.96086
2 0.460718 0.352419 0.0725917 0.0888985 0.960598
4 0.422278 0.137657 0.0678295 0.109063 0.958723
5 0.213142 0.547404 0.0876638 0.088182 0.954902
2 0.124825 0.151893 0.0762505 0.0978881 0.951958
6 0.30998 0.551908 0.0935231 0.0888176 0.950469
2 0.57435 0.347449 0.0746043 0.0946383 0.928329
5 0.148782 0.75516 0.0930662 0.0883473 0.921124
4 0.767315 0.149681 0.0706165 0.103563 0.879387
7 0.231956 0.170813 0.0887814 0.1328 0.869403
5 0.0150586 0.35387 0.0301172 0.0916924 0.810934
2 0.0129856 0.552138 0.0259711 0.0958033 0.67986
2 0.946334 0.150835 0.0707591 0.0960573 0.669895
5 0.012794 0.149069 0.0254154 0.0920538 0.663115
22 0.30032 0.359967 0.083218 0.0869154 0.612876
8 0.246492 0.74828 0.0929846 0.0864853 0.588701
0 0.58204 0.749029 0.136109 0.0879216 0.540897
