8 0.407633 0.0995087 0.0952974 0.0917861 0.979903
7 0.570172 0.322988 0.098774 0.133671 0.963507
7 0.182301 0.523882 0.106211 0.135383 0.960615
4 0.285199 0.0960842 0.074563 0.114825 0.946513
9 0.0811049 0.102132 0.0887478 0.0953863 0.945201
7 0.232323 0.723062 0.0969783 0.132781 0.945135
7 0.122899 0.328933 0.0960063 0.128594 0.925251
13 0.0163149 0.0807809 0.0326297 0.15208 0.920943
2 0.734947 0.101806 0.0658276 0.0893633 0.905871
9 0.270917 0.302335 0.0883961 0.0984301 0.90574
13 0.200423 0.277815 0.0433023 0.135216 0.891538
13 0.267905 0.479734 0.0445917 0.140105 0.860582
14 0.524373 0.866773 0.0450855 0.138589 0.820013
13 0.373592 0.477666 0.0459067 0.140364 0.772487
2 0.707174 0.693487 0.0736544 0.0863326 0.754883
13 0.41894 0.673251 0.042766 0.136439 0.740327
4 0.610838 0.490731 0.0671817 0.109908 0.721557
2 0.0154499 0.501253 0.0308998 0.0889964 0.641507
