7 0.31576 0.411508 0.0441361 0.0601133 0.97494
18 0.71204 0.393657 0.0410488 0.0538324 0.973486
18 0.458507 0.305195 0.0401186 0.0546298 0.970997
18 0.683175 0.121648 0.0396419 0.0518975 0.964308
9 0.586256 0.129479 0.0362427 0.0410935 0.952773
0 0.651825 0.401989 0.0587572 0.0419781 0.949915
8 0.463328 0.0379811 0.0399394 0.0428993 0.948351
9 0.638759 0.221119 0.0391444 0.0432239 0.944483
8 0.416736 0.312301 0.0394689 0.0417971 0.940202
22 0.372539 0.127864 0.0371159 0.0372495 0.927661
5 0.422889 0.0406454 0.0380369 0.0398309 0.910478
9 0.638255 0.0408809 0.0403314 0.0420606 0.90296
4 0.540911 0.576044 0.0284983 0.0517676 0.848841
5 0.502209 0.314188 0.0398962 0.0412428 0.846149
1 0.774658 0.22583 0.0369611 0.059472 0.840345
8 0.800616 0.401524 0.0423865 0.0412999 0.835222
2 0.823384 0.0463426 0.0328448 0.042917 0.81195
5 0.64041 0.131299 0.0392497 0.0402699 0.800631
5 0.589043 0.578626 0.0389285 0.0409291 0.688548
7 0.407247 0.500066 0.0432286 0.058517 0.681569
1 0.777926 0.321728 0.0405347 0.0565578 0.5606
