8 0.213088 0.398838 0.0937453 0.0899686 0.978054
18 0.313251 0.380736 0.0852864 0.118845 0.976329
18 0.534275 0.586648 0.0847129 0.119547 0.971153
13 0.0501081 0.378048 0.0408615 0.13516 0.968781
8 0.342092 0.204895 0.085774 0.0918718 0.964271
11 0.746537 0.193689 0.0817225 0.131611 0.959377
2 0.186099 0.595958 0.0684433 0.0886011 0.944686
4 0.106877 0.584484 0.0708758 0.10424 0.942824
5 0.118456 0.398313 0.0864663 0.0880215 0.939857
5 0.076312 0.0274054 0.0877145 0.0547587 0.922397
5 0.658529 0.217338 0.0815918 0.0898445 0.91966
8 0.504929 0.791254 0.0914197 0.0916266 0.916888
5 0.44143 0.598766 0.0829189 0.0883322 0.913391
8 0.394977 0.789738 0.0901811 0.0897033 0.905001
5 0.754994 0.033975 0.0769105 0.0679501 0.89889
2 0.533536 0.0290725 0.0654657 0.058145 0.86204
0 0.0341658 0.598193 0.0683316 0.0897367 0.828001
5 0.015317 0.78517 0.030634 0.0900429 0.812251
2 0.26108 0.205214 0.0627576 0.0847754 0.802935
5 0.301223 0.788409 0.0893102 0.0910921 0.775447
5 0.0764607 0.205046 0.091756 0.0886762 0.711301
