18 0.350665 0.246207 0.0852109 0.118664 0.980141
8 0.385769 0.0670754 0.0894018 0.0871488 0.969038
1 0.735551 0.282492 0.0776926 0.128139 0.964679
22 0.199831 0.455132 0.0840935 0.091374 0.959414
5 0.397038 0.456023 0.0798118 0.0879905 0.948722
1 0.290526 0.0904707 0.0855261 0.134806 0.943692
0 0.195653 0.653868 0.138485 0.0878601 0.943109
6 0.595907 0.263431 0.0801036 0.0876618 0.939714
18 0.0460106 0.055811 0.0867102 0.111622 0.926592
5 0.251019 0.264859 0.0855695 0.0885972 0.910975
7 0.300162 0.48665 0.0941885 0.127189 0.884008
1 0.846473 0.0913587 0.0800815 0.131358 0.879801
6 0.822477 0.263721 0.0814762 0.0839211 0.854475
14 0.493569 0.630491 0.0386429 0.132539 0.844389
9 0.31713 0.65345 0.0839686 0.0913489 0.762321
23 0.608825 0.459345 0.0654542 0.0854661 0.733863
0 0.0596311 0.653892 0.118937 0.0883112 0.727203
29 0.75723 0.446996 0.112919 0.155538 0.617223
11 0.175205 0.824136 0.0912011 0.132399 0.613909
0 0.755025 0.0676608 0.0814307 0.085279 0.515345
