23 0.0913086 0.37695 0.0630615 0.0867029 0.977552
8 0.109882 0.567991 0.0912639 0.0930203 0.975366
2 0.287688 0.173607 0.070438 0.0911006 0.9656
9 0.279599 0.373017 0.0865722 0.0987622 0.96436
11 0.0417764 0.150302 0.0832526 0.136192 0.962486
0 0.32418 0.569814 0.135703 0.090646 0.956266
6 0.207851 0.57132 0.0927634 0.0890896 0.936105
2 0.0270917 0.374018 0.0541834 0.0893198 0.935962
2 0.0580206 0.765917 0.0702935 0.0966485 0.925188
7 0.539241 0.0330921 0.0946908 0.0661841 0.920849
7 0.752225 0.202721 0.0997899 0.132247 0.894711
7 0.649855 0.0335319 0.100843 0.0670637 0.881604
5 0.131666 0.178389 0.0819346 0.0904741 0.879562
13 0.395537 0.741608 0.0455178 0.134808 0.852315
0 0.761454 0.383252 0.137716 0.0890777 0.840029
6 0.552714 0.381117 0.091673 0.0902699 0.779095
4 0.640483 0.370688 0.0680412 0.117795 0.671752
5 0.440319 0.0109139 0.0936373 0.0217696 0.542925
