9 0.0692693 0.492933 0.0887267 0.0958259 0.975492
6 0.20373 0.302998 0.094733 0.0939705 0.971663
13 0.119735 0.0772197 0.0465806 0.14284 0.969916
14 0.129259 0.274557 0.0451131 0.139896 0.963165
2 0.415746 0.301719 0.0708721 0.0876774 0.962927
5 0.406686 0.498802 0.0857273 0.0876702 0.96255
11 0.193405 0.0746833 0.0904933 0.136445 0.957886
1 0.200327 0.520404 0.0864082 0.134812 0.954313
5 0.494977 0.102159 0.0910977 0.0936674 0.953425
6 0.306515 0.497453 0.0957658 0.0911371 0.951689
6 0.37778 0.10343 0.0894767 0.0919214 0.950273
6 0.592053 0.108507 0.0914106 0.0867536 0.929277
9 0.303564 0.299531 0.0863382 0.0922525 0.892165
0 0.671197 0.507008 0.14276 0.0926909 0.808355
4 0.679469 0.100248 0.0703242 0.106118 0.691527
6 0.336305 0.89516 0.0959841 0.089565 0.636433
6 0.488828 0.900944 0.0900736 0.086535 0.609608
14 0.415093 0.880141 0.0446936 0.146529 0.598617
