0 0.311158 0.344647 0.134093 0.0896544 0.963592
14 0.524327 0.116884 0.0451679 0.138573 0.958902
13 0.0757627 0.321303 0.0459499 0.141827 0.955707
22 0.451205 0.140189 0.0822603 0.0877933 0.943117
11 0.275276 0.716529 0.0871338 0.133222 0.924339
18 0.599467 0.321344 0.0831485 0.117755 0.91025
6 0.591089 0.139607 0.0814574 0.0843838 0.901441
13 0.0340446 0.519389 0.044389 0.135492 0.900252
6 0.369353 0.737657 0.087113 0.0854287 0.898177
5 0.0550355 0.143911 0.0888174 0.091699 0.77001
16 0.0236029 0.346377 0.0471668 0.0859821 0.741084
9 0.540704 0.535837 0.0818657 0.089237 0.717
9 0.0205166 0.7401 0.0410331 0.0964121 0.707211
16 0.446899 0.342385 0.0966545 0.0864218 0.690493
9 0.680515 0.137797 0.0808794 0.0944118 0.681972
1 0.167712 0.0196993 0.108028 0.0391941 0.657767
13 0.523713 0.320789 0.0380769 0.134808 0.500276
