0 0.355359 0.703495 0.0599492 0.0416138 0.969758
0 0.08774 0.878403 0.0572308 0.0402796 0.94795
0 0.341111 0.615093 0.0592847 0.0413233 0.944471
0 0.278286 0.794086 0.0591113 0.0406616 0.943965
14 0.186316 0.599663 0.0229847 0.0624746 0.921651
7 0.225571 0.528124 0.043945 0.0619113 0.900535
6 0.381329 0.794779 0.0399076 0.0394484 0.890799
5 0.236572 0.704091 0.0337778 0.037683 0.890251
7 0.622653 0.530708 0.0436733 0.0650091 0.878606
18 0.621388 0.782912 0.042413 0.0620449 0.858317
5 0.171223 0.516964 0.0388896 0.0393605 0.635573
2 0.136997 0.877704 0.0304893 0.040381 0.620674
6 0.0244358 0.516762 0.0420642 0.0437279 0.548959
13 0.473473 0.69601 0.0218842 0.0657802 0.534443
7 0.290221 0.712844 0.0441071 0.0567739 0.509198
