14 0.219196 0.4291 0.0456936 0.137316 0.975703
8 0.519753 0.253772 0.0933743 0.0897368 0.974532
2 0.227063 0.253675 0.0750827 0.0948893 0.971692
13 0.208224 0.627896 0.0438109 0.136728 0.969252
22 0.616125 0.251285 0.0824155 0.0900552 0.967322
29 0.871221 0.643644 0.123516 0.159418 0.964262
16 0.132666 0.654677 0.0972126 0.0906502 0.953898
4 0.303191 0.241283 0.0662092 0.115563 0.952331
4 0.601086 0.447699 0.0641315 0.103736 0.943054
13 0.266039 0.429714 0.0423569 0.141256 0.912112
2 0.393718 0.645582 0.0685606 0.0980167 0.883039
4 0.0128652 0.457823 0.0256416 0.107351 0.77856
7 0.738306 0.278191 0.0971498 0.12905 0.766573
14 0.00611495 0.637793 0.012212 0.138494 0.692738
8 0.0399768 0.259538 0.0792782 0.0956279 0.692472
6 0.84096 0.256766 0.0925028 0.0931469 0.596771
8 0.476452 0.645708 0.0868902 0.0898061 0.596536
