8 0.150791 0.206123 0.0997251 0.0956044 0.97979
8 0.518974 0.404469 0.0914676 0.090497 0.978717
7 0.377187 0.228044 0.10105 0.134766 0.973823
18 0.265348 0.790283 0.0896319 0.124098 0.968094
1 0.0389311 0.627472 0.0777048 0.132599 0.966857
22 0.252562 0.20766 0.0834552 0.0852435 0.95861
6 0.616204 0.408082 0.0912492 0.0876732 0.949467
2 0.267245 0.409227 0.0671861 0.0901858 0.94186
0 0.032682 0.2121 0.065364 0.0936748 0.934794
13 0.442077 0.596635 0.0525061 0.164914 0.920446
14 0.811737 0.032728 0.0418701 0.0648898 0.917695
5 0.738516 0.0305537 0.0911171 0.0610154 0.916104
2 0.0583394 0.0322187 0.0725189 0.0643826 0.886626
22 0.251938 0.606165 0.0840122 0.0881101 0.886486
8 0.152486 0.606413 0.0977479 0.090681 0.866499
6 0.926353 0.0335374 0.0840068 0.0670747 0.837779
2 0.0837878 0.406308 0.0720527 0.0900191 0.823653
9 0.709828 0.409629 0.0825772 0.0934595 0.778271
13 0.396642 0.0297362 0.0438163 0.0591706 0.774468
23 0.205681 0.0268683 0.072054 0.0537034 0.764266
2 0.187999 0.410121 0.07134 0.0931354 0.734606
5 0.477733 0.205164 0.0857775 0.0923762 0.629016
9 0.469779 0.0291225 0.0879055 0.0581928 0.605877
23 0.132498 0.0291565 0.0679921 0.058313 0.50892
