11 0.14233 0.0370896 0.0852828 0.0741793 0.985087
6 0.291204 0.440878 0.0936096 0.0912599 0.961672
6 0.0441665 0.0341359 0.0879543 0.0682717 0.933577
22 0.287599 0.0428887 0.0874189 0.0857774 0.92892
5 0.0664134 0.431541 0.0844057 0.0921913 0.903149
2 0.030605 0.633936 0.06121 0.0901022 0.832321
2 0.121588 0.630901 0.0651668 0.0883392 0.803692
6 0.203387 0.633604 0.0872836 0.0888941 0.725902
38 0.114609 0.214868 0.137698 0.14954 0.68549
13 0.213947 0.0420174 0.0408028 0.0836682 0.604015
5 0.190563 0.434364 0.0877693 0.0891323 0.574054
