1 0.383727 0.155528 0.0908293 0.139768 0.985101
0 0.14509 0.731171 0.137598 0.0955806 0.976161
18 0.635651 0.116586 0.0892271 0.122935 0.974986
7 0.0701298 0.552011 0.0997108 0.132749 0.961192
6 0.412517 0.72675 0.0949097 0.0941434 0.95385
6 0.174238 0.533239 0.0923537 0.0953432 0.951209
5 0.076121 0.132733 0.0863668 0.0931953 0.941322
0 0.761395 0.538227 0.130512 0.0940622 0.927407
2 0.658063 0.531207 0.0710533 0.0893728 0.926856
0 0.673626 0.332332 0.135896 0.0907865 0.91861
14 0.338082 0.703147 0.0428729 0.137079 0.911241
0 0.531927 0.731826 0.136151 0.0930958 0.895794
9 0.0143294 0.725805 0.0286588 0.0979638 0.822203
13 0.0146018 0.10745 0.0291598 0.146588 0.742183
7 0.762439 0.156008 0.106409 0.137992 0.719473
