7 0.591165 0.297192 0.0985017 0.134851 0.97158
5 0.321042 0.461991 0.0869944 0.092912 0.970947
2 0.181614 0.260031 0.0735329 0.0905021 0.959972
22 0.0523392 0.65964 0.0857862 0.0902066 0.958595
6 0.419053 0.468046 0.0906023 0.0891438 0.958149
5 0.321021 0.262643 0.0906247 0.0946555 0.957871
4 0.506146 0.45962 0.0695435 0.112387 0.95571
13 0.0718593 0.435111 0.0401639 0.136951 0.955293
7 0.0508233 0.0828598 0.0945924 0.124363 0.952975
0 0.696276 0.0807105 0.141517 0.0969074 0.949001
14 0.754904 0.456785 0.0473645 0.140927 0.926585
5 0.574151 0.0780626 0.0962586 0.093428 0.924047
2 0.736879 0.275078 0.0709467 0.0916377 0.92118
6 0.779131 0.682359 0.0935779 0.0901507 0.904071
7 0.421705 0.0900977 0.092459 0.132724 0.902396
4 0.139974 0.054552 0.0641144 0.10878 0.895884
14 0.7025 0.656306 0.0448427 0.141028 0.878879
13 0.352023 0.0588319 0.0442617 0.117664 0.877677
13 0.518838 0.246592 0.0378506 0.136462 0.85238
4 0.319272 0.659858 0.0681357 0.10487 0.836872
5 0.67965 0.482267 0.0948007 0.0938247 0.781251
13 0.668844 0.255272 0.0421729 0.141335 0.643326
