13 0.520931 0.725647 0.0382872 0.139906 0.945743
9 0.528379 0.152311 0.0812707 0.0936805 0.938919
28 0.441182 0.724346 0.0961537 0.140404 0.895058
8 0.434924 0.5474 0.0859602 0.0915852 0.881348
8 0.525706 0.353289 0.0884473 0.0930074 0.858171
2 0.636168 0.156854 0.0672475 0.0923704 0.795094
6 0.694548 0.746938 0.085295 0.0896602 0.764093
2 0.520395 0.54811 0.0646067 0.0914102 0.748463
4 0.777637 0.735907 0.0509472 0.107136 0.711035
7 0.43028 0.0246731 0.0861216 0.0493462 0.695441
5 0.601924 0.747095 0.0848255 0.0934808 0.663346
6 0.93482 0.543513 0.086671 0.0898216 0.620097
