11 0.198334 0.217579 0.0894679 0.135917 0.983883
22 0.600224 0.456611 0.0841399 0.0877758 0.952925
13 0.269003 0.223494 0.0420597 0.140928 0.947153
5 0.096513 0.237415 0.0899408 0.0933855 0.934829
6 0.0223849 0.240568 0.0447698 0.0889176 0.914877
14 0.109107 0.0454179 0.0420532 0.0908358 0.901282
5 0.200011 0.446474 0.0917721 0.0919811 0.888814
14 0.637164 0.829002 0.0472577 0.136917 0.882271
9 0.565303 0.0490938 0.0900278 0.0971322 0.826336
7 0.678432 0.0769617 0.129154 0.134008 0.703805
13 0.0686212 0.622284 0.0454413 0.139033 0.701262
7 0.800778 0.0831152 0.094386 0.123459 0.637417
