2 0.226799 0.381891 0.0713097 0.0898548 0.962968
4 0.304766 0.383641 0.0703865 0.109798 0.955077
5 0.0839022 0.378515 0.0818906 0.0900314 0.951744
14 0.158269 0.357596 0.0442824 0.137265 0.943356
6 0.0443197 0.774326 0.0880856 0.0876285 0.942596
13 0.213474 0.764445 0.0407308 0.13869 0.894387
22 0.287553 0.792031 0.0871556 0.0879458 0.894347
5 0.0869913 0.577638 0.0804491 0.0913327 0.889985
11 0.143279 0.756782 0.0834321 0.134034 0.853639
7 0.0190597 0.600763 0.0380169 0.130289 0.827802
16 0.0180469 0.372515 0.0360937 0.0799452 0.813523
