14 0.25175 0.117259 0.0455294 0.137607 0.971109
14 0.204193 0.115885 0.0415865 0.133618 0.966283
6 0.510159 0.346599 0.0937917 0.0869193 0.965892
0 0.0409725 0.134453 0.0819449 0.0915009 0.96177
5 0.413951 0.344833 0.0847466 0.0905968 0.958376
2 0.318859 0.140434 0.0675974 0.0976977 0.957707
9 0.428236 0.735891 0.0830261 0.0936279 0.95573
5 0.492235 0.540353 0.0792305 0.0915778 0.952994
22 0.131557 0.137823 0.0815178 0.0875689 0.946383
8 0.0630126 0.33217 0.0889169 0.0898514 0.944687
13 0.182348 0.702536 0.0392881 0.13436 0.917781
5 0.614694 0.347487 0.0852227 0.100004 0.913373
0 0.0788765 0.728171 0.132629 0.0876484 0.908913
7 0.398108 0.566237 0.0889602 0.12694 0.899168
27 0.133271 0.553322 0.0500286 0.128059 0.87635
27 0.312587 0.360433 0.0520175 0.13393 0.786174
1 0.222766 0.014937 0.087121 0.029874 0.785584
14 0.442427 0.917721 0.0455917 0.140819 0.644677
2 0.151733 0.336658 0.0682334 0.0869998 0.545159
