0 0.076959 0.154309 0.136564 0.093408 0.977892
22 0.555361 0.160353 0.0863688 0.0886053 0.973562
14 0.481001 0.134599 0.0441201 0.137655 0.970416
2 0.0590692 0.750341 0.0742315 0.089933 0.943088
5 0.199954 0.155915 0.0838406 0.0939653 0.940442
8 0.109337 0.353453 0.0939273 0.0907761 0.928703
0 0.505919 0.357946 0.144758 0.0944641 0.914147
13 0.220833 0.530807 0.0406795 0.141324 0.905394
1 0.286051 0.379224 0.0816837 0.127447 0.892831
14 0.700511 0.3369 0.0459733 0.135842 0.870488
2 0.202754 0.348736 0.0742603 0.091014 0.825042
6 0.143948 0.74888 0.0877457 0.0939851 0.790447
6 0.673334 0.560909 0.0891109 0.0906495 0.726567
27 0.359866 0.373068 0.0524572 0.132108 0.642494
