2 0.419216 0.432509 0.0816076 0.0899274 0.968867
7 0.432738 0.645958 0.102088 0.133335 0.955565
2 0.32275 0.621364 0.0711792 0.0880878 0.953591
6 0.507237 0.238452 0.0918999 0.0877606 0.950883
6 0.368692 0.0401264 0.0887289 0.0800363 0.941735
18 0.616395 0.409129 0.091246 0.12188 0.939836
2 0.249034 0.623306 0.0709754 0.0933959 0.912696
2 0.731307 0.425865 0.0701827 0.0869154 0.910358
18 0.0409597 0.604907 0.0819194 0.11914 0.900049
2 0.599114 0.235774 0.0722196 0.0871606 0.86388
0 0.697381 0.626917 0.128907 0.0901934 0.817702
9 0.0199269 0.428197 0.0398539 0.0892674 0.816929
23 0.186367 0.430187 0.0682986 0.0874281 0.791362
13 0.589402 0.0406116 0.0431217 0.0812231 0.724065
6 0.931959 0.0408274 0.0915697 0.0816107 0.676961
0 0.552519 0.820035 0.141632 0.0874255 0.582859
22 0.168476 0.823545 0.0812476 0.085813 0.55022
2 0.147253 0.621087 0.069767 0.0896525 0.536046
