0 0.60398 0.377855 0.135638 0.0904291 0.988096
7 0.285023 0.39482 0.101418 0.138364 0.981347
18 0.31574 0.548026 0.0873497 0.119663 0.97993
0 0.408456 0.180262 0.138057 0.0935777 0.964839
13 0.139433 0.543994 0.0439311 0.141968 0.964772
6 0.212166 0.568912 0.0982018 0.0881779 0.950656
7 0.53263 0.198302 0.104802 0.135842 0.947099
14 0.0912796 0.547544 0.0442269 0.138786 0.93315
0 0.14148 0.0137739 0.144277 0.0274212 0.915881
0 0.530611 0.0138236 0.137866 0.0275416 0.910703
22 0.444654 0.371928 0.0860568 0.0868939 0.898358
1 0.355445 0.783124 0.0894947 0.131284 0.878323
23 0.018012 0.377603 0.0360239 0.0854428 0.865245
18 0.464241 0.737524 0.0925146 0.136055 0.863952
5 0.154227 0.374386 0.0854641 0.0921443 0.829752
14 0.552761 0.933309 0.0443832 0.133383 0.765502
8 0.671392 0.0119396 0.0981495 0.0238207 0.674986
6 0.626201 0.95676 0.0941305 0.0864809 0.671328
5 0.265434 0.0121424 0.087561 0.0242847 0.625935
22 0.691134 0.17851 0.0803194 0.0865894 0.590084
2 0.580502 0.765487 0.0718151 0.092164 0.586838
5 0.0321186 0.568976 0.0642372 0.0934885 0.551159
4 0.281141 0.172251 0.0693132 0.116064 0.550992
5 0.10208 0.176431 0.0833394 0.0937703 0.522403
