18 0.0467232 0.701993 0.0366302 0.0516583 0.955235
5 0.0952991 0.26812 0.0348362 0.0400341 0.942374
4 0.252502 0.171792 0.0267634 0.0463513 0.908293
7 0.0852515 0.453446 0.0437856 0.0549228 0.906623
8 0.162112 0.711055 0.038477 0.0394185 0.902979
13 0.240331 0.34969 0.0238345 0.0646279 0.874551
2 0.0770738 0.621934 0.0346061 0.0401537 0.872489
13 0.184185 0.525566 0.02234 0.0639594 0.858281
9 0.139888 0.531583 0.0371356 0.0408899 0.840505
35 0.0532885 0.796719 0.0604129 0.074562 0.77802
22 0.162677 0.0111396 0.0389019 0.0222484 0.770105
5 0.0120288 0.709742 0.0239656 0.0409691 0.706852
2 0.12592 0.0111035 0.0324092 0.0221713 0.585257
