0 0.263939 0.213713 0.134537 0.0936126 0.982109
2 0.440785 0.221331 0.0761919 0.0877746 0.968654
14 0.50339 0.596026 0.0431254 0.141503 0.963946
2 0.176342 0.413831 0.0731193 0.0868406 0.961234
18 0.683803 0.0344225 0.0903447 0.0686768 0.954473
2 0.471159 0.416262 0.0741715 0.0910518 0.950248
6 0.579022 0.62488 0.0924224 0.0885818 0.94643
22 0.614673 0.424152 0.0823647 0.0870894 0.939109
12 0.300595 0.391291 0.11269 0.13775 0.921075
6 0.791153 0.0343471 0.0938404 0.0686943 0.856579
9 0.0290258 0.402487 0.057652 0.0976738 0.749439
5 0.66814 0.23092 0.0832715 0.0911798 0.747129
6 0.953299 0.63318 0.0868645 0.0894465 0.711032
5 0.677146 0.627667 0.0843389 0.0910637 0.708432
2 0.130991 0.210154 0.0748627 0.092663 0.708095
5 0.573955 0.827843 0.0959356 0.0935667 0.620063
9 0.260171 0.610207 0.0896067 0.0991518 0.559501
13 0.499061 0.19735 0.0348434 0.138733 0.540776
