18 0.37661 0.408579 0.0844774 0.117573 0.978824
7 0.569703 0.255088 0.102566 0.137414 0.974966
1 0.0655552 0.845072 0.0881755 0.131256 0.971123
6 0.272242 0.432201 0.0919257 0.0875739 0.96206
19 0.295337 0.0409275 0.0646594 0.0814899 0.959335
6 0.346488 0.233533 0.093696 0.0863295 0.957749
1 0.451955 0.842478 0.0829158 0.129585 0.954645
2 0.445012 0.0400552 0.0710783 0.0801104 0.949897
14 0.700935 0.404238 0.0401115 0.129968 0.946321
14 0.153328 0.406155 0.0462103 0.137249 0.938221
2 0.441068 0.230356 0.0705622 0.0913955 0.933779
6 0.35365 0.821138 0.0884553 0.0875813 0.928684
27 0.52504 0.840016 0.0496335 0.13295 0.927552
0 0.662602 0.622602 0.137479 0.0908623 0.910442
13 0.744517 0.404578 0.0422796 0.135881 0.903901
5 0.0845736 0.431004 0.0814512 0.0906131 0.892931
8 0.0569893 0.232867 0.0952773 0.0914063 0.817153
5 0.631199 0.424147 0.0831691 0.0918968 0.798442
8 0.732974 0.0404435 0.0953591 0.0808871 0.788607
2 0.211635 0.822568 0.0700425 0.0903879 0.783074
14 0.143015 0.799602 0.047598 0.135415 0.780761
6 0.182048 0.0408506 0.0918194 0.0816433 0.772284
5 0.639538 0.0406098 0.0839329 0.0811954 0.747229
13 0.200242 0.408979 0.0468822 0.143682 0.690786
18 0.795528 0.796796 0.0875847 0.130319 0.657532
6 0.673587 0.233463 0.0866868 0.0839734 0.635321
