1 0.574338 0.166796 0.0839143 0.126216 0.989157
8 0.320077 0.529115 0.094788 0.0929117 0.972565
22 0.418084 0.534212 0.0834348 0.0807669 0.96736
18 0.678002 0.126531 0.0869789 0.120184 0.959372
4 0.46791 0.140527 0.0597327 0.096176 0.948744
2 0.718639 0.343133 0.0751665 0.0862271 0.947767
4 0.70342 0.526188 0.0726919 0.108241 0.934073
2 0.645227 0.727281 0.0697591 0.0898621 0.891247
8 0.315891 0.924148 0.0930504 0.0891449 0.888714
8 0.800766 0.140452 0.0930305 0.0872593 0.715906
7 0.318592 0.0180011 0.0975173 0.0358802 0.651081
