1 0.309532 0.318941 0.0918752 0.137116 0.97494
8 0.133802 0.0992064 0.0982051 0.0977748 0.969604
11 0.465488 0.478298 0.0880556 0.13622 0.966691
4 0.161496 0.497012 0.0670417 0.105066 0.960426
2 0.226428 0.100827 0.0716346 0.0939927 0.956614
6 0.415786 0.299709 0.0940255 0.0951891 0.945817
9 0.617959 0.495181 0.0887157 0.0981403 0.931572
8 0.26626 0.496106 0.095414 0.0924529 0.928546
13 0.534887 0.482186 0.0440753 0.149655 0.927859
8 0.489083 0.0982763 0.0947202 0.0957637 0.907662
2 0.730564 0.105879 0.0752821 0.0890728 0.900558
2 0.508688 0.298454 0.0737807 0.091714 0.806442
22 0.367304 0.502082 0.0855011 0.086011 0.76224
9 0.188495 0.296624 0.0888109 0.0980642 0.738332
4 0.363737 0.686477 0.0688874 0.112353 0.734163
7 0.699753 0.725648 0.0924115 0.125907 0.591455
6 0.336198 0.901167 0.0933491 0.0882331 0.554089
