8 0.316156 0.174486 0.0938258 0.089229 0.980907
22 0.518036 0.563278 0.0815129 0.0840933 0.96978
13 0.404517 0.347224 0.0408557 0.136053 0.967739
1 0.319389 0.585711 0.085173 0.129364 0.966107
8 0.634398 0.5614 0.0965434 0.0890306 0.96234
22 0.417738 0.169918 0.0874355 0.0889555 0.95598
2 0.731083 0.172005 0.0718648 0.0925297 0.944495
9 0.512384 0.760319 0.0863847 0.0929141 0.931359
2 0.595441 0.366998 0.0684376 0.0899842 0.928076
22 0.734807 0.563164 0.0816877 0.0858622 0.888322
5 0.541872 0.174099 0.0897188 0.0909458 0.862741
22 0.414539 0.761535 0.0792879 0.0852115 0.856023
8 0.316662 0.760105 0.0885286 0.0877168 0.844137
16 0.324013 0.371938 0.0982896 0.0875283 0.825847
5 0.833533 0.0112063 0.089783 0.0224127 0.654066
4 0.645476 0.0110054 0.0729346 0.0220108 0.586229
8 0.790655 0.173945 0.03763 0.0915746 0.541127
8 0.652204 0.369467 0.0355008 0.0864471 0.504196
