11 0.175129 0.0737842 0.0911871 0.13261 0.971775
11 0.455965 0.461822 0.0849428 0.126289 0.961328
7 0.10121 0.5013 0.0866763 0.117844 0.9605
11 0.406565 0.655846 0.0831022 0.129544 0.945307
13 0.470872 0.655015 0.0367911 0.136054 0.941314
2 0.243073 0.291975 0.0708852 0.0855447 0.931608
13 0.69292 0.0716565 0.043919 0.139294 0.913076
4 0.28808 0.477641 0.0654783 0.0968848 0.907741
16 0.617373 0.0952077 0.0931436 0.0862547 0.88452
5 0.0779774 0.0934946 0.0945319 0.0903193 0.877288
2 0.340465 0.294003 0.0745766 0.0924705 0.861579
12 0.331749 0.0767173 0.109838 0.132591 0.821729
5 0.363277 0.485229 0.0799457 0.0881174 0.788102
5 0.758289 0.0911857 0.0799642 0.0884801 0.763786
4 0.371506 0.863646 0.0688382 0.11607 0.66404
23 0.322828 0.682329 0.0661553 0.0829797 0.502005
