0 0.0974584 0.365386 0.132666 0.0915874 0.98213
13 0.33902 0.546013 0.0421978 0.136954 0.974832
11 0.450747 0.161092 0.0867257 0.131326 0.972555
8 0.369477 0.372425 0.0853935 0.0901797 0.970488
13 0.519686 0.159519 0.0379107 0.141794 0.966637
19 0.201528 0.367168 0.0597961 0.0866189 0.950917
5 0.281717 0.369444 0.0806268 0.0870445 0.922701
4 0.547351 0.567339 0.0634329 0.0981243 0.901059
2 0.59583 0.188526 0.066674 0.0827994 0.896686
27 0.275634 0.0333207 0.0467454 0.0666194 0.867378
16 0.376929 0.0147931 0.110131 0.0293831 0.864624
2 0.632206 0.0202571 0.0696259 0.0405142 0.8199
28 0.262298 0.543328 0.0997772 0.140732 0.799229
13 0.455026 0.0185651 0.0450343 0.0371303 0.747626
28 0.195441 0.0143956 0.0989688 0.0287913 0.721017
