14 0.0960219 0.0831702 0.0481103 0.137837 0.976308
13 0.365398 0.272695 0.0402553 0.137986 0.972681
9 0.470968 0.489774 0.0898511 0.0999795 0.969914
5 0.223646 0.0967877 0.0794271 0.0939769 0.953276
22 0.330721 0.694534 0.0800346 0.0860639 0.952714
6 0.43321 0.292344 0.0885714 0.0858291 0.951772
4 0.152636 0.0902838 0.0640158 0.116898 0.929428
0 0.21549 0.700047 0.132209 0.0868633 0.927625
7 0.074891 0.527925 0.0956127 0.132139 0.912079
9 0.537357 0.287413 0.0884663 0.100463 0.810614
13 0.869784 0.0749227 0.0471561 0.148942 0.679395
5 0.719436 0.495281 0.0842466 0.0906643 0.574819
4 0.635732 0.0827534 0.0635324 0.115747 0.552469
