6 0.124654 0.318835 0.0367815 0.0371426 0.969552
5 0.198538 0.142091 0.0389869 0.0421259 0.933227
13 0.213115 0.482775 0.0245428 0.0629017 0.91164
18 0.238856 0.316834 0.0392696 0.0507794 0.890156
13 0.152681 0.219465 0.021621 0.0637712 0.844658
6 0.209003 0.665084 0.0382735 0.0387564 0.795796
18 0.188383 0.398767 0.0399411 0.0546782 0.786868
23 0.149392 0.140802 0.0349355 0.0410482 0.765946
13 0.0555941 0.7408 0.0193525 0.062512 0.7057
2 0.126177 0.752064 0.0310654 0.0397298 0.697143
18 0.243698 0.131028 0.0475762 0.0631906 0.626877
2 0.00785665 0.484327 0.0157133 0.0369002 0.602953
18 0.0868451 0.743137 0.0396133 0.0537041 0.55849
9 0.25259 0.666029 0.0386901 0.0433614 0.551973
2 0.0158347 0.402519 0.0314568 0.0408875 0.540068
