18 0.193599 0.112609 0.0878739 0.122864 0.978454
0 0.482181 0.529955 0.1394 0.0928693 0.975699
6 0.104328 0.524354 0.0944104 0.0910723 0.972704
0 0.325321 0.533717 0.13776 0.0952667 0.971284
8 0.310981 0.131829 0.0923084 0.0917649 0.970791
0 0.500256 0.335183 0.139055 0.09431 0.969317
2 0.251753 0.3304 0.0718984 0.0893547 0.968443
6 0.203242 0.525634 0.0884019 0.0916164 0.965997
22 0.411843 0.130536 0.084651 0.0858193 0.958757
7 0.0852064 0.352648 0.097655 0.129275 0.953891
13 0.307822 0.310957 0.0381737 0.140967 0.950994
7 0.374978 0.35866 0.0958582 0.125742 0.940801
7 0.0238185 0.553422 0.0473174 0.12945 0.939237
2 0.639608 0.332717 0.0712167 0.0937935 0.92513
2 0.689423 0.134766 0.0722167 0.0971991 0.874525
2 0.325731 0.727402 0.0731089 0.0941937 0.675741
