14 0.109384 0.466506 0.0454142 0.132507 0.973568
14 0.0581317 0.471289 0.0472099 0.130472 0.9717
6 0.183919 0.492907 0.090844 0.0837747 0.963926
6 0.557508 0.489697 0.0944903 0.0893699 0.956013
14 0.248906 0.277999 0.0481428 0.134419 0.955985
8 0.484492 0.293179 0.0960951 0.0945611 0.955448
13 0.677807 0.274121 0.0432067 0.138671 0.945815
8 0.459747 0.492209 0.0906227 0.0839043 0.945041
6 0.227777 0.686751 0.0924365 0.0871243 0.94394
1 0.129386 0.707918 0.0858952 0.125517 0.897092
0 0.0264734 0.686645 0.0529469 0.088447 0.874125
22 0.325804 0.684474 0.0841888 0.0858171 0.842701
0 0.869622 0.298006 0.138714 0.0940828 0.768072
5 0.0133002 0.494987 0.0264811 0.0865601 0.606137
14 0.298877 0.277709 0.0378206 0.133169 0.576919
