0 0.483647 0.263173 0.0561585 0.0387976 0.974989
11 0.169671 0.251967 0.0403423 0.0594742 0.971479
8 0.0264216 0.530112 0.0390027 0.0406501 0.965919
0 0.130942 0.437932 0.0610727 0.0400227 0.964706
6 0.075558 0.261357 0.0379173 0.038373 0.962515
18 0.408951 0.787277 0.0427785 0.0545216 0.958516
6 0.138837 0.0825935 0.0404227 0.0401559 0.956371
8 0.62977 0.175025 0.0423999 0.040973 0.955441
22 0.218357 0.168531 0.0368987 0.0399032 0.947415
0 0.501044 0.0826901 0.0624481 0.0410888 0.947011
0 0.300473 0.351599 0.0597123 0.0409241 0.944753
18 0.0135802 0.163635 0.0271603 0.056418 0.939949
8 0.650518 0.439796 0.0381415 0.0379601 0.936388
5 0.118129 0.261956 0.0366589 0.0413811 0.928236
2 0.0734027 0.796552 0.0316704 0.0431489 0.91873
13 0.508287 0.166468 0.0222981 0.066216 0.913689
22 0.0675407 0.526574 0.0338526 0.0387969 0.909862
7 0.252237 0.273647 0.0415505 0.0554333 0.897999
22 0.695971 0.529205 0.0386918 0.0386124 0.895309
2 0.178998 0.0827534 0.0308852 0.0407419 0.875897
6 0.601648 0.0834437 0.0366124 0.0400144 0.874942
13 0.119633 0.610177 0.0202088 0.0613229 0.873055
1 0.0317562 0.270197 0.0400233 0.0592622 0.86994
13 0.46771 0.604949 0.0218809 0.0656378 0.866743
5 0.210735 0.263673 0.0323389 0.0382908 0.848249
8 0.61204 0.887218 0.0424457 0.0419251 0.846465
22 0.248104 0.79347 0.0381166 0.0394253 0.843598
18 0.796807 0.702304 0.0362188 0.0512187 0.81406
9 0.714951 0.797833 0.0389981 0.0447357 0.810642
7 0.692096 0.720082 0.0443921 0.0579913 0.810544
13 0.326348 0.786579 0.0223842 0.0631036 0.804351
18 0.102086 0.165205 0.0401709 0.0537103 0.802602
9 0.562514 0.350692 0.0405703 0.0444283 0.799385
5 0.0500847 0.17223 0.0392004 0.0387291 0.790545
13 0.0601211 0.0730715 0.0200114 0.063729 0.782525
1 0.0930962 0.0916263 0.0393294 0.0576149 0.752072
18 0.6937 0.433105 0.0400651 0.0520439 0.736264
6 0.431235 0.706511 0.0402371 0.0398905 0.68068
18 0.384166 0.697126 0.0345483 0.0536454 0.626598
14 0.285209 0.425205 0.0151302 0.0603695 0.532268
