7 0.1484375 0.48828125 0.03515625 0.05859375
0 0.3173828125 0.4716796875 0.060546875 0.041015625
0 0.5654296875 0.4658203125 0.056640625 0.041015625
8 0.650390625 0.462890625 0.04296875 0.04296875
7 0.009765625 0.5771484375 0.03515625 0.060546875
8 0.29296875 0.560546875 0.03515625 0.03515625
11 0.375 0.544921875 0.03515625 0.0625
0 0.27734375 0.64453125 0.0546875 0.0390625
0 0.455078125 0.638671875 0.05859375 0.04296875
6 0.5654296875 0.638671875 0.033203125 0.0390625
0 0.0048828125 0.7353515625 0.060546875 0.044921875
16 0.45703125 0.72265625 0.0390625 0.046875
8 0.5322265625 0.7236328125 0.037109375 0.041015625
