18 0.1103515625 0.015625 0.041015625 0.05078125
13 0.142578125 0.0029296875 0.0234375 0.080078125
7 0.1640625 0.1083984375 0.0390625 0.052734375
2 0.205078125 0.09765625 0.03125 0.03515625
13 0.2265625 0.244140625 0.01953125 0.0625
11 0.056640625 0.328125 0.03515625 0.05859375
0 0.1806640625 0.3359375 0.052734375 0.0390625
4 0.2236328125 0.3330078125 0.021484375 0.041015625
0 0.1474609375 0.4150390625 0.052734375 0.037109375
5 0.078125 0.4931640625 0.03515625 0.037109375
18 0.1181640625 0.4833984375 0.044921875 0.056640625
0 0.0078125 0.5703125 0.015625 0.03515625
2 0.21875 0.5673828125 0.03125 0.037109375
0 0.1552734375 0.6455078125 0.056640625 0.037109375
7 0.0791015625 0.734375 0.041015625 0.05078125
0 0.1650390625 0.7255859375 0.056640625 0.041015625
