6 0.341796875 0.095703125 0.08984375 0.0859375
9 0.4462890625 0.0966796875 0.087890625 0.095703125
22 0.0478515625 0.2958984375 0.083984375 0.087890625
29 0.25 0.294921875 0.125 0.16796875
5 0.3671875 0.30078125 0.08984375 0.0859375
8 0.625 0.2978515625 0.09765625 0.087890625
6 0.7265625 0.2978515625 0.09765625 0.087890625
5 0.0166015625 0.49609375 0.091796875 0.09375
18 0.1181640625 0.4794921875 0.091796875 0.123046875
2 0.416015625 0.5 0.0703125 0.08984375
13 0.0478515625 0.67578125 0.041015625 0.140625
0 0.40625 0.69921875 0.140625 0.08984375
2 0.5244140625 0.6953125 0.072265625 0.08984375
