12 0.576171875 0.0126953125 0.03125 0.080078125
29 0.3359375 0.09375 0.08203125 0.08203125
7 0.6298828125 0.10546875 0.037109375 0.05859375
12 0.4560546875 0.1728515625 0.033203125 0.076171875
5 0.5791015625 0.17578125 0.033203125 0.0390625
8 0.630859375 0.1728515625 0.04296875 0.041015625
5 0.671875 0.173828125 0.03515625 0.0390625
13 0.7421875 0.1650390625 0.02734375 0.064453125
8 0.314453125 0.2607421875 0.0390625 0.041015625
5 0.35546875 0.2587890625 0.03515625 0.041015625
8 0.5830078125 0.2578125 0.037109375 0.0390625
0 0.6708984375 0.2578125 0.052734375 0.04296875
13 0.34765625 0.3330078125 0.02734375 0.068359375
11 0.3818359375 0.3310546875 0.033203125 0.064453125
6 0.423828125 0.3427734375 0.0390625 0.041015625
9 0.4619140625 0.341796875 0.033203125 0.04296875
8 0.513671875 0.34375 0.03515625 0.0390625
0 0.607421875 0.3427734375 0.0625 0.044921875
5 0.3154296875 0.4296875 0.041015625 0.04296875
9 0.3564453125 0.4267578125 0.033203125 0.041015625
14 0.537109375 0.41796875 0.015625 0.0625
2 0.5625 0.4267578125 0.03125 0.044921875
8 0.740234375 0.4287109375 0.04296875 0.044921875
0 0.4052734375 0.5126953125 0.060546875 0.041015625
2 0.3125 0.59765625 0.03515625 0.046875
5 0.5263671875 0.595703125 0.037109375 0.04296875
11 0.7216796875 0.5869140625 0.037109375 0.064453125
8 0.4287109375 0.681640625 0.041015625 0.04296875
2 0.4677734375 0.68359375 0.029296875 0.0390625
20 0.6474609375 0.6787109375 0.083984375 0.087890625
