16 0.591796875 0.0751953125 0.0390625 0.041015625
13 0.6240234375 0.064453125 0.025390625 0.06640625
11 0.7109375 0.0654296875 0.03515625 0.064453125
13 0.306640625 0.150390625 0.03125 0.06640625
7 0.525390625 0.1708984375 0.0390625 0.056640625
4 0.4755859375 0.23828125 0.033203125 0.05078125
5 0.6591796875 0.2431640625 0.041015625 0.044921875
0 0.419921875 0.328125 0.0625 0.046875
8 0.66796875 0.3291015625 0.04296875 0.044921875
0 0.5458984375 0.41015625 0.060546875 0.046875
8 0.59765625 0.4111328125 0.04296875 0.048828125
6 0.5322265625 0.4970703125 0.037109375 0.044921875
4 0.5390625 0.5732421875 0.03125 0.052734375
2 0.46875 0.66796875 0.02734375 0.04296875
11 0.580078125 0.65625 0.03515625 0.06640625
13 0.6123046875 0.6552734375 0.029296875 0.068359375
5 0.6591796875 0.6640625 0.037109375 0.046875
6 0.6982421875 0.6669921875 0.037109375 0.044921875
29 0.330078125 0.7470703125 0.08203125 0.080078125
5 0.392578125 0.7490234375 0.03515625 0.041015625
0 0.4423828125 0.7490234375 0.060546875 0.044921875
