13 0.0654296875 0.01953125 0.044921875 0.140625
14 0.1181640625 0.0224609375 0.037109375 0.130859375
14 0.1669921875 0.0185546875 0.044921875 0.130859375
2 0.23828125 0.04296875 0.07421875 0.08984375
1 0.3662109375 0.068359375 0.083984375 0.12890625
0 0.2255859375 0.244140625 0.134765625 0.08984375
2 0.341796875 0.244140625 0.0703125 0.08984375
8 0.400390625 0.2431640625 0.03515625 0.091796875
2 0.076171875 0.44140625 0.07421875 0.08984375
8 0.1611328125 0.4404296875 0.087890625 0.087890625
2 0.3583984375 0.44140625 0.068359375 0.08984375
8 0.447265625 0.443359375 0.09765625 0.09375
22 0.673828125 0.4453125 0.08203125 0.0859375
16 0.2724609375 0.640625 0.099609375 0.08984375
13 0.3515625 0.6181640625 0.0390625 0.134765625
5 0.4287109375 0.642578125 0.087890625 0.08984375
16 0.546875 0.646484375 0.1015625 0.08984375
13 0.630859375 0.625 0.046875 0.140625
4 0.6923828125 0.640625 0.064453125 0.11328125
