0 0.181640625 0.09765625 0.13671875 0.0859375
1 0.7099609375 0.1181640625 0.087890625 0.130859375
6 0.08203125 0.2958984375 0.09375 0.087890625
0 0.2021484375 0.298828125 0.130859375 0.0859375
4 0.4453125 0.279296875 0.0625 0.109375
1 0.6103515625 0.3134765625 0.083984375 0.126953125
6 0.7119140625 0.2939453125 0.095703125 0.083984375
2 0.443359375 0.4931640625 0.06640625 0.091796875
6 0.5849609375 0.4921875 0.087890625 0.08984375
0 0.7041015625 0.4970703125 0.138671875 0.091796875
0 0.017578125 0.7158203125 0.09375 0.123046875
5 0.162109375 0.6953125 0.08984375 0.08203125
11 0.26171875 0.6689453125 0.08984375 0.130859375
2 0.3779296875 0.689453125 0.068359375 0.09375
13 0.43359375 0.669921875 0.0390625 0.13671875
9 0.501953125 0.6884765625 0.0859375 0.095703125
1 0.6357421875 0.71484375 0.083984375 0.12890625
6 0.7373046875 0.6953125 0.095703125 0.0859375
