0 0.0224609375 0.6064453125 0.056640625 0.041015625
23 0.625 0.5908203125 0.03125 0.033203125
13 0.0693359375 0.6728515625 0.021484375 0.064453125
6 0.1767578125 0.6796875 0.037109375 0.0390625
7 0.2275390625 0.6875 0.041015625 0.05078125
9 0.56640625 0.669921875 0.03515625 0.0390625
6 0.6572265625 0.6689453125 0.037109375 0.037109375
1 0.697265625 0.673828125 0.03515625 0.05078125
3 0.423828125 0.7412109375 0.05078125 0.064453125
9 0.564453125 0.7490234375 0.03515625 0.037109375
8 0.7490234375 0.7451171875 0.037109375 0.037109375
