13 0.0888671875 0.005859375 0.021484375 0.0625
8 0.3212890625 0.009765625 0.037109375 0.03515625
22 0.365234375 0.00390625 0.03515625 0.03515625
8 0.0078125 0.09765625 0.03515625 0.03515625
6 0.0478515625 0.0947265625 0.033203125 0.037109375
9 0.08984375 0.09375 0.03515625 0.0390625
22 0.30078125 0.087890625 0.03515625 0.0390625
23 0.4130859375 0.08203125 0.029296875 0.03515625
7 0.037109375 0.1806640625 0.0390625 0.052734375
14 0.14453125 0.1611328125 0.015625 0.056640625
5 0.2255859375 0.169921875 0.033203125 0.0390625
8 0.2646484375 0.1669921875 0.037109375 0.037109375
14 0.3662109375 0.154296875 0.017578125 0.05859375
22 0.3984375 0.1650390625 0.03515625 0.037109375
9 0.56640625 0.15625 0.03515625 0.0390625
23 0.2900390625 0.2431640625 0.029296875 0.037109375
7 0.3369140625 0.251953125 0.041015625 0.0546875
0 0.62890625 0.2353515625 0.0546875 0.037109375
3 0.0234375 0.3212890625 0.05859375 0.068359375
6 0.07421875 0.3310546875 0.03515625 0.037109375
18 0.2568359375 0.314453125 0.041015625 0.05859375
0 0.4853515625 0.3173828125 0.052734375 0.037109375
8 0.5703125 0.3154296875 0.03515625 0.037109375
9 0.650390625 0.3125 0.03515625 0.0390625
0 0.400390625 0.3984375 0.0546875 0.0390625
7 0.498046875 0.404296875 0.0703125 0.0546875
0 0.0732421875 0.490234375 0.056640625 0.04296875
8 0.16015625 0.48828125 0.03515625 0.0390625
2 0.244140625 0.484375 0.03125 0.0390625
2 0.41796875 0.4765625 0.0546875 0.0390625
8 0.5419921875 0.474609375 0.037109375 0.0390625
2 0.67578125 0.4716796875 0.03125 0.037109375
