5 0.267578125 0.197265625 0.08203125 0.0859375
0 0.3837890625 0.1962890625 0.130859375 0.087890625
5 0.5009765625 0.1943359375 0.083984375 0.087890625
0 0.6171875 0.197265625 0.12890625 0.0859375
5 0.046875 0.3974609375 0.08203125 0.087890625
4 0.125 0.38671875 0.0625 0.10546875
20 0.32421875 0.384765625 0.14453125 0.1640625
23 0.439453125 0.3955078125 0.0625 0.083984375
22 0.51171875 0.39453125 0.078125 0.0859375
7 0.607421875 0.412109375 0.09765625 0.1328125
16 0.1376953125 0.595703125 0.095703125 0.0859375
5 0.2353515625 0.5966796875 0.080078125 0.087890625
9 0.3310546875 0.587890625 0.083984375 0.09375
18 0.453125 0.5751953125 0.08203125 0.119140625
14 0.5732421875 0.5693359375 0.041015625 0.130859375
2 0.6396484375 0.5908203125 0.064453125 0.087890625
