9 0.0458984375 0.0537109375 0.033203125 0.037109375
8 0.162109375 0.0576171875 0.03515625 0.037109375
5 0.26171875 0.056640625 0.03515625 0.0390625
1 0.3095703125 0.06640625 0.033203125 0.05078125
1 0.0087890625 0.1416015625 0.037109375 0.052734375
2 0.0859375 0.1328125 0.03125 0.03515625
13 0.1708984375 0.1142578125 0.021484375 0.080078125
23 0.318359375 0.134765625 0.03125 0.03515625
18 0.09375 0.2021484375 0.04296875 0.060546875
19 0.3154296875 0.2158203125 0.029296875 0.037109375
0 0.5693359375 0.2197265625 0.052734375 0.041015625
22 0.6181640625 0.220703125 0.033203125 0.0390625
4 0.064453125 0.291015625 0.0234375 0.04296875
9 0.3994140625 0.294921875 0.033203125 0.0390625
13 0.4423828125 0.275390625 0.021484375 0.08203125
8 0.5771484375 0.2998046875 0.033203125 0.037109375
22 0.6181640625 0.298828125 0.033203125 0.03515625
0 0.181640625 0.373046875 0.0546875 0.0390625
8 0.4150390625 0.3759765625 0.037109375 0.037109375
23 0.623046875 0.3740234375 0.03125 0.037109375
