0 0.015625 0.00390625 0.0546875 0.0390625
8 0.0810546875 0.0078125 0.041015625 0.0390625
8 0.5458984375 0.017578125 0.033203125 0.0390625
13 0.1650390625 0.08203125 0.021484375 0.0625
9 0.1943359375 0.091796875 0.033203125 0.0390625
8 0.6357421875 0.1015625 0.041015625 0.0390625
13 0.7060546875 0.09375 0.021484375 0.0625
8 0.2021484375 0.259765625 0.041015625 0.04296875
0 0.6005859375 0.26953125 0.056640625 0.0390625
11 0.2412109375 0.3349609375 0.037109375 0.064453125
1 0.2958984375 0.357421875 0.041015625 0.05859375
14 0.3837890625 0.3388671875 0.017578125 0.064453125
8 0.4931640625 0.353515625 0.037109375 0.04296875
11 0.5810546875 0.3447265625 0.033203125 0.064453125
