5 0.228515625 0.05859375 0.0390625 0.046875
13 0.400390625 0.0458984375 0.02734375 0.068359375
9 0.43359375 0.0537109375 0.03515625 0.041015625
14 0.5947265625 0.0390625 0.017578125 0.0625
8 0.03125 0.1484375 0.03125 0.0390625
8 0.3642578125 0.1376953125 0.041015625 0.041015625
9 0.439453125 0.1357421875 0.03515625 0.041015625
8 0.6376953125 0.130859375 0.033203125 0.0390625
9 0.185546875 0.228515625 0.03515625 0.046875
8 0.306640625 0.224609375 0.01953125 0.0390625
8 0.3837890625 0.2216796875 0.041015625 0.044921875
8 0.423828125 0.2216796875 0.03515625 0.037109375
4 0.69921875 0.2099609375 0.03125 0.048828125
6 0.27734375 0.3095703125 0.0390625 0.044921875
9 0.412109375 0.302734375 0.03515625 0.04296875
7 0.67578125 0.30859375 0.0390625 0.05859375
6 0.7177734375 0.2978515625 0.037109375 0.041015625
18 0.1376953125 0.390625 0.037109375 0.05078125
6 0.5419921875 0.3837890625 0.041015625 0.041015625
6 0.2900390625 0.474609375 0.033203125 0.0390625
21 0.328125 0.484375 0.03515625 0.0546875
4 0.4326171875 0.4716796875 0.029296875 0.041015625
9 0.0947265625 0.5615234375 0.033203125 0.041015625
7 0.21875 0.5712890625 0.0390625 0.060546875
21 0.3056640625 0.568359375 0.037109375 0.05859375
5 0.3828125 0.5546875 0.0390625 0.0390625
8 0.435546875 0.5537109375 0.0390625 0.041015625
5 0.3583984375 0.6376953125 0.037109375 0.041015625
1 0.4716796875 0.642578125 0.037109375 0.0625
5 0.4560546875 0.7197265625 0.037109375 0.041015625
8 0.4951171875 0.716796875 0.037109375 0.0390625
4 0.5302734375 0.7119140625 0.029296875 0.048828125
20 0.638671875 0.7109375 0.0625 0.08203125
