9 0.5048828125 0.080078125 0.037109375 0.04296875
0 0.732421875 0.076171875 0.0625 0.04296875
7 0.3740234375 0.1845703125 0.041015625 0.060546875
0 0.384765625 0.255859375 0.0625 0.04296875
5 0.4365234375 0.251953125 0.037109375 0.04296875
11 0.37890625 0.326171875 0.0390625 0.0625
14 0.4111328125 0.328125 0.017578125 0.0625
0 0.541015625 0.333984375 0.05859375 0.04296875
11 0.3779296875 0.4091796875 0.041015625 0.064453125
11 0.3779296875 0.4091796875 0.041015625 0.064453125
6 0.5732421875 0.4169921875 0.041015625 0.041015625
5 0.5234375 0.50390625 0.0390625 0.04296875
0 0.638671875 0.4990234375 0.0625 0.044921875
5 0.455078125 0.5859375 0.0390625 0.04296875
0 0.5048828125 0.5869140625 0.060546875 0.044921875
7 0.6923828125 0.5927734375 0.037109375 0.056640625
13 0.5869140625 0.66015625 0.017578125 0.06640625
