8 0.02734375 0.1455078125 0.0625 0.041015625
0 0.1171875 0.1474609375 0.05859375 0.044921875
6 0.001953125 0.234375 0.0390625 0.04296875
8 0.2568359375 0.2431640625 0.041015625 0.044921875
6 0.1650390625 0.328125 0.037109375 0.0390625
5 0.2568359375 0.3291015625 0.037109375 0.044921875
5 0.0751953125 0.41796875 0.037109375 0.0390625
0 0.1279296875 0.4169921875 0.060546875 0.041015625
8 0.22265625 0.5068359375 0.0390625 0.041015625
4 0.2568359375 0.5068359375 0.025390625 0.052734375
22 0.0146484375 0.58203125 0.037109375 0.0390625
8 0.0830078125 0.6728515625 0.041015625 0.041015625
22 0.125 0.673828125 0.03515625 0.0390625
0 0.1767578125 0.6748046875 0.056640625 0.041015625
