2 0.1875 0.146484375 0.0703125 0.08984375
5 0.2890625 0.14453125 0.08984375 0.09375
14 0.3603515625 0.130859375 0.044921875 0.140625
13 0.4072265625 0.130859375 0.048828125 0.14453125
1 0.4833984375 0.1689453125 0.087890625 0.134765625
18 0.7421875 0.1318359375 0.08984375 0.119140625
5 0.0380859375 0.3447265625 0.083984375 0.091796875
4 0.1171875 0.3369140625 0.06640625 0.107421875
7 0.2890625 0.37109375 0.08984375 0.1328125
22 0.4423828125 0.3486328125 0.083984375 0.087890625
19 0.0654296875 0.5498046875 0.064453125 0.087890625
0 0.376953125 0.5517578125 0.1328125 0.087890625
0 0.533203125 0.556640625 0.13671875 0.08984375
5 0.658203125 0.55078125 0.09375 0.09375
