1 0.0009765625 0.0830078125 0.091796875 0.130859375
6 0.1083984375 0.0634765625 0.091796875 0.083984375
6 0.3681640625 0.0595703125 0.041015625 0.087890625
8 0.4404296875 0.060546875 0.095703125 0.0859375
0 0.0810546875 0.2626953125 0.134765625 0.087890625
0 0.6650390625 0.26171875 0.138671875 0.0859375
14 0.33203125 0.43359375 0.046875 0.13671875
13 0.3779296875 0.4345703125 0.041015625 0.138671875
19 0.4345703125 0.4580078125 0.060546875 0.087890625
27 0.494140625 0.4794921875 0.05078125 0.126953125
23 0.724609375 0.453125 0.06640625 0.0859375
22 0.3896484375 0.6611328125 0.083984375 0.087890625
14 0.4716796875 0.6357421875 0.048828125 0.138671875
