8 0.0634765625 0.087890625 0.091796875 0.08203125
2 0.353515625 0.076171875 0.0703125 0.078125
13 0.4130859375 0.0546875 0.048828125 0.140625
1 0.5107421875 0.1025390625 0.083984375 0.126953125
6 0.6103515625 0.0771484375 0.091796875 0.087890625
2 0.7021484375 0.07421875 0.068359375 0.0859375
23 0.05078125 0.28125 0.0703125 0.0859375
22 0.5849609375 0.2734375 0.083984375 0.0859375
14 0.658203125 0.25390625 0.04296875 0.1328125
2 0.7265625 0.271484375 0.0703125 0.0859375
27 0.005859375 0.501953125 0.046875 0.12890625
18 0.1123046875 0.45703125 0.083984375 0.10546875
13 0.181640625 0.4560546875 0.0390625 0.134765625
7 0.5546875 0.49609375 0.09375 0.12890625
6 0.6591796875 0.470703125 0.095703125 0.0859375
6 0.072265625 0.677734375 0.0390625 0.078125
8 0.162109375 0.671875 0.08984375 0.08984375
22 0.259765625 0.6728515625 0.08203125 0.083984375
14 0.3369140625 0.65234375 0.037109375 0.1328125
14 0.3798828125 0.646484375 0.044921875 0.1328125
2 0.451171875 0.6728515625 0.07421875 0.087890625
29 0.677734375 0.6533203125 0.12109375 0.154296875
