22 0.07421875 0.037109375 0.08203125 0.0859375
5 0.4345703125 0.0361328125 0.080078125 0.091796875
8 0.69921875 0.0439453125 0.1015625 0.091796875
0 0.1015625 0.240234375 0.13671875 0.08984375
2 0.21484375 0.23828125 0.0703125 0.0859375
8 0.5234375 0.2412109375 0.09765625 0.095703125
5 0.6220703125 0.244140625 0.091796875 0.08984375
6 0.04296875 0.4365234375 0.08984375 0.087890625
6 0.62890625 0.4423828125 0.03515625 0.083984375
7 0.703125 0.46484375 0.10546875 0.13671875
6 0.052734375 0.6357421875 0.08984375 0.087890625
13 0.4560546875 0.62109375 0.052734375 0.13671875
