9 0.541015625 0.0185546875 0.03515625 0.037109375
10 0.5859375 0.005859375 0.03125 0.0625
4 0.640625 0.015625 0.0234375 0.04296875
2 0.5341796875 0.0986328125 0.033203125 0.037109375
8 0.64453125 0.0966796875 0.03515625 0.037109375
28 0.728515625 0.16015625 0.046875 0.0625
6 0.5673828125 0.2548828125 0.037109375 0.037109375
9 0.6083984375 0.2509765625 0.037109375 0.037109375
14 0.6875 0.2421875 0.015625 0.05859375
8 0.7451171875 0.408203125 0.033203125 0.03515625
8 0.4140625 0.4931640625 0.03515625 0.037109375
22 0.658203125 0.4873046875 0.03515625 0.037109375
9 0.658203125 0.5654296875 0.03515625 0.037109375
19 0.4150390625 0.6494140625 0.029296875 0.037109375
35 0.6103515625 0.6357421875 0.056640625 0.064453125
4 0.7333984375 0.64453125 0.021484375 0.0390625
13 0.6572265625 0.7021484375 0.021484375 0.080078125
8 0.7265625 0.7236328125 0.03515625 0.033203125
