6 0.4072265625 0.0009765625 0.041015625 0.041015625
8 0.65625 0.005859375 0.0390625 0.0390625
8 0.3935546875 0.0859375 0.041015625 0.046875
5 0.4345703125 0.0849609375 0.037109375 0.044921875
14 0.6318359375 0.076171875 0.017578125 0.0625
2 0.734375 0.0888671875 0.03125 0.044921875
9 0.7490234375 0.173828125 0.033203125 0.04296875
14 0.3154296875 0.2412109375 0.021484375 0.068359375
5 0.34765625 0.2529296875 0.03515625 0.041015625
5 0.6220703125 0.2548828125 0.037109375 0.044921875
8 0.5322265625 0.3408203125 0.033203125 0.041015625
10 0.3203125 0.412109375 0.03515625 0.06640625
0 0.59375 0.423828125 0.0546875 0.0390625
2 0.6376953125 0.423828125 0.029296875 0.04296875
8 0.6767578125 0.4248046875 0.041015625 0.041015625
8 0.322265625 0.591796875 0.04296875 0.046875
6 0.365234375 0.5927734375 0.03515625 0.041015625
0 0.4111328125 0.587890625 0.056640625 0.04296875
14 0.625 0.5810546875 0.015625 0.060546875
13 0.30859375 0.6689453125 0.0234375 0.064453125
10 0.7216796875 0.6689453125 0.025390625 0.064453125
