8 0.5634765625 0.0029296875 0.095703125 0.091796875
2 0.6611328125 0.00390625 0.068359375 0.08984375
19 0.7275390625 0.0048828125 0.056640625 0.083984375
6 0.0576171875 0.2119140625 0.087890625 0.083984375
9 0.1552734375 0.203125 0.087890625 0.08984375
1 0.2783203125 0.2294921875 0.087890625 0.134765625
6 0.380859375 0.208984375 0.08984375 0.08203125
22 0.4814453125 0.2060546875 0.083984375 0.087890625
18 0.5947265625 0.1806640625 0.107421875 0.138671875
8 0.7197265625 0.2001953125 0.091796875 0.087890625
0 0.5791015625 0.40234375 0.138671875 0.08984375
2 0.734375 0.4013671875 0.078125 0.087890625
2 0.734375 0.4013671875 0.078125 0.087890625
0 0.037109375 0.607421875 0.14453125 0.08984375
5 0.2646484375 0.6044921875 0.087890625 0.087890625
22 0.6513671875 0.6005859375 0.083984375 0.087890625
14 0.7294921875 0.5791015625 0.044921875 0.138671875
