2 0.2177734375 0.095703125 0.072265625 0.0859375
8 0.3056640625 0.0927734375 0.091796875 0.087890625
9 0.4091796875 0.09375 0.083984375 0.09375
13 0.5009765625 0.07421875 0.044921875 0.1328125
6 0.572265625 0.095703125 0.0859375 0.08203125
18 0.6767578125 0.0791015625 0.087890625 0.119140625
1 0.40625 0.3134765625 0.08203125 0.126953125
6 0.505859375 0.291015625 0.08984375 0.08203125
22 0.60546875 0.2919921875 0.08203125 0.083984375
1 0.7412109375 0.3173828125 0.083984375 0.130859375
22 0.224609375 0.4921875 0.08203125 0.0859375
8 0.3232421875 0.4921875 0.091796875 0.0859375
13 0.4091796875 0.470703125 0.041015625 0.13671875
4 0.470703125 0.4814453125 0.06640625 0.107421875
5 0.5458984375 0.4873046875 0.080078125 0.083984375
1 0.6455078125 0.5166015625 0.099609375 0.134765625
8 0.064453125 0.6923828125 0.09375 0.091796875
2 0.455078125 0.69140625 0.06640625 0.0859375
1 0.740234375 0.716796875 0.0859375 0.1328125
