0 0.01171875 0.6064453125 0.0546875 0.037109375
0 0.2978515625 0.59375 0.052734375 0.03515625
21 0.3515625 0.59765625 0.04296875 0.0546875
14 0.41796875 0.576171875 0.015625 0.05859375
7 0.6240234375 0.5888671875 0.041015625 0.052734375
16 0.169921875 0.6748046875 0.046875 0.041015625
6 0.2568359375 0.6728515625 0.037109375 0.037109375
6 0.533203125 0.662109375 0.015625 0.03515625
7 0.57421875 0.666015625 0.0390625 0.0546875
0 0.6552734375 0.658203125 0.076171875 0.0390625
13 0.7080078125 0.6337890625 0.025390625 0.083984375
2 0.376953125 0.748046875 0.03125 0.03515625
9 0.5771484375 0.7373046875 0.033203125 0.037109375
19 0.6220703125 0.736328125 0.025390625 0.03515625
