18 0.2431640625 0.1455078125 0.087890625 0.123046875
18 0.365234375 0.1416015625 0.08984375 0.119140625
13 0.44140625 0.1318359375 0.04296875 0.142578125
19 0.5068359375 0.1552734375 0.060546875 0.087890625
5 0.583984375 0.1552734375 0.078125 0.087890625
8 0.3427734375 0.3544921875 0.087890625 0.087890625
2 0.4384765625 0.3525390625 0.072265625 0.087890625
5 0.5546875 0.3544921875 0.0859375 0.087890625
0 0.673828125 0.3544921875 0.1328125 0.087890625
22 0.34765625 0.556640625 0.08203125 0.0859375
14 0.4228515625 0.533203125 0.044921875 0.13671875
6 0.4951171875 0.5556640625 0.091796875 0.087890625
9 0.6005859375 0.5546875 0.083984375 0.08984375
13 0.697265625 0.5322265625 0.046875 0.138671875
4 0.4013671875 0.748046875 0.064453125 0.10546875
