38 0.2978515625 0.0849609375 0.130859375 0.166015625
6 0.416015625 0.1142578125 0.08984375 0.083984375
1 0.2734375 0.326171875 0.09375 0.1328125
6 0.3740234375 0.310546875 0.091796875 0.0859375
22 0.47265625 0.310546875 0.08203125 0.0859375
18 0.572265625 0.2978515625 0.08984375 0.119140625
8 0.7119140625 0.3115234375 0.095703125 0.091796875
2 0.2666015625 0.51953125 0.068359375 0.09375
24 0.3349609375 0.5615234375 0.060546875 0.048828125
2 0.58203125 0.51171875 0.0703125 0.08984375
2 0.39453125 0.7109375 0.0703125 0.0859375
18 0.484375 0.689453125 0.10546875 0.140625
6 0.59375 0.7138671875 0.08984375 0.087890625
8 0.6904296875 0.7109375 0.091796875 0.09375
