7 0.4912109375 0.0107421875 0.087890625 0.123046875
4 0.353515625 0.1845703125 0.06640625 0.103515625
5 0.4404296875 0.1875 0.064453125 0.0859375
4 0.5126953125 0.177734375 0.068359375 0.09375
2 0.583984375 0.189453125 0.06640625 0.08203125
1 0.7119140625 0.20703125 0.083984375 0.12890625
22 0.2353515625 0.39453125 0.083984375 0.0859375
9 0.333984375 0.3828125 0.0859375 0.09375
5 0.7392578125 0.37890625 0.080078125 0.08203125
13 0.33203125 0.5595703125 0.0390625 0.134765625
14 0.5458984375 0.5625 0.041015625 0.1328125
6 0.619140625 0.5830078125 0.08984375 0.083984375
4 0.708984375 0.572265625 0.06640625 0.09765625
