7 0.001953125 0.0546875 0.0390625 0.05078125
13 0.03125 0.0361328125 0.01953125 0.060546875
9 0.1015625 0.044921875 0.03515625 0.0390625
0 0.1591796875 0.0439453125 0.056640625 0.037109375
5 0.2099609375 0.0419921875 0.037109375 0.037109375
13 0.0263671875 0.10546875 0.021484375 0.078125
14 0.08984375 0.111328125 0.015625 0.05859375
7 0.0224609375 0.2109375 0.041015625 0.046875
5 0.064453125 0.2001953125 0.03515625 0.037109375
14 0.130859375 0.1884765625 0.015625 0.060546875
8 0.2333984375 0.1982421875 0.037109375 0.037109375
1 0.0068359375 0.287109375 0.037109375 0.05078125
12 0.173828125 0.267578125 0.0390625 0.0703125
6 0.125 0.357421875 0.03125 0.03515625
18 0.1630859375 0.3505859375 0.041015625 0.052734375
21 0.07421875 0.44140625 0.0703125 0.0546875
18 0.2119140625 0.65625 0.041015625 0.05859375
0 0.0537109375 0.7470703125 0.056640625 0.041015625
5 0.103515625 0.7412109375 0.03515625 0.037109375
