0 0.4951171875 0.0068359375 0.052734375 0.037109375
7 0.5546875 0.0126953125 0.0390625 0.052734375
5 0.595703125 0.0048828125 0.03515625 0.037109375
0 0.6259765625 0.16015625 0.052734375 0.03515625
9 0.529296875 0.2412109375 0.03515625 0.041015625
7 0.576171875 0.2490234375 0.04296875 0.052734375
7 0.7412109375 0.2412109375 0.037109375 0.052734375
1 0.4384765625 0.3310546875 0.037109375 0.052734375
7 0.5556640625 0.3271484375 0.041015625 0.052734375
5 0.5966796875 0.3173828125 0.033203125 0.037109375
23 0.666015625 0.392578125 0.03125 0.03515625
22 0.494140625 0.4814453125 0.03515625 0.041015625
8 0.66015625 0.474609375 0.03515625 0.0390625
