1 0.4072265625 0.037109375 0.033203125 0.05078125
1 0.0703125 0.111328125 0.03515625 0.05078125
5 0.15234375 0.1064453125 0.03515625 0.037109375
8 0.435546875 0.1083984375 0.03515625 0.037109375
6 0.521484375 0.109375 0.03515625 0.03515625
5 0.5810546875 0.109375 0.033203125 0.03515625
5 0.244140625 0.18359375 0.03515625 0.0390625
4 0.318359375 0.181640625 0.0234375 0.04296875
9 0.5400390625 0.3447265625 0.033203125 0.037109375
4 0.1416015625 0.4150390625 0.021484375 0.037109375
9 0.3828125 0.4150390625 0.03515625 0.037109375
18 0.4306640625 0.412109375 0.041015625 0.05078125
13 0.466796875 0.400390625 0.0234375 0.078125
2 0.498046875 0.4189453125 0.03125 0.037109375
8 0.544921875 0.421875 0.03515625 0.03515625
22 0.5859375 0.423828125 0.03515625 0.03515625
19 0.625 0.4248046875 0.03125 0.037109375
22 0.0205078125 0.4912109375 0.033203125 0.037109375
1 0.0703125 0.49609375 0.03515625 0.05078125
0 0.4755859375 0.4970703125 0.056640625 0.041015625
2 0.6103515625 0.4990234375 0.033203125 0.037109375
7 0.0673828125 0.5771484375 0.037109375 0.052734375
22 0.1953125 0.5712890625 0.03515625 0.037109375
18 0.2490234375 0.5634765625 0.041015625 0.048828125
13 0.283203125 0.560546875 0.02734375 0.09375
8 0.4833984375 0.57421875 0.037109375 0.0390625
5 0.10546875 0.650390625 0.03515625 0.0390625
21 0.2236328125 0.6552734375 0.048828125 0.056640625
9 0.3759765625 0.650390625 0.033203125 0.03515625
2 0.42578125 0.65234375 0.03125 0.03515625
2 0.025390625 0.728515625 0.03125 0.0390625
0 0.0810546875 0.7294921875 0.052734375 0.037109375
23 0.404296875 0.7294921875 0.03125 0.037109375
8 0.57421875 0.734375 0.03515625 0.03515625
