2 0.1376953125 0.009765625 0.029296875 0.04296875
12 0.259765625 0.01171875 0.03125 0.078125
8 0.3720703125 0.013671875 0.037109375 0.0390625
5 0.4130859375 0.0146484375 0.037109375 0.041015625
8 0.466796875 0.0166015625 0.0390625 0.041015625
7 0.5654296875 0.0263671875 0.056640625 0.060546875
11 0.109375 0.080078125 0.03515625 0.0625
0 0.634765625 0.1015625 0.05859375 0.0390625
9 0.7216796875 0.1044921875 0.033203125 0.041015625
9 0.16015625 0.17578125 0.03515625 0.04296875
9 0.498046875 0.1806640625 0.03515625 0.041015625
14 0.5458984375 0.173828125 0.017578125 0.0625
6 0.0576171875 0.2587890625 0.037109375 0.041015625
0 0.326171875 0.2626953125 0.0625 0.041015625
8 0.51953125 0.2685546875 0.0390625 0.041015625
1 0.3251953125 0.3564453125 0.037109375 0.056640625
8 0.505859375 0.349609375 0.03515625 0.0390625
8 0.5849609375 0.3515625 0.041015625 0.04296875
6 0.3798828125 0.431640625 0.041015625 0.0390625
11 0.0810546875 0.5 0.033203125 0.0625
12 0.32421875 0.513671875 0.03125 0.078125
11 0.46484375 0.5029296875 0.03515625 0.060546875
8 0.5576171875 0.51953125 0.037109375 0.03515625
7 0.71875 0.5302734375 0.03515625 0.056640625
23 0.2802734375 0.595703125 0.029296875 0.0390625
0 0.3505859375 0.5966796875 0.052734375 0.037109375
0 0.525390625 0.6015625 0.0625 0.0390625
14 0.609375 0.5908203125 0.015625 0.060546875
2 0.634765625 0.6015625 0.02734375 0.0390625
1 0.3984375 0.689453125 0.0390625 0.0625
2 0.5908203125 0.6845703125 0.029296875 0.041015625
4 0.720703125 0.6826171875 0.03125 0.048828125
