13 0.0693359375 0.1279296875 0.044921875 0.142578125
6 0.1396484375 0.150390625 0.087890625 0.08984375
2 0.23046875 0.1484375 0.06640625 0.09375
13 0.19921875 0.322265625 0.046875 0.140625
5 0.2705078125 0.345703125 0.083984375 0.08984375
0 0.3857421875 0.3466796875 0.134765625 0.091796875
23 0.7177734375 0.3447265625 0.064453125 0.087890625
23 0.1220703125 0.5400390625 0.052734375 0.087890625
11 0.498046875 0.5146484375 0.08984375 0.134765625
22 0.3984375 0.73828125 0.0859375 0.08984375
8 0.5107421875 0.7373046875 0.095703125 0.091796875
22 0.611328125 0.736328125 0.0859375 0.0859375
