7 0.521484375 0.0341796875 0.0390625 0.052734375
2 0.7236328125 0.0263671875 0.029296875 0.037109375
13 0.1826171875 0.091796875 0.017578125 0.0625
5 0.298828125 0.103515625 0.03515625 0.03515625
6 0.1572265625 0.181640625 0.033203125 0.0390625
9 0.197265625 0.1796875 0.03515625 0.0390625
22 0.328125 0.1826171875 0.03515625 0.037109375
0 0.6572265625 0.1845703125 0.052734375 0.037109375
22 0.3486328125 0.26171875 0.033203125 0.03515625
8 0.47265625 0.2646484375 0.03515625 0.037109375
0 0.078125 0.3369140625 0.0546875 0.037109375
6 0.1298828125 0.337890625 0.037109375 0.0390625
2 0.1806640625 0.3388671875 0.029296875 0.037109375
14 0.3369140625 0.328125 0.013671875 0.05859375
6 0.1025390625 0.4169921875 0.033203125 0.037109375
5 0.1396484375 0.4169921875 0.033203125 0.037109375
13 0.37109375 0.3984375 0.0234375 0.078125
2 0.482421875 0.4189453125 0.03125 0.037109375
22 0.6943359375 0.4150390625 0.033203125 0.033203125
0 0.7412109375 0.416015625 0.056640625 0.03515625
23 0.3134765625 0.4970703125 0.029296875 0.033203125
13 0.103515625 0.5625 0.01953125 0.0625
0 0.400390625 0.5693359375 0.0546875 0.037109375
6 0.44921875 0.5703125 0.03515625 0.03515625
8 0.5498046875 0.5703125 0.037109375 0.03515625
22 0.5927734375 0.5673828125 0.037109375 0.037109375
8 0.7001953125 0.5703125 0.033203125 0.03515625
0 0.0849609375 0.650390625 0.056640625 0.03515625
2 0.1328125 0.6484375 0.03125 0.03515625
7 0.177734375 0.6572265625 0.0390625 0.052734375
19 0.2138671875 0.6484375 0.025390625 0.03515625
11 0.37890625 0.6376953125 0.03515625 0.060546875
8 0.419921875 0.650390625 0.03515625 0.03515625
22 0.4599609375 0.6474609375 0.033203125 0.037109375
6 0.474609375 0.7255859375 0.03515625 0.037109375
22 0.515625 0.7275390625 0.03515625 0.037109375
18 0.560546875 0.71484375 0.04296875 0.05859375
