0 0.033203125 0.0341796875 0.1328125 0.091796875
19 0.251953125 0.03125 0.0625 0.0859375
19 0.5009765625 0.0400390625 0.052734375 0.087890625
19 0.576171875 0.037109375 0.0625 0.08984375
5 0.6533203125 0.0400390625 0.076171875 0.087890625
4 0.7353515625 0.033203125 0.068359375 0.09765625
16 0.1806640625 0.23046875 0.095703125 0.0859375
22 0.283203125 0.236328125 0.08203125 0.0859375
14 0.357421875 0.212890625 0.046875 0.13671875
6 0.4296875 0.240234375 0.09375 0.0859375
8 0.529296875 0.234375 0.09375 0.08984375
4 0.615234375 0.2294921875 0.0703125 0.107421875
5 0.693359375 0.236328125 0.08203125 0.08984375
16 0.072265625 0.4267578125 0.09375 0.083984375
13 0.1513671875 0.40234375 0.044921875 0.13671875
5 0.220703125 0.427734375 0.078125 0.0859375
2 0.5126953125 0.4345703125 0.068359375 0.083984375
27 0.578125 0.4560546875 0.05859375 0.130859375
0 0.708984375 0.439453125 0.13671875 0.08984375
1 0.0498046875 0.6455078125 0.080078125 0.134765625
6 0.146484375 0.6279296875 0.0859375 0.087890625
5 0.244140625 0.6279296875 0.08203125 0.087890625
13 0.4716796875 0.611328125 0.044921875 0.140625
14 0.5205078125 0.6162109375 0.037109375 0.126953125
14 0.5693359375 0.61328125 0.041015625 0.1328125
2 0.6376953125 0.634765625 0.072265625 0.09375
1 0.7470703125 0.6591796875 0.087890625 0.134765625
