8 0.4228515625 0.0869140625 0.091796875 0.087890625
22 0.0234375 0.2958984375 0.08203125 0.087890625
9 0.1240234375 0.2919921875 0.080078125 0.091796875
22 0.375 0.2900390625 0.08203125 0.083984375
9 0.4775390625 0.283203125 0.083984375 0.09375
5 0.5947265625 0.2841796875 0.080078125 0.091796875
11 0.69140625 0.255859375 0.0859375 0.12890625
8 0.029296875 0.4931640625 0.0859375 0.087890625
22 0.1142578125 0.494140625 0.076171875 0.0859375
14 0.1865234375 0.4716796875 0.041015625 0.134765625
2 0.248046875 0.48828125 0.0625 0.0859375
14 0.6650390625 0.4609375 0.041015625 0.12890625
13 0.71875 0.4619140625 0.046875 0.134765625
22 0.681640625 0.6845703125 0.08203125 0.087890625
