0 0.4208984375 0.0380859375 0.056640625 0.037109375
8 0.7197265625 0.02734375 0.033203125 0.03515625
18 0.52734375 0.0986328125 0.04296875 0.056640625
7 0.654296875 0.11328125 0.0390625 0.0546875
2 0.4814453125 0.1904296875 0.029296875 0.037109375
13 0.57421875 0.1767578125 0.01953125 0.064453125
18 0.6123046875 0.17578125 0.041015625 0.05859375
23 0.744140625 0.185546875 0.03125 0.03515625
19 0.4130859375 0.26953125 0.029296875 0.03515625
0 0.5859375 0.267578125 0.0546875 0.0390625
8 0.712890625 0.2607421875 0.03515625 0.037109375
14 0.619140625 0.3310546875 0.015625 0.056640625
7 0.4208984375 0.435546875 0.041015625 0.05078125
0 0.5361328125 0.4228515625 0.052734375 0.037109375
15 0.73828125 0.4091796875 0.0546875 0.068359375
22 0.53515625 0.5029296875 0.03515625 0.037109375
27 0.619140625 0.5859375 0.0234375 0.05078125
6 0.7216796875 0.5751953125 0.037109375 0.037109375
1 0.4267578125 0.666015625 0.037109375 0.0546875
22 0.7421875 0.65234375 0.03515625 0.03515625
2 0.4970703125 0.73828125 0.029296875 0.03515625
