28 0.0791015625 0.044921875 0.103515625 0.15625
0 0.296875 0.0634765625 0.13671875 0.087890625
2 0.4091796875 0.0654296875 0.068359375 0.087890625
14 0.4638671875 0.048828125 0.029296875 0.12890625
13 0.5087890625 0.0498046875 0.037109375 0.134765625
6 0.5771484375 0.07421875 0.087890625 0.0859375
9 0.6728515625 0.078125 0.080078125 0.08984375
8 0.064453125 0.2548828125 0.09765625 0.087890625
5 0.15234375 0.2587890625 0.0234375 0.017578125
2 0.267578125 0.2587890625 0.06640625 0.083984375
14 0.3291015625 0.2392578125 0.044921875 0.134765625
22 0.4033203125 0.265625 0.080078125 0.08203125
1 0.501953125 0.291015625 0.08203125 0.1328125
5 0.73828125 0.2724609375 0.07421875 0.087890625
16 0.0556640625 0.4560546875 0.099609375 0.083984375
13 0.134765625 0.4326171875 0.046875 0.134765625
23 0.56640625 0.4658203125 0.0703125 0.083984375
15 0.7109375 0.453125 0.109375 0.140625
16 0.064453125 0.6513671875 0.09765625 0.083984375
8 0.564453125 0.6650390625 0.08203125 0.083984375
22 0.65625 0.6669921875 0.07421875 0.083984375
