8 0.150390625 0.0673828125 0.03515625 0.037109375
0 0.3505859375 0.060546875 0.060546875 0.04296875
1 0.41796875 0.0693359375 0.0390625 0.060546875
6 0.4619140625 0.0625 0.037109375 0.0390625
5 0.419921875 0.1396484375 0.0390625 0.037109375
0 0.365234375 0.2236328125 0.05859375 0.044921875
5 0.4287109375 0.2216796875 0.037109375 0.041015625
5 0.55078125 0.2197265625 0.03515625 0.041015625
6 0.2607421875 0.3095703125 0.041015625 0.041015625
14 0.3037109375 0.296875 0.017578125 0.0625
0 0.45703125 0.3046875 0.0625 0.04296875
5 0.5087890625 0.3056640625 0.033203125 0.037109375
6 0.443359375 0.388671875 0.04296875 0.0390625
14 0.005859375 0.46875 0.01953125 0.0625
8 0.3876953125 0.4736328125 0.041015625 0.041015625
0 0.494140625 0.470703125 0.05859375 0.0390625
0 0.619140625 0.4716796875 0.05859375 0.041015625
6 0.107421875 0.560546875 0.04296875 0.0390625
13 0.1953125 0.5537109375 0.0234375 0.060546875
0 0.3642578125 0.5576171875 0.060546875 0.041015625
0 0.51171875 0.5556640625 0.0546875 0.041015625
5 0.5595703125 0.5556640625 0.037109375 0.041015625
12 0.6279296875 0.556640625 0.033203125 0.078125
8 0.1044921875 0.646484375 0.041015625 0.04296875
12 0.3408203125 0.6328125 0.037109375 0.05859375
9 0.3818359375 0.6396484375 0.033203125 0.041015625
23 0.4296875 0.640625 0.03125 0.04296875
8 0.5625 0.640625 0.03515625 0.0390625
13 0.630859375 0.625 0.02734375 0.078125
8 0.1103515625 0.73046875 0.041015625 0.04296875
21 0.181640625 0.7412109375 0.0390625 0.056640625
14 0.4541015625 0.7109375 0.017578125 0.0625
8 0.5205078125 0.724609375 0.041015625 0.0390625
0 0.6513671875 0.724609375 0.064453125 0.046875
