4 0.0625 0.1416015625 0.0625 0.103515625
1 0.1826171875 0.1708984375 0.083984375 0.126953125
6 0.27734375 0.1474609375 0.08984375 0.083984375
2 0.3681640625 0.1455078125 0.068359375 0.083984375
18 0.44921875 0.1279296875 0.0859375 0.115234375
5 0.51953125 0.1220703125 0.02734375 0.021484375
27 0.1884765625 0.3671875 0.041015625 0.1171875
46 0.3134765625 0.3505859375 0.154296875 0.083984375
14 0.427734375 0.3291015625 0.04296875 0.130859375
4 0.6259765625 0.3408203125 0.056640625 0.103515625
7 0.296875 0.5771484375 0.078125 0.119140625
13 0.37109375 0.5302734375 0.04296875 0.138671875
5 0.4443359375 0.55078125 0.080078125 0.08203125
4 0.52734375 0.5400390625 0.0703125 0.107421875
9 0.1474609375 0.748046875 0.076171875 0.08984375
6 0.359375 0.7470703125 0.08984375 0.080078125
5 0.45703125 0.7451171875 0.0859375 0.087890625
9 0.55078125 0.744140625 0.0859375 0.09375
16 0.673828125 0.748046875 0.09765625 0.0859375
