0 0.1279296875 0.0302734375 0.060546875 0.041015625
22 0.17578125 0.029296875 0.03515625 0.0390625
13 0.6728515625 0.0302734375 0.021484375 0.064453125
5 0.705078125 0.041015625 0.0390625 0.0390625
6 0.234375 0.119140625 0.03515625 0.0390625
9 0.3779296875 0.12109375 0.037109375 0.04296875
0 0.5166015625 0.1240234375 0.060546875 0.041015625
2 0.046875 0.1982421875 0.05078125 0.064453125
22 0.0927734375 0.2109375 0.037109375 0.0390625
6 0.5341796875 0.21875 0.037109375 0.0390625
5 0.5751953125 0.21875 0.037109375 0.04296875
11 0.6630859375 0.2080078125 0.041015625 0.060546875
6 0.7080078125 0.216796875 0.041015625 0.0390625
23 0.0234375 0.2919921875 0.03125 0.044921875
11 0.1064453125 0.2880859375 0.037109375 0.060546875
13 0.240234375 0.2939453125 0.0234375 0.060546875
7 0.505859375 0.31640625 0.04296875 0.05859375
11 0.73828125 0.294921875 0.03515625 0.05859375
35 0.185546875 0.388671875 0.05859375 0.07421875
8 0.2392578125 0.3896484375 0.041015625 0.041015625
6 0.283203125 0.3935546875 0.0390625 0.037109375
13 0.568359375 0.3876953125 0.0234375 0.060546875
0 0.3310546875 0.5625 0.060546875 0.0390625
0 0.39453125 0.5634765625 0.05859375 0.041015625
19 0.48046875 0.5634765625 0.02734375 0.037109375
0 0.0419921875 0.650390625 0.060546875 0.04296875
2 0.1796875 0.650390625 0.03125 0.04296875
8 0.6083984375 0.6513671875 0.037109375 0.044921875
14 0.220703125 0.724609375 0.01953125 0.0625
4 0.412109375 0.736328125 0.02734375 0.05078125
22 0.576171875 0.740234375 0.03515625 0.0390625
9 0.6796875 0.7353515625 0.0390625 0.044921875
