35 0.3330078125 0.078125 0.056640625 0.0703125
5 0.5576171875 0.08203125 0.037109375 0.0390625
8 0.673828125 0.080078125 0.0390625 0.0390625
4 0.7109375 0.0771484375 0.03125 0.044921875
13 0.6572265625 0.16015625 0.017578125 0.0625
0 0.61328125 0.26171875 0.05859375 0.0390625
18 0.74609375 0.251953125 0.0390625 0.0546875
7 0.3388671875 0.3583984375 0.041015625 0.056640625
4 0.5859375 0.3466796875 0.02734375 0.044921875
9 0.447265625 0.4345703125 0.0390625 0.044921875
1 0.50390625 0.4453125 0.0390625 0.05859375
7 0.318359375 0.5322265625 0.04296875 0.056640625
9 0.5048828125 0.525390625 0.041015625 0.04296875
0 0.4248046875 0.61328125 0.037109375 0.0390625
6 0.5458984375 0.6162109375 0.041015625 0.037109375
5 0.7255859375 0.615234375 0.037109375 0.0390625
18 0.3212890625 0.6875 0.044921875 0.0546875
0 0.4208984375 0.6982421875 0.060546875 0.041015625
18 0.7431640625 0.6953125 0.041015625 0.0546875
