0 0.1806640625 0.01171875 0.052734375 0.03515625
18 0.2392578125 0.005859375 0.041015625 0.046875
7 0.3623046875 0.0185546875 0.041015625 0.052734375
5 0.40234375 0.0078125 0.03515625 0.0390625
14 0.2216796875 0.0751953125 0.017578125 0.056640625
6 0.2431640625 0.0869140625 0.017578125 0.033203125
8 0.291015625 0.087890625 0.03515625 0.03515625
4 0.326171875 0.0869140625 0.0234375 0.041015625
5 0.3564453125 0.0869140625 0.033203125 0.037109375
9 0.517578125 0.0859375 0.03125 0.0390625
13 0.6103515625 0.07421875 0.021484375 0.06640625
22 0.69921875 0.0908203125 0.03515625 0.037109375
0 0.74609375 0.08984375 0.0546875 0.0390625
13 0.3427734375 0.1552734375 0.021484375 0.064453125
13 0.41796875 0.154296875 0.02734375 0.0625
6 0.4775390625 0.1650390625 0.033203125 0.037109375
8 0.5126953125 0.166015625 0.033203125 0.03515625
4 0.546875 0.1630859375 0.0234375 0.041015625
8 0.62109375 0.1650390625 0.03515625 0.037109375
22 0.662109375 0.1650390625 0.03515625 0.037109375
8 0.7021484375 0.16796875 0.033203125 0.03515625
5 0.26171875 0.2451171875 0.03515625 0.037109375
1 0.3115234375 0.2509765625 0.033203125 0.052734375
2 0.45703125 0.244140625 0.03125 0.03515625
8 0.498046875 0.24609375 0.03515625 0.03515625
11 0.5810546875 0.234375 0.033203125 0.05859375
13 0.6123046875 0.234375 0.017578125 0.06640625
9 0.6455078125 0.24609375 0.033203125 0.0390625
0 0.7431640625 0.2451171875 0.056640625 0.037109375
0 0.0947265625 0.3251953125 0.052734375 0.037109375
0 0.203125 0.32421875 0.03515625 0.03515625
5 0.244140625 0.3212890625 0.03515625 0.037109375
5 0.2978515625 0.3212890625 0.033203125 0.037109375
18 0.33984375 0.310546875 0.0390625 0.05859375
8 0.4755859375 0.32421875 0.033203125 0.03515625
1 0.568359375 0.3291015625 0.03515625 0.052734375
4 0.736328125 0.3232421875 0.0234375 0.041015625
0 0.2734375 0.40234375 0.05078125 0.03515625
5 0.33203125 0.3984375 0.03515625 0.03515625
19 0.3671875 0.400390625 0.02734375 0.03515625
2 0.6015625 0.3994140625 0.03125 0.033203125
9 0.28125 0.474609375 0.03515625 0.03515625
10 0.3271484375 0.4658203125 0.033203125 0.056640625
0 0.515625 0.4755859375 0.05078125 0.033203125
8 0.27734375 0.5546875 0.03515625 0.03515625
18 0.32421875 0.5390625 0.04296875 0.05859375
2 0.533203125 0.548828125 0.02734375 0.03515625
13 0.7255859375 0.5439453125 0.021484375 0.068359375
35 0.1025390625 0.62109375 0.056640625 0.06640625
18 0.15625 0.619140625 0.0390625 0.05859375
5 0.1962890625 0.630859375 0.033203125 0.03515625
0 0.244140625 0.6298828125 0.0546875 0.037109375
5 0.3056640625 0.626953125 0.037109375 0.03515625
9 0.6220703125 0.6298828125 0.033203125 0.037109375
7 0.08984375 0.716796875 0.0390625 0.0546875
7 0.267578125 0.712890625 0.0390625 0.05078125
13 0.2958984375 0.6953125 0.017578125 0.0625
0 0.3818359375 0.705078125 0.052734375 0.03515625
6 0.4306640625 0.70703125 0.037109375 0.03515625
2 0.7109375 0.705078125 0.03125 0.03515625
