0 0.1220703125 0.0771484375 0.056640625 0.041015625
14 0.259765625 0.068359375 0.01953125 0.0625
0 0.3173828125 0.0810546875 0.056640625 0.041015625
5 0.3671875 0.080078125 0.03515625 0.04296875
0 0.416015625 0.08203125 0.05859375 0.0390625
5 0.46875 0.0859375 0.0390625 0.0390625
5 0.1484375 0.1728515625 0.03515625 0.041015625
9 0.4873046875 0.1796875 0.037109375 0.04296875
18 0.576171875 0.1748046875 0.0390625 0.052734375
9 0.15625 0.259765625 0.0390625 0.04296875
9 0.5439453125 0.26953125 0.037109375 0.0390625
23 0.255859375 0.34765625 0.03125 0.0390625
23 0.4130859375 0.3505859375 0.029296875 0.041015625
0 0.4716796875 0.353515625 0.056640625 0.0390625
8 0.53515625 0.35546875 0.0390625 0.04296875
5 0.5751953125 0.359375 0.033203125 0.0390625
5 0.55078125 0.44140625 0.03515625 0.0390625
1 0.6044921875 0.455078125 0.037109375 0.0546875
0 0.111328125 0.5205078125 0.05859375 0.041015625
6 0.1630859375 0.521484375 0.041015625 0.0390625
13 0.5244140625 0.529296875 0.021484375 0.078125
7 0.568359375 0.5380859375 0.04296875 0.056640625
5 0.6123046875 0.5341796875 0.037109375 0.041015625
0 0.08203125 0.6083984375 0.05859375 0.041015625
0 0.19140625 0.609375 0.05859375 0.0390625
5 0.240234375 0.6103515625 0.03515625 0.037109375
8 0.5830078125 0.62109375 0.041015625 0.0390625
8 0.154296875 0.6962890625 0.0390625 0.041015625
12 0.4697265625 0.6953125 0.048828125 0.06640625
22 0.517578125 0.7060546875 0.0390625 0.037109375
1 0.5732421875 0.7158203125 0.033203125 0.052734375
1 0.5732421875 0.7158203125 0.033203125 0.052734375
9 0.615234375 0.7099609375 0.0390625 0.041015625
