11 0.0712890625 0.0126953125 0.037109375 0.060546875
2 0.4072265625 0.017578125 0.025390625 0.03515625
4 0.4365234375 0.017578125 0.021484375 0.0390625
1 0.732421875 0.01953125 0.03515625 0.05078125
8 0.193359375 0.09765625 0.03515625 0.03515625
0 0.3017578125 0.095703125 0.052734375 0.03515625
5 0.6513671875 0.0947265625 0.033203125 0.037109375
0 0.083984375 0.17578125 0.05859375 0.0390625
5 0.2578125 0.1748046875 0.03515625 0.037109375
8 0.3056640625 0.173828125 0.033203125 0.03515625
8 0.375 0.1767578125 0.015625 0.033203125
12 0.439453125 0.1630859375 0.0390625 0.060546875
14 0.60546875 0.16015625 0.01171875 0.05859375
27 0.7333984375 0.18359375 0.025390625 0.05078125
13 0.1015625 0.244140625 0.01953125 0.06640625
9 0.22265625 0.25390625 0.03515625 0.0390625
0 0.6318359375 0.251953125 0.052734375 0.0390625
19 0.0830078125 0.333984375 0.052734375 0.03515625
4 0.23828125 0.3349609375 0.0234375 0.041015625
14 0.2705078125 0.3232421875 0.013671875 0.060546875
18 0.33203125 0.322265625 0.0390625 0.05859375
2 0.3720703125 0.3349609375 0.029296875 0.037109375
23 0.4052734375 0.33203125 0.029296875 0.03515625
13 0.6220703125 0.3203125 0.021484375 0.06640625
2 0.130859375 0.408203125 0.03125 0.03515625
2 0.1748046875 0.4111328125 0.029296875 0.037109375
1 0.220703125 0.419921875 0.03515625 0.05078125
14 0.458984375 0.3974609375 0.01171875 0.056640625
22 0.490234375 0.4111328125 0.03515625 0.037109375
7 0.5830078125 0.41796875 0.037109375 0.0546875
8 0.671875 0.4091796875 0.03515625 0.037109375
2 0.708984375 0.40625 0.02734375 0.03515625
19 0.7392578125 0.408203125 0.025390625 0.03515625
18 0.1259765625 0.4765625 0.041015625 0.0546875
0 0.185546875 0.4892578125 0.05078125 0.033203125
5 0.3828125 0.48828125 0.03515625 0.03515625
6 0.474609375 0.486328125 0.015625 0.03125
13 0.291015625 0.5458984375 0.0234375 0.076171875
14 0.0634765625 0.630859375 0.013671875 0.05859375
18 0.1318359375 0.6298828125 0.021484375 0.052734375
5 0.2119140625 0.6416015625 0.037109375 0.037109375
4 0.2841796875 0.638671875 0.021484375 0.03515625
22 0.3642578125 0.638671875 0.033203125 0.03515625
19 0.3994140625 0.6396484375 0.025390625 0.033203125
2 0.4306640625 0.638671875 0.029296875 0.03515625
7 0.478515625 0.6455078125 0.0390625 0.048828125
5 0.5185546875 0.638671875 0.033203125 0.03515625
13 0.283203125 0.7060546875 0.01953125 0.060546875
8 0.3486328125 0.7177734375 0.033203125 0.033203125
9 0.4228515625 0.7158203125 0.033203125 0.037109375
2 0.4736328125 0.71484375 0.029296875 0.03515625
1 0.525390625 0.724609375 0.03515625 0.05078125
1 0.525390625 0.724609375 0.03515625 0.05078125
