8 0.185546875 0.5537109375 0.03515625 0.037109375
6 0.4541015625 0.5498046875 0.033203125 0.037109375
22 0.5009765625 0.5498046875 0.037109375 0.037109375
7 0.275390625 0.638671875 0.0390625 0.0546875
7 0.275390625 0.638671875 0.0390625 0.0546875
5 0.484375 0.6298828125 0.03515625 0.037109375
0 0.5322265625 0.625 0.056640625 0.0390625
2 0.09375 0.708984375 0.03125 0.0390625
1 0.2470703125 0.7197265625 0.037109375 0.052734375
1 0.2470703125 0.7197265625 0.037109375 0.052734375
8 0.2998046875 0.7119140625 0.037109375 0.037109375
8 0.4130859375 0.7099609375 0.037109375 0.037109375
22 0.455078125 0.70703125 0.03515625 0.0390625
8 0.5634765625 0.7060546875 0.037109375 0.037109375
19 0.6318359375 0.7060546875 0.025390625 0.037109375
