6 0.142578125 0.0732421875 0.08984375 0.087890625
5 0.2412109375 0.0751953125 0.083984375 0.087890625
29 0.4794921875 0.08203125 0.126953125 0.17578125
0 0.69140625 0.087890625 0.1328125 0.0859375
18 0.078125 0.2587890625 0.0859375 0.119140625
13 0.1533203125 0.248046875 0.044921875 0.140625
4 0.3291015625 0.2734375 0.072265625 0.1015625
14 0.5478515625 0.2587890625 0.044921875 0.134765625
8 0.1875 0.474609375 0.08984375 0.0859375
22 0.28515625 0.478515625 0.08203125 0.0859375
14 0.517578125 0.4638671875 0.04296875 0.130859375
14 0.5654296875 0.46484375 0.041015625 0.1328125
1 0.06640625 0.6943359375 0.0859375 0.130859375
8 0.16015625 0.697265625 0.08203125 0.125
0 0.4345703125 0.6826171875 0.134765625 0.087890625
4 0.734375 0.685546875 0.0703125 0.109375
