13 0.083984375 0.0380859375 0.04296875 0.134765625
14 0.1279296875 0.0400390625 0.044921875 0.134765625
14 0.1796875 0.0380859375 0.04296875 0.134765625
2 0.248046875 0.06640625 0.06640625 0.08203125
1 0.353515625 0.0888671875 0.08984375 0.123046875
8 0.263671875 0.2607421875 0.09375 0.087890625
22 0.361328125 0.267578125 0.0859375 0.0859375
0 0.044921875 0.4580078125 0.13671875 0.087890625
13 0.1806640625 0.43359375 0.041015625 0.1328125
4 0.236328125 0.447265625 0.06640625 0.10546875
22 0.01953125 0.6572265625 0.0859375 0.083984375
14 0.25390625 0.62890625 0.046875 0.13671875
14 0.3056640625 0.634765625 0.041015625 0.12890625
2 0.3740234375 0.6513671875 0.072265625 0.087890625
