14 0.15625 0.1357421875 0.03515625 0.126953125
0 0.3251953125 0.154296875 0.138671875 0.0859375
22 0.447265625 0.1455078125 0.08203125 0.083984375
2 0.162109375 0.3515625 0.06640625 0.0859375
2 0.3466796875 0.34375 0.064453125 0.08984375
4 0.435546875 0.3369140625 0.0625 0.103515625
13 0.55859375 0.3134765625 0.046875 0.134765625
11 0.630859375 0.3125 0.0859375 0.1328125
6 0.7294921875 0.3388671875 0.091796875 0.083984375
4 0.02734375 0.5498046875 0.06640625 0.107421875
1 0.1328125 0.572265625 0.08203125 0.12890625
6 0.2294921875 0.546875 0.091796875 0.0859375
5 0.3310546875 0.54296875 0.091796875 0.08984375
8 0.4267578125 0.5419921875 0.087890625 0.083984375
7 0.681640625 0.5625 0.09765625 0.1328125
18 0.1181640625 0.732421875 0.083984375 0.1171875
13 0.193359375 0.7265625 0.0390625 0.12890625
23 0.3818359375 0.74609375 0.068359375 0.08203125
2 0.4541015625 0.7421875 0.068359375 0.08984375
0 0.5576171875 0.7470703125 0.126953125 0.083984375
6 0.677734375 0.7373046875 0.08203125 0.083984375
