6 0.150390625 0.048828125 0.0390625 0.03515625
9 0.3193359375 0.130859375 0.033203125 0.0390625
7 0.3818359375 0.224609375 0.037109375 0.05859375
0 0.515625 0.2138671875 0.0546875 0.041015625
9 0.6025390625 0.2158203125 0.037109375 0.041015625
9 0.0498046875 0.2919921875 0.033203125 0.041015625
23 0.146484375 0.296875 0.03125 0.0390625
0 0.1982421875 0.298828125 0.056640625 0.046875
0 0.369140625 0.296875 0.0546875 0.0390625
20 0.474609375 0.294921875 0.07421875 0.08203125
1 0.1796875 0.390625 0.03515625 0.0625
6 0.2216796875 0.3798828125 0.037109375 0.041015625
0 0.3125 0.3818359375 0.05859375 0.041015625
13 0.51171875 0.3740234375 0.0234375 0.064453125
11 0.09765625 0.451171875 0.03515625 0.0625
0 0.2255859375 0.4638671875 0.056640625 0.041015625
0 0.5595703125 0.4658203125 0.060546875 0.041015625
11 0.130859375 0.5361328125 0.03515625 0.060546875
13 0.1640625 0.5380859375 0.02734375 0.064453125
4 0.421875 0.5439453125 0.03125 0.048828125
0 0.2177734375 0.6328125 0.052734375 0.0390625
18 0.513671875 0.6298828125 0.03515625 0.048828125
5 0.115234375 0.7138671875 0.03515625 0.041015625
13 0.43359375 0.7080078125 0.0234375 0.064453125
