8 0.185546875 0.0478515625 0.04296875 0.044921875
1 0.23046875 0.056640625 0.0390625 0.0625
2 0.3056640625 0.05078125 0.029296875 0.04296875
8 0.1826171875 0.1318359375 0.037109375 0.041015625
2 0.220703125 0.130859375 0.03125 0.04296875
0 0.2646484375 0.1318359375 0.056640625 0.041015625
15 0.3740234375 0.123046875 0.076171875 0.06640625
18 0.0283203125 0.208984375 0.037109375 0.05078125
0 0.390625 0.2158203125 0.05859375 0.041015625
9 0.62109375 0.21875 0.03515625 0.046875
9 0.0869140625 0.296875 0.033203125 0.04296875
0 0.1513671875 0.298828125 0.060546875 0.046875
13 0.3427734375 0.29296875 0.021484375 0.06640625
0 0.4208984375 0.302734375 0.060546875 0.04296875
0 0.0830078125 0.3818359375 0.052734375 0.041015625
1 0.2138671875 0.3916015625 0.033203125 0.060546875
0 0.0146484375 0.462890625 0.060546875 0.04296875
1 0.1650390625 0.474609375 0.037109375 0.0625
0 0.4580078125 0.4677734375 0.060546875 0.041015625
14 0.326171875 0.541015625 0.015625 0.0625
9 0.458984375 0.5546875 0.03515625 0.04296875
9 0.1865234375 0.6318359375 0.033203125 0.041015625
8 0.2373046875 0.6376953125 0.037109375 0.037109375
8 0.31640625 0.6357421875 0.0390625 0.037109375
9 0.0126953125 0.7119140625 0.033203125 0.041015625
0 0.1357421875 0.716796875 0.060546875 0.04296875
8 0.494140625 0.7197265625 0.0390625 0.041015625
