22 0.431640625 0.10546875 0.0859375 0.0859375
11 0.529296875 0.0810546875 0.0859375 0.134765625
4 0.7119140625 0.1025390625 0.072265625 0.111328125
14 0.1904296875 0.2802734375 0.044921875 0.138671875
5 0.2666015625 0.3056640625 0.083984375 0.095703125
4 0.345703125 0.2958984375 0.0625 0.115234375
11 0.5771484375 0.2822265625 0.095703125 0.138671875
0 0.087890625 0.5068359375 0.140625 0.095703125
21 0.2412109375 0.53125 0.099609375 0.1328125
14 0.642578125 0.490234375 0.0390625 0.140625
13 0.6865234375 0.4912109375 0.048828125 0.142578125
2 0.095703125 0.697265625 0.07421875 0.1015625
4 0.173828125 0.6943359375 0.06640625 0.103515625
5 0.28125 0.70703125 0.08984375 0.09375
11 0.37890625 0.6826171875 0.08984375 0.134765625
14 0.6083984375 0.6689453125 0.037109375 0.099609375
