0 0.111328125 0.0625 0.0546875 0.0390625
7 0.251953125 0.0712890625 0.0390625 0.052734375
0 0.4736328125 0.0673828125 0.052734375 0.037109375
8 0.0341796875 0.1416015625 0.033203125 0.037109375
2 0.1689453125 0.1376953125 0.029296875 0.037109375
22 0.33984375 0.1435546875 0.03515625 0.037109375
11 0.3798828125 0.1337890625 0.033203125 0.060546875
2 0.13671875 0.2216796875 0.03125 0.037109375
24 0.1748046875 0.2294921875 0.041015625 0.048828125
1 0.3544921875 0.2314453125 0.033203125 0.048828125
19 0.525390625 0.22265625 0.02734375 0.03515625
2 0.1416015625 0.2978515625 0.029296875 0.033203125
11 0.3232421875 0.2900390625 0.033203125 0.056640625
5 0.3642578125 0.302734375 0.033203125 0.03515625
8 0.4013671875 0.3017578125 0.033203125 0.033203125
22 0.1123046875 0.3779296875 0.037109375 0.037109375
18 0.2490234375 0.3662109375 0.041015625 0.056640625
11 0.3271484375 0.3681640625 0.033203125 0.056640625
5 0.3642578125 0.376953125 0.029296875 0.03515625
8 0.40234375 0.376953125 0.03515625 0.03515625
4 0.4375 0.3759765625 0.0234375 0.041015625
13 0.470703125 0.3681640625 0.01953125 0.060546875
5 0.3447265625 0.45703125 0.033203125 0.03515625
6 0.3828125 0.458984375 0.03515625 0.03515625
2 0.5166015625 0.4580078125 0.029296875 0.033203125
8 0.1455078125 0.5322265625 0.033203125 0.033203125
4 0.1806640625 0.5302734375 0.021484375 0.037109375
13 0.3291015625 0.5244140625 0.017578125 0.056640625
0 0.5478515625 0.5380859375 0.052734375 0.037109375
18 0.1328125 0.6005859375 0.0390625 0.052734375
2 0.1767578125 0.6083984375 0.029296875 0.033203125
22 0.27734375 0.611328125 0.03515625 0.03515625
14 0.3173828125 0.6005859375 0.013671875 0.056640625
22 0.34765625 0.61328125 0.03515625 0.03515625
6 0.4228515625 0.615234375 0.033203125 0.03515625
6 0.4609375 0.6142578125 0.03515625 0.037109375
23 0.55859375 0.6181640625 0.03125 0.037109375
12 0.0078125 0.673828125 0.0390625 0.05859375
9 0.0927734375 0.681640625 0.033203125 0.03515625
1 0.1376953125 0.6943359375 0.033203125 0.048828125
23 0.2421875 0.685546875 0.03125 0.03515625
2 0.2763671875 0.6845703125 0.029296875 0.033203125
7 0.314453125 0.6943359375 0.0390625 0.048828125
