13 0.232421875 0.04296875 0.02734375 0.08203125
22 0.5 0.060546875 0.03515625 0.0390625
4 0.6181640625 0.0595703125 0.021484375 0.041015625
14 0.0458984375 0.130859375 0.013671875 0.05859375
2 0.0732421875 0.1416015625 0.029296875 0.037109375
6 0.1083984375 0.1416015625 0.033203125 0.037109375
5 0.1474609375 0.1435546875 0.033203125 0.037109375
9 0.240234375 0.1416015625 0.03125 0.037109375
14 0.275390625 0.1279296875 0.0546875 0.064453125
5 0.306640625 0.1416015625 0.03515625 0.037109375
8 0.3427734375 0.14453125 0.033203125 0.03515625
5 0.4453125 0.1435546875 0.03515625 0.037109375
9 0.4833984375 0.140625 0.033203125 0.0390625
0 0.5400390625 0.138671875 0.052734375 0.03515625
0 0.0 0.22265625 0.0546875 0.0390625
2 0.2041015625 0.220703125 0.029296875 0.03515625
24 0.23828125 0.224609375 0.03515625 0.046875
0 0.44140625 0.2197265625 0.0546875 0.037109375
5 0.4912109375 0.216796875 0.033203125 0.0390625
8 0.525390625 0.2177734375 0.03515625 0.037109375
6 0.5654296875 0.2177734375 0.033203125 0.033203125
9 0.6064453125 0.2158203125 0.033203125 0.037109375
8 0.0703125 0.3017578125 0.03515625 0.037109375
1 0.2255859375 0.306640625 0.033203125 0.05078125
18 0.337890625 0.2919921875 0.0390625 0.048828125
13 0.37109375 0.2783203125 0.01953125 0.080078125
2 0.4267578125 0.298828125 0.029296875 0.03515625
8 0.109375 0.37890625 0.03515625 0.03515625
22 0.1513671875 0.3759765625 0.033203125 0.037109375
5 0.3232421875 0.4541015625 0.033203125 0.037109375
1 0.38671875 0.4609375 0.03515625 0.05078125
5 0.552734375 0.4521484375 0.03125 0.037109375
18 0.59375 0.44140625 0.04296875 0.05859375
0 0.0576171875 0.5341796875 0.056640625 0.037109375
5 0.1064453125 0.5322265625 0.033203125 0.037109375
14 0.19921875 0.5224609375 0.015625 0.060546875
4 0.259765625 0.5322265625 0.0234375 0.041015625
5 0.2880859375 0.537109375 0.033203125 0.03515625
14 0.326171875 0.51953125 0.015625 0.05859375
13 0.421875 0.5146484375 0.01953125 0.076171875
11 0.59375 0.5205078125 0.0390625 0.060546875
9 0.1220703125 0.609375 0.033203125 0.03515625
4 0.31640625 0.6123046875 0.0234375 0.041015625
12 0.4619140625 0.603515625 0.037109375 0.06640625
13 0.4931640625 0.6025390625 0.021484375 0.068359375
9 0.0458984375 0.6865234375 0.033203125 0.037109375
0 0.1435546875 0.6884765625 0.052734375 0.037109375
0 0.2021484375 0.6875 0.052734375 0.03515625
0 0.39453125 0.6884765625 0.0546875 0.033203125
23 0.474609375 0.6875 0.03125 0.03515625
23 0.5908203125 0.6884765625 0.029296875 0.033203125
