28 0.326171875 0.029296875 0.046875 0.0625
2 0.373046875 0.041015625 0.02734375 0.03515625
18 0.4111328125 0.0283203125 0.041015625 0.056640625
8 0.4609375 0.0380859375 0.03515625 0.033203125
2 0.5009765625 0.037109375 0.029296875 0.03515625
0 0.5556640625 0.037109375 0.052734375 0.03515625
19 0.6044921875 0.03515625 0.029296875 0.03515625
5 0.212890625 0.1171875 0.03515625 0.03515625
6 0.251953125 0.1181640625 0.03515625 0.037109375
4 0.28515625 0.1162109375 0.0234375 0.041015625
23 0.357421875 0.1181640625 0.03125 0.037109375
2 0.3896484375 0.115234375 0.029296875 0.03515625
18 0.42578125 0.10546875 0.04296875 0.05859375
5 0.5498046875 0.1142578125 0.033203125 0.037109375
4 0.6220703125 0.1103515625 0.025390625 0.041015625
5 0.1435546875 0.27734375 0.033203125 0.03515625
14 0.2421875 0.2626953125 0.015625 0.060546875
22 0.2724609375 0.275390625 0.033203125 0.03515625
1 0.3125 0.279296875 0.03515625 0.05078125
32 0.501953125 0.265625 0.04296875 0.078125
8 0.17578125 0.3544921875 0.03515625 0.037109375
11 0.2587890625 0.33984375 0.037109375 0.0625
5 0.4384765625 0.3505859375 0.037109375 0.037109375
2 0.0087890625 0.43359375 0.029296875 0.03515625
13 0.1875 0.4189453125 0.01953125 0.060546875
5 0.21875 0.427734375 0.03515625 0.03515625
2 0.263671875 0.427734375 0.02734375 0.0390625
24 0.2998046875 0.43359375 0.037109375 0.04296875
14 0.400390625 0.4169921875 0.015625 0.056640625
5 0.4296875 0.427734375 0.03515625 0.03515625
7 0.4892578125 0.4345703125 0.064453125 0.052734375
13 0.0009765625 0.5009765625 0.017578125 0.060546875
0 0.2802734375 0.50390625 0.052734375 0.03515625
6 0.326171875 0.5048828125 0.03515625 0.033203125
5 0.5234375 0.5029296875 0.03515625 0.037109375
8 0.55859375 0.5029296875 0.03515625 0.033203125
6 0.6005859375 0.501953125 0.037109375 0.03515625
1 0.013671875 0.5947265625 0.03515625 0.048828125
7 0.1416015625 0.58984375 0.041015625 0.046875
14 0.1787109375 0.5673828125 0.013671875 0.056640625
5 0.2099609375 0.58203125 0.033203125 0.03515625
6 0.3359375 0.580078125 0.03125 0.03515625
9 0.3759765625 0.580078125 0.033203125 0.03515625
18 0.0244140625 0.6513671875 0.037109375 0.056640625
5 0.06640625 0.6611328125 0.03515625 0.033203125
5 0.1748046875 0.658203125 0.033203125 0.03515625
22 0.279296875 0.6591796875 0.03515625 0.037109375
7 0.330078125 0.66796875 0.0390625 0.05078125
0 0.3837890625 0.658203125 0.052734375 0.0390625
0 0.5673828125 0.658203125 0.052734375 0.03515625
13 0.0048828125 0.720703125 0.021484375 0.08203125
2 0.279296875 0.734375 0.03125 0.03515625
2 0.4052734375 0.7353515625 0.033203125 0.037109375
22 0.6103515625 0.736328125 0.037109375 0.03515625
