16 0.064453125 0.0390625 0.05078125 0.0390625
5 0.203125 0.0400390625 0.03515625 0.037109375
18 0.2421875 0.0302734375 0.0390625 0.056640625
13 0.4150390625 0.029296875 0.021484375 0.0625
9 0.4462890625 0.0361328125 0.033203125 0.037109375
13 0.541015625 0.029296875 0.01953125 0.0625
1 0.5732421875 0.0458984375 0.033203125 0.052734375
5 0.6953125 0.0400390625 0.03125 0.037109375
5 0.2197265625 0.1201171875 0.033203125 0.033203125
4 0.291015625 0.1181640625 0.0234375 0.041015625
8 0.439453125 0.119140625 0.03515625 0.03515625
22 0.484375 0.1201171875 0.03515625 0.037109375
5 0.744140625 0.119140625 0.03515625 0.03515625
1 0.05859375 0.20703125 0.03515625 0.05078125
5 0.140625 0.197265625 0.03515625 0.03515625
16 0.2353515625 0.1962890625 0.044921875 0.041015625
8 0.28125 0.2001953125 0.03515625 0.033203125
0 0.3671875 0.1953125 0.0546875 0.03515625
8 0.609375 0.1953125 0.03515625 0.03515625
0 0.0654296875 0.275390625 0.052734375 0.03515625
8 0.3779296875 0.275390625 0.033203125 0.03515625
18 0.4228515625 0.2607421875 0.041015625 0.056640625
22 0.4677734375 0.275390625 0.033203125 0.03515625
22 0.6376953125 0.2734375 0.033203125 0.0390625
5 0.6884765625 0.2724609375 0.033203125 0.037109375
12 0.30078125 0.3447265625 0.0390625 0.068359375
22 0.345703125 0.3544921875 0.03515625 0.037109375
19 0.66015625 0.349609375 0.02734375 0.03515625
5 0.109375 0.431640625 0.03125 0.03515625
8 0.1455078125 0.435546875 0.033203125 0.03515625
5 0.234375 0.4296875 0.03515625 0.0390625
7 0.283203125 0.4404296875 0.0390625 0.052734375
