8 0.029296875 0.1689453125 0.08203125 0.126953125
7 0.16015625 0.181640625 0.09765625 0.12890625
8 0.369140625 0.1513671875 0.09375 0.091796875
4 0.6298828125 0.1513671875 0.064453125 0.103515625
2 0.119140625 0.3486328125 0.07421875 0.091796875
22 0.1982421875 0.3525390625 0.083984375 0.087890625
6 0.3212890625 0.3525390625 0.095703125 0.087890625
7 0.64453125 0.3798828125 0.09765625 0.130859375
23 0.126953125 0.5517578125 0.0703125 0.083984375
2 0.1982421875 0.5537109375 0.064453125 0.087890625
5 0.462890625 0.552734375 0.09375 0.08984375
18 0.564453125 0.5380859375 0.08984375 0.123046875
14 0.3115234375 0.728515625 0.044921875 0.13671875
14 0.642578125 0.7314453125 0.046875 0.130859375
13 0.6904296875 0.7353515625 0.048828125 0.138671875
