7 0.3125 0.4111328125 0.0390625 0.076171875
5 0.080078125 0.4931640625 0.03515625 0.044921875
0 0.203125 0.4912109375 0.05859375 0.044921875
7 0.2666015625 0.50390625 0.037109375 0.05859375
8 0.45703125 0.494140625 0.0390625 0.04296875
4 0.494140625 0.48828125 0.03125 0.05078125
4 0.494140625 0.48828125 0.03125 0.05078125
5 0.6455078125 0.4931640625 0.033203125 0.041015625
0 0.6943359375 0.4921875 0.056640625 0.04296875
8 0.478515625 0.580078125 0.0390625 0.04296875
4 0.1484375 0.6640625 0.03125 0.04296875
0 0.4814453125 0.6640625 0.060546875 0.04296875
13 0.5595703125 0.65625 0.021484375 0.0625
7 0.658203125 0.67578125 0.0390625 0.05859375
5 0.69921875 0.6630859375 0.03515625 0.041015625
0 0.1328125 0.748046875 0.0546875 0.04296875
