9 0.0771484375 0.0419921875 0.037109375 0.044921875
8 0.1904296875 0.044921875 0.041015625 0.04296875
5 0.0322265625 0.1376953125 0.037109375 0.041015625
6 0.07421875 0.1357421875 0.0390625 0.044921875
2 0.20703125 0.134765625 0.03125 0.04296875
5 0.28125 0.13671875 0.0390625 0.04296875
7 0.0263671875 0.234375 0.041015625 0.05859375
22 0.103515625 0.224609375 0.0390625 0.04296875
5 0.013671875 0.3134765625 0.03515625 0.041015625
18 0.068359375 0.306640625 0.0390625 0.0546875
2 0.1650390625 0.310546875 0.029296875 0.04296875
23 0.19921875 0.3095703125 0.03515625 0.041015625
13 0.0390625 0.3935546875 0.01953125 0.064453125
8 0.126953125 0.4013671875 0.0390625 0.041015625
18 0.169921875 0.390625 0.0390625 0.0546875
0 0.2685546875 0.396484375 0.060546875 0.04296875
22 0.0166015625 0.48828125 0.037109375 0.0390625
0 0.08984375 0.4853515625 0.0546875 0.041015625
6 0.015625 0.5732421875 0.0390625 0.044921875
14 0.080078125 0.5625 0.01953125 0.0625
2 0.2431640625 0.572265625 0.029296875 0.0390625
9 0.28125 0.5654296875 0.0390625 0.044921875
