22 0.212890625 0.1162109375 0.08203125 0.083984375
1 0.478515625 0.1337890625 0.0859375 0.130859375
0 0.025390625 0.32421875 0.140625 0.08984375
7 0.2431640625 0.345703125 0.099609375 0.1328125
16 0.134765625 0.52734375 0.09765625 0.0859375
22 0.2353515625 0.521484375 0.083984375 0.0859375
14 0.30859375 0.4990234375 0.04296875 0.130859375
6 0.359375 0.5224609375 0.04296875 0.080078125
8 0.4833984375 0.517578125 0.099609375 0.09375
16 0.11328125 0.7255859375 0.09375 0.083984375
11 0.21875 0.6962890625 0.09375 0.134765625
13 0.2890625 0.7021484375 0.0390625 0.138671875
16 0.38671875 0.7197265625 0.09765625 0.080078125
22 0.4921875 0.7177734375 0.08203125 0.087890625
