18 0.2265625 0.0361328125 0.0390625 0.056640625
2 0.271484375 0.04296875 0.02734375 0.03515625
23 0.396484375 0.0419921875 0.03125 0.033203125
2 0.5126953125 0.037109375 0.029296875 0.03515625
1 0.5615234375 0.04296875 0.037109375 0.05078125
6 0.6015625 0.037109375 0.03515625 0.03515625
22 0.6416015625 0.0341796875 0.033203125 0.037109375
18 0.685546875 0.0224609375 0.0390625 0.056640625
5 0.0615234375 0.1279296875 0.033203125 0.037109375
7 0.154296875 0.1357421875 0.0390625 0.052734375
5 0.4775390625 0.1162109375 0.033203125 0.037109375
0 0.53515625 0.11328125 0.03515625 0.03515625
6 0.5751953125 0.1142578125 0.037109375 0.037109375
19 0.6201171875 0.19140625 0.025390625 0.03515625
23 0.0849609375 0.2841796875 0.029296875 0.033203125
2 0.1171875 0.28125 0.02734375 0.03515625
0 0.4228515625 0.275390625 0.052734375 0.03515625
9 0.11328125 0.3623046875 0.03515625 0.037109375
0 0.24609375 0.3603515625 0.03515625 0.037109375
7 0.2880859375 0.3642578125 0.037109375 0.052734375
0 0.4638671875 0.349609375 0.052734375 0.03515625
6 0.51171875 0.349609375 0.03515625 0.03515625
9 0.55078125 0.349609375 0.03515625 0.0390625
22 0.2451171875 0.439453125 0.060546875 0.03515625
18 0.322265625 0.4228515625 0.04296875 0.056640625
4 0.404296875 0.431640625 0.0234375 0.0390625
6 0.43359375 0.4296875 0.03125 0.03515625
2 0.5400390625 0.42578125 0.048828125 0.0390625
4 0.5400390625 0.42578125 0.048828125 0.0390625
2 0.5986328125 0.4287109375 0.029296875 0.037109375
22 0.6962890625 0.4248046875 0.056640625 0.037109375
4 0.740234375 0.4228515625 0.0234375 0.041015625
5 0.740234375 0.4228515625 0.0234375 0.041015625
18 0.5029296875 0.5 0.041015625 0.046875
13 0.537109375 0.4921875 0.01953125 0.05859375
2 0.197265625 0.5849609375 0.02734375 0.033203125
7 0.419921875 0.58984375 0.0390625 0.05078125
7 0.74609375 0.5830078125 0.0390625 0.048828125
7 0.74609375 0.5830078125 0.0390625 0.048828125
8 0.1513671875 0.666015625 0.033203125 0.03515625
14 0.3369140625 0.6484375 0.013671875 0.05859375
5 0.4013671875 0.66015625 0.033203125 0.03515625
23 0.6279296875 0.6220703125 0.025390625 0.013671875
23 0.6279296875 0.6220703125 0.025390625 0.013671875
13 0.0595703125 0.736328125 0.021484375 0.0625
8 0.15625 0.74609375 0.03515625 0.03515625
9 0.197265625 0.7431640625 0.03515625 0.037109375
12 0.3212890625 0.7275390625 0.037109375 0.064453125
18 0.455078125 0.7294921875 0.0390625 0.048828125
22 0.53515625 0.7353515625 0.03515625 0.037109375
0 0.66015625 0.7333984375 0.0546875 0.037109375
5 0.708984375 0.7314453125 0.03515625 0.037109375
