13 0.0087890625 0.0693359375 0.052734375 0.142578125
0 0.3525390625 0.0859375 0.138671875 0.09375
14 0.546875 0.0673828125 0.046875 0.138671875
6 0.6240234375 0.0908203125 0.091796875 0.087890625
2 0.7333984375 0.0908203125 0.068359375 0.091796875
7 0.0322265625 0.314453125 0.099609375 0.140625
13 0.171875 0.267578125 0.046875 0.140625
6 0.2470703125 0.287109375 0.091796875 0.08984375
5 0.3515625 0.2822265625 0.08984375 0.095703125
4 0.4404296875 0.2822265625 0.064453125 0.107421875
8 0.6962890625 0.29296875 0.095703125 0.09375
8 0.060546875 0.494140625 0.08984375 0.09375
22 0.1552734375 0.4912109375 0.083984375 0.091796875
4 0.373046875 0.4814453125 0.06640625 0.111328125
5 0.4716796875 0.498046875 0.087890625 0.08984375
6 0.5673828125 0.4951171875 0.095703125 0.087890625
6 0.62109375 0.6923828125 0.0859375 0.091796875
7 0.720703125 0.71875 0.1015625 0.1328125
