3 0.248046875 0.123046875 0.12109375 0.1484375
23 0.6806640625 0.1435546875 0.068359375 0.080078125
8 0.265625 0.341796875 0.09375 0.0859375
6 0.365234375 0.341796875 0.09375 0.0859375
2 0.474609375 0.33984375 0.0703125 0.0859375
8 0.7373046875 0.341796875 0.095703125 0.08984375
11 0.06640625 0.515625 0.09375 0.1328125
13 0.1376953125 0.51953125 0.041015625 0.140625
2 0.22265625 0.5380859375 0.0703125 0.087890625
8 0.484375 0.537109375 0.09765625 0.08984375
6 0.5888671875 0.5390625 0.095703125 0.08984375
0 0.7099609375 0.54296875 0.138671875 0.08984375
8 0.099609375 0.73828125 0.09765625 0.09375
5 0.2041015625 0.7421875 0.087890625 0.08984375
0 0.658203125 0.74609375 0.13671875 0.0859375
