13 0.353515625 0.0537109375 0.0234375 0.083984375
0 0.517578125 0.0693359375 0.05859375 0.041015625
12 0.283203125 0.1533203125 0.03515625 0.080078125
14 0.0771484375 0.23046875 0.021484375 0.0625
0 0.15625 0.23828125 0.05859375 0.04296875
11 0.5029296875 0.22265625 0.037109375 0.0625
29 0.0771484375 0.32421875 0.080078125 0.0859375
0 0.3271484375 0.322265625 0.060546875 0.04296875
5 0.3779296875 0.3203125 0.033203125 0.04296875
21 0.4150390625 0.3310546875 0.037109375 0.056640625
6 0.5 0.318359375 0.04296875 0.0390625
8 0.1171875 0.4072265625 0.04296875 0.044921875
13 0.1884765625 0.396484375 0.025390625 0.0625
6 0.2607421875 0.404296875 0.044921875 0.0390625
6 0.568359375 0.4013671875 0.04296875 0.041015625
7 0.62109375 0.41015625 0.0390625 0.05859375
8 0.119140625 0.490234375 0.0390625 0.04296875
12 0.4599609375 0.4873046875 0.033203125 0.076171875
8 0.5400390625 0.484375 0.041015625 0.04296875
2 0.5791015625 0.482421875 0.029296875 0.04296875
14 0.5068359375 0.55859375 0.017578125 0.0625
0 0.689453125 0.5654296875 0.05859375 0.041015625
0 0.1318359375 0.65625 0.056640625 0.04296875
14 0.2275390625 0.6435546875 0.017578125 0.064453125
2 0.2529296875 0.6533203125 0.029296875 0.044921875
0 0.3544921875 0.6552734375 0.060546875 0.044921875
5 0.7353515625 0.6474609375 0.037109375 0.041015625
0 0.3994140625 0.7373046875 0.056640625 0.041015625
20 0.55078125 0.7333984375 0.08203125 0.087890625
0 0.7236328125 0.7314453125 0.056640625 0.041015625
