2 0.462890625 0.0732421875 0.03125 0.037109375
8 0.4970703125 0.07421875 0.033203125 0.03515625
5 0.5390625 0.0751953125 0.03515625 0.037109375
4 0.1162109375 0.1484375 0.025390625 0.04296875
12 0.318359375 0.1416015625 0.0390625 0.068359375
14 0.0634765625 0.2197265625 0.017578125 0.060546875
0 0.138671875 0.228515625 0.0546875 0.03515625
1 0.4951171875 0.2421875 0.037109375 0.05078125
8 0.3525390625 0.3095703125 0.033203125 0.037109375
6 0.4970703125 0.3134765625 0.037109375 0.037109375
13 0.5732421875 0.3017578125 0.021484375 0.064453125
1 0.61328125 0.3173828125 0.03515625 0.052734375
5 0.28515625 0.390625 0.03515625 0.03515625
12 0.3349609375 0.37890625 0.037109375 0.06640625
9 0.4765625 0.3916015625 0.03515625 0.037109375
0 0.533203125 0.3935546875 0.0546875 0.037109375
6 0.583984375 0.392578125 0.03515625 0.03515625
14 0.1484375 0.453125 0.015625 0.05859375
13 0.583984375 0.525390625 0.01953125 0.08203125
5 0.0703125 0.6220703125 0.03515625 0.037109375
8 0.1064453125 0.6220703125 0.033203125 0.037109375
6 0.1474609375 0.6201171875 0.037109375 0.037109375
5 0.2001953125 0.6181640625 0.033203125 0.037109375
21 0.2421875 0.6259765625 0.046875 0.056640625
2 0.2822265625 0.6181640625 0.033203125 0.037109375
0 0.4560546875 0.62109375 0.056640625 0.0390625
7 0.5849609375 0.62890625 0.064453125 0.0546875
5 0.3642578125 0.697265625 0.037109375 0.03515625
1 0.5380859375 0.70703125 0.037109375 0.05078125
0 0.7431640625 0.7001953125 0.056640625 0.037109375
