22 0.1376953125 0.0615234375 0.037109375 0.037109375
8 0.30859375 0.064453125 0.03515625 0.03515625
8 0.73046875 0.0595703125 0.03515625 0.037109375
38 0.162109375 0.134765625 0.0703125 0.078125
10 0.2763671875 0.1279296875 0.029296875 0.060546875
8 0.44140625 0.1376953125 0.03515625 0.037109375
22 0.4814453125 0.138671875 0.033203125 0.03515625
12 0.7099609375 0.12890625 0.037109375 0.06640625
0 0.21484375 0.21875 0.0546875 0.03515625
9 0.388671875 0.21875 0.03515625 0.0390625
14 0.4560546875 0.2080078125 0.013671875 0.060546875
2 0.5732421875 0.2197265625 0.029296875 0.037109375
8 0.609375 0.21875 0.03515625 0.03515625
9 0.388671875 0.2939453125 0.03515625 0.037109375
0 0.4462890625 0.2978515625 0.052734375 0.037109375
22 0.5498046875 0.296875 0.033203125 0.03515625
8 0.6376953125 0.296875 0.033203125 0.03515625
38 0.1552734375 0.3662109375 0.068359375 0.064453125
0 0.1611328125 0.455078125 0.052734375 0.03515625
2 0.2080078125 0.455078125 0.029296875 0.03515625
13 0.3056640625 0.4375 0.017578125 0.078125
8 0.3857421875 0.4580078125 0.033203125 0.033203125
22 0.4267578125 0.4560546875 0.033203125 0.033203125
7 0.6318359375 0.462890625 0.041015625 0.05078125
14 0.2236328125 0.521484375 0.013671875 0.0546875
2 0.2626953125 0.5341796875 0.029296875 0.033203125
13 0.333984375 0.5224609375 0.03125 0.060546875
5 0.3720703125 0.53125 0.033203125 0.03515625
0 0.42578125 0.53125 0.03515625 0.03515625
9 0.583984375 0.5322265625 0.03515625 0.037109375
2 0.634765625 0.52734375 0.03125 0.03515625
24 0.6787109375 0.537109375 0.037109375 0.04296875
7 0.7197265625 0.5380859375 0.037109375 0.052734375
6 0.3359375 0.609375 0.03515625 0.03515625
0 0.3916015625 0.6083984375 0.052734375 0.033203125
0 0.6123046875 0.6083984375 0.056640625 0.037109375
4 0.2431640625 0.6865234375 0.025390625 0.041015625
0 0.2958984375 0.6865234375 0.052734375 0.033203125
