2 0.2490234375 0.005859375 0.068359375 0.0859375
11 0.0751953125 0.185546875 0.087890625 0.1328125
5 0.1708984375 0.2119140625 0.083984375 0.087890625
23 0.041015625 0.4111328125 0.0703125 0.083984375
22 0.32421875 0.40625 0.0859375 0.0859375
13 0.3974609375 0.380859375 0.044921875 0.13671875
5 0.47265625 0.40625 0.0859375 0.08984375
9 0.02734375 0.607421875 0.0859375 0.09375
13 0.1181640625 0.5859375 0.048828125 0.1328125
12 0.2001953125 0.5859375 0.107421875 0.12890625
0 0.4755859375 0.6298828125 0.095703125 0.130859375
