8 0.0380859375 0.0224609375 0.095703125 0.087890625
22 0.140625 0.0224609375 0.08203125 0.083984375
2 0.287109375 0.0205078125 0.0703125 0.087890625
0 0.58203125 0.013671875 0.140625 0.0859375
16 0.4873046875 0.21875 0.099609375 0.0859375
22 0.5927734375 0.2109375 0.087890625 0.0859375
14 0.6728515625 0.1904296875 0.041015625 0.130859375
2 0.73828125 0.2109375 0.06640625 0.08203125
14 0.193359375 0.39453125 0.04296875 0.1328125
22 0.2666015625 0.4169921875 0.080078125 0.087890625
0 0.5244140625 0.416015625 0.142578125 0.0859375
4 0.6494140625 0.4052734375 0.068359375 0.107421875
14 0.1103515625 0.599609375 0.044921875 0.1328125
14 0.1572265625 0.5986328125 0.044921875 0.138671875
13 0.2041015625 0.599609375 0.044921875 0.140625
2 0.373046875 0.6220703125 0.07421875 0.083984375
14 0.5546875 0.5947265625 0.03515625 0.130859375
13 0.5986328125 0.591796875 0.044921875 0.140625
22 0.6728515625 0.6142578125 0.083984375 0.087890625
