7 0.197265625 0.0166015625 0.08984375 0.126953125
7 0.7333984375 0.015625 0.095703125 0.125
8 0.0654296875 0.1943359375 0.091796875 0.087890625
2 0.1572265625 0.19140625 0.068359375 0.09375
19 0.228515625 0.1923828125 0.05859375 0.091796875
8 0.478515625 0.1875 0.08984375 0.08984375
6 0.580078125 0.1875 0.09375 0.08203125
16 0.6953125 0.1875 0.1015625 0.0859375
6 0.4462890625 0.390625 0.091796875 0.0859375
7 0.5458984375 0.4140625 0.091796875 0.125
22 0.1416015625 0.5869140625 0.080078125 0.087890625
8 0.2705078125 0.58984375 0.091796875 0.08984375
6 0.37109375 0.587890625 0.09375 0.0859375
14 0.4462890625 0.564453125 0.048828125 0.13671875
14 0.5 0.56640625 0.0390625 0.1328125
6 0.572265625 0.5908203125 0.08984375 0.087890625
