5 0.6943359375 0.0048828125 0.037109375 0.041015625
9 0.7353515625 0.005859375 0.037109375 0.04296875
22 0.0048828125 0.080078125 0.037109375 0.0390625
5 0.0859375 0.0830078125 0.03515625 0.041015625
7 0.1435546875 0.091796875 0.056640625 0.05859375
1 0.2109375 0.0927734375 0.0390625 0.060546875
9 0.396484375 0.0849609375 0.03515625 0.041015625
0 0.458984375 0.0859375 0.05859375 0.0390625
18 0.51171875 0.078125 0.0390625 0.05078125
21 0.6259765625 0.0986328125 0.041015625 0.056640625
13 0.2978515625 0.166015625 0.021484375 0.0625
2 0.3720703125 0.173828125 0.029296875 0.04296875
13 0.2138671875 0.25390625 0.021484375 0.06640625
5 0.2822265625 0.2646484375 0.041015625 0.041015625
23 0.3798828125 0.26171875 0.029296875 0.0390625
9 0.4814453125 0.263671875 0.037109375 0.04296875
0 0.66015625 0.2705078125 0.0625 0.041015625
14 0.0 0.3388671875 0.01953125 0.060546875
4 0.24609375 0.345703125 0.0234375 0.05078125
2 0.4228515625 0.349609375 0.029296875 0.0390625
11 0.4580078125 0.3427734375 0.037109375 0.056640625
23 0.6494140625 0.3564453125 0.029296875 0.037109375
22 0.6845703125 0.3583984375 0.037109375 0.037109375
5 0.7314453125 0.359375 0.033203125 0.0390625
8 0.1669921875 0.4384765625 0.041015625 0.041015625
8 0.25390625 0.4384765625 0.04296875 0.041015625
22 0.4248046875 0.4384765625 0.037109375 0.037109375
5 0.7021484375 0.4462890625 0.037109375 0.041015625
5 0.0673828125 0.525390625 0.037109375 0.04296875
0 0.248046875 0.5302734375 0.05859375 0.041015625
6 0.302734375 0.52734375 0.04296875 0.0390625
0 0.353515625 0.5263671875 0.05859375 0.041015625
1 0.41796875 0.5380859375 0.0390625 0.056640625
5 0.5048828125 0.5302734375 0.037109375 0.041015625
0 0.6650390625 0.5341796875 0.060546875 0.041015625
2 0.71484375 0.5380859375 0.03125 0.041015625
18 0.0185546875 0.6064453125 0.041015625 0.056640625
13 0.0634765625 0.6064453125 0.021484375 0.064453125
22 0.134765625 0.6162109375 0.03515625 0.041015625
9 0.1748046875 0.615234375 0.037109375 0.04296875
1 0.2314453125 0.625 0.037109375 0.05859375
6 0.2763671875 0.619140625 0.041015625 0.0390625
6 0.3759765625 0.6171875 0.041015625 0.0390625
9 0.3447265625 0.70703125 0.037109375 0.04296875
13 0.5 0.69921875 0.01953125 0.06640625
23 0.66796875 0.712890625 0.03125 0.04296875
21 0.748046875 0.724609375 0.04296875 0.05859375
