13 0.0458984375 0.01953125 0.021484375 0.078125
21 0.1337890625 0.04296875 0.041015625 0.0546875
7 0.318359375 0.0361328125 0.02734375 0.052734375
8 0.4072265625 0.0234375 0.033203125 0.03515625
2 0.4482421875 0.021484375 0.033203125 0.03515625
7 0.533203125 0.029296875 0.0390625 0.05078125
5 0.595703125 0.0166015625 0.03515625 0.037109375
6 0.0166015625 0.12109375 0.033203125 0.03515625
4 0.0986328125 0.1142578125 0.021484375 0.037109375
13 0.2109375 0.091796875 0.01953125 0.08203125
14 0.287109375 0.095703125 0.015625 0.05859375
23 0.4140625 0.1015625 0.03125 0.03515625
19 0.5712890625 0.0966796875 0.025390625 0.033203125
18 0.7060546875 0.0791015625 0.041015625 0.056640625
2 0.0419921875 0.201171875 0.029296875 0.03515625
8 0.08984375 0.1943359375 0.03515625 0.037109375
22 0.12890625 0.1923828125 0.03515625 0.037109375
9 0.1708984375 0.1904296875 0.037109375 0.037109375
6 0.2578125 0.1884765625 0.03515625 0.037109375
20 0.447265625 0.173828125 0.05859375 0.078125
22 0.609375 0.171875 0.03515625 0.0390625
14 0.7177734375 0.158203125 0.017578125 0.05859375
22 0.7470703125 0.1669921875 0.033203125 0.037109375
8 0.0859375 0.2734375 0.03515625 0.03515625
2 0.126953125 0.2705078125 0.03125 0.037109375
6 0.2802734375 0.2646484375 0.037109375 0.037109375
5 0.3212890625 0.2646484375 0.037109375 0.037109375
23 0.529296875 0.251953125 0.02734375 0.03515625
12 0.576171875 0.244140625 0.0390625 0.06640625
13 0.6845703125 0.2373046875 0.017578125 0.064453125
8 0.4228515625 0.3388671875 0.033203125 0.037109375
5 0.4638671875 0.3359375 0.033203125 0.03515625
7 0.5146484375 0.3427734375 0.060546875 0.056640625
8 0.6162109375 0.3310546875 0.017578125 0.033203125
2 0.48046875 0.4140625 0.02734375 0.03515625
19 0.525390625 0.412109375 0.02734375 0.03515625
2 0.03125 0.5087890625 0.03125 0.033203125
23 0.11328125 0.50390625 0.02734375 0.03515625
2 0.142578125 0.5009765625 0.02734375 0.033203125
12 0.3076171875 0.4873046875 0.037109375 0.060546875
5 0.3505859375 0.49609375 0.033203125 0.03515625
19 0.3837890625 0.49609375 0.025390625 0.03515625
7 0.4267578125 0.5 0.037109375 0.05078125
2 0.6962890625 0.48046875 0.029296875 0.03515625
6 0.033203125 0.5849609375 0.0390625 0.033203125
2 0.1591796875 0.578125 0.029296875 0.03515625
21 0.2958984375 0.58203125 0.048828125 0.05078125
7 0.58203125 0.5693359375 0.03515625 0.048828125
0 0.720703125 0.5576171875 0.0546875 0.037109375
9 0.369140625 0.646484375 0.03515625 0.0390625
22 0.421875 0.6494140625 0.03515625 0.037109375
7 0.466796875 0.6533203125 0.04296875 0.052734375
13 0.5 0.623046875 0.01953125 0.08203125
7 0.3193359375 0.734375 0.037109375 0.05078125
7 0.5107421875 0.73046875 0.041015625 0.05078125
2 0.6953125 0.712890625 0.03125 0.03515625
7 0.7412109375 0.720703125 0.041015625 0.05078125
