8 0.2197265625 0.15234375 0.091796875 0.0859375
2 0.314453125 0.1572265625 0.0703125 0.091796875
1 0.427734375 0.1787109375 0.08203125 0.126953125
6 0.525390625 0.1552734375 0.09765625 0.087890625
22 0.6259765625 0.150390625 0.083984375 0.0859375
8 0.2412109375 0.3505859375 0.037109375 0.087890625
22 0.3701171875 0.357421875 0.083984375 0.0859375
8 0.4697265625 0.3525390625 0.091796875 0.083984375
5 0.021484375 0.5458984375 0.0859375 0.095703125
11 0.2724609375 0.529296875 0.091796875 0.13671875
6 0.375 0.552734375 0.08984375 0.0859375
2 0.720703125 0.7431640625 0.06640625 0.087890625
