1 0.4052734375 0.369140625 0.037109375 0.0703125
6 0.4482421875 0.359375 0.037109375 0.0546875
5 0.4873046875 0.3623046875 0.037109375 0.052734375
9 0.52734375 0.3642578125 0.03515625 0.048828125
13 0.416015625 0.42578125 0.02734375 0.09375
7 0.5625 0.462890625 0.03515625 0.0625
6 0.3271484375 0.5341796875 0.041015625 0.041015625
18 0.369140625 0.529296875 0.0390625 0.0546875
0 0.59375 0.5380859375 0.05859375 0.044921875
14 0.6494140625 0.5283203125 0.017578125 0.064453125
9 0.1201171875 0.6123046875 0.037109375 0.044921875
0 0.1904296875 0.61328125 0.076171875 0.046875
14 0.1181640625 0.6845703125 0.017578125 0.064453125
18 0.2939453125 0.6982421875 0.037109375 0.052734375
