21 0.39453125 0.015625 0.0390625 0.05859375
8 0.318359375 0.171875 0.0390625 0.0390625
8 0.416015625 0.16796875 0.0390625 0.046875
8 0.4951171875 0.1669921875 0.044921875 0.041015625
5 0.6279296875 0.162109375 0.037109375 0.0390625
0 0.677734375 0.1611328125 0.05859375 0.041015625
13 0.73046875 0.1533203125 0.0234375 0.095703125
6 0.4501953125 0.2470703125 0.041015625 0.044921875
7 0.716796875 0.255859375 0.0390625 0.05859375
27 0.6162109375 0.3388671875 0.021484375 0.064453125
7 0.6669921875 0.33984375 0.037109375 0.05859375
5 0.708984375 0.3271484375 0.03515625 0.041015625
13 0.3515625 0.40234375 0.0234375 0.08203125
0 0.5107421875 0.4150390625 0.060546875 0.044921875
0 0.7236328125 0.412109375 0.056640625 0.04296875
13 0.685546875 0.4873046875 0.01953125 0.064453125
20 0.4599609375 0.5830078125 0.083984375 0.087890625
0 0.6259765625 0.583984375 0.056640625 0.04296875
9 0.71484375 0.5810546875 0.03515625 0.041015625
