9 0.490234375 0.0224609375 0.03125 0.037109375
19 0.537109375 0.0205078125 0.02734375 0.033203125
5 0.57421875 0.0185546875 0.03515625 0.041015625
0 0.3779296875 0.107421875 0.056640625 0.0390625
2 0.4248046875 0.1025390625 0.029296875 0.037109375
1 0.5830078125 0.10546875 0.037109375 0.05078125
1 0.5830078125 0.10546875 0.037109375 0.05078125
18 0.6298828125 0.0830078125 0.041015625 0.056640625
7 0.681640625 0.1015625 0.03515625 0.05078125
5 0.396484375 0.181640625 0.03515625 0.0390625
18 0.4482421875 0.173828125 0.041015625 0.05078125
5 0.4921875 0.1787109375 0.03515625 0.037109375
23 0.646484375 0.171875 0.03125 0.03515625
7 0.376953125 0.271484375 0.04296875 0.05078125
18 0.4736328125 0.24609375 0.041015625 0.05859375
4 0.548828125 0.337890625 0.0234375 0.0390625
22 0.7119140625 0.326171875 0.033203125 0.0390625
1 0.375 0.42578125 0.03515625 0.05078125
9 0.603515625 0.4091796875 0.03515625 0.037109375
7 0.3837890625 0.505859375 0.041015625 0.05078125
6 0.6396484375 0.4873046875 0.029296875 0.033203125
18 0.3818359375 0.5703125 0.041015625 0.046875
1 0.509765625 0.578125 0.03515625 0.05078125
18 0.556640625 0.55859375 0.04296875 0.05859375
18 0.7333984375 0.548828125 0.041015625 0.05859375
8 0.3837890625 0.6552734375 0.037109375 0.037109375
2 0.5634765625 0.646484375 0.029296875 0.03515625
7 0.6123046875 0.65625 0.041015625 0.05078125
7 0.38671875 0.73828125 0.0390625 0.05078125
6 0.4208984375 0.7294921875 0.017578125 0.033203125
18 0.6064453125 0.712890625 0.041015625 0.0546875
5 0.6484375 0.7197265625 0.03125 0.033203125
