14 0.0361328125 0.1845703125 0.041015625 0.134765625
14 0.08203125 0.181640625 0.04296875 0.12890625
5 0.15234375 0.19921875 0.08203125 0.0859375
9 0.2470703125 0.19921875 0.080078125 0.0859375
7 0.568359375 0.21484375 0.09375 0.12890625
13 0.6474609375 0.1728515625 0.037109375 0.134765625
5 0.7216796875 0.19140625 0.080078125 0.0859375
21 0.158203125 0.419921875 0.09375 0.12890625
5 0.2490234375 0.396484375 0.076171875 0.0859375
2 0.3359375 0.396484375 0.0703125 0.0859375
14 0.5068359375 0.375 0.044921875 0.12890625
13 0.5576171875 0.3759765625 0.044921875 0.134765625
22 0.62890625 0.39453125 0.078125 0.0859375
9 0.7138671875 0.3876953125 0.087890625 0.091796875
22 0.041015625 0.6025390625 0.07421875 0.080078125
14 0.1103515625 0.57421875 0.044921875 0.1328125
4 0.5302734375 0.5869140625 0.068359375 0.095703125
5 0.607421875 0.5859375 0.078125 0.08984375
8 0.697265625 0.5859375 0.0859375 0.08203125
