9 0.0 0.068359375 0.03515625 0.04296875
11 0.111328125 0.060546875 0.03515625 0.0625
19 0.4228515625 0.056640625 0.029296875 0.04296875
5 0.5693359375 0.0576171875 0.037109375 0.041015625
12 0.1728515625 0.1513671875 0.033203125 0.076171875
14 0.3466796875 0.1298828125 0.017578125 0.060546875
5 0.376953125 0.140625 0.03515625 0.04296875
7 0.095703125 0.24609375 0.03515625 0.05859375
12 0.2275390625 0.228515625 0.033203125 0.08203125
7 0.431640625 0.236328125 0.0390625 0.05859375
9 0.6572265625 0.220703125 0.037109375 0.04296875
7 0.1728515625 0.328125 0.037109375 0.05859375
18 0.4619140625 0.3046875 0.037109375 0.05078125
14 0.0439453125 0.392578125 0.017578125 0.0625
0 0.2734375 0.3994140625 0.0625 0.044921875
5 0.498046875 0.3935546875 0.03515625 0.041015625
1 0.5380859375 0.4013671875 0.037109375 0.060546875
8 0.6162109375 0.390625 0.037109375 0.0390625
21 0.0537109375 0.5 0.041015625 0.05859375
0 0.47265625 0.4755859375 0.05859375 0.041015625
12 0.5654296875 0.4765625 0.033203125 0.078125
5 0.66015625 0.4755859375 0.0390625 0.044921875
0 0.6103515625 0.556640625 0.056640625 0.0390625
5 0.6611328125 0.5576171875 0.037109375 0.041015625
12 0.0244140625 0.6533203125 0.033203125 0.076171875
0 0.1865234375 0.6494140625 0.056640625 0.037109375
0 0.2568359375 0.7333984375 0.052734375 0.041015625
1 0.5439453125 0.732421875 0.037109375 0.0625
6 0.5859375 0.7255859375 0.0390625 0.041015625
8 0.66015625 0.7255859375 0.03515625 0.041015625
