18 0.0439453125 0.4931640625 0.041015625 0.052734375
8 0.529296875 0.4873046875 0.0390625 0.044921875
11 0.04296875 0.57421875 0.0390625 0.06640625
16 0.18359375 0.58203125 0.0390625 0.04296875
8 0.6142578125 0.5703125 0.041015625 0.04296875
2 0.1259765625 0.666015625 0.029296875 0.04296875
8 0.1611328125 0.666015625 0.037109375 0.04296875
2 0.1982421875 0.6640625 0.029296875 0.04296875
9 0.3310546875 0.662109375 0.033203125 0.04296875
13 0.5029296875 0.6484375 0.029296875 0.06640625
0 0.4375 0.7451171875 0.0546875 0.041015625
