16 0.271484375 0.1416015625 0.1015625 0.087890625
14 0.4453125 0.115234375 0.04296875 0.12890625
4 0.6572265625 0.1337890625 0.068359375 0.095703125
4 0.1962890625 0.3466796875 0.056640625 0.107421875
38 0.369140625 0.3203125 0.1328125 0.13671875
9 0.6337890625 0.3359375 0.087890625 0.09375
18 0.0966796875 0.5322265625 0.087890625 0.119140625
13 0.1689453125 0.5263671875 0.044921875 0.138671875
4 0.38671875 0.537109375 0.0703125 0.109375
6 0.654296875 0.5439453125 0.0390625 0.083984375
14 0.1044921875 0.7255859375 0.048828125 0.130859375
6 0.1796875 0.7470703125 0.09375 0.087890625
8 0.7353515625 0.740234375 0.029296875 0.08203125
