0 0.154296875 0.0009765625 0.05859375 0.041015625
9 0.0615234375 0.0849609375 0.037109375 0.044921875
16 0.1162109375 0.08203125 0.037109375 0.046875
4 0.412109375 0.0810546875 0.02734375 0.044921875
5 0.4609375 0.0849609375 0.0390625 0.041015625
0 0.7119140625 0.083984375 0.060546875 0.04296875
11 0.1328125 0.1513671875 0.03515625 0.056640625
8 0.6240234375 0.1640625 0.037109375 0.04296875
5 0.67578125 0.1630859375 0.0390625 0.044921875
6 0.7158203125 0.1630859375 0.037109375 0.048828125
9 0.2861328125 0.24609375 0.033203125 0.04296875
32 0.6005859375 0.2451171875 0.029296875 0.083984375
8 0.7431640625 0.25 0.041015625 0.046875
14 0.3642578125 0.3203125 0.021484375 0.06640625
4 0.48828125 0.3291015625 0.03125 0.048828125
8 0.63671875 0.3330078125 0.04296875 0.044921875
18 0.677734375 0.3291015625 0.0390625 0.052734375
11 0.0810546875 0.40234375 0.037109375 0.0625
5 0.6767578125 0.419921875 0.037109375 0.04296875
5 0.1572265625 0.5 0.037109375 0.04296875
5 0.314453125 0.5029296875 0.0390625 0.044921875
0 0.541015625 0.5009765625 0.05859375 0.044921875
0 0.7099609375 0.5068359375 0.080078125 0.044921875
11 0.0625 0.57421875 0.0390625 0.06640625
5 0.1044921875 0.5859375 0.037109375 0.04296875
6 0.71484375 0.58984375 0.04296875 0.0390625
0 0.259765625 0.6728515625 0.0625 0.044921875
13 0.5703125 0.6650390625 0.02734375 0.099609375
