23 0.072265625 0.013671875 0.03125 0.03515625
8 0.2890625 0.0068359375 0.03515625 0.037109375
9 0.328125 0.005859375 0.03515625 0.0390625
9 0.27734375 0.0859375 0.03515625 0.0390625
0 0.33984375 0.083984375 0.0546875 0.03515625
0 0.5263671875 0.080078125 0.056640625 0.0390625
8 0.5849609375 0.078125 0.037109375 0.0390625
22 0.71484375 0.0732421875 0.03515625 0.037109375
11 0.0615234375 0.16015625 0.037109375 0.05859375
8 0.453125 0.16015625 0.03515625 0.0390625
2 0.4931640625 0.1591796875 0.029296875 0.037109375
19 0.525390625 0.158203125 0.02734375 0.03515625
5 0.5703125 0.154296875 0.03515625 0.0390625
8 0.025390625 0.25 0.03515625 0.03515625
9 0.4609375 0.236328125 0.03515625 0.0390625
8 0.513671875 0.236328125 0.03515625 0.03515625
2 0.5537109375 0.2333984375 0.029296875 0.037109375
0 0.5986328125 0.234375 0.052734375 0.0390625
22 0.650390625 0.2333984375 0.03515625 0.037109375
8 0.7021484375 0.2314453125 0.037109375 0.037109375
7 0.3037109375 0.3271484375 0.041015625 0.052734375
5 0.34765625 0.3173828125 0.03515625 0.037109375
7 0.4248046875 0.3251953125 0.041015625 0.052734375
8 0.478515625 0.3154296875 0.03515625 0.037109375
9 0.6328125 0.3115234375 0.03515625 0.037109375
6 0.037109375 0.40625 0.0390625 0.03515625
8 0.087890625 0.4033203125 0.0390625 0.037109375
22 0.22265625 0.3994140625 0.03515625 0.037109375
3 0.478515625 0.3828125 0.05859375 0.06640625
1 0.0625 0.490234375 0.0390625 0.05078125
8 0.1875 0.4814453125 0.03515625 0.037109375
22 0.3056640625 0.4755859375 0.033203125 0.037109375
6 0.5400390625 0.47265625 0.033203125 0.03515625
23 0.5732421875 0.470703125 0.029296875 0.03515625
8 0.6826171875 0.466796875 0.037109375 0.03515625
8 0.1650390625 0.55859375 0.037109375 0.0390625
4 0.40625 0.55078125 0.0234375 0.0390625
4 0.482421875 0.5498046875 0.0234375 0.041015625
12 0.5263671875 0.54296875 0.037109375 0.06640625
0 0.578125 0.548828125 0.0546875 0.0390625
24 0.6904296875 0.55078125 0.033203125 0.04296875
4 0.060546875 0.6416015625 0.0234375 0.041015625
13 0.150390625 0.62890625 0.01953125 0.0625
9 0.3125 0.6318359375 0.03515625 0.037109375
2 0.1083984375 0.7158203125 0.029296875 0.033203125
1 0.2705078125 0.71484375 0.037109375 0.05078125
13 0.5078125 0.6845703125 0.01953125 0.080078125
