23 0.0546875 0.5029296875 0.03125 0.037109375
2 0.166015625 0.5029296875 0.046875 0.037109375
10 0.220703125 0.4921875 0.03515625 0.0625
8 0.486328125 0.509765625 0.03515625 0.0390625
5 0.458984375 0.587890625 0.03515625 0.0390625
5 0.61328125 0.5908203125 0.03515625 0.037109375
7 0.0048828125 0.6708984375 0.041015625 0.052734375
3 0.232421875 0.65625 0.05078125 0.06640625
0 0.529296875 0.6689453125 0.05078125 0.037109375
9 0.611328125 0.6728515625 0.03515625 0.041015625
24 0.099609375 0.748046875 0.0390625 0.046875
