8 0.0263671875 0.078125 0.033203125 0.03515625
18 0.0732421875 0.064453125 0.041015625 0.05859375
4 0.2109375 0.0693359375 0.01953125 0.037109375
38 0.5078125 0.060546875 0.0625 0.078125
18 0.6474609375 0.05078125 0.041015625 0.05859375
0 0.01953125 0.15625 0.05078125 0.03515625
13 0.1875 0.1396484375 0.01953125 0.064453125
18 0.333984375 0.1376953125 0.0390625 0.048828125
6 0.375 0.1435546875 0.03515625 0.037109375
22 0.416015625 0.1416015625 0.03515625 0.037109375
11 0.45703125 0.1318359375 0.03515625 0.056640625
9 0.5341796875 0.1416015625 0.033203125 0.037109375
18 0.7177734375 0.1279296875 0.041015625 0.056640625
9 0.095703125 0.232421875 0.03515625 0.0390625
8 0.55078125 0.220703125 0.03515625 0.03515625
23 0.671875 0.216796875 0.02734375 0.03515625
2 0.703125 0.216796875 0.03125 0.03515625
14 0.0888671875 0.30078125 0.013671875 0.05859375
1 0.236328125 0.3134765625 0.03515625 0.052734375
14 0.73046875 0.2841796875 0.015625 0.060546875
18 0.052734375 0.380859375 0.04296875 0.05859375
14 0.162109375 0.376953125 0.01171875 0.0546875
1 0.50390625 0.384765625 0.03515625 0.05078125
6 0.5439453125 0.3779296875 0.037109375 0.037109375
13 0.439453125 0.447265625 0.01953125 0.06640625
2 0.5087890625 0.4599609375 0.029296875 0.037109375
14 0.5439453125 0.443359375 0.017578125 0.05859375
2 0.5693359375 0.4580078125 0.029296875 0.037109375
