22 0.490234375 0.056640625 0.03515625 0.03515625
0 0.5390625 0.0537109375 0.0546875 0.037109375
22 0.640625 0.126953125 0.03515625 0.03515625
13 0.6767578125 0.1083984375 0.021484375 0.080078125
5 0.7490234375 0.1240234375 0.033203125 0.037109375
5 0.421875 0.216796875 0.03515625 0.0390625
0 0.4677734375 0.21484375 0.056640625 0.0390625
27 0.5205078125 0.2998046875 0.025390625 0.052734375
5 0.591796875 0.2880859375 0.03515625 0.037109375
7 0.4228515625 0.380859375 0.041015625 0.05078125
5 0.4677734375 0.37109375 0.037109375 0.0390625
7 0.544921875 0.3759765625 0.0390625 0.052734375
2 0.5849609375 0.3642578125 0.029296875 0.037109375
0 0.630859375 0.36328125 0.0546875 0.0390625
23 0.4208984375 0.5234375 0.033203125 0.03515625
14 0.634765625 0.5048828125 0.015625 0.056640625
0 0.5 0.677734375 0.0546875 0.03515625
