7 0.677734375 0.0009765625 0.0390625 0.052734375
5 0.423828125 0.0712890625 0.03515625 0.037109375
5 0.0849609375 0.1572265625 0.037109375 0.041015625
11 0.2109375 0.1435546875 0.03515625 0.060546875
13 0.4267578125 0.140625 0.025390625 0.0625
0 0.4775390625 0.15234375 0.052734375 0.03515625
5 0.6513671875 0.1484375 0.037109375 0.0390625
0 0.162109375 0.2314453125 0.0546875 0.037109375
18 0.494140625 0.21875 0.04296875 0.05859375
9 0.181640625 0.3115234375 0.03515625 0.037109375
8 0.291015625 0.310546875 0.03515625 0.0390625
5 0.3310546875 0.30859375 0.037109375 0.0390625
4 0.4248046875 0.3076171875 0.021484375 0.041015625
8 0.4638671875 0.3115234375 0.033203125 0.037109375
13 0.5751953125 0.2978515625 0.017578125 0.064453125
19 0.1240234375 0.390625 0.029296875 0.03515625
5 0.5947265625 0.38671875 0.033203125 0.03515625
14 0.703125 0.376953125 0.01171875 0.05859375
2 0.1708984375 0.4697265625 0.029296875 0.033203125
9 0.375 0.4638671875 0.03515625 0.037109375
5 0.5380859375 0.466796875 0.041015625 0.03515625
13 0.6171875 0.453125 0.0234375 0.0625
5 0.185546875 0.5439453125 0.03515625 0.037109375
22 0.7451171875 0.5390625 0.033203125 0.0390625
13 0.126953125 0.6123046875 0.01953125 0.064453125
5 0.2509765625 0.6201171875 0.033203125 0.037109375
5 0.298828125 0.6201171875 0.03515625 0.037109375
13 0.482421875 0.6064453125 0.0234375 0.064453125
13 0.1376953125 0.689453125 0.025390625 0.0625
