14 0.0244140625 0.560546875 0.017578125 0.05859375
5 0.0546875 0.5751953125 0.03515625 0.037109375
7 0.1044921875 0.5849609375 0.041015625 0.052734375
8 0.365234375 0.578125 0.03515625 0.03515625
0 0.4736328125 0.580078125 0.056640625 0.0390625
8 0.5576171875 0.5830078125 0.013671875 0.033203125
10 0.232421875 0.642578125 0.03125 0.0625
2 0.3076171875 0.654296875 0.029296875 0.03515625
19 0.3486328125 0.65625 0.025390625 0.03125
14 0.072265625 0.7216796875 0.01171875 0.056640625
5 0.1005859375 0.734375 0.033203125 0.03515625
10 0.1484375 0.7197265625 0.03125 0.060546875
0 0.1767578125 0.7333984375 0.052734375 0.037109375
2 0.2265625 0.734375 0.02734375 0.03515625
22 0.5009765625 0.736328125 0.037109375 0.0390625
