23 0.03515625 0.0888671875 0.06640625 0.080078125
2 0.3037109375 0.09375 0.072265625 0.08984375
8 0.3935546875 0.0908203125 0.099609375 0.095703125
0 0.0029296875 0.29296875 0.134765625 0.08984375
2 0.1162109375 0.2880859375 0.068359375 0.083984375
2 0.291015625 0.291015625 0.07421875 0.09375
8 0.3857421875 0.2880859375 0.103515625 0.099609375
19 0.1015625 0.4873046875 0.0625 0.087890625
14 0.3203125 0.46875 0.046875 0.1328125
0 0.2666015625 0.6904296875 0.138671875 0.087890625
5 0.388671875 0.6875 0.08984375 0.09375
