1 0.19559083110966483 0.490318369728744 0.012942170387243736 0.01577513198085252
18 0.5751642720468597 0.233988785046729 0.01475644646924829 0.014331331661727833
7 0.39844946306540835 0.28238007932527925 0.01497907399934917 0.01465788192386597
1 0.42722159713634883 0.3284828374743561 0.01485664718516108 0.015776182356963757
18 0.21219509274324763 0.4849563163893322 0.013582095411649854 0.015525142466377935
11 0.6485105629677839 0.35445404039206746 0.01420917461763749 0.008657351629815364
1 0.46632753400585747 0.14387690175518578 0.014873941555483241 0.01624511693640301
11 0.4079228792710706 0.4630500223387281 0.014906464301985032 0.015862663323455664
0 0.5438128109339408 0.37506748484157737 0.0224155366091767 0.010925382083428312
1 0.22167750602017572 0.6297983970822886 0.013005399804751057 0.015532611807613405
18 0.40830858704848677 0.4167091789377707 0.015044036186137325 0.014517364941873718
22 0.549082928734136 0.21230948894460908 0.013938079531402537 0.010414829268292682
11 0.3930034025382363 0.36921665648506957 0.01456670823299707 0.015949961249145203
0 0.38770029547673285 0.630728563483018 0.022753260006508298 0.010901503533166173
13 0.3200718099576961 0.5330842580351037 0.007407305434428897 0.015679664463186686
11 0.5515796160104133 0.6294642607704581 0.014739518646274 0.015623994529291087
14 0.2659170884477709 0.1847693509003875 0.00801577403189066 0.016086743560519715
0 0.5847221607549626 0.14225115295190335 0.02242520013016596 0.010962378664235242
7 0.3345332691181256 0.49189311693640303 0.01619071291897169 0.01560240346478231
14 0.44405628376179623 0.27781957966719856 0.0075145705174096975 0.017203410075222247
14 0.2864394246664497 0.1376109414178254 0.007613121770257078 0.01602593845452473
13 0.5885649098600716 0.2332354319580579 0.007517536218678815 0.015966767266925003
9 0.3864190958672308 0.23259213494415318 0.014782971168239506 0.011183692910873035
14 0.633383037292548 0.6077143560519718 0.007304888773185812 0.015961515386368818
7 0.5197039921900423 0.2833939256895373 0.01721339668076798 0.015961281969455208
8 0.3365159570452327 0.11714868110325964 0.015557319101854863 0.010473043446546615
22 0.4674080156199154 0.6314339493959426 0.014390115717539863 0.01034098782767267
14 0.311714030589001 0.36965407978117165 0.007048305629677839 0.015571709140642806
1 0.5741914220631306 0.5886821244586278 0.014557211324438659 0.016108918167312514
7 0.33668090335177353 0.28158249373147937 0.016311540253823625 0.015680248005470708
13 0.3107984952814839 0.20688849783451108 0.006707033387569151 0.016104133120583543
29 0.3948856231695412 0.16266101116936402 0.020314553856166612 0.01876450239343515
2 0.2877501646599414 0.11713736038294961 0.012509711161731208 0.011074383770230225
6 0.40882191994793365 0.21042511420104856 0.015783695411649853 0.010967152040118533
7 0.5983327302310446 0.47234153271028034 0.016411607679791735 0.015738252108502392
13 0.33850714220631306 0.36975736676544335 0.00704678945655711 0.016506777296558015
11 0.649500240807029 0.6546846081604741 0.014581436771884152 0.015888339183952587
14 0.29186332574031887 0.6264045151584225 0.007585764009111617 0.016059900615454755
14 0.3272514728278555 0.5793883966263962 0.007127163293198829 0.015687367221335766
5 0.5533268805727302 0.4915749696831548 0.014494348454279205 0.010843616138591292
22 0.2914951122681419 0.5353175093685889 0.013294705629677838 0.010428577524504217
14 0.455018715261959 0.6284282397994073 0.007350957110315652 0.016065502621381355
13 0.3948273088187439 0.18407487722817417 0.007760906996420436 0.0166706359699111
9 0.328387769606248 0.23222345292910873 0.014970310185486497 0.011668453157054936
13 0.2846113530751708 0.16081211579667198 0.007299440546697039 0.015957313881923865
1 0.4109928799219004 0.726458208342831 0.014819126065733811 0.016303354456348302
13 0.40646685323787834 0.3933919963528607 0.00785362681418809 0.017043519489400503
2 0.5732775528799219 0.37595656986551174 0.012694517670029288 0.010244038112605424
1 0.5843151265863977 0.19152032824253476 0.014652130426293524 0.015721912924549806
18 0.6003442421086886 0.5376110873033964 0.01493540488122356 0.014321178025985867
5 0.41053536218678816 0.1406946122635058 0.01426204074194598 0.010599532072031001
13 0.5307205727302311 0.5593378837474355 0.007715288512853889 0.016505726920446773
14 0.5231082173771558 0.3252420770458172 0.007401757240481614 0.01582379940733987
9 0.3112221906931338 0.4884164887166629 0.014552979368695087 0.011222603510371553
8 0.19543521509925155 0.4187288187827673 0.01325110315652457 0.010672731616138591
22 0.19305315717539862 0.6725593252792341 0.013139106280507646 0.010071531342603145
14 0.518984393101204 0.255194128105767 0.0078037430523918 0.015899426487348985
6 0.43094755092743253 0.27955468429450653 0.015882729840546696 0.010433024116708456
22 0.35257273023104463 0.11685842717118759 0.013731446794663196 0.01051020341919307
6 0.3900716735437683 0.11749542192842488 0.015453852782297429 0.01082488443127422
14 0.3518113114220631 0.5565667581490767 0.007802543442889684 0.016743462046956918
4 0.4405164360559714 0.5828966528379302 0.01170395678490075 0.012548960109414177
14 0.28393973836641717 0.6262441577387736 0.006928827855515783 0.01559435058126282
5 0.6434477110315653 0.5638816940961933 0.014220037748128864 0.010587884568041942
6 0.3349174773836641 0.6531704326418966 0.015626863130491376 0.010144217369500799
7 0.5654384380084608 0.21480331524960108 0.01637561939472828 0.015399330749943015
2 0.4610839075821673 0.3265005443355368 0.012065005922551253 0.010991929245498062
5 0.5369682056622194 0.14187371780259858 0.014623872958021478 0.010754730977889218
8 0.1942922538236251 0.6264415117392295 0.014183199739668077 0.010817356735810349
6 0.4284485310771233 0.7241700223387281 0.015878597852261634 0.010648654661499887
13 0.5783552333224862 0.20956240528835196 0.0076379303612105435 0.01657178390699795
6 0.1977194715261959 0.1891446108958286 0.01469733237878295 0.010338210166400729
6 0.6005243501464368 0.23578096010941416 0.014845983989586723 0.010500960109414178
0 0.27360810152945003 0.34894311374515613 0.021562980800520666 0.010913302758149076
7 0.3071140279856817 0.5390342302256668 0.015037121770257077 0.014527985411442899
14 0.5837083241132444 0.4196866450877593 0.007185227725349822 0.016514596763163893
18 0.5102717958997722 0.5589337223615226 0.015163730556459485 0.015585830863916116
6 0.40979776895541814 0.37257657624800544 0.015052283501464366 0.010490619740141328
6 0.6047666358607224 0.14273245862776385 0.015837444581841848 0.010848762981536357
5 0.32067627985681746 0.2788459138363346 0.013291623299707128 0.010292448780487806
9 0.40669694500488124 0.32530439936175065 0.014324470419785226 0.011109011169364032
14 0.396414125610153 0.20710580898108047 0.007516403254149041 0.016327046273079553
2 0.6625841483891962 0.3071639370868475 0.011881082460136675 0.01048681504444951
2 0.4441464210868858 0.210275844084796 0.011808172860397006 0.010232694050604058
5 0.4426369124633908 0.233277096877137 0.014283233843150018 0.010231853749715067
6 0.2808142557761145 0.3259853932072031 0.014565092092417832 0.010450215272395714
2 0.27318024080702896 0.3023998978801003 0.010886856101529448 0.010817473444267154
0 0.25674517409697367 0.6284112003647139 0.0136530389847055 0.010678928835194893
6 0.6733148219980476 0.4015795614315022 0.015596523006833713 0.010650802097105084
11 0.5905852521965507 0.20942562297697742 0.015223194533029612 0.01574327057214497
6 0.44497881679140905 0.3261485516298154 0.01561619993491702 0.010689035787554138
13 0.5635047341360234 0.6293857159790289 0.006971014123006834 0.017175866879416458
5 0.2757217468272047 0.39487034237519947 0.014046227660266841 0.010756329883747435
13 0.6129044868206964 0.2803085042170048 0.007443543638138627 0.01703628356507864
2 0.5292180618288318 0.3984229478003191 0.012182584315001627 0.010135032413950308
4 0.6434195535307518 0.6098687941645772 0.01117399596485519 0.013273019375427398
6 0.4511228167914091 0.3032829140642808 0.014667941945981125 0.010804472122179165
13 0.3357318789456557 0.3926240547070891 0.007411120859095346 0.016310590380670162
6 0.2956229352424341 0.4886126756325507 0.014260857793686951 0.010419555960793253
2 0.5300964425642695 0.4680045297469797 0.01225149521640091 0.010562360428538866
1 0.49295170061828836 0.5636430253020287 0.014668858314350797 0.016038192842489172
18 0.5720231278880573 0.16380218645999545 0.015229525805401887 0.014540006382493732
6 0.5911325740318907 0.3059412992933667 0.015632561275626424 0.010939130339639846
18 0.39324732313699967 0.3935357811716435 0.014781471656361862 0.014254070663323456
22 0.46499413472177026 0.35272112988374743 0.014268571949235274 0.005154732436744928
1 0.46098327367393427 0.3992822721677684 0.014508693784575335 0.015161128789605653
22 0.6607204217377156 0.19066648917255527 0.013998359908883826 0.01012313982220196
22 0.5085576538887081 0.5146422794620469 0.014293047315327044 0.010527873079553225
5 0.31888802863651156 0.6529643255071803 0.014119837032216077 0.010573412719398222
6 0.5696567315327041 0.4922816393891042 0.015095469443540514 0.010403835331661728
11 0.4071016465994142 0.183778857898336 0.015077308688577937 0.01592428538864828
5 0.5533233817116824 0.4683093722361522 0.01509920156199154 0.011047097333029405
6 0.6023072697689554 0.18944770275814907 0.015553020501138952 0.010562091999088216
2 0.3030445193621868 0.6291092336448598 0.011262567133094696 0.011402147800319125
14 0.4585389027009437 0.5577668712103944 0.007750676993166287 0.01630393799863232
22 0.2120956251220306 0.5804468256211534 0.012266140449072567 0.009719141828128563
22 0.27929058509599736 0.5584650211989971 0.013945843670680117 0.010297712331889673
18 0.4714122121705174 0.558698087987235 0.014928323852912463 0.01465461408707545
5 0.4153291350471852 0.16357775609756098 0.013755005792385292 0.010598353316617279
2 0.6457094747803449 0.1423349496238888 0.011889146501789781 0.010412868566218373
2 0.6772801978522617 0.18981113289263735 0.01232933654409372 0.011042032186004103
6 0.32336207224210867 0.3721265484385685 0.014937387569150667 0.010371005242762708
0 0.46801348519362185 0.7250732290859357 0.023300581841848356 0.011488827171187599
8 0.42627407224210867 0.14108593571917027 0.015378360689879597 0.010582609345794391
9 0.32126808721119426 0.6986041012081149 0.0138331803449398 0.010927167722817415
18 0.5996869560689879 0.28007310325963075 0.0148044308493329 0.014174825621153407
4 0.5841675079726651 0.49129825393207205 0.011586811584770582 0.013116513334852975
13 0.5118099452001301 0.488437846364258 0.0066918050113895225 0.0159833398677912
4 0.6755744197852261 0.30736817688625484 0.011727265863976571 0.012814355140186917
8 0.5314521679140906 0.7245018244814224 0.01452948701594533 0.010505360018235696
18 0.6137673726000651 0.354142767266925 0.015052550081353725 0.008015163346250284
7 0.26208801822323463 0.5606426842945065 0.015716317344614383 0.015680714839297925
14 0.35008703937520336 0.27653228538864827 0.007068499056296778 0.016102499202188286
1 0.40825493784575334 0.2357982329610212 0.014396680247315328 0.015733700478687027
22 0.5481812222583794 0.2590018582174607 0.014679954702245363 0.009971990699794847
22 0.5339730139928408 0.2347764504217005 0.014271787569150667 0.010242100752222476
6 0.28426713179303614 0.4422297705037611 0.01444853003579564 0.009146114976065649
9 0.38061481861373253 0.2790408169591976 0.011454737910836316 0.011677731479370868
16 0.27202245102505695 0.1639376849783451 0.016196827595183858 0.010579644950991566
18 0.21351333029612754 0.1872172874401641 0.013550805597136348 0.014074806473672213
6 0.3620004946306541 0.2793556963756553 0.014707345785876992 0.010338151812172326
6 0.6113719856817442 0.679660684750399 0.015056315522290921 0.010317704490540234
5 0.45734729059550927 0.186985504444951 0.015178009241783275 0.01093177770686118
5 0.2871808499837293 0.18635862831091862 0.01323354220631305 0.01096789897424208
5 0.3319311161731207 0.6757831629815363 0.01320078620240807 0.010687903715523136
7 0.5083050861047835 0.44732715240483245 0.015760269703872436 0.014514213813540004
22 0.47488274910510897 0.49094707818554817 0.014018753270419786 0.01024417816275359
4 0.30411333810608526 0.2764242133576476 0.012125036381386269 0.015734634146341464
2 0.5795550094370322 0.6792190599498518 0.011977734331272373 0.01041500433097789
22 0.30502087601692157 0.2561206765443355 0.013334759258054019 0.01004438495555049
4 0.30043403579563943 0.11569110918623206 0.01103127575658965 0.013487179393663095
6 0.32209681744223884 0.20918170230225666 0.014757096257728603 0.010016981809892866
5 0.6387757651806052 0.3067699293366766 0.01364399192971038 0.010507425757921131
6 0.4259471786527823 0.23311965716890812 0.015955772730231046 0.010636470298609528
14 0.4810559062805076 0.5344065881923866 0.007932467816465994 0.01608744381126054
5 0.6069149365440938 0.30600455527695464 0.01314850322160755 0.010444403191246865
2 0.6348441783273674 0.6569699931616139 0.011494041783273673 0.011003681787098245
6 0.43782081353726 0.18713384089354912 0.014907930491376505 0.010728004741281058
2 0.5783382388545396 0.3987066660588101 0.012357893914741295 0.01062651506724413
1 0.5737502323462415 0.30796969227262366 0.01340173745525545 0.016049630271255985
0 0.6158455294500488 0.4470763109186232 0.023578491376505046 0.011309913106906771
6 0.4564024315001627 0.2801559662639617 0.014995735242434104 0.010132208069295646
1 0.5225329046534332 0.3070645014816503 0.014220887471526196 0.0149927184864372
2 0.6178190536934592 0.18904039024390246 0.011619500943703221 0.010761383359927056
13 0.4196972131467621 0.4637403528607249 0.007007668857793687 0.016447489400501482
2 0.20865491181256102 0.6275191976293595 0.011949260266840222 0.010805464144062001
6 0.5963095554832412 0.4230541509003875 0.015398720728929385 0.01033824517893777
22 0.271837677839245 0.6288045078641441 0.013581878815489749 0.010220031183040802
0 0.5791376452977547 0.32912053248233414 0.02291937260006508 0.010715575290631411
6 0.4836180722421087 0.141512271711876 0.014959197136348844 0.010135044084795989
13 0.21175290335177352 0.3472831693640301 0.006379123462414578 0.016328213357647597
6 0.6287776197852262 0.11895112651014363 0.007961991539212496 0.010546989924777752
18 0.574488325414904 0.537040382949624 0.014549597136348845 0.014487487576931843
8 0.26041732873413603 0.6514864463186687 0.014814660852587048 0.010486418235696375
11 0.5945386319557435 0.6764531862320492 0.014748998893589327 0.015655038978801005
22 0.5476987126586398 0.7251516571689081 0.014116088252521966 0.010446422247549578
22 0.44480104132769277 0.7246799215865055 0.01424971142206313 0.010628569136083883
13 0.22752510250569474 0.11679038614087076 0.007125047315327042 0.016315142010485527
9 0.40999403839895865 0.535975768406656 0.014075184900748454 0.011232407020743105
0 0.5334648460787503 0.7035703261454296 0.023296083306215427 0.00663234319580579
14 0.6511661985030914 0.3043285051287896 0.007377998307842499 0.01601998632322772
2 0.38471963241132445 0.7002905384089354 0.012367890660592256 0.010495941645771598
4 0.35006704588350146 0.1397816020059266 0.010685105109013993 0.01210686847503989
6 0.3196707738366417 0.5127805461591065 0.015153250634559063 0.010695583131980853
6 0.6321808286365116 0.35296442033280145 0.014676155938821997 0.010226987007066332
6 0.6731433778067035 0.47146236790517443 0.015269646078750407 0.010616676544335537
6 0.31513075170842825 0.32559360291771144 0.014690567914090466 0.010425017916571688
4 0.6561302492678165 0.11789526510143605 0.011963705564594859 0.013986574880328242
5 0.4081927914090465 0.6309159972646455 0.01396888616986658 0.01096654515614315
7 0.5734310029287342 0.565409524504217 0.01635164386592906 0.014209488032824253
6 0.6384459058900097 0.49400589012992935 0.01540326924829157 0.010753190426259404
5 0.5838782687927108 0.6095811078185548 0.014764743768304587 0.010676711374515615
4 0.2955454604620891 0.41725269022110784 0.009515202603319232 0.012994086163665377
6 0.654585918646274 0.49403296649190787 0.01569084230393752 0.010549475814907682
22 0.6022494552554507 0.3996274957829952 0.01372298288317605 0.01016406947800319
9 0.21299383273673936 0.2803700095737406 0.01354070888382688 0.010933306587645316
4 0.28111182557761144 0.48829744609072256 0.009987398893589327 0.012795798495555049
5 0.3502726456231695 0.3719540533394119 0.01411188961926456 0.011028972509687714
0 0.22382580670354704 0.5345915010713472 0.02025490660592255 0.010952481787098246
6 0.5315956212170517 0.25814603510371553 0.015274511161731208 0.010305508456804195
5 0.672528078099577 0.540956885343059 0.014767309599739667 0.011135842443583314
2 0.3622639088838269 0.722995818554821 0.0118534081353726 0.010876691315249602
0 0.4350812053368044 0.1644291442899476 0.022656958021477384 0.010444729974925918
5 0.6382265439635535 0.16606469660360157 0.015619332248616986 0.010726429177114201
5 0.39095823494956067 0.46536505128789607 0.01498525532053368 0.010898877592888078
22 0.31559343442889687 0.5820785265557329 0.013910605141555484 0.010452152632778666
5 0.6777653732508949 0.14268332436744927 0.014585568760169216 0.011307835696375656
9 0.4726886300032541 0.2801138345110554 0.014781554962577286 0.01138894807385457
1 0.400048942401562 0.5856256466833828 0.014393647901073869 0.01599862867563255
9 0.564870956068988 0.2583046418965124 0.015069944419134397 0.011225241121495326
7 0.4809281145460462 0.35536116854342376 0.016554294565571104 0.010458536585365854
6 0.6311379014643671 0.5173079006154547 0.01268257155873739 0.010699166081604742
8 0.5734000130165962 0.6556229441531799 0.01534868701594533 0.010705900159562343
23 0.22124981191018547 0.3955419995441076 0.011199670940449073 0.009859950581262822
4 0.44353128799219005 0.39562287850467287 0.012103776635209892 0.013892391155687259
14 0.6271912861698666 0.4909795231365398 0.004789340969736414 0.016476783223159333
5 0.5579220514155548 0.23586277273763392 0.01518495698014969 0.010739068702986096
9 0.6718001483891962 0.49409914018691586 0.014699031825577613 0.012446139958969683
4 0.2753497012691181 0.18559956817870982 0.010665828050764724 0.013642985183496695
6 0.4735213589326391 0.187726369728744 0.01523014227139603 0.010124878778208344
22 0.6727141841848356 0.3551308444039207 0.014565075431174747 0.010010947982676089
19 0.5609682264887732 0.3054140104855254 0.010020454799869835 0.010840278276726694
8 0.39309487276277255 0.6539703524048325 0.015649455776114547 0.010594338545703214
8 0.6458989131142207 0.6343256348301801 0.015408051025056949 0.010555497971278778
0 0.2858219589977221 0.25676409026669705 0.02202766287015945 0.010137681695919764
2 0.5604580592255125 0.3282775472988375 0.01097551057598438 0.010786919170275815
4 0.6425031851610804 0.539767859585138 0.012066772014318255 0.014368094825621153
13 0.5862338353400586 0.7227828256211535 0.006060777090790758 0.0163785147025302
0 0.3826802462739993 0.5829771816731252 0.015580661503416856 0.010789976931844086
5 0.595497986332574 0.44676727859585136 0.016037879336153596 0.010903837702302256
8 0.4270369905629678 0.35230948748575336 0.015754354962577287 0.004344810759060862
8 0.31519423104458183 0.41822848962844766 0.015340239765701268 0.010589343423751995
8 0.2596754035795639 0.5346864317301117 0.014839786007159128 0.010566772008206065
22 0.5047345150667101 0.30371496877137 0.009741762186788154 0.010756703350809207
2 0.6226104939798243 0.4697606418965124 0.011820602147738366 0.010694894552085709
12 0.5499201561991539 0.39579233918395257 0.018775554832411324 0.016076589924777753
13 0.4420502700943703 0.557776674720766 0.006994739733159779 0.016355173011169365
2 0.5044595878945656 0.6543041385912924 0.00924457403189066 0.0107275028949168
0 0.273441155873739 0.3522950273079553 0.021805735112268142 0.004330140506040575
13 0.2803000898145135 0.694711290631411 0.006545885844451676 0.015680948256211535
6 0.32506018613732507 0.3024248734898564 0.015747423885453953 0.010689152496010941
9 0.25706120455580866 0.3945811388192387 0.013535843800846077 0.011334608616366537
2 0.6362619168239505 0.7270830654205608 0.012052110120403515 0.011209905630271256
6 0.6073662896192645 0.2130697278322316 0.01496806091767003 0.010453086300433097
6 0.37860757201431827 0.4657330330521997 0.007459205206638464 0.010377435878732619
5 0.6469627334851936 0.517993212673809 0.013794876147087536 0.010432930749943014
0 0.45917036381386267 0.6544947235012537 0.02411848226488773 0.011024759334397082
2 0.5603889150667101 0.5860134688853431 0.012240665408395706 0.011038157465238204
5 0.3523343078424992 0.6532740697515387 0.014199161210543442 0.011671312514246638
2 0.39432080702896194 0.6076269414178254 0.012469540904653431 0.010300676726692501
13 0.29424405076472504 0.13768260041030317 0.007057186072242109 0.016485769774333258
7 0.26239641783273676 0.23667599726464553 0.01593026436706801 0.01542173877364942
2 0.44302878490074843 0.3523401117848188 0.011813687731858119 0.004429482744472304
13 0.585099871135698 0.16334212172327328 0.007325298795964856 0.0162559708228858
4 0.5414437487796941 0.5367096311830408 0.010687271070615033 0.014279162981536357
0 0.26306045167588676 0.6977031119215865 0.022097640091116172 0.010229309505356736
5 0.22541778848031238 0.35266689546387053 0.013478679075821672 0.00507937378618646
5 0.23873295411649853 0.3722489756097561 0.014184832541490399 0.01056861600182357
8 0.34888293133745524 0.41843914839297924 0.016274502310445818 0.010951384727604286
22 0.21036602147738367 0.4182796079325279 0.012975559518385941 0.010419357556416686
13 0.41167149235274975 0.6746690640528835 0.006777710380735438 0.016493705949395945
2 0.6733934630654084 0.5176390025074082 0.0123770210218028 0.011482536585365855
4 0.2266190641067361 0.7171330859357192 0.01161733498210218 0.016310356963756552
5 0.6358619136999675 0.40048985457032144 0.014063038854539538 0.010759504353772511
7 0.5700985876993167 0.4481718765443355 0.015404818743898471 0.015490013220879874
0 0.6517331806052717 0.7047207330749943 0.022341727302310443 0.00893998449965808
14 0.39305655190367716 0.4429573660360155 0.0070065858769931665 0.010601306040574424
22 0.24910641067360886 0.4423817715979029 0.012912363423364789 0.009450128835194894
2 0.27474123267165634 0.5352347747435605 0.011800342076147087 0.011054881787098245
7 0.3162483878945656 0.6788040446774561 0.014821875170842826 0.014814971506724412
4 0.5821088447770908 0.2805184627307955 0.010968896062479661 0.013273252792341008
2 0.6713981125935568 0.7045264368361066 0.012506262284412626 0.008551403692728516
5 0.5891377233973316 0.5629633152496011 0.013363766482264887 0.01107644950991566
8 0.6367937270419785 0.4700072468657397 0.014845917344614384 0.01086720291771142
4 0.5231587009437032 0.4440233927513107 0.01068225603644647 0.012695545931160247
13 0.6133183520989262 0.5376114374287668 0.007186460657338106 0.01682562480054707
5 0.4433028623494956 0.14136568589012993 0.015260232476407419 0.010663033143378162
28 0.19846572860397005 0.3471313316617278 0.0160204016921575 0.016386334169136083
14 0.36145817116823953 0.4633214862092546 0.008619044321509926 0.016470714383405517
13 0.6603640377481289 0.35181122407111926 0.006786257598438008 0.016186295874173695
27 0.39304755483241127 0.3046171251424664 0.008515861243084934 0.015546033280145885
1 0.4225376218678816 0.6569780460451333 0.013609519817767653 0.01487414269432414
9 0.42545550536934595 0.2100204859813084 0.014385017377155874 0.010766646911328927
5 0.6392904476407419 0.3300092673808981 0.013403820110641066 0.010659298472760429
5 0.4082022883176049 0.4897640045589241 0.015290372665148063 0.010734972236152267
18 0.5044091709729905 0.32532097196261683 0.0091358260982753 0.014084960109414178
27 0.5666150549951188 0.6113467900615455 0.00809699759192971 0.015240957374059724
5 0.292352 0.35199065165260995 0.01360407159127888 0.003730562480054707
5 0.3119832762772535 0.7227990480966492 0.015101567458509598 0.010992489446090723
9 0.47769450048812234 0.7030872931844084 0.014343280963228117 0.005666849145201732
2 0.315516959323137 0.16287622156371098 0.011423048226488774 0.011439377798039663
12 0.5357464367068012 0.18547711766583086 0.01785951968760169 0.01578960382949624
8 0.6414781854864953 0.11845721632094827 0.015754854799869836 0.011068886801914748
13 0.5142927869834039 0.32488693321176204 0.006921380279856817 0.01708880237064053
8 0.19742306801171494 0.3264802370640529 0.014322037878294827 0.010688767358103488
2 0.6619791786527822 0.6343544618190107 0.011691344223885453 0.010515058490996125
29 0.29600681028311093 0.5809037392295419 0.020802894890986006 0.019445846364258033
2 0.19346385681744221 0.5339794235696376 0.010644368369671331 0.011012878413494414
14 0.616882525219655 0.5142531734670618 0.00747135125284738 0.016459160246181898
1 0.4779235925805402 0.12101359835878733 0.01421390641067361 0.0155075194894005
13 0.5584887002928735 0.44452289327558697 0.007374549430523918 0.013732383861408707
14 0.5946800859095347 0.3499794848415774 0.007345458900097624 0.016206603145657625
27 0.27212325154572076 0.6772967549578299 0.008335386657988936 0.014945568269888307
13 0.3355107842499187 0.5794524695691817 0.007410354441913439 0.016257838158194666
27 0.5870778939147413 0.5891693822657853 0.008476757305564596 0.015715143834055163
14 0.4915918099576961 0.6520384773193526 0.007659723267165636 0.01585391018919535
14 0.32361482329970714 0.7198190143606109 0.007455623039375203 0.01643103350809209
14 0.21572977546371622 0.4624249318440848 0.005571536348844777 0.01577128060177798
5 0.6324095875040677 0.704411642397994 0.013857988935893264 0.008321814816503304
4 0.2980616413927758 0.44206832769546384 0.009942196941099901 0.008820428356507863
8 0.2125484777090791 0.30382584180533395 0.014736419655060203 0.010854750125370414
14 0.6345124196550602 0.14034507043537725 0.007090458574682721 0.015973769774333256
1 0.5541701060852586 0.6117002999772053 0.013851174487471526 0.015453366765443356
5 0.552658098275301 0.18802210895828583 0.013897309469573706 0.010499769683154775
4 0.25445750211519685 0.3484294798267609 0.008568827334851937 0.012541840893549122
5 0.24648776309794987 0.4182314073398678 0.013041438073543769 0.010744075495782995
13 0.5862821529450049 0.46643608479598814 0.00630638047510576 0.01592626943241395
8 0.6498356316303286 0.2366436690221108 0.015155466579889358 0.010656252382037839
5 0.5041720481614058 0.14156875860496923 0.008669511226814187 0.010780780305447914
4 0.5530319765701269 0.5146677219056303 0.01135225460462089 0.012239215865055848
27 0.23359679271070616 0.6299676243446547 0.007714188870810283 0.01547017278322316
2 0.6298957891311422 0.4241110626852063 0.010198346892287666 0.010515688716662867
14 0.3465020397006183 0.6036889646683382 0.007680083306215424 0.01571117574652382
7 0.6279721986332574 0.33270815044449514 0.006334088122356004 0.015205828128561657
6 0.3319607731858119 0.418642571233189 0.014880256166612432 0.010921834146341463
5 0.2420628701594533 0.6968649117848188 0.013158216726326066 0.01016876115796672
9 0.4690644764074195 0.44338637465238206 0.014999750602017574 0.011336149167996353
2 0.4086593062154247 0.653419838614087 0.012372689098600715 0.010622103487576931
14 0.22314936023429874 0.5783622958741736 0.0072113692157500815 0.0158275340779576
5 0.49771581646599417 0.35313036808753134 0.014658195118776439 0.006000040118532026
5 0.2683338184184836 0.44243620442215637 0.013592208786202407 0.009558982812856167
6 0.6506318724373577 0.21339534442671532 0.015786227920598764 0.010279482470936858
2 0.3234193869183209 0.46543414269432415 0.012396281418808983 0.010825409619329839
5 0.3494069274324764 0.46558726418965124 0.014527237748128865 0.010507075632550718
9 0.3214222037097299 0.7021500775928881 0.013552505043931011 0.0037836998404376567
16 0.6278034535632931 0.3060696785958514 0.006013659095346567 0.009330280920902666
2 0.45824 0.5843834018691589 0.012157775724048163 0.011002911511283337
9 0.33944900227790437 0.20860621290175518 0.014739585291246339 0.011724881695919762
4 0.2529397461763749 0.48785418737178027 0.006042216465994143 0.013059209482562114
4 0.6259629027009437 0.6797638550262138 0.011274596550602017 0.01252981992249829
0 0.4867077331597788 0.2342348064736722 0.023785590628050763 0.010817811898791886
11 0.21726860787504068 0.5540420041030317 0.013778048291571754 0.015728098472760427
2 0.6450546879271071 0.42375685251880557 0.010857598958672306 0.010309931707317074
0 0.6171737637487796 0.16675362662411672 0.02289671330946957 0.010643075997264646
2 0.675638732183534 0.4479196695691817 0.012479171103156526 0.010425636471392752
2 0.2309528200455581 0.28090021609300203 0.011204269443540514 0.010780406838386141
0 0.20160837227465017 0.16674242261226352 0.02018509599739668 0.011528671438340552
6 0.2405775203384315 0.35254784116708454 0.014319522030589 0.004844953179849556
6 0.6203905499511878 0.6105354328698427 0.014752081223560039 0.010218070480966492
6 0.39886149560689876 0.7001200273535445 0.014619524373576309 0.010968855983587874
27 0.30199952619589976 0.6547849774333258 0.008666762121705173 0.01563076361978573
1 0.28703423104458187 0.6144626724413038 0.014515441588024732 0.003486548438568498
5 0.6130754311747478 0.49394135035331665 0.015794975073218354 0.01095013594711648
4 0.2520621485193622 0.14096315842261226 0.0042722093068662545 0.012528769546387052
22 0.255420521965506 0.3032982028721222 0.01098357461763749 0.010129675495782996
13 0.6599688330621543 0.5385301664007295 0.007338527822974292 0.01625071894232961
8 0.6009082251871135 0.7260185675860497 0.01624056335828181 0.011549083747435605
13 0.29355377546371625 0.2997081340323684 0.007347958086560364 0.016247217688625484
2 0.39298440872111945 0.32531093503533165 0.011769485453953793 0.01035662676088443
0 0.5659599349170192 0.7040128379302485 0.02244669313374553 0.0075241942101664004
14 0.449843399934917 0.5573904864372008 0.007719387178652783 0.016325879188511513
11 0.2667456687276277 0.485504145885571 0.014464458184184837 0.01579077091406428
2 0.41397174357305566 0.7031540037383177 0.01249928122356004 0.005797749350353316
7 0.37292960364464695 0.11999858490996126 0.01618636433452652 0.015061226350581262
7 0.19564431369996746 0.721878218372464 0.01833536479010739 0.014842514702530204
6 0.6262581132704198 0.6104937679507636 0.0029229985030914413 0.01021744025529975
16 0.6226629768955418 0.3064661372236152 0.016375536088512853 0.009951111556872578
0 0.21869381060852588 0.37524873307499435 0.014090713179303613 0.015335257807157509
9 0.5046733516433453 0.39709900706633233 0.00960553986332574 0.011399358468201505
13 0.5312968851285389 0.6525810549350353 0.006885375333550277 0.016447606108958287
2 0.2116635990888383 0.32656310006838385 0.010764279336153596 0.010668343378162753
6 0.6174425095997397 0.23595147116480508 0.015876298600715915 0.01038220925461591
5 0.611157722095672 0.37707568725780716 0.013874067035470224 0.010641453749715068
13 0.35485848616986654 0.6038345001139731 0.007447075821672633 0.01646219466605881
8 0.2594614732183534 0.6048155514018692 0.014867177090790757 0.010589039981764303
27 0.3004771884152294 0.6083086355140187 0.008274656426944355 0.015457568269888308
28 0.3219545304262935 0.3927894305903807 0.017164745850959975 0.01713443537725097
5 0.25263767783924507 0.5810602452701162 0.005438079791734461 0.011233247321632096
14 0.24089441718190693 0.16239024754957831 0.00647244308493329 0.016173224527011625
0 0.6267465975919297 0.16666586186459995 0.0038999638138626745 0.010778247731935264
6 0.4870637839245038 0.6781822220196033 0.01484698366417182 0.010579563255071802
6 0.6586834181581517 0.4240723154775473 0.014542532769280834 0.010374693229997721
2 0.589244521965506 0.6562602890357876 0.012370289879596486 0.0108276971050832
13 0.2116414396355353 0.3527591184864372 0.007002453888708103 0.005253152678367905
5 0.5024332141880898 0.3509039325279234 0.005191826618939147 0.010501520310006838
0 0.4098805753335503 0.11718882881240028 0.022273916042954766 0.010960091178481877
1 0.30305551578262285 0.5148000692956463 0.01378154715261959 0.015897442443583314
2 0.3962755040676863 0.5363937130613174 0.012079834428896843 0.011072971597902895
5 0.6126582336479011 0.42337941736950074 0.0140519091441588 0.0106279038978801
2 0.5216620214773836 0.37465211944381127 0.012473056426944355 0.010814555732847047
14 0.3034900410022779 0.3520612485981308 0.007528032801822323 0.003871768041942102
7 0.48791317409697366 0.44663879425575564 0.02151866189391474 0.015639866879416455
13 0.38631111435079724 0.5102825183496694 0.00757108545395379 0.016226326874857533
19 0.5486620657338106 0.11799901891953499 0.010965997006182882 0.010532646455436516
7 0.19664931988285064 0.2654735872350125 0.014348929124633909 0.0057591188511511284
14 0.2509374729580215 0.1619671793936631 0.0020346710055320536 0.016163421016640072
8 0.256579278099577 0.11782162206519262 0.013208733615359583 0.011160584636425804
4 0.48808595118776443 0.1867624745839982 0.011716885909534657 0.012384868019147482
38 0.6438918997722096 0.37520228310918624 0.02294219850309144 0.017452582630499203
5 0.24196373576309796 0.7011006900022795 0.01367286586397657 0.00169989368589013
1 0.5537577403189067 0.6160857836334624 0.014383951057598439 0.00670691989970367
4 0.2543540357956394 0.35244623478459086 0.008304480052066385 0.004629205926601322
2 0.37851826775138303 0.3955900834283109 0.00728059668076798 0.010050978983359927
5 0.2252473439635535 0.34978633234556644 0.014132982753010087 0.010909999908821518
13 0.5175102063130491 0.7034922598586733 0.007035293198828506 0.006473946478231137
12 0.30650722551252846 0.299369212673809 0.018278883176049462 0.016007381809892866
13 0.61127501724699 0.4674491142010485 0.007026529384965831 0.016494989742420786
27 0.4348361184510251 0.6562595887850468 0.008740021607549626 0.01541812081148849
6 0.5969425161080377 0.16627337132436745 0.01524185512528474 0.010296650284932755
5 0.6609613433127237 0.16630966765443356 0.015066495541815815 0.010704873125142468
2 0.6267110758216726 0.46996604878048776 0.003820423039375203 0.010798076498746296
1 0.5578783989586723 0.5411910025074083 0.013998409892613082 0.015520240711192157
9 0.6278703484542792 0.21221425484385684 0.006147482199804752 0.011415522589468886
5 0.6206806221932964 0.6142075594255756 0.014528853888708103 0.002974851880556189
27 0.563001064757566 0.6159833719626169 0.013476029938171168 0.006527935810348758
8 0.3293014721770257 0.16289092682926828 0.014476987438984706 0.010481131342603145
5 0.6340787108363163 0.23619200729427856 0.014294563488447772 0.010585807157510828
0 0.21946955808656035 0.23718542967859588 0.014023984900748455 0.015151792113061318
5 0.22569669768955417 0.46465989879188513 0.013725265473478685 0.0105344437656713
19 0.5677536843475431 0.11840259676316389 0.010653798633257404 0.010643869614770915
5 0.36978562707452 0.23286616640072944 0.014036530816791409 0.010581290540232505
5 0.6565467803449399 0.40081932254387964 0.014623456426944353 0.010402493184408479
22 0.2528343304913765 0.4426636925461591 0.00582180488122356 0.010002755049008433
6 0.20564622453628376 0.5339616021882836 0.012656213472177026 0.010832972327330749
8 0.36151398633257403 0.35180285607476636 0.016224868467295803 0.0033549829952131296
9 0.5431850152945005 0.42134168771369956 0.014929590107386918 0.011571853567358103
2 0.6206717917344614 0.2640737976749487 0.012832406117800196 0.002928588648279006
23 0.6486920039049788 0.727920915431958 0.011431245558086561 0.010642772555276955
4 0.35583950016270743 0.18472070681559152 0.010585287601692158 0.013508653749715067
2 0.2751992502440612 0.652010233872806 0.011368532639114871 0.010153612400273536
5 0.2923803241132444 0.34867258354228403 0.013439225252196551 0.010451965899247777
13 0.5829870589000976 0.3731577843628904 0.005805343573055646 0.016191314337816273
2 0.19454900357956392 0.5109458892181445 0.010526273478685325 0.010620061089582859
2 0.44531420761470875 0.6075739557784362 0.010811447315327042 0.010739792295418282
29 0.20037310771233324 0.4416749851834967 0.021577975919297103 0.02205824846136312
19 0.49656152554506994 0.7031510043309779 0.010552248356654735 0.005800527011625257
0 0.2785165037422714 0.5135775482106223 0.02444920794012366 0.017208661955778436
1 0.36604201236576633 0.42155689810804653 0.01416457246989912 0.016119888762252108
12 0.3796035644646925 0.138351456576248 0.009451190107386919 0.015248076589924777
22 0.6270771566547348 0.14290495372692044 0.004559349170191995 0.010940227399133804
