1 0.510718833712984 0.5362855009801687 0.014697149105109015 0.015358949623888762
1 0.3456104965831435 0.19452918896740368 0.013981165506020176 0.014730474583998177
1 0.7658086799869834 0.535821106359699 0.013371697233973317 0.015379840437656713
29 0.5744508376179629 0.19115526418965126 0.020783234624145785 0.01833128060177798
1 0.5751414461438334 0.535950349304764 0.013755688903351772 0.015094955094597675
1 0.3876342003254149 0.7185411734670617 0.014677255580865602 0.014064536129473445
0 0.641034396615685 0.3052376640072943 0.0221038047510576 0.010689024116708457
0 0.4670083123983078 0.5334158851151128 0.023690954767328347 0.010306932299977206
1 0.4365205701269118 0.33083953134260313 0.014161106931337455 0.015318101664007294
8 0.30259416596160105 0.2829580196033736 0.015632544614383338 0.010413778892181445
1 0.5300009736413928 0.37678473307499427 0.014152393101204036 0.015252278094369728
0 0.6059079310120403 0.14700247093685892 0.022699444191343964 0.010849930066104399
18 0.6832217637487797 0.5539224946432642 0.014197195183859422 0.013849092318212903
11 0.342781250894891 0.6449121422384317 0.014971109925154573 0.015711292454980624
14 0.5236340462089164 0.5320852919990882 0.008106561145460463 0.013794472760428538
18 0.562585200130166 0.4853413375883291 0.014074984965831434 0.013721763391839526
1 0.6802568955418158 0.1956648789605653 0.01435079518385942 0.01536501846364258
8 0.6602997253498211 0.39667313790745384 0.015619132313699968 0.010500096466833827
8 0.3876992124959323 0.21468905767038976 0.014884488122356003 0.01016374269432414
1 0.3364951304913765 0.1495485826304992 0.014396080442564269 0.01544239617050376
12 0.5808479219004231 0.41713446455436515 0.01786984965831435 0.01556167221335765
8 0.4325152072892939 0.282762883063597 0.015556985876993168 0.010577170731707317
18 0.6769881262609828 0.3945604814223843 0.014209774422388546 0.013870216548894462
18 0.46150926911812556 0.2353671119215865 0.014748898926130816 0.014237848187827673
11 0.3021384809632281 0.507732321860041 0.01539423885453954 0.015425940278094368
7 0.5947568942401562 0.4674276398449966 0.01708877058249268 0.016037375883291544
13 0.6812815619915391 0.32631836243446544 0.00703067803449398 0.015983689993161614
0 0.6823378848031241 0.1258717045817187 0.023366060527172144 0.010771653704125826
8 0.5617872931988286 0.7163565078641441 0.015547805532053368 0.010181365671301573
18 0.5712112255125285 0.5773951328926373 0.01469571623820371 0.013977471620697514
0 0.7716583091441588 0.7133086665147025 0.021175273673934267 0.011113317711420104
7 0.509066105043931 0.194654183724641 0.017010296127562642 0.01546071939822202
22 0.6356898530426294 0.4872068055618874 0.01375277318581191 0.010055834055162981
14 0.35151857338106085 0.6222286515614315 0.00713176179629027 0.015191006154547528
18 0.5990968148389196 0.7136144426715295 0.015437957956394403 0.014294335080920904
14 0.38909209241783277 0.553910123546843 0.006856084868206965 0.015830451789377708
8 0.30324745330296127 0.23681488032824252 0.015792859095346567 0.010843581126054252
11 0.6998966690530426 0.28139482653293824 0.01444957969410999 0.015326854798267609
0 0.5315106488773186 0.3968546195577844 0.02199683957045233 0.010290978253932073
1 0.5679767783924504 0.6961487886938682 0.014344197331597787 0.015089469797127877
11 0.6539752840872112 0.6213306383405517 0.015192904393101203 0.015476708456804196
4 0.6867571129189717 0.713499134716207 0.011407303351773512 0.013551719170275815
18 0.7138134721770257 0.41859215317984955 0.014114222193296453 0.013952145885571005
0 0.32205583078424993 0.5335079914292227 0.02236088773185812 0.009900681832687485
8 0.7089042369020501 0.44273095162981535 0.01535773407094045 0.010106567221335764
0 0.4548076173120729 0.37419287166628673 0.023009343312723723 0.010492545429678595
0 0.34568380605271726 0.12510411306131752 0.023071822974292222 0.010777780898108047
8 0.6863560767979173 0.306059174834739 0.014227618613732508 0.010524733622065192
22 0.5380065343312723 0.6704607905174379 0.014006840481614059 0.01019938545703214
13 0.40755100032541486 0.23439889856393892 0.007426982362512204 0.016082542056074768
22 0.5464887731858119 0.6245159389104171 0.013782563488447771 0.010099949851834968
8 0.6754701204035145 0.14802355322543878 0.015306850634559062 0.010251344062001368
22 0.5629612443865929 0.14728047048096649 0.013880914806378132 0.00987995441075906
22 0.3362298835014644 0.32833333394118985 0.013581062414578588 0.009814399270572144
1 0.5686037409697364 0.12680443856849782 0.015462233387569151 0.016150466377934807
8 0.6890705265213146 0.533016322042398 0.01489545122030589 0.01017100196033736
8 0.3834031942726977 0.1914315131069068 0.015403885714285715 0.010208208616366538
2 0.44472456622193296 0.48813417095965345 0.01359684061178002 0.010495288078413495
13 0.6331452480312398 0.39424676909049466 0.006808033843150017 0.01577431502165489
1 0.41971154181581516 0.2397778746295874 0.013585510966482266 0.014977896512423068
9 0.4051066293524243 0.12425657624800547 0.01463228688577937 0.011060530476407567
8 0.644401233973316 0.23763324002735356 0.01501422922225838 0.010696610166400729
13 0.31731620696387897 0.30311800501481645 0.00680706749105109 0.015878535673581037
14 0.4377315092743248 0.14423543013448825 0.0068493037422713956 0.014959806701618417
8 0.4671194428896843 0.5563126838386141 0.014538817312072893 0.009873733850011397
22 0.31957663781321183 0.23740974333257353 0.01390127484542792 0.009426180259858674
14 0.35954745981125935 0.6225674678823797 0.007087492873413603 0.016187696375655345
2 0.30068895281483893 0.6019198978801004 0.013209999869834038 0.011540610713471622
23 0.5328002290920925 0.6249397073170732 0.01186498769931663 0.009736169591976294
13 0.7113827634233648 0.28121124413038523 0.0063163938821998045 0.016548558924093914
1 0.3031328239505369 0.33095145475267834 0.01419088057273023 0.01509787280601778
11 0.48710810283110967 0.6908160291771142 0.013822050634559062 0.015316467745612034
13 0.4342183195574357 0.5534188976521541 0.007596527172144485 0.016185945748803283
11 0.4886417702570778 0.4165311985411443 0.014728522225837945 0.01572763163893321
1 0.747348555808656 0.5581572609984045 0.012944552945004881 0.014954904946432642
5 0.39080363527497564 0.647725866423524 0.013564051285388871 0.01013729655801231
8 0.6817933953791083 0.374038349669478 0.01429101464367068 0.01072221600182357
6 0.5060696971038073 0.41943677228174153 0.012445148844777092 0.010042319215865056
0 0.5442126807679791 0.693609212673809 0.02288038529124634 0.010381485662183724
8 0.5497548766677514 0.30548181809892866 0.01587766482264888 0.010548915614315023
13 0.5777021125935569 0.6671692619101892 0.007039658444516759 0.01629576840665603
8 0.6877204659941425 0.2153018937770686 0.01490064952814839 0.010860632231593344
13 0.3153498470549951 0.6684784973786186 0.006724077839245037 0.015686783679051745
13 0.4605754064432151 0.6681067809436974 0.007320983534005857 0.016443638021426944
6 0.5417736413927758 0.2832693977661272 0.015601088187438984 0.010119603555960794
14 0.45255101854864954 0.667729579211306 0.007368368109339408 0.015495615226806474
7 0.655241705174097 0.48982854433553685 0.016852514155548323 0.015428624572600868
2 0.44634054018874064 0.3051833945748803 0.011882165440937195 0.010178459630727148
22 0.5897910107386918 0.6701140496922726 0.01385362369020501 0.010137133166172782
8 0.35561723917995447 0.3281141554593116 0.016085330556459485 0.010390623934351494
6 0.7618531509274326 0.5559682771825849 0.013480411845102507 0.009790765808069295
6 0.5451961939472828 0.48809822475495784 0.01531596433452652 0.010220614725324822
22 0.45657854083957045 0.647421840893549 0.013972001822323462 0.01029983642580351
8 0.4690298210218028 0.19150994118987918 0.016234115457207942 0.01050240729427855
22 0.6605169879596485 0.23769252792341009 0.014194379433778067 0.010001669660360155
2 0.41781599219004234 0.2828710718030545 0.011427546762121705 0.010445500250740826
1 0.5665365805401887 0.5590106332345567 0.01439733003579564 0.015154826532938226
11 0.7007660527172145 0.6666179311602461 0.014152526391148714 0.014738994301344885
14 0.569514277904328 0.6676704080237064 0.00784727888057273 0.01588285388648279
6 0.6736762043605597 0.4875415254160019 0.015056532118451024 0.01029369756097561
7 0.6416594598112594 0.6712253476179622 0.014441349040026032 0.013753391383633464
14 0.3994568018223235 0.23496890266697057 0.0075102219329645295 0.01613377706861181
22 0.6580909443540515 0.5783058089810804 0.014011022453628376 0.010664118532026442
11 0.7491789599739668 0.3727305147025302 0.013615984380084609 0.015360116708456805
18 0.3628822076147088 0.1898299229541828 0.01449176596160104 0.014026489172555277
19 0.5490441080377482 0.44243329838158196 0.010773059811259356 0.009510560474128106
8 0.4403444920273349 0.3509874957829952 0.01588357956394403 0.010384858536585365
0 0.6352343346566873 0.5100894825621154 0.020875371298405464 0.010595575655345338
14 0.46879856296778394 0.6446082334169135 0.0074550232346241455 0.015947627080009116
8 0.5751534422388546 0.28267231730111697 0.01549373979824276 0.010178354593116026
6 0.5053744400911161 0.693085308411215 0.01107429508623495 0.010413440437656712
6 0.450339904978848 0.14686160382949626 0.015606386462739994 0.0098899446546615
6 0.5575665004881223 0.46491198905858216 0.015610918320859096 0.010075382721677684
6 0.36398701464367067 0.4197901654889446 0.014409526065733811 0.010025046364258034
2 0.5172151356980149 0.2374181463414634 0.012008241067360884 0.010727666286756326
2 0.39860641197526847 0.19162863369044905 0.011453321705174099 0.010287955504900845
4 0.418774013667426 0.3278334716206975 0.011367666254474456 0.0131505922042398
19 0.5656258769931662 0.41980218645999545 0.010042930816791409 0.010540092454980624
22 0.39677500813537264 0.14703503259630726 0.01297366013667426 0.009675189423296102
6 0.7025654669703871 0.12586540232505128 0.014873408395704524 0.010632023706405288
0 0.36353432866905305 0.46487756006382497 0.022866723071916693 0.010617936995669023
22 0.31951898991213795 0.28242489537269205 0.014567841197526847 0.010381859129245498
6 0.558794434103482 0.5335187986323228 0.01473823573055646 0.01015877091406428
7 0.44697749951187765 0.513045474356052 0.017009129840546696 0.015561322087987236
6 0.35915125545069965 0.4424714153635742 0.01546233335502766 0.009573886482790062
6 0.5829758958672308 0.5562935436516983 0.015172377741620566 0.010108551265101436
13 0.530123433778067 0.28071161522680643 0.007289177220956719 0.01622702712559836
6 0.3033104328018223 0.39652911967175747 0.015977349040026033 0.0103401942101664
2 0.4286521314676212 0.5101751465694095 0.011859339537910836 0.010280591201276498
2 0.3091275392124959 0.44244278677912013 0.01257169098600716 0.009572147526783679
7 0.3889534208916368 0.6277075650786414 0.01690049853563293 0.015633214497378617
7 0.3595164698991214 0.3994868620925462 0.01588399609502115 0.014993068611807613
8 0.6906128577936869 0.4425701974014133 0.015046202147738367 0.009826980442215636
5 0.4062230992515457 0.6246544718486438 0.0136499399934917 0.010182824527011625
6 0.545377301659616 0.16948425438796444 0.014754263846404166 0.010051142375199452
4 0.4337599687601692 0.3733715942557556 0.010457945720794011 0.011226373193526328
19 0.6583736856492027 0.30544563847731937 0.009962773576309794 0.010109158149076817
6 0.45938995899772206 0.465486077957602 0.01531166573381061 0.010242404194210165
0 0.47037921509925157 0.1465848880784135 0.022514837617962902 0.01036245051287896
2 0.5312950523917995 0.5793454479142922 0.011356703156524569 0.010636213540004559
6 0.7615881038724372 0.3081683300661044 0.013514284152294177 0.00986213302940506
6 0.3251364946306541 0.12470695418281287 0.01585805453953791 0.010539322179165717
6 0.47242071721444845 0.67100850330522 0.01597433335502766 0.010170243355368133
16 0.5158845854864953 0.32831326008661954 0.016637034298730882 0.01015372910873034
2 0.5075883527497559 0.6252755942557557 0.012788503742271397 0.010761663460223387
2 0.5739818236251221 0.44233149359471163 0.011842528343638139 0.009349561157966719
5 0.3267139811259356 0.6481160227946204 0.014581103547022453 0.010088138956006382
4 0.3278782687927107 0.19146337451561432 0.009952210348193947 0.011224552541600182
14 0.7052769176700292 0.23625479644403918 0.006695020631304914 0.01573976931844085
5 0.6909480820045558 0.578409796216093 0.013297638008460788 0.010269235468429451
2 0.3696528369671331 0.21510920811488488 0.012523673283436381 0.010063431775700935
7 0.5118249736413928 0.6737935172099384 0.015706853758542142 0.014841697743332573
14 0.6205863195574357 0.531895547390016 0.007087276277253498 0.013282005926601323
13 0.5299259980475106 0.325637952131297 0.006962533550276603 0.016215472988374745
13 0.6622329293849658 0.1903803200364714 0.007661339407744875 0.016099114656940965
6 0.608898457533355 0.2372755286072487 0.01469733237878295 0.010386270708912695
14 0.6166217767653759 0.4848347061773422 0.006683074520013017 0.015168364713927513
4 0.7767123306215424 0.37526157100524277 0.011097787438984706 0.011757326646911329
11 0.34390071981776765 0.5992603455664464 0.01489870016270745 0.015843639844996583
0 0.36383389781972014 0.7166270380670161 0.022658957370647576 0.010350102758149076
7 0.5266159088838269 0.7185898408935492 0.01690599674585096 0.015246092546159107
27 0.5873048200455581 0.5357196283565079 0.008329821802798568 0.015542765443355366
14 0.5390808512853889 0.12164394073398678 0.008038949821021803 0.01635400592660132
11 0.6925353986332573 0.6892621727832232 0.013845859550927432 0.015118880328242533
2 0.7136848473804099 0.48825753179849557 0.012096129124633908 0.01033629614770914
2 0.6558030224536284 0.4196787089126966 0.011403504588350146 0.010340497652154092
2 0.3717261620566222 0.28266846592204237 0.01197356902050114 0.010798998495555049
5 0.5592019681093394 0.28261279598814676 0.014598631174747804 0.010700216457715978
22 0.42512028115847705 0.14697539457488035 0.014863761535958347 0.010406297880100297
1 0.6732018587699317 0.5357467514018691 0.01424971142206313 0.015733000227946204
2 0.6250225421412301 0.1470135582402553 0.011812038268792709 0.010583006154547527
12 0.34047350211519684 0.48493659266013217 0.018540797917344615 0.01576124367449282
0 0.6573948376179629 0.6014999808525188 0.023073322486169865 0.010254016685662183
6 0.4750440299381712 0.374216563483018 0.014635152619589977 0.009924350307727377
4 0.6426036524568826 0.41833959607932525 0.011808789326391149 0.012165689537269205
13 0.5036984023429874 0.14425865511739228 0.0077222195899772205 0.016063751994529293
6 0.6213525701269118 0.3051077674948712 0.01552083097949886 0.009951601732391156
6 0.43630663976570133 0.44233980323683614 0.014783337715587375 0.00934091306131753
13 0.7032497442238854 0.6891651880556189 0.006129854604620892 0.01587865238203784
5 0.7581986905304262 0.1952418108046501 0.013192705499511879 0.01068665493503533
2 0.3711765076472502 0.6247176111237748 0.012151227855515782 0.010655283701846364
9 0.5208041340709405 0.6927982056074766 0.01424879505369346 0.011121428949167997
5 0.644532857793687 0.39661186596763165 0.014406360429547673 0.010272853430590381
18 0.47757703872437357 0.4854055272395715 0.015202717865278229 0.014224426715295191
6 0.7240821295151318 0.5559326811032596 0.013346255515782623 0.010230873398677912
6 0.3825612516758867 0.3514553799863232 0.015196169996745851 0.010153624071119216
2 0.5051940987959649 0.16933661819010715 0.010648100488122357 0.010231725370412583
14 0.5253836433452652 0.4850584362890358 0.007699210413276929 0.016018118987918852
6 0.6548395027660266 0.5103935080920903 0.014826340383989587 0.010464045224527012
2 0.5350713231369997 0.5336509592888079 0.011724066905304262 0.010526519261454297
6 0.716767843800846 0.23889684248917256 0.014854697819720144 0.010149667654433554
13 0.42955317149365446 0.599498897652154 0.00783143403839896 0.016617650330522
14 0.3813054937845753 0.5536058645999544 0.007515420240807029 0.016217923865967633
4 0.36711716238203707 0.23647327467517665 0.012111374162056623 0.012632640072942786
0 0.6249798893589327 0.16986554091634373 0.02308698470549951 0.010495486482790061
2 0.5733247041978523 0.46454120629131523 0.011756539668076799 0.010666627763847733
22 0.5779348701594533 0.7159731205835422 0.013837279010738692 0.010128053248233418
5 0.5574138835014644 0.6702941308411214 0.014381118646274 0.010522446136311831
6 0.7436114389847055 0.19482329427855027 0.013940562056622193 0.01030371114656941
4 0.446762569476082 0.41876336448598134 0.010721143377806703 0.011917800775017097
9 0.5209772443865929 0.4188151830408024 0.01494526833712984 0.011029100888990197
22 0.6449470562967784 0.17044173056758605 0.01411610491376505 0.010276588101208116
22 0.3189201848356655 0.3532748064736722 0.013400021347217704 0.006298883793024846
2 0.6652955990888383 0.6467953498974242 0.011810355483241131 0.009983789924777752
18 0.35707209892613084 0.5542819566902211 0.015334658249267817 0.014481185320264416
9 0.3352881900423039 0.3513296849783451 0.014392764855190367 0.01084386122635058
13 0.7519686518711357 0.3051481486209255 0.00442464301985031 0.016436752222475495
8 0.7301558190693133 0.4881033599270572 0.014549847054995119 0.010293207385457031
13 0.34294852977546375 0.6223589798951448 0.007602042043605596 0.015675112833371325
2 0.39862057403189066 0.6708390426259403 0.01124802186788155 0.010485251151128333
18 0.6324935435079727 0.5306047285160702 0.014539000585746828 0.015280288124002735
6 0.34193619264562314 0.5336910136311831 0.015224210868857793 0.009764401367677228
2 0.349126518711357 0.30542579803966263 0.011402554897494305 0.010501917118759972
2 0.4033272085909535 0.21418849509915658 0.012049277709079076 0.011543271666286757
6 0.6917726469248292 0.14853683701846365 0.014791201822323461 0.010113861499886027
13 0.3114294565571103 0.5998225302028721 0.007272149430523918 0.016074139047184865
4 0.3174616596160104 0.5552794638705265 0.01197323579563944 0.012645361294734443
9 0.3264375711031565 0.6248961750626851 0.014217738496583143 0.010645001686801915
4 0.5628897676537585 0.3270533922954183 0.011082042564269444 0.01308745292910873
16 0.3031444868206964 0.46516104490540233 0.016362690270094373 0.010392397902894916
4 0.4726886300032541 0.7150856694780032 0.01123194376830459 0.012143981764303624
19 0.4280656557110316 0.5791577807157511 0.009959641262609828 0.010479684157738775
9 0.5802167940123658 0.14686720583542284 0.014399279401236576 0.011270570686118076
5 0.67173416986658 0.3057112669250057 0.013433427139602994 0.010158829268292683
5 0.6375111435079727 0.3533238123546843 0.014614326065733811 0.00639080337360383
8 0.6669460618288318 0.17015276042853886 0.0159327135698015 0.01052381162525644
13 0.5943515261958998 0.4169932473216321 0.006052196550602018 0.016456709368589013
7 0.5053473155873739 0.5598246747207659 0.011020029417507321 0.014630338728060178
2 0.7759140904653433 0.5557556343742877 0.011787096387894566 0.011073450102575792
5 0.7345157331597787 0.37549055299749257 0.0135942081353726 0.010485612947344425
13 0.31456576895541816 0.508109056758605 0.006444368890335177 0.01601134989742421
22 0.46945451610803773 0.28292604148620926 0.014250211259355678 0.01016737232733075
0 0.6207894201106411 0.7150249810804651 0.022294242759518388 0.010811474629587417
6 0.5113816179629027 0.3512020059266013 0.0154696976244712 0.010353067152951903
2 0.7741561627074519 0.2855512815135628 0.011115748259030264 0.010279972646455436
22 0.7749359088838269 0.33076227034419875 0.013335425707777416 0.00996729901983132
4 0.6872587829482592 0.4860294506496467 0.010475689944679466 0.012702198313198085
8 0.5484483019850309 0.26390602926829265 0.015721815554832413 0.00262400291771142
5 0.3949011181256102 0.3737512468657397 0.01393639674585096 0.010282283473900158
14 0.7571644771884152 0.4628924659220424 0.005658441392775789 0.014993768862548438
22 0.48555277578913114 0.1918353243674493 0.014014288057273023 0.009922973147937088
5 0.7638020831760495 0.4880482735354456 0.0135744145785877 0.010512665967631639
6 0.48112155157826225 0.6475608406656029 0.01614661060852587 0.010092725598358788
8 0.7189324725024406 0.2161150015956234 0.015285041067360885 0.010555719717346706
13 0.3669927028961926 0.6682187043537725 0.007003853433127237 0.015709191702758148
14 0.5924091584770582 0.5764629824481422 0.007317901204035145 0.01559960246181901
16 0.7636995332248617 0.44256950882151813 0.014546781386267492 0.009766443765671302
5 0.699199562642369 0.4874385885571005 0.013695558477058249 0.01068884905402325
5 0.6983443410348195 0.42000642625940277 0.01381531949235275 0.010309114748119444
13 0.7402457012691182 0.6210823177570093 0.007317451350471851 0.016256787782083428
9 0.5023611376505044 0.6474005999544108 0.005047706866254474 0.010691778436289035
2 0.4163701295151318 0.5104017943925234 0.011825383924503741 0.010900091360838842
4 0.6164263403839896 0.622980452427627 0.010826775658965181 0.012094147253248233
5 0.4215492769280833 0.6933398495555049 0.013053284217377156 0.010120432186004103
5 0.6666195014643671 0.556099340779576 0.014256942401561992 0.010340042489172556
4 0.3181805922551253 0.3965070617734215 0.010410294565571103 0.012159270572144974
0 0.6102350224536284 0.5103196316389331 0.022905710380735435 0.010604398814679734
2 0.49672280637813215 0.48735875997264644 0.011693310250569477 0.010143762206519262
16 0.3025693407094045 0.6714601650330522 0.01635735867230719 0.010154732801458856
4 0.7790097494305239 0.2170549715067244 0.010410394533029613 0.01372969956690221
16 0.4155628922876668 0.6020329883747435 0.015818384119752685 0.009780145338500114
8 0.4077147803449398 0.2639111994529291 0.016205458119101856 0.0026343432869842713
5 0.441621576309795 0.6016233416913609 0.014073268857793687 0.010147356826988831
8 0.3814871513179303 0.14694726783679055 0.013218363813862676 0.010243956416685662
4 0.6727943247640742 0.6684641422384318 0.010909498730881874 0.011307275495782995
8 0.47966635860722423 0.3283190955094598 0.014904414969085584 0.010723289719626168
6 0.5154628227790433 0.5792919954410759 0.015870083957045235 0.010001973102347846
13 0.7343477878294826 0.12490559197629358 0.006133420110641067 0.017573375883291543
6 0.5972622453628377 0.6474984016412126 0.015663734461438334 0.009894858080692957
13 0.6238830797266515 0.48487438705265556 0.007044306931337455 0.015858461819010714
1 0.7282207822974291 0.19686849327558698 0.013104817442238854 0.01564605242762708
6 0.5679722798568174 0.3510939338956006 0.014808262935242435 0.010207636744928198
4 0.3816262393752034 0.37281909642124456 0.012100361080377481 0.012978447230453613
7 0.30312649267816466 0.17240079872350125 0.015275977351122681 0.013694570321404148
1 0.330519742271396 0.4221734688853431 0.01430782583794338 0.014431934351493049
4 0.7159920963228116 0.3288072869842717 0.010568709664822649 0.011451935627991794
18 0.38170236459485846 0.508254475495783 0.013648790367718842 0.013904645543651699
5 0.7505880013016596 0.35409054023250514 0.01281424536283762 0.007930351310690677
4 0.5406973250894891 0.19084248552541602 0.010439751643345267 0.012168490540232505
2 0.7240693003579565 0.2845966063369045 0.011108717214448421 0.009663390198313198
1 0.5029420152294175 0.5821498354228403 0.006207229417507321 0.01487892774105311
5 0.5139283056296778 0.48795852473216317 0.013570782427595185 0.01057531506724413
2 0.3574214851936219 0.2599425283793025 0.0116227332248617 0.01048766701618418
5 0.41648375919297104 0.4191549213585594 0.014868110120403516 0.010228095737405971
5 0.767653779368695 0.1506359553225439 0.012602747543117476 0.010731669386824709
5 0.7749675652456882 0.6677968032824254 0.01236162603319232 0.010052963027125598
1 0.5935271278880573 0.21723341873717802 0.01485694708753661 0.015457801686801916
22 0.3723466267491051 0.3283200291771142 0.013610186267491052 0.010020844859813085
4 0.7605166693133746 0.6672876042853886 0.009160967914090466 0.012369112377478914
5 0.674982945655711 0.4425397715067244 0.014821275366091766 0.0097185232733075
19 0.546160213472177 0.534127421563711 0.009786247705824926 0.010250433736038296
4 0.37633479351773513 0.6465782721677684 0.0028987230719166937 0.012365961249145201
2 0.5937343937520339 0.19170110964212445 0.011607021672632606 0.010915858673353089
6 0.4960853472177026 0.21458997219056303 0.015974566612430848 0.010029574652382038
16 0.7276586319557435 0.6238309419648962 0.015518881614057923 0.010066652929108732
21 0.7548726398958672 0.6035819430134488 0.010233418808981452 0.015563189423296101
7 0.6748073361535959 0.581984226122635 0.01569297494305239 0.014844031912468657
5 0.7641245615359584 0.6458955276954638 0.012139465017897819 0.010256315842261226
6 0.43287209111617314 0.41895733394118984 0.014333184249918645 0.010033997902894918
13 0.751115541243085 0.21453593617506267 0.002719198177676538 0.016563614315021655
1 0.6065522212821347 0.19475385274675178 0.014065571363488447 0.01549328105767039
5 0.6377886198503091 0.623631008707545 0.01575018965180605 0.010541026122635059
6 0.6019373901724699 0.6242782387964441 0.01577456505043931 0.010457661271939823
16 0.3028275899772209 0.5797093448826077 0.016154757956394403 0.009822848962844768
5 0.44592117670029285 0.5559704946432642 0.014243113569801498 0.010246185548210622
5 0.5830210478359908 0.3972004267152952 0.014712244191343963 0.010445955413722362
4 0.5598742492678165 0.1684876808753134 0.011876883826879271 0.012928145885571006
0 0.7535592341034819 0.5330498290403465 0.007589379498861047 0.009933523592432186
27 0.6707206664497234 0.2664828352860725 0.007788364725024406 0.007775047367221335
2 0.4215449450048812 0.35329207932527923 0.011675099511877642 0.006311616685662184
2 0.4122079843800846 0.57896171050832 0.011937963944028636 0.010306033644859814
16 0.6875976726326065 0.2643205076817871 0.018349193621867883 0.0034292562571233186
2 0.4746978093068663 0.4651735327102804 0.012032683110966481 0.01017237912012765
5 0.3402012574031891 0.28291285343059036 0.014948267360885129 0.010614143970822885
5 0.3429956810933941 0.39716844859813083 0.01471166104783599 0.010762562115340778
2 0.713690345590628 0.3535183770230225 0.010907399414253173 0.006786013220879873
2 0.6815223169541165 0.6470320346478231 0.012425388610478361 0.01079208935491224
23 0.5926060943703222 0.32806688853430593 0.01156653485193622 0.009904346478231137
1 0.7518095203384315 0.5584540506040574 0.00410717969410999 0.014899701846364258
1 0.5680225968109339 0.7019672537953043 0.014273303742271396 0.0034090423524048325
2 0.5511467569150668 0.39704030271255986 0.01147879674585096 0.01021524613631183
5 0.3272971246339082 0.6023857980396626 0.014747366091767002 0.010875197447002508
5 0.753837593491702 0.6234164635514019 0.00816329267816466 0.010462784773193528
8 0.30224927822974296 0.35326504964668337 0.01562707972665148 0.0062759739229541825
2 0.6021188311096648 0.2592974807385457 0.011850175854214122 0.010370188283565078
18 0.4965160403514481 0.39467275495782994 0.014764910380735437 0.01423411351720994
2 0.579924555808656 0.3280894132664691 0.011655339277578912 0.010514743378162753
14 0.7070313465668727 0.5987716872578072 0.006438387504067686 0.015468422156371096
23 0.45085823625122035 0.1244910435377251 0.012042180019524893 0.009656142603145658
5 0.6180464796615686 0.28254370458171874 0.015376294695737066 0.010145629541828129
2 0.38011519791734466 0.16935715887850467 0.010456096322811583 0.010072196580806929
8 0.3641837839245038 0.5101926528379302 0.014996101789781972 0.01014235003419193
14 0.6119796212170517 0.5319089688625485 0.008064224926781646 0.01339603008889902
19 0.6041501698665799 0.28248383314337816 0.01092900904653433 0.010244493275586962
13 0.3652720963228116 0.12242086893093229 0.0076359476732834365 0.01633159790289492
0 0.6304890626749104 0.419939552313654 0.011384893979824277 0.010473031775700935
2 0.7767033335502765 0.30786337086847504 0.01185235847705825 0.010369301299293365
29 0.3050605297754637 0.41909610029633004 0.02004530816791409 0.019565705949395943
16 0.3039032398307842 0.3060023378162754 0.016376269183208593 0.010215292819694553
22 0.7593032809632282 0.2854149660360155 0.012410543442889685 0.01009590006838386
0 0.5678151643345265 0.6023621062229314 0.014822191734461438 0.01089166501025758
13 0.5833541060852587 0.5757716015500342 0.007024946566872762 0.01585145931160246
12 0.6800701230068338 0.621672955915204 0.018300376179629027 0.015474490996124912
8 0.6512140162707452 0.46472292135855936 0.01535493498210218 0.010651479006154548
23 0.5494206521314676 0.14657333394118988 0.011920836186137325 0.010012663596991109
16 0.35671904718516106 0.35315066368816955 0.019257897819720142 0.006016531023478459
2 0.7301299941425318 0.26495820268976517 0.011600540449072569 0.0047283497606564855
0 0.628397410218028 0.7149486537497152 0.007164467816465994 0.010646857351265101
16 0.4927454344288969 0.264322118258491 0.0178571871135698 0.0034369240027353545
9 0.7781943481939473 0.6449424864372009 0.013012830719166939 0.011017371689081377
0 0.4910703130491377 0.5108232286300433 0.021477508623494956 0.010526332527923411
5 0.4012652131467621 0.5563671866879416 0.014370222193296454 0.010449409984043765
8 0.5093324183534006 0.4648342612263506 0.015874382557761146 0.010667888215181217
6 0.42655698014969085 0.16929752085707772 0.015238722811584771 0.00987632477775245
9 0.37819803865929064 0.48763092409391384 0.006640155157826228 0.010418260496922726
27 0.7775209007484543 0.534987271119216 0.00793340084607875 0.015581629359471164
4 0.7767204946306541 0.6872467344426715 0.011983965636186136 0.016418895828584454
5 0.6273486182883176 0.4417613494415318 0.005104005206638464 0.010508767905174379
13 0.6027126378132119 0.532046369728744 0.007179379629027009 0.013645552769546387
2 0.43327995834689226 0.7156301144289948 0.011966987829482589 0.010951279689993161
2 0.6682957891311422 0.3740755796671985 0.010456196290270094 0.009894006108958285
16 0.5169930413276929 0.2834172673808981 0.01641563970061829 0.00996813932072031
5 0.7012887159127887 0.5097003765671301 0.014162156589651805 0.010282318486437202
28 0.6684987230719167 0.3260050002279462 0.01662412183534006 0.01642461454296786
1 0.581019366091767 0.6498452919990881 0.014315173446143832 0.015016176886254845
5 0.6050028922876668 0.48715825484385683 0.013857005922551253 0.010725133713243674
14 0.49925015034168563 0.3533152226122635 0.006690072242108689 0.006377767038978801
27 0.5494189860071591 0.5590605844540688 0.008484321509925155 0.015313433325735126
23 0.4059290283110967 0.4878631739229542 0.011379395769606247 0.010203598632322772
5 0.3858731569150667 0.39657405242762706 0.014269721575008136 0.009478337269204468
8 0.6219598724373576 0.4423768114884887 0.015888011454604622 0.009440208616366538
5 0.6853230797266515 0.669349726008662 0.013319947412951512 0.010284045771597902
6 0.5301747504067686 0.4420172910873034 0.015097018939147413 0.0102478077957602
16 0.35394178457533354 0.6707225675860496 0.016415456426944353 0.009965571734670617
22 0.45706554897494306 0.3515891278778208 0.013790044386592907 0.010221104900843402
18 0.3416076329319883 0.44229555906086165 0.014859612886430198 0.009263068520629131
2 0.3972726794663196 0.3531208563483018 0.01144617403189066 0.005964303989058582
0 0.6442022987308819 0.19224403738317758 0.02817599479336154 0.011129575199452929
8 0.5372149586723072 0.556616709368589 0.015137922290920924 0.010058600045589242
23 0.5092641572404816 0.30559607567813996 0.010933824145785876 0.009391459493959425
22 0.7784719245037423 0.12846951812172328 0.013251269768955416 0.01013901217232733
9 0.6776344158802473 0.6014511967175747 0.013990212561015295 0.010661189149760657
14 0.6034364022128214 0.4171475359015272 0.00766003983078425 0.0157494561203556
23 0.7599388074194597 0.2398560692956462 0.010197763748779693 0.009889722908593572
2 0.44910264106736086 0.5330725871894233 0.01104795366091767 0.010069664007294279
2 0.6021233296452978 0.26354749622065193 0.0126085789781972 0.0019069344882607707
13 0.700609603644647 0.26476073198085254 0.007503274194598113 0.004333420013676772
5 0.6063922733485193 0.44239622010485524 0.013984264497233974 0.00947618983359927
28 0.6575038021477384 0.2574601395030773 0.01750296908558412 0.016994735354456347
22 0.6405495044581841 0.715459486665147 0.013567883371298406 0.01043951310690677
3 0.3065322173771559 0.12173765762480056 0.020171933615359582 0.019601885571005243
23 0.7262344288968434 0.5787975017095965 0.010905483371298406 0.009974616640072943
22 0.4840022805076472 0.5570351091862321 0.013862154246664496 0.01006554419876909
4 0.7777753179303613 0.2653690047868703 0.010553664562316954 0.005549965625712332
0 0.634731898210218 0.6015027818554821 0.019816382687927108 0.010306663870526556
16 0.47121810868857794 0.21471881832687487 0.016320404035144807 0.009895721723273307
8 0.446698423690205 0.6242712946432641 0.01594792528473804 0.010683142010485525
13 0.47307966937845747 0.4423964301800775 0.007184611259355678 0.009479422657852747
28 0.6573595157826229 0.2642741160702074 0.016489432346241457 0.0033601881923865967
8 0.4080180149690856 0.2602328990198313 0.015689642694435405 0.009976845771597903
2 0.4318280976244712 0.624607788465922 0.01088225759843801 0.010040405197173467
2 0.4237830497884803 0.25994357875541374 0.011838812886430197 0.010869233644859814
5 0.63753591877644 0.3740559726464554 0.01528769020501139 0.010349262457260085
7 0.5487417064757566 0.5821266104399362 0.01650905929059551 0.014974745384089355
13 0.4839369684347543 0.21229548392979256 0.006753884803123984 0.015585830863916116
2 0.423672752359258 0.26399116808753137 0.012501697103807356 0.0027942805561887393
13 0.41424532118451024 0.16675981217232733 0.0066021841848356655 0.015480559835878734
6 0.5662799973966808 0.2638984665602918 0.01663750081353726 0.0026050144517893777
21 0.7525365336804426 0.1295781317529063 0.005561173055645949 0.014296319124686574
8 0.5765409905629678 0.21665057670389787 0.013527663130491377 0.013470840209710509
2 0.3762713475040677 0.28285706678823797 0.002779511877643996 0.010433806063369045
1 0.5912352072892939 0.23964237611123773 0.014779688903351773 0.015583613403236838
6 0.5182702922225838 0.2642093428766811 0.01528002603319232 0.0032306301344882608
13 0.5332000989261307 0.4853880209710509 0.0078111573055645945 0.016768904490540235
11 0.7532671791734462 0.6881550763619785 0.007022497364139277 0.015959998176430363
13 0.37275616010413276 0.553901136995669 0.006937708298080052 0.016412826988830637
6 0.7521373302961276 0.6687708520629131 0.0047627829482590305 0.00971188256211534
22 0.3770546608525871 0.3281459001595623 0.004349684087211194 0.009705860405744244
9 0.5836196863000325 0.2593715906086163 0.013743509534656688 0.01094567768406656
13 0.6259296035405142 0.21215753453385 0.002265979043280182 0.014834811944381127
5 0.3887956055971364 0.2639018977889218 0.014958963878945656 0.002615751629815364
27 0.7240528057273022 0.5128143916115796 0.00699295698014969 0.01454304080237064
7 0.30300003384315 0.1771635658080693 0.016247594402863653 0.004187522771825849
16 0.48489265733810605 0.12451543560519716 0.016425819720143182 0.010165890129929337
11 0.5233241470875366 0.5994334242078869 0.01504898457533355 0.015340042853886482
6 0.6120652600065083 0.46490381946660586 0.01444309847054995 0.009800405926601323
8 0.6260339162512203 0.4876836763163893 0.002474594467946632 0.010146108046501026
22 0.40296815880247316 0.5337300992933668 0.013555354116498537 0.010053546569409618
2 0.7540463921900423 0.17295784818782767 0.008580906736088512 0.009916075678139959
2 0.6202277696062479 0.6925447148392979 0.011959406963878946 0.010139023843173011
9 0.3941228714611129 0.5789080246181901 0.013885696583143507 0.010628265694096193
4 0.627963284868207 0.4636528215181217 0.006333338366417182 0.012828360155003419
5 0.6629756876016921 0.1252925972190563 0.013773633062154246 0.010864868748575337
29 0.7509605466970387 0.5773562689765216 0.018813709079075824 0.01815259995441076
22 0.46428586527822974 0.12466365534533849 0.013978099837292547 0.009753570822885799
8 0.7631046435405141 0.12755720811488488 0.014702730621542467 0.010827580396626397
0 0.5045668196550602 0.23756228128561657 0.009427297884803124 0.010541539639844997
2 0.7541356464692484 0.1765212141326647 0.008759398633257403 0.0029041148848871668
22 0.7452394090465343 0.4878475349897424 0.012926542141230069 0.010156611807613404
4 0.5888754754311748 0.281304961021199 0.011172629742922225 0.013079516754046045
11 0.3479389053042629 0.4168604330977889 0.014688401952489424 0.015508686573968544
4 0.35746297168890334 0.2638784510599499 0.012151810999023755 0.002568846501025758
22 0.48711243475431176 0.35324688981080465 0.014579554051415554 0.006243050467289719
13 0.3730177416205662 0.39389921130613176 0.0077125227465017895 0.016031657168908135
8 0.595024807028962 0.3739277100524276 0.00589059915392125 0.010069185502621382
14 0.4877965453953791 0.37162715295190335 0.006668979108363162 0.015808510599498518
5 0.6135342818093069 0.6467582366081605 0.01463840156199154 0.010312674356051972
14 0.5012868406898796 0.3486626633234557 0.0028972235600390503 0.016075072714839298
8 0.6203712229092092 0.26377427709140644 0.020857710380735438 0.0023604985639389103
5 0.7758381151968761 0.466275844084796 0.014078050634559061 0.011203031502165488
2 0.6277839599088838 0.1249862375199453 0.005974671786527823 0.011532452792341007
9 0.5840722056622194 0.263724193991338 0.01527631057598438 0.002260234328698427
8 0.32024042173771555 0.4423758778208343 0.007592061958997722 0.009410891452017324
8 0.38165159778717866 0.2828948803282425 0.006269625772860396 0.010687530248461363
0 0.7206307530100879 0.466865922042398 0.013775865668727627 0.012853685890129928
0 0.6011194897494305 0.17008506952359242 0.024196456882525218 0.01036358258490996
2 0.39941214969085587 0.5101428183268749 0.011624049463065408 0.01046320492363802
8 0.6053296192645623 0.3965054278550262 0.01612503429873088 0.010511265466149989
13 0.37013218093068667 0.35359068958285844 0.007169499511877644 0.006924884613631183
12 0.5871445388870811 0.3544682438112606 0.014079366872762773 0.008685746797355825
4 0.3245935047185161 0.5099129026669706 0.010989905890009763 0.012247268748575338
1 0.3280748714611129 0.7018144357419649 0.01621350549951188 0.0031149370412582628
8 0.3585839401236577 0.3057139512195122 0.005914874585095997 0.010089107636197856
23 0.6785837735112269 0.6923529628447687 0.011022295346566872 0.009684432733074995
