11 0.4733254227139603 0.6270832915431959 0.015334824861698668 0.015879002507408254
1 0.33726721249593233 0.6332822612263506 0.015068278294825902 0.015880519717346706
0 0.6004678685323788 0.30669290175518577 0.022598976895541818 0.010553840711192159
1 0.5647904822648877 0.5396295600638249 0.014231633973315977 0.015171632550718031
18 0.7327581386267492 0.7189135901527239 0.014322870940449074 0.01463570731707317
1 0.5637709808005207 0.193214118076134 0.015133290465343313 0.016312107590608617
1 0.577395545720794 0.14745926783679053 0.014882255515782624 0.015995944381126052
0 0.5601848148389196 0.374702304080237 0.023635472827855518 0.011170679917939366
0 0.5263313348519362 0.445221031593344 0.023004178327367394 0.010898247367221335
11 0.5767979069313375 0.6505693512651014 0.015677013472177027 0.01584025529974926
7 0.5473256674259681 0.30867286072486894 0.016897499511877644 0.016148248917255525
0 0.5198311174747803 0.12233006975153864 0.023084485519036774 0.010869268657396854
18 0.552443501464367 0.3265532965580123 0.014553545850959974 0.013965684066560293
8 0.33523154181581516 0.1674298354228402 0.015898491376505047 0.010559991246865739
8 0.6927133407094045 0.5368015624344655 0.01587773146762122 0.01071221408707545
8 0.6499202707452001 0.37418166765443356 0.01661544132769281 0.011157841987690906
1 0.7963994220631304 0.722420095737406 0.012496032281158477 0.015354864827900614
0 0.5420132300683371 0.4676009519033509 0.023960367068011714 0.010655750535673582
8 0.7112641353726 0.3973303232277183 0.015239639179954441 0.010561765215409163
18 0.5325531428571428 0.37287896785958513 0.015424512333224862 0.01455891315249601
18 0.407133969410999 0.18820510781855482 0.014640884087211195 0.014339267836790518
8 0.6968453289944679 0.12231606473672214 0.015843342661893915 0.010885759562343287
23 0.6400097634884477 0.306587280601778 0.010506829808005208 0.01011896165944837
1 0.3385339668076798 0.656874525643948 0.014975775073218353 0.01570032186004103
14 0.44736937194923526 0.3727274802826533 0.007588046599414254 0.01716092819694552
11 0.4217118906605923 0.46449090494643264 0.015110564529775465 0.015843756553453384
0 0.5240110901399284 0.2603965242762708 0.02292553726000651 0.011155064326418966
0 0.45521531793036124 0.23691291543195808 0.023225772860397006 0.010838632687485753
0 0.7689295307517083 0.12337682790061545 0.0206427803449398 0.011316705539092774
14 0.3838843709729906 0.6275758012309095 0.008009159518385942 0.01602838933211762
8 0.6431043228115847 0.32888338089810804 0.015205700227790431 0.010856255664463186
14 0.6930578952164009 0.4655399972646455 0.007525783534005857 0.016766687029860953
18 0.605744650829808 0.1886692573512651 0.014866344028636512 0.014347554137223616
1 0.4264498483566547 0.5624111675404604 0.01530755040676863 0.01600259676316389
0 0.5124605334201106 0.14559076544335536 0.022623302310445816 0.010593428219740141
14 0.8127366039700619 0.28297225803510373 0.006252498014969085 0.016377464326418966
7 0.6876406586397658 0.3767400337360383 0.01683618613732509 0.015728331889674037
8 0.38888231070615037 0.6542103049920218 0.015347937260006507 0.010139759106450878
19 0.7826547295802148 0.37506841850923184 0.009135059681093394 0.010628977615682699
14 0.3931027035470224 0.14197653795304307 0.007566570257077775 0.015464687485753364
0 0.7071684685974619 0.21402615363574196 0.023243600390497884 0.010852929473444267
0 0.7653508456882525 0.37555264189651244 0.021782076147087534 0.010463706770002279
0 0.7586403800846079 0.21466536585365853 0.017768882525219656 0.010371215317984954
6 0.3922603110966483 0.23625923136539773 0.01572994624145786 0.010628907590608616
2 0.33538515847705824 0.4450836423979941 0.013329394337780671 0.01088054269432414
8 0.33735235144809633 0.39856801641212675 0.01572113244386593 0.010590603875085479
14 0.3845634332574032 0.14253475450193756 0.00786575619915392 0.015227185776156827
0 0.7199881288643021 0.44458800492363804 0.02378159192971038 0.011448434374287667
0 0.4290804920273349 0.23735197264645547 0.0229525284738041 0.011118429541828128
0 0.7717446143833387 0.513455587873262 0.020966508298080052 0.011204863824937315
8 0.4266912697689554 0.19044824435833144 0.015379726911812561 0.010709739867791201
6 0.7497965922551253 0.7205333868247094 0.014032465473478684 0.009783226441759746
7 0.5404590693133745 0.42381684066560293 0.015370813146762122 0.015174550262138134
0 0.8045329410999025 0.19372378390699796 0.02106447640741946 0.010638594392523364
6 0.5813465929059551 0.5371748310918623 0.015217363097949885 0.010673758650558468
8 0.3971710458835015 0.5367662814679736 0.016362190432801824 0.011411146022338727
13 0.701097111617312 0.46539072714839297 0.0076594900097624475 0.016759334397082288
0 0.45822683761796296 0.21418137588329153 0.02316829157175399 0.011006774561203556
12 0.7961693302961276 0.37277369683154776 0.015243104718516108 0.01561267380898108
18 0.6690328825252196 0.4436535786642352 0.014965911617312071 0.011993777980396626
2 0.4168231487146111 0.21362315933439707 0.011979167198177676 0.010428449145201732
0 0.6704229300357957 0.4683874501937543 0.021909701269118127 0.011260767175746523
8 0.7864944796615685 0.6737282771825849 0.013603521770257079 0.010091616868019149
13 0.6567583781321185 0.12011050832003647 0.007731283306215425 0.016812903578755412
18 0.644184471200781 0.12027646774561204 0.015404685453953793 0.01437077912012765
6 0.6042364751057598 0.37449362935947117 0.0157180667751383 0.010514136494187372
5 0.7719983651155223 0.6738973877364941 0.012668026293524244 0.010309920036471394
14 0.7600765792385292 0.3539334273079553 0.0068918398958672305 0.007539448005470709
1 0.6312830208916369 0.423356659220424 0.012946585616661245 0.015475424663779347
1 0.8019419511877643 0.4013687859585138 0.01275518125610153 0.01560076954638705
11 0.4524340566221933 0.5810094770914064 0.014671157565896518 0.015898025985867335
6 0.43088490465343315 0.630311914292227 0.015584876797917346 0.01041474757237292
6 0.40874061308167914 0.23640861819010714 0.014728855450699643 0.010692408661955779
18 0.5539618405466971 0.7209978864827901 0.014736153075170844 0.014302154547526784
0 0.45747341620566223 0.39874074492819694 0.022563988285063456 0.010541084476863461
14 0.3553303325740319 0.2798916216093002 0.0074777658314350804 0.016304288124002735
8 0.3548241640091116 0.14503138180989286 0.015547289033517734 0.010471771324367449
8 0.5811239986983404 0.6068595833143379 0.015661585161080377 0.010976885525416001
23 0.7979199271070615 0.17037777433325738 0.010320307191669377 0.01028286701618418
2 0.6727290126911812 0.2828554328698427 0.01173584640416531 0.010632210439936176
0 0.5678911396029939 0.2836321276498746 0.023002012365766353 0.010921308958285844
13 0.5230685636186138 0.3260827280601778 0.007319467360885129 0.016568866195577844
14 0.5453321496908559 0.14227531160246182 0.007876186137325089 0.016230761796216093
22 0.7756180201757241 0.28374335080920904 0.013522764725024406 0.010211954957829951
1 0.5913614995118777 0.5864400382949624 0.015018461178001952 0.01597190243902439
9 0.671381284738041 0.30612826624116707 0.014424004685974618 0.011526383952587189
1 0.3641071422063131 0.19237906906770003 0.014930323202082655 0.015569141554593114
14 0.7615864210868857 0.7177375190335081 0.007664488382687927 0.01644328789605653
6 0.40552116108037745 0.1450577579211306 0.015135739668076797 0.009777215956234328
0 0.6766394064432151 0.6529426177342147 0.022341560689879594 0.010463426669705948
7 0.7197943586072243 0.562883486665147 0.01645697624471201 0.015600536129473446
5 0.5605953478685324 0.6538417396854342 0.014453911617312073 0.010426826897652154
14 0.35193910315652455 0.41915142010485523 0.007310620240807029 0.015767429222703442
7 0.3953951239830784 0.28553004057442444 0.01800763813862675 0.01607075450193754
0 0.4699543534005858 0.42113488032824253 0.023548167914090465 0.010958924093913837
11 0.6317570832411324 0.280135542284021 0.013870918060527171 0.01589475814907682
8 0.6324321801496909 0.1447869943013449 0.015271128929384967 0.010601936266241167
23 0.4554629040026033 0.4445276433097789 0.011130476797917345 0.010212573512651014
14 0.5845868714611129 0.6736311757465238 0.006357797071265863 0.015988708456804196
7 0.5115217890009762 0.2394870371552314 0.016613058769931664 0.015492930932299977
0 0.415260823950537 0.37504145885571005 0.02212613081679141 0.011139402051515842
6 0.35597162382037095 0.6541042170047868 0.016115937260006506 0.010052076042853887
5 0.4580149066059226 0.6299957510827445 0.013609719752684674 0.01069803400957374
2 0.6515912268141881 0.722561896512423 0.011641027269768955 0.010853699749259173
7 0.6551702284412626 0.5863295153863689 0.017696072892938498 0.015800341007522225
2 0.451639315327042 0.6538496758604969 0.012094679596485518 0.01037520674720766
4 0.4017852105434429 0.5831935591520401 0.011169980605271721 0.012262090722589469
18 0.8122069430523918 0.7175863815819467 0.0123065772860397 0.014092196033736038
6 0.6834686833712985 0.21362852792341008 0.015567149235274975 0.010149796033736039
6 0.6694175906280508 0.19070196854342375 0.014605912137975921 0.010684869295646228
14 0.35898397657012693 0.23458995030772736 0.007890364855190367 0.017018310462730796
23 0.7554351401236578 0.6744176740369273 0.01132141464367068 0.009697177296558012
2 0.5202081614057924 0.6306131388192386 0.012469407614708753 0.011236048324595396
14 0.7121560117149365 0.6263607494871211 0.007525533615359583 0.016172640984727604
14 0.5918108532378783 0.3720351657168908 0.007328664367068012 0.016568282653293822
22 0.44349613276928085 0.19029734032368362 0.01410390888382688 0.010015838067016185
6 0.37433431304913767 0.4684665785274675 0.015347354116498537 0.01061927914292227
4 0.4452347334851936 0.6287851342603146 0.011301237878294826 0.012728574424435833
23 0.789869047835991 0.3073989879188511 0.01077196016921575 0.010163310873033965
22 0.6668765844451676 0.3743610485525416 0.013904673739017246 0.009948637337588329
0 0.6873001028311095 0.23705401595623432 0.02372860917670029 0.011074080328242536
7 0.33688700292873414 0.33202844039206747 0.016730553856166612 0.015667410075222248
6 0.4071816205662219 0.7235067681787098 0.015251018808981451 0.01052074219284249
2 0.3349774578587699 0.37479940551629815 0.012217889489098601 0.010861659266013221
2 0.41260368890335175 0.5369554191930704 0.011935214838919624 0.010969742967859585
6 0.3544254604620892 0.6304115833143378 0.015870317214448423 0.010303956234328698
0 0.6788090335177351 0.32909614041486207 0.022609806703547022 0.010579154775472988
6 0.4677657325089489 0.14468312377478915 0.01574325857468272 0.010430223113745156
14 0.41634880312398304 0.11997617688625484 0.008021188935893264 0.015687834055162983
6 0.5940747829482591 0.14498329792568954 0.015579112007809957 0.01023638203783907
9 0.4377463377806704 0.3284289181673125 0.014631070615034169 0.011503404057442443
13 0.6374196232997071 0.6502181755185776 0.0076558245362837625 0.016552410303168452
6 0.5573232463390824 0.14486087075450194 0.015022626488773186 0.010160288124002735
7 0.5352624275951838 0.40060481240027357 0.01695631369996746 0.015952062001367676
9 0.6587745551578262 0.5134809136083884 0.014473871786527823 0.011370204695691817
22 0.4598054904002603 0.3746560875313426 0.01465684555808656 0.010265745885571005
8 0.45560035925805403 0.12174781126054252 0.01601063820370973 0.011036080054707088
22 0.648429755938822 0.1450825001139731 0.013718834233647902 0.009778686482790061
2 0.685561502115197 0.19081692637337588 0.012603097429222257 0.011148750398905859
0 0.4381223820370973 0.35402114538408935 0.024066665798893588 0.007743606108958287
8 0.36177740058574687 0.1225990827444723 0.015532260592255124 0.010873423478459083
2 0.5325489775463716 0.6303175162981537 0.011735196615684998 0.011229781080465009
5 0.4103900761470875 0.6766060743104627 0.01460587881548975 0.010291585137907453
13 0.6556783963553531 0.4648378791885115 0.007834316433452651 0.01633054752678368
6 0.5539075248942401 0.39819163163893323 0.01580777090790758 0.01113295974470025
7 0.38907441483891964 0.21621968908137681 0.016270536934591604 0.015087485753362207
6 0.568567752684673 0.25988055618873945 0.01581313582818093 0.010987330932299977
14 0.7983391239830784 0.12162421700478686 0.007885616400911162 0.016157002051515844
5 0.5979968395704524 0.5373767367221336 0.01438864952814839 0.010517287622521085
14 0.3331378900097624 0.7209691762024162 0.008270907647250244 0.01754104764075678
22 0.8097532417832737 0.17041500433097787 0.012691735242434103 0.010122906405288352
0 0.5146512036446469 0.514208940961933 0.02232756524568825 0.010439781536357419
6 0.7665464731532704 0.5598477829952131 0.01397628376179629 0.01001154319580579
6 0.3521998516108038 0.1678189414178254 0.015623114350797267 0.0101069640300889
2 0.395675366091767 0.6304465958513791 0.012704281158477057 0.011424369090494643
2 0.672164196550602 0.16783376339183953 0.011279911487146112 0.010681111283337133
6 0.5288675092743248 0.23729618600410304 0.015387274454930036 0.011127357738773649
5 0.5207564829157175 0.42096215181217234 0.014482319036771885 0.010447927786642353
13 0.42616494109990233 0.21135399680875314 0.006360212951513179 0.016452041030316847
18 0.7947754506996421 0.3538948201504445 0.013091338496583142 0.0075388994757237295
6 0.5155031096648226 0.37482811579667197 0.015763535307517083 0.010576622201960338
5 0.4347111591278881 0.7238581773421472 0.01390812261633583 0.010477221609300204
6 0.5351867855515783 0.3289908693868247 0.01636164061178002 0.010291106633234556
2 0.5362137845753335 0.5607330166400729 0.012090464301985031 0.010631078367905175
6 0.4265244907256752 0.6771317291999088 0.015582111031565246 0.010365765033052199
6 0.7274638620240806 0.3977519908821518 0.015203251025056949 0.01023220387508548
23 0.7872207432476407 0.16988491452017324 0.01034749834038399 0.010026540232505128
4 0.543473088187439 0.5362688350125371 0.011493975138301334 0.0135958349669478
7 0.5885800715912789 0.2857375482106223 0.01746131597787179 0.01585391018919535
7 0.3370196264236902 0.5636753535445636 0.016828022128213473 0.016274760884431274
14 0.7195637670029287 0.23430016320948258 0.007187377025707777 0.015501333941189879
4 0.6723143143507974 0.5364018943241395 0.01242312268141881 0.0134010485525416
6 0.4441530855841197 0.5601666304992022 0.015665817116823952 0.011109372965580122
13 0.4878090413276928 0.11952358149076818 0.007198773315977872 0.016184078413494413
9 0.6383097002277904 0.5371077237291999 0.014786486690530426 0.01113238787326191
14 0.5587804386592906 0.4441565571005243 0.007123997657012692 0.012960940961932984
7 0.6635045154572079 0.6095755058126282 0.016157790302635863 0.015496665602917712
8 0.4514775346566873 0.14497629541828128 0.015098868337129841 0.009792341372236153
6 0.3714437539863326 0.1452632815135628 0.015764185095997398 0.009966832186004103
29 0.7673527107061504 0.19114942876681104 0.020266069638789456 0.018626903122863005
6 0.8100851337455255 0.12512395349897423 0.013494773836641718 0.011216639708228858
9 0.5160919346566872 0.46724067289719623 0.013749707517084283 0.011099266013220881
6 0.41282844907256755 0.16768099202188286 0.015401069964204362 0.010168142603145658
4 0.4095525154572079 0.3053190098016868 0.012029700748454279 0.013312116708456804
14 0.5494109886104783 0.5812500132208799 0.0074431437683045885 0.016423914292227032
0 0.6311962324764074 0.23782464189651242 0.012791552749755939 0.010852380943697287
22 0.6999729775463716 0.6290806400729428 0.013705588545395378 0.010246220560747664
2 0.7764417520338432 0.44484143733758835 0.011792028115847706 0.010431681969455209
22 0.35461523202082657 0.3981875468429451 0.013222262544744548 0.010172670891269659
16 0.5201733394077449 0.6771598559379987 0.01612013589326391 0.01069215190335081
5 0.7752716329319883 0.2151924212445863 0.014021019199479337 0.010538085069523593
2 0.6693229547673283 0.3978856220651926 0.011194039440286364 0.010525445543651698
22 0.4220841028311097 0.28297949395942557 0.014306809502115197 0.010298074128105766
5 0.5125199973966807 0.19055374880328244 0.014389782492678164 0.01087667964440392
5 0.5730332990562969 0.6298217387736494 0.013993311552229092 0.010877484932755869
8 0.6672026449723397 0.21366972600866196 0.0156095854214123 0.010799441987690905
7 0.4373539655060202 0.2169213403236836 0.015971167718841522 0.014675154775472987
4 0.571890671005532 0.41999090403464784 0.011895111226814187 0.013764245270116252
4 0.33365588805727303 0.35146798449965805 0.012122437227465017 0.013068429450649647
5 0.3757380227790433 0.2836317775245042 0.01565896934591604 0.010736337725096877
7 0.37884642759518383 0.23965171278778208 0.007883667035470224 0.015107909733302942
22 0.4684876641718191 0.44480595796671984 0.013828648486820697 0.010402866651470253
4 0.3887489041327693 0.46718383587873263 0.01142391461112919 0.012349972190563026
6 0.659427176049463 0.3292719033508092 0.015455535567849007 0.010397509733302942
14 0.7854921392775789 0.14448448598130842 0.006896021867881548 0.016036675632550717
4 0.5042180831760494 0.6301163109186232 0.008761564594858445 0.012250069751538637
2 0.6293104296778392 0.3062450914064281 0.009027627985681744 0.010424376020059266
0 0.7040673114220631 0.19060626760884433 0.024037342011064108 0.010532809847276043
0 0.6302418431500163 0.3748792341007522 0.010890454930035796 0.010932641349441533
6 0.7792754962577286 0.3539774263961705 0.0136789138952164 0.007704100296330067
18 0.3897533438333876 0.41940654479142925 0.015215663651155223 0.014662666970594939
4 0.5526610972990563 0.605790183724641 0.010948469378457533 0.013743237747891497
14 0.5150456085909535 0.3264970430818327 0.0073687513179303615 0.0161974998860269
0 0.3721815138301334 0.16754689400501482 0.02315979433778067 0.010491705128789604
22 0.3549766143833387 0.6073440401185319 0.013730547087536609 0.010450962206519263
5 0.38044265798893595 0.3060547399133804 0.011067530621542466 0.010701803692728516
9 0.4778376205662219 0.5829798659676316 0.014781138431500161 0.01145380296330066
22 0.5712403826879271 0.44451157255527696 0.014482868857793688 0.010478073581034876
5 0.5741416049463065 0.7228415299749259 0.0144094260982753 0.010392934761796216
5 0.7903882121705174 0.5134385484385685 0.013194938106085258 0.011258409664919079
8 0.4192401952489424 0.5830878212901756 0.01589715847705825 0.010790035286072487
14 0.7598724623494957 0.34968713015728287 0.007269250374227139 0.015966417141554595
2 0.47057181906931334 0.6532696348301801 0.012430003774812886 0.011045089947572372
13 0.46399679271070615 0.5814632395714612 0.007343492873413602 0.017466004103031684
5 0.7238753634884478 0.19089897241850923 0.013614918060527172 0.010709564805105994
6 0.7132788128864302 0.12272267700022793 0.01612488434754312 0.010558322315933441
7 0.33730736609176704 0.610631250512879 0.015773915261959 0.01484438203783907
2 0.6094787686300033 0.23705903441987694 0.011838363032866905 0.010430561568269889
22 0.653382810283111 0.19096176156826988 0.013738394533029611 0.01049491461135172
6 0.5575313452652132 0.4209655363574196 0.015079341360234299 0.010032912514246638
7 0.6452731168239505 0.563577318440848 0.015995843019850308 0.015008007294278551
2 0.6344635688903352 0.351983018919535 0.01171177090790758 0.011279697287440164
1 0.598357722095672 0.6095818080692956 0.014025767653758544 0.015450449054023251
2 0.48144461308167913 0.21389357282881238 0.011865587504067686 0.01094649464326419
11 0.6706610191994793 0.696344392067472 0.014517574227139602 0.015548134032368361
5 0.39958442694435403 0.7031126305903806 0.015605420110641068 0.00571795577843629
13 0.6275148808330622 0.5346158697971278 0.005436513634884477 0.017749022110781856
7 0.7146408695086235 0.2664561557328471 0.015776664367068014 0.007724244175974469
6 0.7316763241132443 0.23712252382037838 0.0153737122030589 0.010020074583998177
9 0.5907433673934266 0.5598710079781172 0.014605495606898796 0.01130015627991794
13 0.698452139277579 0.41975772053795307 0.008748168955418158 0.019246858445406884
38 0.7678117279531402 0.23460920720310005 0.020058970387243736 0.015862546614998863
8 0.7564421456557111 0.58264759699111 0.01324732105434429 0.010331709505356735
0 0.6120717578913114 0.2138486400729428 0.022641962902700943 0.010595552313653979
2 0.7755886963878945 0.16898042397994073 0.010770094109990237 0.010665413995896968
13 0.3602918841522942 0.41893889400501483 0.008367242954767328 0.016611231365397768
5 0.5632916368369671 0.4676721440620014 0.015004082525219656 0.010557236927285161
7 0.7955580292873413 0.33295218782767266 0.012761345916042954 0.015042903122863006
14 0.774814115196876 0.4189884950991566 0.0067600827855515775 0.015521524504217005
5 0.7478425616661243 0.3536912455892409 0.015181241522941752 0.007121013175290631
14 0.8010225837943378 0.5111093977661272 0.006541270680117149 0.01634058445406884
0 0.5234096192645623 0.2642015584226122 0.024038341685649202 0.0032002859357191703
5 0.4051999323137 0.46745098153635745 0.015115629547673285 0.011030699794848416
22 0.36583358021477386 0.32880413585593804 0.013900491767002927 0.010159016001823569
13 0.5035102635860722 0.3720554729883747 0.007345925414904003 0.01678244267152952
19 0.41317267035470223 0.44495038468201503 0.010938989131142206 0.010482006656029176
14 0.5561659563944029 0.25712588648279006 0.007143158086560364 0.01599827855026214
6 0.5842403176049463 0.4905654415317985 0.014970560104132771 0.010528468292682927
5 0.7076413146762122 0.23653419648962845 0.013909088968434756 0.010528503305219969
0 0.5882436810933941 0.2642073588329154 0.022970189391474126 0.003214337633918395
13 0.3490632059876342 0.21027526054251197 0.006524809371949235 0.016110902211078186
5 0.4589104484217377 0.35371878878504676 0.015263214838919622 0.007186836744928197
18 0.7246752697689554 0.6502229605653066 0.013853573706475757 0.013743004330977889
1 0.5590133628376179 0.3559111571461135 0.01498548857793687 0.011522159106450876
8 0.4563652769280833 0.5366577309323 0.015781562772534983 0.011176433644859813
2 0.747247921900423 0.5370696767722817 0.010967696452977547 0.01042945283793025
9 0.6699347556134071 0.56047310690677 0.014727889098600717 0.011487625074082517
2 0.7798886300032541 0.32950462001367675 0.011155268727627725 0.009986147435605197
2 0.643909060852587 0.5138996635514019 0.012232084868206965 0.010693739138363346
13 0.7821987113569802 0.4190355286072487 0.006732641718190693 0.0161251406428083
7 0.38983185161080375 0.7263472186004103 0.015851673283436382 0.015239323455664464
28 0.4712560963228116 0.3269231456576248 0.017530126911812563 0.017818813767950765
6 0.7232793908232997 0.6290127157510828 0.013571815424666449 0.009848303077273763
8 0.41608388935893265 0.7026739935263278 0.014892252261633585 0.004844964850695236
2 0.4965990133420111 0.5375450303168452 0.012542933680442564 0.01039554903122863
13 0.6304688692482916 0.6733364868930932 0.007395759192971038 0.015813062229313883
22 0.573922176374878 0.3060011707317073 0.014338132639114872 0.010141252974697972
7 0.6302897109013993 0.1932890449054023 0.010955133875691506 0.01597797127877821
6 0.686335416856492 0.6988102083428311 0.014514108688577936 0.009970251743788466
1 0.39643528538887085 0.1701513599270572 0.01431120807028962 0.014648895372692044
9 0.8120409970712659 0.6273696940961934 0.012613077513830133 0.010994753590152723
14 0.4709698561666124 0.3540583286984272 0.0075306986007159125 0.007780229222703441
0 0.5884629430523918 0.2604729683154775 0.022684449072567524 0.010865067152951904
13 0.7674833348519362 0.3499190298609528 0.007451924243410348 0.015316234328698426
9 0.6129001548974943 0.6292363291543196 0.01445431148714611 0.010914644905402324
9 0.7817513569801496 0.5594380196033737 0.013102768109339406 0.011122712742192842
7 0.7501266514806378 0.28625328288124 0.016626237813211844 0.015434343286984273
13 0.5085025718190693 0.4184291114656941 0.0076180534982102175 0.016795163893321176
2 0.35358323462414576 0.444933625347618 0.012029167588675562 0.010740714292227034
5 0.3391216088512854 0.4210852792341008 0.01641908857793687 0.010737166355140186
2 0.5187243110966482 0.35377201951219517 0.011891012561015294 0.007280355231365398
13 0.6581895789131141 0.5576114155459312 0.007214701464367069 0.015780850695235923
14 0.4889325089489098 0.39454974424435835 0.0073379946631955744 0.015881570093457944
22 0.4588519674585096 0.4905133895600638 0.014235132834363815 0.010770194848415774
2 0.54176464432151 0.1224016120355596 0.013043137520338432 0.011066377570093457
5 0.5852463234624146 0.4211547207658992 0.014178084738041002 0.010656205698655118
9 0.3527480065082981 0.30637860588101207 0.014573239440286365 0.010998359881467974
22 0.6667726182883176 0.420869952131297 0.013997476863000324 0.010283193799863232
5 0.5466212300683371 0.4445110006838386 0.014826840221282134 0.01072614907681787
22 0.3658982258379434 0.5605992687485754 0.013981165506020176 0.01027532764987463
23 0.4430322837617963 0.44485548903578753 0.011602889684347542 0.010395899156599043
5 0.5690304354051415 0.5840828775928881 0.014236582362512204 0.010871859585137908
7 0.7330705369345916 0.26650748411214953 0.01680169736413928 0.00782690093457944
0 0.6283498090465344 0.12298083610667883 0.0070457731207289286 0.01027477912012765
5 0.6467338080052066 0.2834135327102804 0.013651322876667751 0.010559092591748347
5 0.34720064562316955 0.3536562797355824 0.014258825122030588 0.0070612467745612036
12 0.4322847822974292 0.30373632641896514 0.018806544744549302 0.015943425575564166
5 0.7871049476082004 0.12360475951675404 0.012149445102505695 0.01049209026669706
6 0.7930321848356655 0.42202384864372006 0.013866286234949562 0.010040008388420334
2 0.4897444113244387 0.19079101709596535 0.01203219993491702 0.011343956963756553
0 0.37928876693784574 0.1676686209254616 0.008821611714936544 0.010322512878960565
0 0.4717877565896518 0.7027297918395259 0.02216895021151969 0.004950959471164805
5 0.7861089384965831 0.1927290777296558 0.014096427985681744 0.010436268611807614
13 0.5924714715261958 0.6735004622749031 0.007250106605922551 0.016262039662639616
13 0.6138478464041653 0.4440621983131981 0.007931584770582492 0.01275098244814224
5 0.43489809827530096 0.3746585384089355 0.014539550406768631 0.010675999452929108
7 0.41352472242108684 0.6326547198541144 0.014792084868206963 0.015498883063596992
8 0.6502026788154898 0.4208988958285844 0.016286015229417507 0.010583239571461135
5 0.5801636446469248 0.37478610075222246 0.014200010933940776 0.010796302530202872
23 0.502838315652457 0.30666349122407116 0.006002029547673283 0.009971897333029405
18 0.5771856140579238 0.34866931570549353 0.015414082395053694 0.015878769090494644
22 0.8028326612430849 0.5598302767266925 0.01171858535632932 0.009968186004103033
6 0.39512204620891633 0.306344060177798 0.01566216830458835 0.010148839024390245
13 0.6694329189716889 0.5811770704353773 0.007429531532704197 0.01635143834055163
8 0.34868949430523916 0.2636546275814908 0.015708153335502767 0.0021211995441075904
1 0.3900835030263586 0.3562654606792797 0.015174393752033844 0.012255555049008434
13 0.752538383078425 0.32688556553453385 0.005564905174096974 0.01592300159562343
18 0.5508513530751709 0.5119831939822201 0.014685036381386268 0.014328997492591748
13 0.690697996745851 0.3491459530430819 0.0075838313049137645 0.015733233644859814
2 0.522210176374878 0.49082698518349666 0.012143480377481287 0.010752700250740826
5 0.764354986527823 0.42106077045817186 0.013130109209241783 0.010740819329838157
1 0.7895301581516434 0.44723328379302485 0.01337937806703547 0.01585589423296102
8 0.7540227665473479 0.5602172819694552 0.008533638789456557 0.010630576521540917
7 0.5889734435405141 0.7050498275814908 0.01687550667100553 0.00957131889674037
6 0.6117521952489423 0.4680792231593344 0.015024892417832737 0.010369324640984728
5 0.6321424577936869 0.21339907909733302 0.014254476537585421 0.010806701253704126
22 0.42916096583143504 0.1674152468657397 0.014026900618288317 0.010015581308411214
14 0.3339607888057273 0.6978612518805561 0.007570452326716564 0.01739317802598587
0 0.36654901399284084 0.7028066677000228 0.022883550927432477 0.005095607932527923
2 0.5966371155222909 0.3537275652609984 0.012165356589651805 0.007204389696831548
9 0.50479689476082 0.44424425183496696 0.009916188740644321 0.010970618281285618
0 0.7516643176049462 0.30732277729655805 0.02294519752684673 0.01039612090266697
5 0.8110928057273022 0.3081494232961021 0.011096071330946956 0.010734657123318897
16 0.54120166091767 0.49079652427627074 0.016520972079401237 0.010243524595395487
5 0.5255334279205988 0.306288040118532 0.014239381451350471 0.010754019056302713
0 0.5357634311747478 0.6536960875313427 0.030757321184510248 0.010527336220651927
2 0.6387567047185161 0.3975449500797812 0.012004875496257728 0.01050599024390244
9 0.5022247487146111 0.25977026669705955 0.004774912333224862 0.011433203920674722
2 0.3799624143182558 0.3978300688397538 0.010167840156199153 0.01044392468657397
4 0.7368114858444517 0.18985583223159333 0.00983664796615685 0.013005406883975383
8 0.48123834689228767 0.2638770739001596 0.016288264497233973 0.0025660921814451786
5 0.3773869193621868 0.6540190198313198 0.005017899902375529 0.010701278504672897
8 0.76393910523918 0.3292817068611808 0.01598126443215099 0.010709879917939367
2 0.45963171363488453 0.5600201613859128 0.012292781776765377 0.010703799407339868
19 0.3945918854539538 0.3747689446090723 0.009337910315652457 0.010150869751538638
1 0.626376268141881 0.44712800109414175 0.014282900618288318 0.015316117620241623
14 0.7676067946631956 0.3538228460451333 0.006971330686625447 0.007329979667198541
0 0.5565203410348194 0.6998642024162297 0.023035668076797917 0.010703355915204013
6 0.7168856387894565 0.3070736047412811 0.015273861373250895 0.010535260724868932
9 0.7430627842499187 0.3979325388648279 0.013758388024731533 0.010907514018691588
8 0.5504149951187765 0.5601409546387053 0.015461816856492026 0.01073808835194894
13 0.6908821034819395 0.3535958364258035 0.007300340253823626 0.006905709414178254
23 0.4721931246339082 0.7237690120811489 0.011612869768955418 0.01069052965580123
5 0.53352949170192 0.1447598012309095 0.014064105174096975 0.010408235240483246
13 0.6870416869508624 0.5809357173467062 0.007648626879271071 0.016381665830863916
5 0.6339662141230068 0.629515028949168 0.01479808291571754 0.010702048780487805
6 0.6152967081028311 0.6074580642808297 0.015638542661893913 0.01026839516754046
14 0.4708468961926456 0.34930152541600185 0.007677517474780344 0.016961590152723957
6 0.6084989209241783 0.5840111018919535 0.015212664627399935 0.0102622913152496
23 0.6590656270745201 0.35326112824253475 0.012005092092417834 0.006267640939138363
22 0.43607538171168236 0.5837852710280373 0.014245546111291897 0.010038211078185548
0 0.5565113439635536 0.7027421746067928 0.022367385616661243 0.004982855892409392
18 0.6531005688252521 0.1650618208342831 0.017287872437357632 0.015906312286300434
7 0.33810260722421087 0.6153428292682926 0.01770223755287992 0.005239976293594711
2 0.7426205948584446 0.6061238532026442 0.012271738626749105 0.010075744517893776
11 0.6706620188740644 0.7021649229085936 0.013777948324113243 0.0038283641668566217
5 0.5044603876342336 0.702632281923866 0.009133676797917344 0.004748902119899703
14 0.3606612639114871 0.46568669979484845 0.00859930074845428 0.016398355140186914
2 0.7628851483241132 0.6515737442443583 0.011489409957696064 0.010638664417597447
0 0.5416220240807029 0.6768310882151812 0.02335423104458184 0.011295651333485297
13 0.5022701339407745 0.187603008889902 0.004858385161080377 0.01710805926601322
27 0.8138047562642369 0.4012629313881924 0.006874228961926456 0.014554011397310234
5 0.37160420175724046 0.6299493011169364 0.01475346410673609 0.01078395477547299
16 0.6287291522290921 0.653144523364486 0.007858575203384316 0.010034838203783907
13 0.694597227465018 0.6037621408707545 0.00712534721770257 0.015923585137907453
9 0.40628357956394406 0.5598065849099612 0.014796999934917019 0.011444921449737862
4 0.5327497455255451 0.7027212020971051 0.011135808395704522 0.004935705675860497
2 0.6561195860722421 0.3979899594255756 0.011886130816791409 0.010869688807841348
4 0.43548107517084284 0.6053057269204468 0.011477497168890335 0.013112545247321632
14 0.6231593153270419 0.6736892965580124 0.006673294370322161 0.016387734670617736
5 0.7895733107712333 0.26439500268976524 0.012492433452652132 0.0036019380898108045
8 0.5070816843475431 0.49087133439708225 0.0144472471200781 0.010972578983359927
4 0.7265698197201432 0.582460513334853 0.011193306345590627 0.012827193070435379
6 0.8101576101529451 0.3307990335080921 0.013166913895216402 0.010601679507636198
4 0.668176661243085 0.25899147116480514 0.011747975789131141 0.013524526099840438
4 0.421546277904328 0.7222621891953499 0.011831415294500488 0.013950278550262138
2 0.6292948514155549 0.2599205871894233 0.008980010152945004 0.010834454524732163
9 0.7148846234949561 0.6752561075906086 0.013639843280182232 0.010414712559835879
0 0.6205461659616011 0.12251516936403009 0.022903877643996096 0.011117250786414406
22 0.811571983078425 0.5138756216093002 0.012110974292222585 0.010217918759972647
9 0.6282149362837618 0.6990953271028038 0.0068366245362837625 0.011252107408251652
1 0.5152960937194924 0.40068895919762937 0.014496531077123332 0.014524484157738774
23 0.6045588701594533 0.5140073854570322 0.011162916238203709 0.010685908000911784
6 0.4831403944028636 0.35360767066332344 0.01577936348844777 0.00696460050148165
16 0.6992555444191344 0.6526786232049236 0.016103841197526846 0.01008615491224071
9 0.7381788740644321 0.6288014734442672 0.013475513439635536 0.011018655482106223
6 0.5179757214448422 0.7026292825165261 0.015832462870159453 0.004747618326874857
2 0.3770415317930361 0.6771585721449738 0.00432710810283111 0.011181055299749259
2 0.4291488031239831 0.2599566501025758 0.012180851545720794 0.010993201367677228
8 0.611699545720794 0.2639874801002963 0.0163529267816466 0.002780077136995669
4 0.7315090452326716 0.3058564522452701 0.011336509729905629 0.013747672669250057
22 0.5346514598112594 0.5137849391383634 0.013774199544419134 0.010536602872122179
5 0.37700960885128537 0.630117011169364 0.0042345215750081355 0.010743456940961934
1 0.597656616986658 0.6150688795076362 0.015514932899446795 0.004691843355368133
1 0.6527395196876017 0.6150184731251425 0.017998807679791735 0.0045742829268292685
1 0.5363132521965506 0.725904543423752 0.014185382362512202 0.015641384089354914
2 0.6273707610803775 0.5836885197173467 0.005148290790758217 0.01038663250512879
18 0.5769913439635536 0.3534059400957374 0.01585538874064432 0.006543096238887622
5 0.7043928721119427 0.3740697442443583 0.014291597787178653 0.010781083747435605
23 0.46640984054669704 0.2832171123774789 0.010404296518060527 0.010137191520401184
5 0.5440618965180605 0.26401114857533625 0.014588751057598439 0.002834229860952815
9 0.4994815750081354 0.35363513216320946 0.015242338301334202 0.007019535172099385
6 0.7466241249593231 0.12330108411214952 0.015343188805727302 0.010202606610439936
22 0.7587415138301334 0.2599983150216549 0.012945552619589979 0.00997453494415318
22 0.4249150146436707 0.654730591292455 0.013865153270419785 0.010143762206519262
5 0.3770939480637814 0.14530051151128334 0.00441208044256427 0.010102295691816731
9 0.7030676368369672 0.3535242124458628 0.014646149040026034 0.006791591885115113
2 0.42944137455255454 0.26401328434009574 0.012650748584445167 0.002833949760656485
2 0.8121727875040676 0.3542717067700023 0.00999153088187439 0.008292684385684979
7 0.49146551773511227 0.6098773138819238 0.015396904653433127 0.014694411670845679
22 0.6149888083306215 0.2834276544335537 0.01338221047835991 0.010105715249601094
11 0.7743870875366091 0.2640382832915432 0.013362400260331923 0.0028798278550262136
14 0.4246745929059551 0.11994233143378162 0.00630138210218028 0.01554194848415774
4 0.40556281418808976 0.3966471119215865 0.010494767068011716 0.013134603145657625
13 0.5768362277904328 0.7036630976977434 0.006721728603970061 0.00681405826304992
22 0.758952911682395 0.2637801942101664 0.013565684087211193 0.002372332801458856
5 0.505188650569476 0.32899833872806017 0.010702716042954766 0.01091089856393891
4 0.546678877969411 0.28269717620241624 0.011548440741945982 0.013545650330521996
5 0.7526058111291898 0.3516915979028949 0.005699761275626424 0.011435724823341691
14 0.7340927041978522 0.11998107864144061 0.008069289944679467 0.016243016184180534
5 0.6981592346241458 0.26386777223615226 0.01560113817116824 0.0025406964212445864
4 0.5688213368044256 0.3974762087987235 0.01043953504718516 0.013126783679051745
5 0.5654056153595834 0.6070225083200365 0.013706688187438986 0.01066351164805106
13 0.8076932456882526 0.3732118203783907 0.005361804620891637 0.016236597219056303
5 0.5168450894890986 0.28318501755185777 0.013885380019524893 0.010943787007066332
2 0.37632438523917994 0.7236644413038523 0.0028876266840221283 0.012485237291999088
23 0.6468724295476733 0.35352818053339413 0.011328329059550928 0.006805620241622977
4 0.3327253576309795 0.2636866652199681 0.012144463390823299 0.0021852724868930934
13 0.7120537116823951 0.6501581873717802 0.006344084868206964 0.015733233644859814
