1 0.33287 0.176527 0.0861328 0.131653 0.978728
8 0.117666 0.536127 0.0901147 0.0916524 0.968023
8 0.377666 0.344784 0.089433 0.0930578 0.96341
22 0.214392 0.536635 0.085194 0.0856979 0.961913
14 0.483039 0.524316 0.0401832 0.134864 0.948739
13 0.224691 0.131247 0.045983 0.137943 0.946713
6 0.552007 0.546954 0.0891572 0.086966 0.937179
6 0.713121 0.169316 0.0836706 0.0882859 0.932124
8 0.564999 0.351751 0.0917401 0.0904452 0.914145
1 0.620747 0.18684 0.0786545 0.134061 0.902974
0 0.116472 0.147216 0.169111 0.0953622 0.773459
27 0.278574 0.752445 0.0504261 0.127997 0.750512
28 0.196307 0.706011 0.105052 0.145617 0.742302
13 0.00680014 0.317842 0.0136003 0.12711 0.65677
