7 0.507853 0.464717 0.0971759 0.133687 0.976243
9 0.367941 0.434928 0.0873463 0.0961593 0.96797
6 0.274315 0.436609 0.085593 0.0892785 0.960395
6 0.206158 0.0391836 0.0867194 0.0783672 0.953982
6 0.418649 0.643688 0.0909491 0.0916436 0.942811
4 0.18722 0.433908 0.0599439 0.109639 0.938728
14 0.669455 0.219905 0.0517311 0.141127 0.894905
4 0.288952 0.0378003 0.0596726 0.0755766 0.860138
5 0.110527 0.0409524 0.0815798 0.0819048 0.821874
2 0.441148 0.238007 0.0744019 0.092756 0.820501
5 0.597124 0.239319 0.0871918 0.0900284 0.8161
4 0.0181325 0.43011 0.0362651 0.111896 0.809541
11 0.100995 0.409974 0.086815 0.135301 0.771863
6 0.74737 0.240269 0.0932515 0.089246 0.746984
1 0.318925 0.660992 0.0827162 0.136215 0.715853
22 0.0174998 0.0429016 0.0349422 0.0857072 0.570868
0 0.171643 0.650517 0.146743 0.14745 0.508285
