7 0.119239 0.178221 0.103314 0.136762 0.974621
14 0.139671 0.536791 0.044425 0.135584 0.968085
13 0.678624 0.151784 0.0446758 0.145973 0.961444
6 0.54795 0.371415 0.0938259 0.0937304 0.959445
18 0.599293 0.149767 0.0888555 0.121455 0.955712
5 0.642675 0.371957 0.0789167 0.0894914 0.950548
1 0.443622 0.388795 0.0804366 0.137519 0.949131
1 0.136218 0.381039 0.0853531 0.128463 0.947612
0 0.475957 0.570023 0.137561 0.0918149 0.946218
19 0.366905 0.366897 0.0601423 0.0928834 0.928904
2 0.363843 0.5628 0.0658745 0.0924262 0.927096
22 0.0293929 0.352339 0.0584696 0.0921673 0.921977
4 0.49379 0.153583 0.0658348 0.11373 0.89865
18 0.0274402 0.537467 0.0548328 0.120685 0.888172
13 0.0867612 0.533748 0.0415418 0.146423 0.881638
14 0.569242 0.74875 0.0440871 0.138864 0.877031
16 0.737194 0.375912 0.0982852 0.0852647 0.761621
5 0.0155806 0.756671 0.0311611 0.0899808 0.71926
2 0.725243 0.0126792 0.0770195 0.0250932 0.5559
