0 0.686457 0.482956 0.0575174 0.0352793 0.978673
18 0.490373 0.0302637 0.0389775 0.0535353 0.978236
6 0.564153 0.654883 0.0386697 0.0392107 0.975173
0 0.631094 0.6542 0.0584533 0.0387619 0.969333
1 0.434748 0.137421 0.0395031 0.0602829 0.969185
6 0.46882 0.39903 0.0425622 0.0386877 0.968051
8 0.514323 0.832289 0.04048 0.0412202 0.96074
0 0.837684 0.128509 0.0572603 0.0400803 0.959859
6 0.66972 0.0382616 0.0413644 0.0406361 0.95851
0 0.524277 0.396923 0.0612468 0.0394398 0.957577
0 0.32528 0.305413 0.0615427 0.0525743 0.956139
22 0.505665 0.484454 0.0396627 0.0357718 0.946222
18 0.69721 0.823904 0.0417759 0.0546832 0.942203
5 0.659246 0.397703 0.0343269 0.0396408 0.941655
18 0.561135 0.120508 0.0385437 0.0535392 0.934569
6 0.441877 0.216561 0.0370535 0.0388487 0.933173
2 0.709974 0.0386241 0.0317678 0.0408693 0.932343
2 0.481947 0.218036 0.0335026 0.0409538 0.927752
6 0.638219 0.127271 0.0357153 0.0410708 0.917726
5 0.314785 0.660377 0.0394076 0.0406666 0.908643
5 0.519511 0.129568 0.0377928 0.0412356 0.902777
6 0.888916 0.832565 0.0406449 0.0401107 0.899944
5 0.714525 0.921061 0.03548 0.0420029 0.880999
11 0.376835 0.117434 0.0423537 0.0587959 0.88077
6 0.672205 0.923017 0.041276 0.0389086 0.873289
9 0.626474 0.74168 0.0389476 0.0420043 0.864807
0 0.768546 0.39988 0.058509 0.0372469 0.857459
8 0.760146 0.743717 0.0415666 0.039469 0.825215
2 0.928777 0.832762 0.031235 0.0404289 0.821601
8 0.823691 0.0385555 0.0396531 0.0424871 0.800635
5 0.653801 0.834236 0.0348784 0.0380721 0.797712
4 0.609461 0.478486 0.0256218 0.0414922 0.779695
12 0.322602 0.565027 0.0537192 0.071807 0.775908
8 0.834789 0.742643 0.0373111 0.0405664 0.749979
18 0.756947 0.914159 0.0406421 0.056138 0.719729
13 0.509138 0.299237 0.0203615 0.0633999 0.700252
1 0.628402 0.932896 0.0418282 0.0594563 0.673424
5 0.82324 0.396385 0.0401014 0.0391456 0.586072
4 0.920001 0.305445 0.02801 0.0452322 0.529473
8 0.613033 0.218498 0.0418181 0.0411192 0.505687
