8 0.432433 0.298048 0.095091 0.0932731 0.977794
13 0.191833 0.27915 0.0464028 0.144059 0.967782
18 0.116365 0.280572 0.0924582 0.123134 0.967567
8 0.0458283 0.490587 0.0916566 0.0908412 0.962208
22 0.141845 0.493119 0.0823398 0.0837873 0.955423
2 0.284298 0.68806 0.0677015 0.0915196 0.951477
6 0.531066 0.301532 0.0967808 0.0904675 0.92757
0 0.0213261 0.303744 0.0422884 0.088038 0.880637
18 0.169879 0.664309 0.103761 0.136291 0.759318
6 0.731203 0.306488 0.0920891 0.0874196 0.615299
14 0.65599 0.278041 0.0484315 0.139176 0.549695
