1 0.181041 0.228427 0.084942 0.130687 0.980872
12 0.486222 0.574158 0.107254 0.133338 0.97754
0 0.190102 0.400393 0.132024 0.0881768 0.97214
6 0.0374066 0.593885 0.0746952 0.0860462 0.964161
19 0.39486 0.597016 0.0602772 0.0903113 0.956635
9 0.126881 0.588559 0.0897008 0.0945013 0.931924
13 0.56727 0.572948 0.036325 0.141007 0.921733
6 0.0682652 0.0268472 0.0953195 0.0536884 0.910336
2 0.444944 0.786376 0.07147 0.0878832 0.884005
5 0.825638 0.0274899 0.0894067 0.0549548 0.880826
5 0.499265 0.403356 0.0883022 0.0895047 0.872342
2 0.307957 0.401984 0.0688952 0.0875279 0.857531
6 0.182084 0.787363 0.0906116 0.0878069 0.785485
14 0.621797 0.57427 0.0459752 0.134947 0.754201
0 0.751405 0.598042 0.13478 0.0884564 0.737702
6 0.407927 0.0259377 0.0913577 0.0518471 0.669873
8 0.571311 0.203947 0.0353551 0.0862764 0.582331
8 0.63316 0.397401 0.0967817 0.0900643 0.535999
12 0.524014 0.0372113 0.0845037 0.0744226 0.523127
