9 0.181431 0.314675 0.0878223 0.0947706 0.968348
14 0.377244 0.485861 0.0411092 0.128181 0.967696
6 0.452919 0.508363 0.0936688 0.0847406 0.957958
22 0.131425 0.509849 0.0778673 0.0829005 0.956531
0 0.573194 0.505992 0.135133 0.0887892 0.95082
22 0.301552 0.509338 0.0892116 0.0891649 0.943884
8 0.039668 0.509097 0.079336 0.0877739 0.908332
23 0.45603 0.316684 0.0722766 0.0827373 0.842565
2 0.0314336 0.701113 0.062757 0.0863022 0.837177
6 0.310175 0.700602 0.0914621 0.0846239 0.817023
13 0.236281 0.678858 0.039626 0.132643 0.705507
16 0.660303 0.316893 0.098587 0.087105 0.642578
22 0.536622 0.318163 0.0838959 0.0835721 0.614534
