11 0.6736 0.66916 0.0829593 0.131237 0.96531
5 0.0955851 0.299948 0.0814108 0.08686 0.964425
13 0.514352 0.474579 0.0439402 0.140895 0.963079
14 0.46619 0.471347 0.0442246 0.132772 0.96261
22 0.490363 0.297343 0.0838593 0.0882527 0.961991
1 0.0765023 0.906329 0.0878749 0.120009 0.9594
14 0.563707 0.273235 0.0447447 0.136645 0.958532
7 0.0844802 0.128424 0.101436 0.133951 0.952532
5 0.188132 0.102264 0.0819263 0.0872501 0.951522
6 0.585447 0.499442 0.0958772 0.0871423 0.950022
2 0.142502 0.49799 0.0675101 0.0898414 0.929546
6 0.637669 0.298534 0.0969112 0.0864781 0.91438
5 0.280119 0.690785 0.0783452 0.0867155 0.91119
4 0.00874379 0.290115 0.017398 0.105956 0.885588
6 0.769019 0.689011 0.094457 0.0891124 0.781306
8 0.431063 0.0989808 0.0957187 0.091537 0.725458
2 0.341812 0.101864 0.0653148 0.0860298 0.718354
2 0.796674 0.107376 0.0770335 0.091442 0.59992
