7 0.520743 0.1627 0.0979011 0.134354 0.972958
0 0.142183 0.73987 0.12942 0.0935091 0.964127
5 0.424684 0.139252 0.0797757 0.0881894 0.963211
6 0.185434 0.54316 0.087419 0.0895412 0.96245
2 0.139615 0.341071 0.0653424 0.092688 0.961991
14 0.601206 0.119428 0.0424248 0.137972 0.954424
6 0.67271 0.14362 0.0882728 0.088581 0.953615
4 0.325274 0.118502 0.0727739 0.13482 0.9528
6 0.3914 0.539803 0.0881721 0.0893253 0.941466
6 0.450996 0.341285 0.0945153 0.0915885 0.916018
9 0.774655 0.14118 0.0873348 0.0986535 0.911548
4 0.027242 0.735469 0.0514297 0.107463 0.854341
22 0.033022 0.348768 0.0659229 0.0867947 0.778506
13 0.261896 0.318007 0.0441021 0.139212 0.775581
12 0.339642 0.315103 0.109709 0.137157 0.646569
5 0.254853 0.737552 0.0806616 0.0895562 0.543813
27 0.858933 0.360411 0.0512896 0.133856 0.530553
