11 0.461914 0.324312 0.0940927 0.135725 0.981467
5 0.364667 0.352351 0.0867517 0.0893408 0.96348
14 0.508663 0.521914 0.0381592 0.136997 0.961634
2 0.122265 0.15332 0.0748408 0.0962745 0.958976
2 0.196334 0.150787 0.0704341 0.0962208 0.955049
16 0.122056 0.552149 0.0967523 0.0916142 0.94211
5 0.439319 0.146539 0.0839872 0.0932022 0.941124
4 0.0262933 0.149063 0.0525865 0.104963 0.936053
9 0.678598 0.141523 0.0867541 0.0935206 0.895367
13 0.555986 0.520794 0.0435148 0.139339 0.871719
0 0.215627 0.351103 0.184604 0.090202 0.825701
0 0.340209 0.746688 0.138259 0.0917102 0.77996
0 0.25079 0.549332 0.140171 0.0967852 0.742313
14 0.740173 0.522412 0.0400528 0.140416 0.73175
1 0.587107 0.0201312 0.0931199 0.0402014 0.658121
13 0.784227 0.519646 0.0450919 0.137683 0.605041
6 0.108223 0.747595 0.0960335 0.0867774 0.590588
