11 0.313421 0.600433 0.0923955 0.132175 0.975237
0 0.681916 0.233238 0.137245 0.0909783 0.956326
6 0.655609 0.0412541 0.0928042 0.0820325 0.955321
2 0.355369 0.0410088 0.0754547 0.0820176 0.952706
12 0.543506 0.405111 0.111281 0.135048 0.94319
16 0.319459 0.235667 0.0982081 0.0890458 0.924623
13 0.388009 0.603661 0.0386788 0.137191 0.919388
18 0.788004 0.604658 0.08638 0.118595 0.846969
8 0.685814 0.621514 0.0900059 0.0869033 0.836041
18 0.550313 0.0397473 0.0891867 0.0793693 0.775825
0 0.432826 0.821184 0.134667 0.0843968 0.608801
9 0.748128 0.42866 0.0805433 0.0903138 0.557703
8 0.422068 0.0404355 0.0455672 0.0806359 0.541926
4 0.448195 0.619117 0.0659609 0.104939 0.516398
