18 0.452109 0.5049 0.0885675 0.122796 0.988042
22 0.29557 0.319144 0.0836557 0.089238 0.979396
13 0.532539 0.498445 0.0451199 0.136809 0.975621
1 0.507032 0.141015 0.0879414 0.134711 0.968636
14 0.11492 0.686595 0.0468377 0.136232 0.967724
7 0.393735 0.340512 0.0982857 0.131947 0.965174
13 0.471261 0.295606 0.0458425 0.141993 0.964537
6 0.604319 0.520256 0.0891049 0.089976 0.964242
11 0.544665 0.294434 0.0913689 0.134894 0.961655
6 0.61502 0.123256 0.0933485 0.0904998 0.95779
22 0.290158 0.719221 0.0881084 0.0854436 0.954211
22 0.204881 0.511649 0.0856586 0.087758 0.954013
2 0.708121 0.119766 0.0697397 0.0922074 0.947382
6 0.190612 0.711888 0.0916769 0.0883013 0.937674
9 0.390329 0.713247 0.0904491 0.0961819 0.933922
5 0.348622 0.520957 0.0911394 0.0920162 0.931274
6 0.645384 0.325658 0.0898376 0.0895658 0.915129
12 0.215525 0.0892346 0.107192 0.135291 0.882935
5 0.317028 0.111041 0.083411 0.0899658 0.855731
6 0.705861 0.521717 0.0952888 0.0889585 0.748447
