0 0.159016 0.0648138 0.13807 0.0933801 0.981565
0 0.253138 0.256573 0.143809 0.0913023 0.979063
0 0.0889124 0.655927 0.134009 0.0894518 0.952194
14 0.353774 0.055693 0.0427579 0.111054 0.945143
9 0.0975596 0.253486 0.0825251 0.0951025 0.944097
22 0.428558 0.0587349 0.0869255 0.0897799 0.931364
5 0.38085 0.257183 0.0900538 0.0904582 0.916791
6 0.506583 0.453341 0.0898526 0.0902117 0.911166
6 0.488966 0.852569 0.0912758 0.0916264 0.882359
13 0.684286 0.0548845 0.047605 0.109255 0.870175
18 0.306184 0.636856 0.0881389 0.122776 0.855872
2 0.134281 0.455582 0.0728846 0.092133 0.849035
6 0.671708 0.260671 0.0901787 0.0888481 0.845912
5 0.280701 0.059115 0.0894972 0.0921674 0.841182
9 0.0297673 0.0564444 0.0595165 0.0940002 0.840093
16 0.248267 0.455321 0.0991581 0.0877702 0.831896
5 0.589199 0.854091 0.0860403 0.0901716 0.795257
1 0.759481 0.0811534 0.0857253 0.131234 0.791818
8 0.0434805 0.455962 0.0867117 0.094017 0.726498
23 0.628534 0.6542 0.0669993 0.0915607 0.706377
22 0.208953 0.652294 0.0826721 0.0902814 0.665492
