1 0.44627 0.54404 0.0873717 0.138027 0.973381
18 0.603238 0.106445 0.0896416 0.122709 0.968618
13 0.18536 0.292608 0.0463068 0.141427 0.968373
18 0.0626274 0.289145 0.091012 0.133545 0.963837
18 0.448052 0.101555 0.087326 0.124134 0.945333
7 0.441706 0.344632 0.0981418 0.121752 0.940347
5 0.50441 0.72311 0.0886173 0.0914819 0.94005
2 0.363428 0.521174 0.0734679 0.0945789 0.913803
4 0.24972 0.098721 0.0641445 0.122349 0.90964
5 0.535977 0.323672 0.0802087 0.094907 0.897548
13 0.681108 0.106448 0.0431328 0.144168 0.895849
27 0.400797 0.738239 0.0485978 0.13059 0.886067
27 0.523614 0.548215 0.0508771 0.134653 0.871083
1 0.326103 0.741268 0.0831341 0.13241 0.857965
6 0.723555 0.731287 0.0885413 0.0875521 0.790774
4 0.856387 0.125223 0.0724373 0.121733 0.676252
1 0.34836 0.137119 0.0840178 0.132983 0.608181
