1 0.40897 0.714853 0.0860932 0.129292 0.972044
22 0.22909 0.494749 0.0840684 0.087392 0.970263
22 0.28 0.101077 0.0827223 0.08654 0.970045
23 0.197842 0.104708 0.0712131 0.083423 0.966762
0 0.266339 0.693093 0.137327 0.0889523 0.964065
13 0.467341 0.466546 0.0422517 0.139628 0.963421
22 0.539898 0.491778 0.0831488 0.0868586 0.962368
14 0.418198 0.47084 0.047099 0.13609 0.96088
6 0.0332337 0.688604 0.0664674 0.0892261 0.958043
2 0.0465215 0.107586 0.076756 0.0922098 0.949979
7 0.0719495 0.523305 0.0942718 0.127169 0.947627
9 0.125842 0.686144 0.0855206 0.0952924 0.93987
5 0.345572 0.493321 0.0863148 0.0901601 0.933128
9 0.015148 0.297161 0.0302961 0.091611 0.912811
4 0.699762 0.0879204 0.0649818 0.103627 0.911919
6 0.58474 0.297999 0.094013 0.0847827 0.903902
6 0.6128 0.0990403 0.0946782 0.089605 0.876495
1 0.487251 0.318108 0.085919 0.128664 0.79899
18 0.595746 0.864607 0.0921577 0.122697 0.705723
2 0.722578 0.683972 0.0717798 0.0868748 0.631161
5 0.682404 0.291657 0.087859 0.0883627 0.568098
