1 0.548876 0.482789 0.0892727 0.139194 0.984706
29 0.120085 0.643738 0.121927 0.160781 0.971735
5 0.214014 0.455522 0.0856001 0.0908206 0.968473
6 0.0911919 0.256743 0.0927533 0.0927515 0.96728
5 0.242786 0.651593 0.0825569 0.0908105 0.956944
8 0.308477 0.458875 0.0923002 0.0906756 0.95585
6 0.652653 0.462528 0.0897844 0.0868407 0.946068
0 0.361337 0.658888 0.135986 0.0894942 0.936538
5 0.410683 0.461272 0.0915912 0.0913647 0.895138
1 0.618475 0.286888 0.0853112 0.132874 0.878817
5 0.754285 0.462963 0.0958686 0.0920488 0.825527
6 0.377505 0.852621 0.0890677 0.0925727 0.726335
0 0.210084 0.254116 0.133687 0.09391 0.71702
5 0.494407 0.852263 0.0911781 0.0932634 0.668633
6 0.591448 0.857934 0.0903478 0.0872784 0.523349
12 0.0283628 0.435445 0.0567256 0.130651 0.505852
