7 0.123143 0.196524 0.108081 0.1377 0.963239
9 0.377333 0.564097 0.087815 0.0985653 0.955743
4 0.208115 0.366083 0.0722017 0.114063 0.94383
22 0.283329 0.17467 0.0858688 0.0882376 0.941449
5 0.033399 0.372387 0.0664268 0.0916969 0.932398
28 0.578457 0.551195 0.105215 0.152678 0.901723
12 0.344553 0.352522 0.112876 0.136609 0.877994
6 0.121504 0.374866 0.0940036 0.0869589 0.861733
5 0.0260422 0.180153 0.0520844 0.0918124 0.849993
0 0.891536 0.0137907 0.144865 0.0275235 0.819923
8 0.63837 0.0109936 0.0977614 0.0219872 0.81169
14 0.576001 0.742941 0.0460801 0.145333 0.76932
14 0.436364 0.936052 0.0479259 0.127897 0.698661
1 0.091188 0.787805 0.0909039 0.135265 0.657353
23 0.54937 0.176706 0.0624461 0.0868591 0.628752
0 0.382323 0.769088 0.137056 0.0954552 0.612114
2 0.327487 0.0121607 0.0759292 0.0242823 0.59969
