18 0.408838 0.0369771 0.0431825 0.0551633 0.978013
9 0.715005 0.0476215 0.0392284 0.0452635 0.957963
0 0.489077 0.405513 0.0597607 0.0401855 0.957855
18 0.154708 0.302196 0.0411407 0.0542974 0.953592
8 0.611981 0.137047 0.0425353 0.0421382 0.942539
0 0.583539 0.409524 0.0575768 0.0409348 0.941699
8 0.0507854 0.401384 0.0420255 0.0411633 0.938764
0 0.244988 0.310317 0.0574603 0.0409054 0.935845
0 0.149088 0.399031 0.0548977 0.0400312 0.928196
2 0.0737917 0.0465668 0.0325726 0.043591 0.923116
5 0.19743 0.311389 0.035004 0.0415294 0.91384
8 0.69873 0.321048 0.0407901 0.0419149 0.879496
13 0.326042 0.0365114 0.0229257 0.0632996 0.877244
9 0.210243 0.221467 0.0384296 0.0416743 0.864611
18 0.67912 0.571949 0.0416344 0.0530541 0.859248
1 0.116612 0.592306 0.0413674 0.0592043 0.846794
5 0.449137 0.226348 0.0373911 0.0398316 0.8352
8 0.498172 0.582957 0.042254 0.0441098 0.823573
1 0.027738 0.321928 0.0406065 0.0567464 0.811499
2 0.537919 0.409929 0.0286793 0.0434998 0.766366
35 0.80328 0.04674 0.0610993 0.0742489 0.746533
22 0.247947 0.0434138 0.0378648 0.039445 0.73626
6 0.112745 0.131008 0.0403759 0.0379846 0.705904
1 0.0714453 0.140377 0.0390371 0.0555839 0.681809
1 0.0240303 0.225512 0.0374602 0.0600874 0.667564
8 0.55251 0.495578 0.0388997 0.0405015 0.641428
22 0.0381034 0.492771 0.0373379 0.0395707 0.624611
8 0.489748 0.228156 0.0411285 0.0387574 0.572027
4 0.271127 0.488034 0.025161 0.051477 0.532866
