6 0.359742 0.35141 0.0369228 0.0409328 0.979809
0 0.670432 0.35085 0.0593357 0.0399134 0.967801
8 0.776575 0.530271 0.0390604 0.0405886 0.964798
6 0.88905 0.0826496 0.0405841 0.0401473 0.964204
9 0.517585 0.529739 0.0381429 0.0422242 0.962665
9 0.505672 0.260334 0.0374856 0.0416166 0.962622
8 0.514416 0.0821552 0.0405204 0.0409567 0.962422
1 0.315884 0.363772 0.0411516 0.0591531 0.958968
1 0.628206 0.182936 0.0420125 0.0595701 0.955961
18 0.697272 0.0741176 0.0421926 0.0544316 0.954018
9 0.722035 0.526961 0.0403937 0.0430394 0.95276
9 0.521441 0.438948 0.0379858 0.0427227 0.94999
9 0.446721 0.614634 0.0382776 0.038368 0.949869
5 0.399127 0.35187 0.0348352 0.041313 0.939663
6 0.671944 0.172946 0.0413978 0.0391157 0.935262
8 0.422106 0.264408 0.0394666 0.0419874 0.929508
18 0.757281 0.164551 0.0411038 0.0559965 0.915175
5 0.714468 0.171072 0.035441 0.0419831 0.913027
0 0.880819 0.437764 0.0608423 0.0399969 0.907936
8 0.382453 0.529734 0.0431238 0.0412178 0.893857
8 0.732988 0.439753 0.0423061 0.0412246 0.891989
8 0.463644 0.788444 0.0399069 0.0423276 0.860721
9 0.722317 0.617401 0.0388434 0.0415123 0.839169
5 0.423089 0.791044 0.038008 0.0392594 0.82897
5 0.653791 0.0843644 0.0349782 0.0382674 0.824671
2 0.92893 0.0830218 0.0309379 0.0406973 0.819383
7 0.318745 0.275035 0.0417824 0.0571769 0.793409
13 0.869752 0.610186 0.0203915 0.061146 0.789541
5 0.800185 0.171941 0.0389677 0.0388767 0.769108
11 0.919895 0.252167 0.0403471 0.0589888 0.765002
22 0.817656 0.526654 0.0337986 0.0388229 0.75039
9 0.604975 0.704088 0.0380895 0.0395236 0.74594
9 0.638331 0.791087 0.0405447 0.0419374 0.708286
6 0.825713 0.261556 0.0379956 0.038554 0.694135
18 0.683202 0.872018 0.0396485 0.0519586 0.688112
1 0.843245 0.0917046 0.0394075 0.0579163 0.683594
22 0.968294 0.168422 0.0363042 0.0394816 0.682482
5 0.868311 0.262196 0.0367551 0.0413998 0.669503
2 0.823411 0.796281 0.032249 0.0433738 0.657479
9 0.612326 0.439736 0.0349982 0.0422051 0.648979
13 0.580772 0.164036 0.0233018 0.0636289 0.622092
13 0.810359 0.0737913 0.020041 0.0645398 0.591131
5 0.342131 0.701819 0.0366949 0.0368524 0.55975
6 0.617555 0.353193 0.0413723 0.0381523 0.553688
9 0.586382 0.880004 0.0361035 0.0402311 0.552721
0 0.975937 0.616458 0.0478691 0.0372709 0.515761
16 0.329519 0.00767962 0.0606375 0.0153592 0.508242
