29 0.447827 0.137887 0.12474 0.157069 0.987187
7 0.0553909 0.167867 0.102095 0.132473 0.973361
2 0.104301 0.534284 0.0720729 0.0919185 0.957083
6 0.65458 0.533062 0.0882127 0.0889933 0.946537
4 0.24524 0.135207 0.0626589 0.104264 0.898069
1 0.562322 0.361334 0.0891707 0.132448 0.889272
2 0.563566 0.142564 0.0696648 0.093531 0.885268
1 0.640498 0.168721 0.0844209 0.132752 0.878747
2 0.613889 0.721754 0.0711242 0.0888555 0.84832
8 0.460372 0.35634 0.0811924 0.115423 0.701562
1 0.548566 0.553342 0.088707 0.133526 0.698151
9 0.502858 0.722389 0.0824879 0.0937865 0.661607
0 0.0283864 0.535519 0.0565822 0.0903237 0.610265
