2 0.125518 0.469577 0.0713581 0.0892212 0.956158
6 0.0238938 0.269216 0.0477875 0.0903704 0.945413
4 0.188063 0.260169 0.0718056 0.119842 0.94143
5 0.0806058 0.672902 0.0937465 0.0919079 0.935876
5 0.317916 0.472562 0.0875419 0.0968896 0.934502
8 0.100122 0.264984 0.0945599 0.0948422 0.88259
14 0.0583138 0.452527 0.0425566 0.136869 0.85799
0 0.0117037 0.678053 0.0234074 0.0923519 0.728797
22 0.215528 0.883704 0.0840337 0.0870626 0.658119
5 0.217059 0.675001 0.0904284 0.0917232 0.619547
22 0.0136877 0.474461 0.027365 0.0937398 0.50182
