14 0.378007 0.174608 0.0375272 0.140328 0.974027
22 0.155223 0.181215 0.081163 0.0874997 0.964565
23 0.240757 0.383905 0.0646528 0.0870829 0.958687
6 0.176916 0.772011 0.0820806 0.0880646 0.933898
14 0.0607189 0.746245 0.0436297 0.136806 0.928505
7 0.274902 0.602854 0.076593 0.128893 0.916638
2 0.180855 0.573314 0.0669534 0.0855649 0.903448
13 0.106399 0.748232 0.0447261 0.131235 0.895628
13 0.0167001 0.550873 0.0334003 0.136434 0.858494
5 0.368141 0.390335 0.0665981 0.0919784 0.837327
8 0.040547 0.383378 0.0807042 0.0891616 0.813345
8 0.0851267 0.571404 0.0959188 0.0917661 0.809829
5 0.238982 0.0154314 0.074979 0.0308627 0.726599
6 0.362528 0.584405 0.0790272 0.090839 0.721451
11 0.147835 0.0123749 0.0802005 0.0246754 0.58383
22 0.0551998 0.0101635 0.0814206 0.020327 0.561853
5 0.0171048 0.76342 0.0342097 0.0979854 0.550213
18 0.268923 0.756482 0.0761524 0.116157 0.52892
7 0.0260795 0.203599 0.0520023 0.139772 0.512227
