8 0.422993 0.587819 0.0795325 0.0914478 0.967901
23 0.577931 0.389146 0.0672199 0.0844836 0.932954
5 0.602947 0.0217767 0.0808984 0.0435219 0.90886
5 0.682864 0.189563 0.0851367 0.0905557 0.908727
22 0.512607 0.58397 0.0778787 0.0892768 0.905543
5 0.729408 0.583557 0.0782741 0.0920591 0.852557
6 0.693935 0.0207566 0.0859451 0.0415133 0.791347
0 0.56259 0.215266 0.0845718 0.131398 0.750487
13 0.520262 0.0225669 0.0420284 0.0450109 0.72235
4 0.776621 0.019886 0.0498431 0.0396647 0.672001
9 0.792866 0.3816 0.0801983 0.0956699 0.573299
29 0.45263 0.78443 0.12951 0.189003 0.517745
