0 0.479734 0.206219 0.138101 0.0899039 0.970697
11 0.682805 0.568989 0.0883999 0.13476 0.964717
4 0.353407 0.199182 0.0627681 0.0961916 0.950932
6 0.601192 0.206422 0.0878395 0.0850354 0.94286
6 0.780296 0.594045 0.0884404 0.0853645 0.942121
8 0.391117 0.0258518 0.0999846 0.0517036 0.937963
4 0.431448 0.588115 0.0643478 0.102116 0.932057
5 0.120178 0.202435 0.0836456 0.0881023 0.915237
6 0.0463607 0.0273623 0.0900593 0.0547246 0.907768
4 0.0405028 0.194448 0.0726258 0.111204 0.902502
5 0.249716 0.59147 0.0892377 0.087638 0.891064
6 0.348078 0.589777 0.0860271 0.0859749 0.8803
2 0.280093 0.0271335 0.0700734 0.0540802 0.866703
6 0.817258 0.0268459 0.097497 0.0536917 0.861316
18 0.730066 0.381698 0.0886183 0.121963 0.847281
14 0.746476 0.0273318 0.0401535 0.054647 0.797481
5 0.0659926 0.397989 0.0856462 0.0812138 0.789484
2 0.134412 0.0256664 0.0686994 0.0511043 0.775695
6 0.368561 0.787408 0.0883462 0.0856395 0.763459
22 0.493868 0.028247 0.0835323 0.0564294 0.752033
22 0.673626 0.0267463 0.0875058 0.0534927 0.584796
14 0.677732 0.184235 0.0400269 0.135453 0.571771
