13 0.421056 0.0676575 0.0444583 0.134349 0.977671
14 0.464148 0.464408 0.0427769 0.134415 0.971085
22 0.24954 0.0867928 0.0797942 0.0893558 0.970701
14 0.611555 0.268864 0.0468305 0.143464 0.967086
7 0.343284 0.118639 0.0902521 0.124481 0.964042
22 0.176289 0.285129 0.0837023 0.0882345 0.957133
7 0.07304 0.303788 0.0943286 0.134358 0.954437
22 0.394177 0.487458 0.0834908 0.0895578 0.934674
8 0.0585596 0.0813855 0.0890677 0.0905399 0.922435
2 0.148984 0.0860839 0.0708251 0.0947222 0.899683
29 0.276619 0.477392 0.124858 0.166619 0.880056
13 0.51372 0.464957 0.0444766 0.139303 0.871739
14 0.579689 0.672624 0.0460955 0.134619 0.831896
13 0.629844 0.673871 0.044697 0.141054 0.741494
8 0.0572756 0.682277 0.0892321 0.0907307 0.739701
27 0.30345 0.712207 0.0496641 0.132446 0.738165
5 0.0163195 0.478733 0.0326391 0.0962505 0.730944
0 0.0408828 0.884315 0.0817657 0.0908768 0.671736
0 0.775222 0.494915 0.1384 0.0920995 0.516175
