7 0.141475 0.169534 0.0899037 0.125594 0.988041
1 0.314164 0.564559 0.0891689 0.135176 0.986196
14 0.415205 0.130458 0.0451021 0.147405 0.976062
6 0.336527 0.145325 0.0953274 0.0893939 0.967609
2 0.517404 0.547574 0.0724136 0.0941828 0.965047
9 0.190976 0.537325 0.0859748 0.095186 0.963183
6 0.420742 0.544558 0.0937277 0.0915875 0.961593
6 0.457618 0.348637 0.0880363 0.0925766 0.960849
9 0.0344323 0.140922 0.0687508 0.100059 0.953959
6 0.489306 0.150477 0.0900037 0.0868164 0.948029
9 0.587055 0.150116 0.0887182 0.0975846 0.934215
27 0.109053 0.360069 0.0511118 0.133204 0.893761
22 0.541257 0.750856 0.0855792 0.0868812 0.86696
2 0.108674 0.537381 0.0706399 0.0887393 0.77436
