18 0.200649 0.570514 0.0902936 0.12439 0.979624
11 0.108788 0.163581 0.0874287 0.136665 0.978787
13 0.189595 0.370724 0.0471371 0.146035 0.968998
6 0.209587 0.19237 0.0903431 0.0898874 0.963592
18 0.110252 0.371956 0.0887177 0.122134 0.959331
22 0.540873 0.0222414 0.0856393 0.0441676 0.959242
1 0.5168 0.421194 0.0870805 0.129906 0.959205
7 0.636508 0.0448622 0.0993581 0.0896125 0.933818
4 0.412054 0.389839 0.0726463 0.119035 0.932799
8 0.313056 0.0187143 0.0945569 0.0372279 0.924022
2 0.409038 0.0189767 0.0709052 0.0379534 0.910915
5 0.737267 0.0257479 0.0879778 0.0514105 0.821897
2 0.0218489 0.389558 0.0436978 0.0861204 0.671339
