14 0.370893 0.167329 0.0423036 0.133424 0.973437
13 0.531704 0.168214 0.0422945 0.141436 0.971557
5 0.154869 0.383391 0.0843048 0.0921641 0.961465
13 0.515047 0.364144 0.0444812 0.139755 0.960425
6 0.440804 0.188514 0.0896535 0.0888625 0.955904
4 0.27385 0.575171 0.0571098 0.111338 0.939397
5 0.60232 0.187036 0.0846989 0.0945002 0.938608
8 0.391781 0.583532 0.0920714 0.0907333 0.923019
0 0.141181 0.0185904 0.130877 0.0371022 0.918218
9 0.0428693 0.380913 0.0812415 0.097119 0.915833
8 0.593979 0.585337 0.0976788 0.0938354 0.905996
5 0.254683 0.0159824 0.081651 0.0319648 0.884841
6 0.492413 0.58708 0.0893106 0.0935822 0.827721
28 0.432356 0.365561 0.103022 0.146814 0.737227
14 0.321533 0.0165873 0.0451829 0.0331747 0.705546
6 0.206086 0.785446 0.0868061 0.0854845 0.62869
5 0.11016 0.786362 0.0812449 0.0915084 0.598389
18 0.950652 0.570956 0.0898638 0.124483 0.583706
22 0.0170148 0.787129 0.0338729 0.0962195 0.564024
8 0.66979 0.0143733 0.0973809 0.0287467 0.561146
1 0.696967 0.612051 0.0850151 0.138121 0.507522
