22 0.0653807 0.424563 0.0825435 0.086162 0.973247
8 0.50481 0.0434779 0.0921764 0.0865967 0.971007
7 0.18273 0.447027 0.101148 0.132198 0.962447
6 0.293373 0.427431 0.0903686 0.0882001 0.960553
0 0.0626467 0.62063 0.125293 0.0907867 0.958736
8 0.395026 0.0421005 0.0903066 0.0842011 0.95181
2 0.533503 0.433566 0.0726004 0.0885651 0.944826
6 0.180316 0.623235 0.088987 0.0896597 0.937785
8 0.632361 0.432245 0.0873275 0.0881959 0.930851
18 0.0461966 0.796412 0.0872624 0.130927 0.928523
4 0.374895 0.414475 0.0628746 0.108837 0.915663
5 0.446563 0.426549 0.0822001 0.0915859 0.913435
5 0.301216 0.0418398 0.0889566 0.0832718 0.887074
8 0.158556 0.231913 0.0921596 0.0912657 0.821668
5 0.459102 0.617296 0.0850006 0.0881026 0.799995
27 0.595731 0.643978 0.0419714 0.12461 0.652325
8 0.00742622 0.428649 0.0148524 0.0869355 0.633429
4 0.0190062 0.222744 0.0380124 0.109918 0.618628
22 0.722892 0.430053 0.0775845 0.0870255 0.601638
0 0.575192 0.250275 0.0826821 0.110135 0.540861
