0 0.552962 0.070499 0.142192 0.0883135 0.98136
14 0.0853125 0.246101 0.0411499 0.135641 0.972782
8 0.553629 0.266687 0.0872613 0.0846017 0.967522
13 0.356158 0.241892 0.045594 0.138687 0.965068
13 0.328158 0.636722 0.0470039 0.142386 0.934589
14 0.0385777 0.243494 0.0451072 0.138961 0.934466
19 0.31923 0.462432 0.0597773 0.0897937 0.924168
16 0.244189 0.658435 0.0949412 0.0837998 0.909184
5 0.400592 0.654925 0.0844671 0.0869462 0.9085
5 0.426398 0.263755 0.0854865 0.087793 0.872524
2 0.224053 0.460752 0.0716511 0.0883058 0.86472
1 0.815245 0.0951386 0.0886867 0.131049 0.851523
5 0.158375 0.267154 0.0862494 0.0895343 0.817682
2 0.445493 0.0675575 0.0663093 0.0862805 0.753106
22 0.654959 0.272877 0.0832 0.0862452 0.732569
22 0.168596 0.0731913 0.0813586 0.0861424 0.631614
9 0.115507 0.460292 0.0833413 0.0910668 0.628268
