18 0.22583 0.930176 0.0917969 0.129883 0.98877
18 0.350586 0.929199 0.0927734 0.129883 0.984375
19 0.898438 0.343262 0.0644531 0.0908203 0.979004
8 0.845703 0.545044 0.0976562 0.0935059 0.977539
1 0.783203 0.765625 0.0917969 0.137695 0.975586
6 0.945312 0.546875 0.0957031 0.0898438 0.968262
6 0.889648 0.75 0.0996094 0.09375 0.967285
2 0.827148 0.337402 0.0742188 0.0908203 0.962891
6 0.123169 0.947266 0.0952148 0.0976562 0.94873
13 0.430664 0.923828 0.0483398 0.148438 0.947266
16 0.647949 0.954102 0.102539 0.0917969 0.946777
5 0.935547 0.952148 0.0839844 0.09375 0.946777
13 0.0503616 0.922852 0.0463715 0.150391 0.936523
0 0.916504 0.149536 0.143555 0.0949707 0.925293
18 0.822754 0.938477 0.135742 0.123047 0.92041
13 0.725098 0.925293 0.0419922 0.149414 0.91748
14 0.0134659 0.921875 0.0268402 0.148438 0.914062
6 0.384033 0.140411 0.150879 0.093689 0.878418
6 0.322754 0.733398 0.140625 0.101562 0.873047
4 0.993164 0.935547 0.0136719 0.128906 0.853027
11 0.140106 0.316895 0.15094 0.139648 0.811523
5 0.972656 0.724121 0.0546875 0.142578 0.806641
11 0.356445 0.515625 0.150391 0.139648 0.602051
0 0.975586 0.350586 0.0488281 0.0957031 0.588867
5 0.497559 0.73877 0.0976562 0.0888672 0.588867
22 0.758789 0.148315 0.0839844 0.0895996 0.529297
46 0.563477 0.14035 0.165039 0.0894165 0.517578
