4 0.900391 0.0461121 0.0644531 0.0922241 0.978027
11 0.699219 0.427246 0.0888672 0.136719 0.96875
19 0.84668 0.64209 0.0605469 0.0908203 0.967773
6 0.819336 0.0471497 0.0908203 0.0917358 0.963379
4 0.960938 0.833008 0.0664062 0.111328 0.958984
5 0.967285 0.0449829 0.0654297 0.0892334 0.958008
14 0.762207 0.820312 0.0449219 0.138672 0.955566
14 0.751953 0.048584 0.0449219 0.097168 0.954102
2 0.78125 0.645508 0.0722656 0.0859375 0.946777
6 0.857422 0.843262 0.136719 0.09375 0.938965
14 0.972656 0.415527 0.0507812 0.139648 0.938477
16 0.603516 0.844727 0.0957031 0.0898438 0.92627
6 0.920898 0.645508 0.0849609 0.0839844 0.918945
19 0.975098 0.976562 0.0498047 0.046875 0.90918
13 0.924805 0.420898 0.0449219 0.143555 0.901367
7 0.825684 0.268005 0.15332 0.133911 0.879883
13 0.770996 0.41626 0.046875 0.153809 0.861328
14 0.662598 0.976074 0.0449219 0.0478516 0.837402
8 0.981934 0.639648 0.0361328 0.0917969 0.602051
4 0.592773 0.975098 0.0800781 0.0498047 0.57373
13 0.704102 0.976562 0.0351562 0.046875 0.548828
