18 0.757324 0.207031 0.102539 0.14502 0.98584
7 0.639648 0.837891 0.0996094 0.136719 0.981445
1 0.799805 0.646484 0.0859375 0.142578 0.980469
2 0.329346 0.978516 0.074707 0.0429688 0.970215
4 0.335938 0.79834 0.0708008 0.123047 0.969727
0 0.781738 0.0406494 0.139648 0.0812988 0.966309
16 0.823242 0.422607 0.0976562 0.0917969 0.965332
18 0.522461 0.805664 0.129883 0.126953 0.964844
0 0.385742 0.611328 0.179199 0.101562 0.963379
8 0.911133 0.0397949 0.0878906 0.0795898 0.959473
6 0.895508 0.626953 0.0898438 0.0898438 0.95752
13 0.900879 0.404785 0.046875 0.149414 0.94873
13 0.836426 0.206421 0.046875 0.148682 0.948242
2 0.402832 0.80957 0.0654297 0.0908203 0.945801
6 0.891602 0.822754 0.09375 0.09375 0.943359
5 0.964844 0.428223 0.0703125 0.0917969 0.917969
5 0.973633 0.604492 0.0527344 0.140625 0.916016
6 0.658203 0.422852 0.0996094 0.0908203 0.90332
16 0.931641 0.232178 0.103516 0.0952148 0.890137
4 0.507324 0.603516 0.0664062 0.114258 0.888184
13 0.907227 0.962402 0.0527344 0.0751953 0.834473
18 0.82959 0.972656 0.0859375 0.0546875 0.831055
5 0.972656 0.830078 0.0546875 0.106445 0.820801
13 0.728516 0.391602 0.046875 0.158203 0.805664
22 0.476318 0.0344543 0.0883789 0.0689087 0.801758
1 0.572266 0.984375 0.0830078 0.03125 0.785156
6 0.693848 0.985352 0.140625 0.0292969 0.666992
2 0.546875 0.220215 0.115234 0.0917969 0.633301
19 0.984375 0.0380554 0.03125 0.0761108 0.556641
2 0.368652 0.412109 0.119141 0.09375 0.556641
