0 0.09375 0.035553 0.0622559 0.0483398 0.961426
4 0.0128479 0.0345764 0.0255737 0.0535889 0.938965
12 0.0750732 0.121216 0.03479 0.0808105 0.937988
2 0.145996 0.0318298 0.0332031 0.0459595 0.936035
0 0.0900269 0.20752 0.0615234 0.0561523 0.913086
13 0.108398 0.103699 0.0266113 0.0887451 0.907227
18 0.140656 0.201416 0.0365601 0.0629883 0.901367
5 0.0410767 0.205566 0.0357666 0.0507812 0.889648
6 0.205078 0.209717 0.0463867 0.0605469 0.847168
13 0.173096 0.193604 0.0258789 0.0866699 0.831055
12 0.01091 0.209229 0.021637 0.0529785 0.825684
14 0.140747 0.105469 0.0339355 0.0668945 0.753418
2 0.173096 0.117188 0.0297852 0.0473633 0.729492
5 0.0491943 0.0432129 0.0246582 0.0339966 0.513672
