10 0.073349 0.168701 0.0300598 0.0668945 0.975098
2 0.208008 0.489258 0.03125 0.0390625 0.970703
4 0.217651 0.0222778 0.0280762 0.0435791 0.969727
21 0.109558 0.967773 0.0482178 0.0585938 0.933105
7 0.0690918 0.267334 0.0693359 0.0610352 0.929199
4 0.221436 0.95166 0.0253906 0.0449219 0.925781
5 0.191406 0.958008 0.0361328 0.0410156 0.917969
6 0.045929 0.648926 0.0473022 0.0400391 0.911133
4 0.103943 0.799805 0.0241699 0.046875 0.911133
8 0.145264 0.803711 0.0395508 0.0449219 0.908691
13 0.148193 0.168823 0.019043 0.0612793 0.905762
5 0.119141 0.725586 0.0354004 0.0400391 0.901855
0 0.121338 0.567383 0.0578613 0.0410156 0.887207
2 0.192139 0.413574 0.0322266 0.0419922 0.877441
0 0.17749 0.256592 0.0766602 0.0439453 0.876465
6 0.0964355 0.338379 0.0391846 0.0410156 0.876465
12 0.0607605 0.406738 0.0377808 0.0664062 0.836426
13 0.0228615 0.0891266 0.0197678 0.0673523 0.830078
2 0.20459 0.645508 0.0322266 0.0380859 0.823242
2 0.18335 0.804199 0.0322266 0.0400391 0.813965
2 0.136475 0.337646 0.0314941 0.0395508 0.805664
0 0.0422974 0.883789 0.0776367 0.0410156 0.800781
4 0.0463257 0.0959473 0.0248413 0.0498047 0.799316
22 0.0154877 0.261169 0.0305176 0.0391846 0.763672
2 0.0921631 0.177856 0.0292969 0.0422363 0.759277
13 0.0769043 0.870117 0.0216064 0.0683594 0.73584
1 0.153809 0.886719 0.0361328 0.0566406 0.733887
13 0.148438 0.246094 0.0200195 0.0629883 0.715332
13 0.135742 0.610352 0.0131836 0.0390625 0.673828
13 0.132568 0.0931396 0.0200195 0.0673828 0.672363
8 0.0342102 0.567383 0.0372925 0.0429688 0.67041
9 0.170654 0.567383 0.032959 0.0390625 0.656738
13 0.183105 0.689453 0.0114746 0.0302734 0.649414
13 0.141479 0.947266 0.015625 0.0664062 0.624512
13 0.195923 0.30127 0.0146484 0.03125 0.607422
2 0.0756226 0.801758 0.0283203 0.0390625 0.604004
6 0.0481567 0.0237427 0.0560303 0.0430908 0.596191
13 0.141846 0.555176 0.0170898 0.0634766 0.596191
5 0.179321 0.0213165 0.046875 0.0413513 0.583008
6 0.0740967 0.566406 0.0373535 0.0390625 0.571777
13 0.0697632 0.630859 0.017334 0.078125 0.571777
13 0.00534058 0.787109 0.0105743 0.0742188 0.556641
0 0.203613 0.881836 0.059082 0.0429688 0.525391
22 0.189209 0.179688 0.0610352 0.0385742 0.515625
12 0.0803223 0.416504 0.048584 0.0693359 0.507812
4 0.101379 0.880859 0.0251465 0.046875 0.507812
