4 0.634766 0.825684 0.0859375 0.147461 0.988281
0 0.40918 0.659668 0.142578 0.101562 0.975098
18 0.496826 0.416992 0.137207 0.157227 0.970703
5 0.811523 0.23999 0.0917969 0.104004 0.958984
7 0.848145 0.46582 0.108398 0.142578 0.958008
18 0.853027 0.827148 0.124023 0.132812 0.955566
7 0.947266 0.664062 0.105469 0.150391 0.953125
7 0.48877 0.874023 0.101562 0.140625 0.95166
13 0.569336 0.825195 0.0429688 0.149414 0.944336
14 0.248047 0.980469 0.043457 0.0390625 0.9375
13 0.758789 0.821289 0.0507812 0.154297 0.911133
13 0.293213 0.97998 0.0361328 0.0400391 0.803223
11 0.0381775 0.221436 0.0762329 0.170898 0.779785
13 0.185303 0.639648 0.0498047 0.128906 0.697754
6 0.75 0.444092 0.0927734 0.0976562 0.673828
8 0.0961761 0.428955 0.0923157 0.141113 0.662109
6 0.283203 0.247314 0.149902 0.103027 0.645996
11 0.020401 0.832031 0.040802 0.146484 0.602051
4 0.908203 0.232422 0.0976562 0.113281 0.600098
6 0.146362 0.852539 0.136719 0.0957031 0.592773
6 0.388184 0.829102 0.0908203 0.146484 0.575684
22 0.960449 0.839355 0.078125 0.09375 0.565918
6 0.980957 0.238037 0.0371094 0.102051 0.544922
11 0.0227509 0.615234 0.0455017 0.189453 0.544922
2 0.844727 0.633789 0.0761719 0.107422 0.539062
13 0.32959 0.224121 0.0595703 0.145996 0.521484
