21 0.96875 0.319824 0.0371094 0.0576172 0.989258
20 0.929688 0.392334 0.0859375 0.0874023 0.986816
15 0.623047 0.0584717 0.0722656 0.0654297 0.984863
21 0.930664 0.741211 0.0429688 0.0605469 0.984863
2 0.825195 0.145508 0.0273438 0.0410156 0.983398
8 0.362793 0.153076 0.0390625 0.0424805 0.980469
18 0.219482 0.400391 0.0361328 0.0498047 0.975586
7 0.125 0.830566 0.0375977 0.0625 0.970703
21 0.76416 0.972168 0.0556641 0.0556641 0.96875
6 0.19043 0.90625 0.0366211 0.0429688 0.968262
6 0.751465 0.145874 0.0400391 0.0441895 0.966309
10 0.0594482 0.645508 0.0394287 0.0703125 0.966309
11 0.74707 0.887695 0.0371094 0.0664062 0.964844
8 0.860352 0.730469 0.0439453 0.0449219 0.961426
11 0.194824 0.642578 0.0415039 0.0644531 0.959961
7 0.848633 0.237549 0.0371094 0.0620117 0.959473
46 0.713867 0.478027 0.0566406 0.0439453 0.958496
0 0.0756226 0.984375 0.0594482 0.03125 0.958496
21 0.818848 0.971191 0.0537109 0.0576172 0.95752
0 0.2229 0.569336 0.0625 0.046875 0.957031
10 0.947754 0.0527649 0.0341797 0.0673218 0.956543
0 0.885254 0.477051 0.0625 0.046875 0.956543
6 0.331787 0.488281 0.0371094 0.0419922 0.956543
18 0.774414 0.644531 0.0390625 0.0527344 0.956543
0 0.610352 0.819824 0.0644531 0.0488281 0.956543
6 0.085022 0.738281 0.036499 0.0439453 0.953125
0 0.496094 0.820312 0.0605469 0.046875 0.953125
8 0.418457 0.0722046 0.0410156 0.0437012 0.950195
4 0.837402 0.892578 0.0341797 0.0546875 0.949707
18 0.811523 0.723633 0.0507812 0.0527344 0.949219
18 0.156494 0.401367 0.0366211 0.0517578 0.94873
5 0.617188 0.732422 0.0371094 0.0439453 0.946777
12 0.679688 0.220459 0.0361328 0.0615234 0.946289
5 0.67627 0.731445 0.0380859 0.0410156 0.946289
7 0.32373 0.0821381 0.0341797 0.0559387 0.943848
6 0.577148 0.148438 0.0390625 0.0454102 0.943848
5 0.945312 0.977539 0.0371094 0.0449219 0.942383
0 0.767578 0.0653229 0.0605469 0.0434265 0.935547
21 0.775391 0.578613 0.0390625 0.0576172 0.935547
2 0.381348 0.0716553 0.03125 0.0449219 0.935059
0 0.319824 0.821289 0.0625 0.046875 0.934082
21 0.495117 0.982422 0.0517578 0.0351562 0.933594
6 0.455078 0.65332 0.0356445 0.0429688 0.933105
0 0.313965 0.239258 0.0576172 0.0493164 0.932617
5 0.890137 0.22583 0.0371094 0.0441895 0.932617
11 0.837891 0.805664 0.0371094 0.0683594 0.932617
7 0.129517 0.749023 0.0522461 0.0625 0.931641
5 0.899414 0.812012 0.0351562 0.0429688 0.931641
8 0.936035 0.8125 0.0361328 0.0390625 0.930664
2 0.377441 0.568359 0.0302734 0.046875 0.928711
2 0.400391 0.905762 0.0332031 0.0478516 0.928223
5 0.709473 0.147949 0.0380859 0.0510254 0.927734
5 0.124451 0.983398 0.0357666 0.0332031 0.927734
7 0.666992 0.90918 0.0517578 0.0644531 0.926758
7 0.411865 0.581055 0.0371094 0.0605469 0.925781
0 0.116577 0.0723267 0.0605469 0.0467529 0.925293
5 0.069397 0.491455 0.0594482 0.050293 0.925293
0 0.575195 0.566406 0.0595703 0.046875 0.923828
5 0.382812 0.822266 0.0380859 0.046875 0.921387
5 0.345215 0.90625 0.0385742 0.0449219 0.921387
0 0.541016 0.90332 0.0566406 0.0488281 0.92041
5 0.107666 0.240479 0.0378418 0.0439453 0.919434
0 0.241211 0.906738 0.0625 0.046875 0.915039
2 0.132812 0.322021 0.029541 0.0429688 0.913574
2 0.969238 0.224365 0.03125 0.0478516 0.911621
22 0.782715 0.47998 0.0341797 0.0380859 0.911621
6 0.857422 0.551758 0.0449219 0.0585938 0.910645
22 0.292969 0.738281 0.0322266 0.0449219 0.910645
14 0.719238 0.301514 0.0205078 0.0664062 0.908203
8 0.437012 0.907227 0.0390625 0.0429688 0.907227
14 0.60791 0.136963 0.0195312 0.0678711 0.906738
5 0.484863 0.401855 0.0351562 0.0458984 0.906738
5 0.739258 0.564453 0.0371094 0.0449219 0.905762
0 0.964355 0.142303 0.0576172 0.0425415 0.905762
2 0.769531 0.728027 0.03125 0.0439453 0.90332
21 0.699219 0.828125 0.0371094 0.0585938 0.901855
5 0.662598 0.816406 0.0371094 0.0449219 0.901367
10 0.599121 0.891602 0.03125 0.0654297 0.898926
13 0.155396 0.80957 0.020752 0.0742188 0.897461
14 0.646484 0.722656 0.0175781 0.0644531 0.896484
14 0.375977 0.892578 0.0185547 0.0664062 0.896484
8 0.854492 0.646484 0.0429688 0.046875 0.895508
2 0.961914 0.894043 0.0253906 0.0429688 0.895508
7 0.151733 0.166992 0.0634766 0.0632324 0.894043
8 0.639648 0.648438 0.0371094 0.0429688 0.894043
10 0.259766 0.0603943 0.0322266 0.0667114 0.893066
5 0.620117 0.317383 0.0341797 0.0488281 0.893066
14 0.754883 0.467285 0.0214844 0.0673828 0.892578
8 0.928711 0.30957 0.0410156 0.0488281 0.891602
18 0.993652 0.555664 0.0126953 0.0507812 0.890137
18 0.978027 0.803711 0.0439453 0.0585938 0.890137
14 0.869141 0.802734 0.0214844 0.0654297 0.888672
13 0.945312 0.553711 0.0205078 0.0644531 0.884277
13 0.106079 0.144409 0.0244141 0.0825195 0.880859
22 0.979492 0.0621033 0.0332031 0.0410767 0.878906
10 0.0570374 0.72998 0.0344849 0.0722656 0.877441
21 0.663574 0.0150146 0.0371094 0.0300293 0.875977
14 0.860352 0.300293 0.0205078 0.0673828 0.874023
0 0.797363 0.220947 0.0585938 0.0585938 0.872559
10 0.317627 0.972656 0.0322266 0.0546875 0.870605
18 0.159058 0.484619 0.0383301 0.0571289 0.868164
10 0.0608521 0.814453 0.038208 0.0742188 0.867188
18 0.853516 0.0588074 0.0527344 0.0514526 0.859863
18 0.726562 0.22168 0.0566406 0.0595703 0.851074
4 0.0500488 0.241943 0.0333252 0.0483398 0.850098
8 0.219971 0.824219 0.0415039 0.0507812 0.847168
7 0.904785 0.980469 0.0390625 0.0390625 0.84375
2 0.810547 0.0661621 0.0253906 0.0407715 0.842773
6 0.352051 0.739258 0.0361328 0.046875 0.835449
13 0.454102 0.808594 0.0234375 0.0654297 0.834473
12 0.255859 0.728516 0.0375977 0.0683594 0.832031
5 0.106689 0.90625 0.0500488 0.0429688 0.832031
8 0.200684 0.986328 0.0317383 0.0273438 0.82666
8 0.457031 0.319092 0.0415039 0.043457 0.819824
22 0.782227 0.8125 0.0371094 0.0410156 0.816406
4 0.0628662 0.909668 0.0351562 0.0527344 0.813965
10 0.329102 0.728027 0.0307617 0.0683594 0.812988
6 0.266052 0.238892 0.0372314 0.0412598 0.811523
18 0.95459 0.476318 0.0527344 0.0473633 0.811523
12 0.448242 0.38501 0.0356445 0.0776367 0.809082
18 0.739258 0.391602 0.0527344 0.0561523 0.808105
8 0.787109 0.397949 0.0410156 0.0449219 0.805664
14 0.361084 0.476562 0.019043 0.0673828 0.804199
5 0.629883 0.231323 0.0566406 0.0461426 0.792969
6 0.400391 0.486816 0.0566406 0.0449219 0.777344
13 0.895508 0.884277 0.0175781 0.0732422 0.773438
6 0.626953 0.566406 0.0419922 0.046875 0.770508
6 0.304199 0.65625 0.0380859 0.0439453 0.769043
2 0.530762 0.566895 0.0292969 0.0458984 0.766113
2 0.182373 0.820801 0.0322266 0.0458984 0.766113
29 0.321289 0.569336 0.0800781 0.0859375 0.762207
16 0.913574 0.560059 0.0380859 0.0429688 0.759277
22 0.890137 0.145996 0.0332031 0.0454102 0.751953
6 0.677246 0.397461 0.0673828 0.0449219 0.747559
0 0.136444 0.0082016 0.0547485 0.0164032 0.747559
22 0.888672 0.310303 0.0332031 0.0415039 0.740234
14 0.483643 0.640625 0.0209961 0.0683594 0.730957
6 0.648438 0.145874 0.0576172 0.0493164 0.726562
5 0.2854 0.0716705 0.0395508 0.0473328 0.713867
22 0.350098 0.984375 0.03125 0.03125 0.713867
8 0.578613 0.316162 0.0429688 0.0488281 0.705566
6 0.62207 0.902832 0.0390625 0.0419922 0.704102
22 0.4729 0.149658 0.0327148 0.043457 0.700684
18 0.828613 0.477783 0.046875 0.0395508 0.690918
21 0.416016 0.981445 0.0556641 0.0371094 0.686035
10 0.409912 0.394531 0.0361328 0.0683594 0.684082
10 0.246094 0.2229 0.03125 0.0727539 0.682617
22 0.206299 0.238647 0.0336914 0.0432129 0.668945
22 0.572266 0.230347 0.03125 0.0393066 0.666992
13 0.371094 0.385986 0.0458984 0.0864258 0.666992
13 0.22583 0.729492 0.019043 0.0742188 0.665527
5 0.0687256 0.573242 0.057251 0.0527344 0.662109
18 0.319824 0.404785 0.0546875 0.0458984 0.660156
2 0.469727 0.744629 0.0244141 0.0244141 0.658203
8 0.81543 0.566406 0.0400391 0.0488281 0.654785
6 0.70166 0.980957 0.0673828 0.0380859 0.649414
18 0.233643 0.483154 0.0561523 0.0561523 0.645996
18 0.929688 0.226562 0.0410156 0.0454102 0.644043
21 0.995117 0.308594 0.00976562 0.0654297 0.642578
8 0.740234 0.814941 0.0419922 0.0458984 0.638672
4 0.114441 0.571289 0.0343018 0.0449219 0.633301
6 0.0837402 0.657227 0.0386963 0.0478516 0.631836
2 0.397949 0.23645 0.0566406 0.0490723 0.620605
22 0.205688 0.319336 0.0339355 0.0478516 0.609375
12 0.523438 0.636719 0.0556641 0.0712891 0.609375
11 0.59082 0.637695 0.0566406 0.0644531 0.607422
23 0.538086 0.981445 0.0332031 0.0351562 0.583008
6 0.680176 0.642578 0.0439453 0.0527344 0.581543
18 0.988281 0.640625 0.0234375 0.0527344 0.57959
6 0.788086 0.888672 0.0429688 0.0625 0.57959
13 0.19165 0.471924 0.0297852 0.0864258 0.562012
18 0.71875 0.0644684 0.0332031 0.0558777 0.558105
6 0.381104 0.00811768 0.0351562 0.0160522 0.554688
5 0.0861816 0.823242 0.0386963 0.0507812 0.548828
22 0.65332 0.480713 0.0332031 0.0395508 0.542969
12 0.416016 0.651367 0.0390625 0.0488281 0.533203
4 0.0585327 0.0722504 0.0552979 0.054718 0.527344
8 0.900391 0.0686035 0.0380859 0.0461426 0.527344
21 0.782227 0.325439 0.0410156 0.0605469 0.527344
0 0.988281 0.893555 0.0234375 0.0390625 0.525391
4 0.203125 0.0671997 0.0581055 0.0506592 0.521484
13 0.991699 0.467285 0.0166016 0.0634766 0.517578
7 0.733398 0.00598907 0.03125 0.0118561 0.515625
