22 0.453859 0.618214 0.0342331 0.037693 0.926776
6 0.920262 0.309595 0.0353794 0.0369089 0.924051
5 0.933843 0.150308 0.0360756 0.037155 0.920493
5 0.850061 0.616591 0.0331037 0.037933 0.867686
18 0.582621 0.453137 0.0420121 0.0566094 0.839088
5 0.0937014 0.780678 0.0357078 0.0396361 0.834074
2 0.866246 0.539592 0.0299561 0.035249 0.751715
0 0.304279 0.00634026 0.0526436 0.0126031 0.64982
5 0.724127 0.850209 0.0360996 0.0371604 0.601846
2 0.583423 0.00604893 0.0259721 0.0120698 0.589733
14 0.349956 0.76554 0.0150772 0.0614412 0.527813
5 0.562503 0.773819 0.0347888 0.0390794 0.516358
4 0.954981 0.306964 0.0235252 0.0426221 0.514338
