23 0.479214 0.901035 0.0331036 0.0392243 0.975753
5 0.209003 0.904443 0.0402558 0.0451481 0.964253
0 0.805389 0.143977 0.0604604 0.0438936 0.946679
9 0.656093 0.896338 0.0352666 0.0431709 0.944952
5 0.442223 0.900007 0.0376854 0.0444238 0.915891
4 0.356017 0.896441 0.0308555 0.0494349 0.912809
0 0.462642 0.981475 0.0776033 0.0370495 0.900146
0 0.812459 0.477864 0.0617144 0.0445799 0.866273
14 0.859471 0.383126 0.0204065 0.0647677 0.84671
2 0.630932 0.147638 0.0333858 0.0451625 0.827532
8 0.79563 0.397248 0.0391195 0.0395969 0.572063
4 0.167016 0.986314 0.0299681 0.0273713 0.502814
