4 0.861816 0.861328 0.0693359 0.115234 0.981445
12 0.583008 0.262207 0.158203 0.143555 0.979492
14 0.759277 0.443604 0.0458984 0.140137 0.978516
18 0.561523 0.870117 0.0859375 0.128906 0.974121
7 0.97168 0.478516 0.0566406 0.136719 0.970703
9 0.925781 0.254395 0.0859375 0.105957 0.967285
8 0.778809 0.867188 0.0996094 0.101562 0.965332
2 0.84668 0.260742 0.0683594 0.0966797 0.95166
2 0.696289 0.874023 0.0683594 0.0898438 0.950195
8 0.757812 0.263428 0.0917969 0.0981445 0.949219
2 0.931641 0.860352 0.0722656 0.0976562 0.946289
13 0.631836 0.859375 0.0458984 0.146484 0.942383
13 0.898926 0.630859 0.0488281 0.15625 0.913086
18 0.809082 0.650391 0.126953 0.121094 0.905273
9 0.989258 0.658203 0.0214844 0.111328 0.850098
