18 0.13205 0.908691 0.0410767 0.0595703 0.979004
11 0.0390549 0.598633 0.0368805 0.0625 0.977539
18 0.335205 0.751465 0.0424805 0.0585938 0.974121
6 0.531738 0.373535 0.0351562 0.0371094 0.972656
1 0.470703 0.848633 0.0390625 0.0527344 0.972168
21 0.337402 0.927246 0.0527344 0.0585938 0.971191
2 0.599609 0.37207 0.0332031 0.0375977 0.968262
18 0.113098 0.288086 0.041626 0.0595703 0.965332
14 0.326172 0.209961 0.0166016 0.0615234 0.963379
5 0.518066 0.918945 0.0351562 0.0371094 0.958984
5 0.253418 0.920898 0.0351562 0.0390625 0.956543
9 0.504395 0.451172 0.0351562 0.0371094 0.949707
22 0.380371 0.91748 0.0351562 0.0400391 0.944336
5 0.553711 0.530273 0.0351562 0.0371094 0.943359
9 0.593262 0.839355 0.0371094 0.0390625 0.941895
4 0.393555 0.219727 0.0292969 0.043457 0.937988
9 0.145508 0.0628662 0.0371094 0.0397949 0.937012
11 0.39209 0.522949 0.0371094 0.0654297 0.936523
5 0.176392 0.922852 0.0368652 0.0419922 0.93457
8 0.0894165 0.921875 0.0357666 0.0390625 0.933105
18 0.195679 0.0557327 0.0412598 0.0538177 0.931641
8 0.290527 0.765625 0.0351562 0.0371094 0.927734
5 0.378174 0.763184 0.034668 0.0380859 0.927246
5 0.463135 0.450928 0.0356445 0.0385742 0.921875
7 0.226562 0.460938 0.0375977 0.0537109 0.921387
2 0.503906 0.685547 0.0273438 0.0351562 0.919434
0 0.325684 0.842773 0.0576172 0.0390625 0.919434
6 0.512695 0.839844 0.0380859 0.0371094 0.918945
5 0.547363 0.0583496 0.0351562 0.0386963 0.918457
6 0.28418 0.610352 0.0390625 0.0410156 0.915527
6 0.171143 0.533203 0.0351562 0.0371094 0.911621
13 0.299316 0.912109 0.0200195 0.0722656 0.90918
7 0.490967 0.379395 0.0395508 0.0551758 0.907227
4 0.610352 0.916992 0.0263672 0.0410156 0.906738
7 0.465332 0.770508 0.0654297 0.0527344 0.905762
5 0.353027 0.535156 0.0361328 0.0390625 0.904785
22 0.170898 0.842773 0.0366211 0.0390625 0.904785
9 0.182617 0.763672 0.0336914 0.0371094 0.896484
2 0.220947 0.837891 0.0297852 0.0390625 0.89502
22 0.55127 0.839844 0.0341797 0.0390625 0.891602
9 0.0263214 0.763184 0.0345154 0.0390625 0.891113
0 0.0623169 0.37793 0.0544434 0.0380859 0.889648
6 0.0800629 0.608398 0.0398254 0.0351562 0.888184
13 0.0163002 0.670898 0.023674 0.0703125 0.883301
0 0.276917 0.453125 0.0574951 0.0380859 0.882324
5 0.449707 0.532227 0.034668 0.0390625 0.882324
13 0.103638 0.209229 0.0174561 0.0600586 0.876465
5 0.227051 0.53418 0.0361328 0.0410156 0.876465
10 0.231934 0.751953 0.0390625 0.0605469 0.875
13 0.245361 0.600586 0.0234375 0.0644531 0.874023
2 0.0992432 0.686523 0.0322266 0.0361328 0.868164
28 0.0704193 0.834961 0.053009 0.0732422 0.864258
5 0.260254 0.989258 0.0307617 0.0214844 0.864258
7 0.0404358 0.0710297 0.0440674 0.0539856 0.862305
9 0.355957 0.375 0.0371094 0.0419922 0.852051
2 0.443115 0.687988 0.0327148 0.0371094 0.849121
13 0.146729 0.289062 0.0205078 0.0654297 0.839844
18 0.264648 0.677734 0.0454102 0.0527344 0.838867
0 0.551758 0.606445 0.0761719 0.0390625 0.830078
5 0.586914 0.138794 0.0351562 0.0388184 0.829102
7 0.489258 0.302246 0.0644531 0.0546875 0.824219
0 0.465332 0.987305 0.0546875 0.0253906 0.818848
8 0.255798 0.374756 0.0372314 0.0361328 0.817383
0 0.343262 0.98877 0.0556641 0.0224609 0.817383
5 0.0654449 0.456055 0.0361023 0.0405273 0.812988
4 0.169678 0.298096 0.0253906 0.0439453 0.805664
28 0.381836 0.0506592 0.0732422 0.0689697 0.795898
4 0.176025 0.984375 0.0273438 0.03125 0.794434
2 0.0466919 0.218994 0.0315552 0.0454102 0.789062
0 0.375732 0.612793 0.0737305 0.0419922 0.786621
13 0.283691 0.824219 0.0185547 0.0722656 0.786621
14 0.469238 0.0499878 0.0195312 0.0649414 0.78418
11 0.213867 0.597656 0.0371094 0.0605469 0.764648
6 0.56543 0.919922 0.0566406 0.0371094 0.762207
13 0.0361862 0.442871 0.018692 0.0693359 0.753418
2 0.422852 0.84082 0.0292969 0.0351562 0.741699
6 0.0552979 0.920898 0.0273438 0.0371094 0.732422
6 0.107056 0.0611267 0.0373535 0.0376587 0.729492
18 0.125275 0.837891 0.0448608 0.046875 0.71875
2 0.553223 0.291992 0.0556641 0.0410156 0.712402
5 0.17749 0.457031 0.0556641 0.0390625 0.702637
13 0.583984 0.591797 0.0175781 0.0644531 0.697754
22 0.438477 0.06073 0.0332031 0.0385742 0.692871
6 0.425537 0.453613 0.0371094 0.0429688 0.689453
2 0.388672 0.84082 0.0351562 0.0371094 0.689453
23 0.566406 0.373047 0.03125 0.0380859 0.6875
4 0.409668 0.759766 0.0253906 0.0429688 0.679199
13 0.405273 0.600586 0.0209961 0.0615234 0.651367
10 0.0152206 0.287598 0.0304413 0.0722656 0.647949
18 0.217773 0.989746 0.0439453 0.0205078 0.633301
18 0.268311 0.0664062 0.0444336 0.0563965 0.622559
13 0.294434 0.26123 0.015625 0.0166016 0.616699
6 0.262207 0.763672 0.0175781 0.0371094 0.616699
4 0.172363 0.609375 0.0395508 0.0449219 0.584961
7 0.0768433 0.766602 0.0404053 0.0664062 0.584961
13 0.257812 0.411621 0.0166016 0.0288086 0.583008
14 0.347656 0.207764 0.0185547 0.065918 0.57373
23 0.587891 0.990234 0.0332031 0.0195312 0.544922
6 0.0424194 0.301758 0.0170898 0.0371094 0.542969
12 0.0852051 0.0402222 0.0360107 0.0794678 0.541016
13 0.367676 0.20752 0.0195312 0.0673828 0.527344
0 0.264404 0.840332 0.0546875 0.0400391 0.527344
19 0.21814 0.918945 0.03125 0.0371094 0.521484
4 0.529297 0.685547 0.0205078 0.0410156 0.517578
13 0.00938416 0.598633 0.0185852 0.0605469 0.513672
