18 0.681641 0.0806274 0.0390625 0.0535889 0.989746
20 0.810059 0.079895 0.0849609 0.0906982 0.983887
11 0.935059 0.15271 0.0380859 0.067627 0.973145
2 0.757324 0.255432 0.0332031 0.0496826 0.966797
4 0.892578 0.247314 0.0302734 0.0581055 0.962402
2 0.444824 0.0889893 0.0302734 0.0441895 0.959961
7 0.716797 0.26709 0.0410156 0.0634766 0.954102
21 0.581543 0.276611 0.0449219 0.0737305 0.950195
9 0.47998 0.0877686 0.0375977 0.0463867 0.94873
0 0.974609 0.0765533 0.0507812 0.0434265 0.936035
13 0.359863 0.163086 0.0273438 0.0703125 0.93457
5 0.367676 0.0892334 0.0361328 0.0449219 0.933105
8 0.326172 0.0918579 0.0449219 0.0484619 0.925781
2 0.400391 0.177612 0.0517578 0.0471191 0.914062
0 0.881836 0.164795 0.0625 0.0478516 0.913574
0 0.821289 0.165771 0.0546875 0.0444336 0.910645
5 0.659668 0.170654 0.0488281 0.043457 0.908691
13 0.713379 0.0717773 0.0263672 0.0776367 0.902832
4 0.703125 0.164551 0.0332031 0.0527344 0.900391
7 0.603516 0.181152 0.0546875 0.0664062 0.898438
0 0.536255 0.174072 0.079834 0.050293 0.896973
5 0.930176 0.0798187 0.0371094 0.0434875 0.878906
20 0.975586 0.255615 0.0488281 0.100098 0.869629
0 0.541016 0.0853882 0.0585938 0.0505371 0.865234
7 0.979004 0.0180817 0.0419922 0.0361023 0.844727
13 0.899414 0.0651703 0.0195312 0.0798645 0.818848
6 0.977051 0.165771 0.0419922 0.043457 0.782715
4 0.54541 0.257751 0.03125 0.0557861 0.767578
6 0.631348 0.258545 0.0546875 0.0449219 0.73877
1 0.337402 0.272034 0.0473633 0.0789795 0.728027
6 0.515625 0.0134583 0.0527344 0.026825 0.712402
2 0.453613 0.173218 0.0561523 0.0471191 0.692871
0 0.575195 0.0115356 0.0419922 0.0229492 0.660156
7 0.452881 0.0236511 0.0664062 0.0472412 0.654785
2 0.600586 0.085022 0.0546875 0.045166 0.629883
13 0.672363 0.240234 0.0283203 0.0791016 0.629883
22 0.630859 0.011734 0.0351562 0.023468 0.607422
6 0.378418 0.257263 0.0371094 0.0509033 0.600098
22 0.92627 0.00933075 0.0371094 0.0186005 0.592773
8 0.855469 0.250732 0.0429688 0.0571289 0.581543
18 0.772949 0.162354 0.0361328 0.0522461 0.57373
8 0.399902 0.0144958 0.0400391 0.0289307 0.560059
2 0.892578 0.0100555 0.0273438 0.0201111 0.539062
