12 0.857422 0.247314 0.0380859 0.0673828 0.979492
18 0.539551 0.257263 0.0380859 0.0567627 0.977051
21 0.964844 0.183105 0.0371094 0.0600586 0.972168
0 0.673828 0.0891724 0.0625 0.0449219 0.947754
9 0.711426 0.174316 0.0361328 0.0483398 0.947754
7 0.755859 0.27002 0.0410156 0.0673828 0.947754
10 0.552734 0.166504 0.0351562 0.0717773 0.945801
0 0.827637 0.0876465 0.0576172 0.0449219 0.942383
8 0.447021 0.264221 0.0390625 0.0457764 0.937012
6 0.524902 0.0149231 0.0390625 0.0298462 0.93457
7 0.875 0.022522 0.0371094 0.0450439 0.930664
21 0.607422 0.273193 0.046875 0.0610352 0.930176
13 0.477051 0.164551 0.0283203 0.0742188 0.92627
10 0.564453 0.0787354 0.0351562 0.0657959 0.922852
5 0.609375 0.174072 0.0371094 0.0458984 0.921875
9 0.702148 0.25885 0.0351562 0.0467529 0.921875
13 0.680664 0.16333 0.0214844 0.0664062 0.90918
9 0.95166 0.255615 0.0371094 0.0493164 0.90918
8 0.925781 0.172241 0.0410156 0.0498047 0.904785
6 0.439941 0.015625 0.0439453 0.03125 0.90332
4 0.803711 0.169434 0.0585938 0.0522461 0.902832
13 0.572266 0.250549 0.0273438 0.0721436 0.900391
13 0.922363 0.245605 0.0214844 0.0712891 0.896973
13 0.414062 0.169678 0.0234375 0.0742188 0.891602
14 0.856445 0.160645 0.0214844 0.0668945 0.878906
13 0.991211 0.156738 0.0175781 0.0664062 0.864258
6 0.658203 0.174805 0.0605469 0.0483398 0.858887
22 0.885254 0.17041 0.0341797 0.0437012 0.848145
14 0.411377 0.0822601 0.0205078 0.066925 0.806641
6 0.710938 0.0146713 0.0537109 0.0293427 0.78125
22 0.721191 0.0891724 0.0322266 0.0418701 0.750488
6 0.923828 0.0121384 0.0507812 0.0242462 0.744629
6 0.660156 0.0146255 0.0429688 0.0291901 0.740234
22 0.483887 0.0148087 0.0380859 0.0296173 0.708984
10 0.756836 0.0774078 0.0351562 0.0697937 0.708984
22 0.597656 0.0882568 0.0332031 0.043457 0.705566
14 0.582031 0.163574 0.0185547 0.0673828 0.702637
2 0.981445 0.0110474 0.0292969 0.0220947 0.690918
5 0.451172 0.092041 0.0595703 0.0484619 0.613281
5 0.779297 0.0861816 0.0390625 0.0480957 0.607422
13 0.628906 0.251221 0.0214844 0.0722656 0.604004
18 0.816406 0.255127 0.0361328 0.0512695 0.571777
