18 0.0582275 0.325684 0.043457 0.0625 0.991699
18 0.414062 0.0218353 0.043457 0.0434875 0.976074
18 0.192261 0.168457 0.0441895 0.0654297 0.967773
18 0.0958252 0.402344 0.0440674 0.0654297 0.967773
9 0.618652 0.180542 0.0380859 0.0400391 0.95752
5 0.158447 0.0226288 0.0378418 0.0420227 0.946777
2 0.497559 0.0243378 0.0341797 0.0420227 0.937012
12 0.141113 0.0929565 0.0700684 0.0679932 0.936035
9 0.223877 0.41748 0.036377 0.0400391 0.935059
10 0.387451 0.0907593 0.0332031 0.0679932 0.924805
1 0.50293 0.425781 0.0371094 0.0537109 0.922852
6 0.287598 0.0210876 0.0400391 0.0392456 0.915039
7 0.446045 0.266541 0.0390625 0.0596924 0.911133
24 0.401855 0.263672 0.0419922 0.0507812 0.910645
4 0.543945 0.257324 0.0234375 0.0444336 0.906738
5 0.313232 0.101685 0.034668 0.0404053 0.896973
6 0.552246 0.416016 0.0576172 0.0405273 0.896484
2 0.0149384 0.259705 0.0298767 0.0411377 0.896484
2 0.515625 0.261475 0.0302734 0.0395508 0.893066
7 0.490479 0.345703 0.0366211 0.0537109 0.892578
0 0.619629 0.418457 0.0556641 0.0400391 0.891113
6 0.185059 0.414062 0.0351562 0.0439453 0.888672
12 0.300781 0.329834 0.0644531 0.0742188 0.88623
14 0.0863037 0.021637 0.0170898 0.0432129 0.875977
13 0.0918579 0.324707 0.0224609 0.0693359 0.872559
2 0.229736 0.256592 0.0292969 0.0385742 0.865234
7 0.619141 0.11145 0.0605469 0.0549316 0.858887
0 0.039978 0.182007 0.0682373 0.0412598 0.84082
2 0.410645 0.101074 0.0302734 0.0443115 0.831055
6 0.0163879 0.338135 0.0326538 0.0405273 0.820801
21 0.286621 0.265076 0.0810547 0.0567627 0.812988
4 0.179688 0.335449 0.0244141 0.046875 0.810547
2 0.238037 0.101074 0.0297852 0.0380859 0.803223
1 0.236084 0.341553 0.0405273 0.0688477 0.796875
4 0.19873 0.259827 0.0322266 0.0389404 0.78418
2 0.602539 0.337158 0.0273438 0.0366211 0.770508
6 0.330566 0.41748 0.0605469 0.0390625 0.766113
7 0.386475 0.343262 0.0400391 0.0585938 0.743164
6 0.633789 0.338867 0.03125 0.0371094 0.73877
0 0.144043 0.25415 0.0593262 0.0444336 0.72168
5 0.541016 0.338623 0.0585938 0.0439453 0.720215
4 0.12793 0.0226135 0.0246582 0.0441284 0.708984
24 0.148193 0.147339 0.029541 0.0231934 0.682617
13 0.310547 0.40332 0.0224609 0.0683594 0.637207
10 0.467773 0.412598 0.0341797 0.0791016 0.609375
2 0.455322 0.336914 0.0332031 0.0400391 0.602051
13 0.296875 0.184082 0.0146484 0.0500488 0.596191
10 0.465332 0.024353 0.0302734 0.0427856 0.581543
4 0.0916138 0.258545 0.0255127 0.0444336 0.571777
2 0.541016 0.10144 0.0605469 0.045166 0.558105
13 0.0697174 0.24585 0.0192566 0.065918 0.539062
