18 0.774747 0.651232 0.0381609 0.057229 0.950764
22 0.567769 0.896563 0.0317367 0.038957 0.948473
13 0.754642 0.729915 0.020541 0.0632585 0.939486
7 0.891957 0.589456 0.0407345 0.0458438 0.938365
5 0.969236 0.427755 0.0349452 0.0354699 0.927799
10 0.592022 0.807068 0.054878 0.0617571 0.922458
5 0.924577 0.657759 0.0346224 0.0359488 0.915131
8 0.129253 0.902603 0.035295 0.0359619 0.908195
8 0.158662 0.591817 0.0342954 0.0353668 0.905601
13 0.937911 0.418493 0.0187757 0.0600995 0.902199
5 0.959719 0.58168 0.0338227 0.0356458 0.882951
2 0.759007 0.433562 0.0296471 0.0351591 0.87643
8 0.926214 0.353934 0.0338686 0.0366977 0.876069
6 0.133423 0.822649 0.0360639 0.0360609 0.850367
2 0.634226 0.821454 0.0275115 0.0349418 0.849388
5 0.816186 0.662026 0.03521 0.0340979 0.848666
5 0.963241 0.117552 0.0356147 0.0355451 0.846538
8 0.239776 0.513395 0.0330161 0.0331576 0.823958
13 0.751455 0.499127 0.0190258 0.0589547 0.819849
6 0.115084 0.360115 0.035728 0.0345199 0.817925
21 0.0829963 0.600959 0.0493975 0.0533973 0.81587
7 0.114575 0.44628 0.0402446 0.0531957 0.792157
5 0.46304 0.74295 0.0324643 0.0368471 0.789371
14 0.928058 0.568055 0.0143805 0.0579787 0.769792
13 0.569735 0.657408 0.0255529 0.0728571 0.76659
8 0.93805 0.73906 0.0349069 0.0360487 0.738585
5 0.658929 0.278214 0.0343704 0.0364407 0.689501
14 0.991881 0.263221 0.0151602 0.0604292 0.6818
0 0.0854374 0.825615 0.0535134 0.0383788 0.662695
13 0.693895 0.499701 0.015528 0.0581748 0.645321
13 0.801589 0.107622 0.0178667 0.0645192 0.633632
13 0.946352 0.029522 0.0184562 0.0590439 0.615663
19 0.151974 0.357584 0.0251818 0.0351964 0.608802
6 0.99166 0.117894 0.0166799 0.0347925 0.536968
5 0.893796 0.278173 0.0332818 0.0359104 0.52806
