0 0.903749 0.276192 0.0544618 0.0373769 0.962068
0 0.972613 0.274907 0.054774 0.0392063 0.945051
8 0.923778 0.197654 0.0347395 0.0367199 0.94281
8 0.78625 0.124877 0.0334221 0.034229 0.935602
2 0.822614 0.122717 0.0314577 0.035212 0.920004
5 0.886213 0.196902 0.0353441 0.0357632 0.888897
8 0.870174 0.662108 0.0358213 0.0358931 0.848557
4 0.974232 0.115573 0.0224378 0.0408373 0.848225
8 0.777614 0.746873 0.0343155 0.0374589 0.829573
22 0.935476 0.353019 0.0350244 0.035449 0.744929
9 0.969565 0.507354 0.0336218 0.0350533 0.646801
5 0.947403 0.663353 0.0359708 0.0367982 0.576874
0 0.495701 0.756805 0.052488 0.0357356 0.568177
