9 0.169434 0.946777 0.0910645 0.0976562 0.979004
2 0.37207 0.757324 0.0810547 0.0917969 0.972656
9 0.474609 0.54834 0.0908203 0.0927734 0.968262
2 0.836426 0.349121 0.0732422 0.0957031 0.964355
0 0.666016 0.950195 0.146484 0.0957031 0.964355
18 0.816406 0.533203 0.125 0.119141 0.951172
18 0.858398 0.140381 0.128906 0.12085 0.949219
4 0.762695 0.336914 0.0761719 0.111328 0.940918
4 0.0635529 0.739258 0.0757751 0.115234 0.937012
4 0.691895 0.536621 0.0712891 0.113281 0.925293
0 0.25415 0.756836 0.133301 0.09375 0.922363
2 0.171143 0.353027 0.0664062 0.0927734 0.921875
0 0.944336 0.548828 0.111328 0.0898438 0.918945
8 0.956543 0.746094 0.0869141 0.0957031 0.911621
5 0.985352 0.938477 0.0292969 0.113281 0.889648
9 0.963867 0.148163 0.0722656 0.0923462 0.868652
5 0.140137 0.747559 0.0825195 0.0957031 0.84375
7 0.637695 0.374023 0.166016 0.125977 0.79834
7 0.626953 0.771484 0.105469 0.137695 0.790527
8 0.939453 0.324219 0.121094 0.140625 0.782715
8 0.464111 0.754883 0.100098 0.104492 0.779785
21 0.899414 0.951172 0.0878906 0.0927734 0.654785
7 0.363281 0.953125 0.145508 0.0917969 0.616699
5 0.544434 0.94873 0.09375 0.0878906 0.567871
28 0.59082 0.530762 0.126953 0.152344 0.503906
