18 0.244873 0.0307617 0.0419922 0.0615234 0.995605
18 0.45752 0.581055 0.0429688 0.0585938 0.992676
10 0.329834 0.963867 0.0341797 0.0644531 0.991699
10 0.487793 0.657227 0.0351562 0.0644531 0.989258
12 0.262451 0.814453 0.0600586 0.0722656 0.980469
13 0.280518 0.0310516 0.0229492 0.0621033 0.975098
10 0.530762 0.499512 0.0351562 0.0673828 0.974121
7 0.110962 0.20752 0.0625 0.0571289 0.97168
5 0.0349731 0.039917 0.0379639 0.0420532 0.970703
11 0.35083 0.107605 0.0361328 0.0643311 0.968262
22 0.0665436 0.902344 0.0336609 0.0390625 0.967773
18 0.580078 0.187622 0.0429688 0.0620117 0.96582
38 0.165771 0.734375 0.0605469 0.0664062 0.964844
18 0.359863 0.499023 0.046875 0.0615234 0.964355
21 0.571777 0.279846 0.0595703 0.0614014 0.962402
9 0.623535 0.512207 0.0341797 0.0380859 0.960938
5 0.350586 0.433594 0.0332031 0.0390625 0.959473
18 0.44873 0.341553 0.0449219 0.0639648 0.95752
5 0.0519714 0.433105 0.0352173 0.0390625 0.95752
21 0.540527 0.677246 0.0595703 0.0585938 0.953125
5 0.151123 0.820312 0.0351562 0.0410156 0.947266
4 0.0860596 0.431396 0.0246582 0.043457 0.945312
10 0.173706 0.343018 0.0324707 0.0620117 0.942871
8 0.583008 0.120117 0.0371094 0.0393066 0.941895
7 0.208984 0.829102 0.0397949 0.0566406 0.941895
2 0.626953 0.0368958 0.0332031 0.0432739 0.94043
5 0.29541 0.592773 0.0410156 0.0371094 0.938477
4 0.275879 0.198486 0.0273438 0.0429688 0.931641
22 0.625977 0.981445 0.0351562 0.0371094 0.930664
6 0.536133 0.197388 0.0371094 0.0393066 0.930176
18 0.2146 0.666016 0.0512695 0.046875 0.926758
9 0.633789 0.271973 0.0380859 0.0410156 0.925293
35 0.461182 0.268127 0.0854492 0.0731201 0.925293
5 0.283936 0.743164 0.0371094 0.0390625 0.924805
9 0.072998 0.97998 0.0360107 0.0380859 0.923828
2 0.165527 0.434082 0.03125 0.0390625 0.922363
6 0.361572 0.35498 0.0400391 0.0361328 0.921875
5 0.440186 0.82373 0.0361328 0.0390625 0.921875
14 0.123779 0.811523 0.0175781 0.0625 0.921387
13 0.209961 0.964355 0.0205078 0.0664062 0.921387
2 0.284668 0.278809 0.0283203 0.0371094 0.920898
9 0.255127 0.355957 0.0366211 0.0371094 0.92041
2 0.620117 0.114624 0.03125 0.041748 0.918945
13 0.391113 0.888184 0.0205078 0.0703125 0.918945
21 0.427246 0.907227 0.0449219 0.0585938 0.918945
5 0.499268 0.433105 0.0366211 0.0410156 0.916016
11 0.0916748 0.811523 0.03479 0.0625 0.916016
0 0.297852 0.66748 0.0537109 0.0380859 0.912598
13 0.614258 0.18335 0.0195312 0.0683594 0.90918
2 0.116821 0.901855 0.0581055 0.0410156 0.905273
0 0.132202 0.980469 0.0563965 0.0380859 0.901367
13 0.627441 0.891602 0.0214844 0.0634766 0.896484
5 0.389648 0.820312 0.0341797 0.0390625 0.891602
13 0.604004 0.265137 0.0175781 0.0639648 0.890137
0 0.486328 0.979492 0.0556641 0.0390625 0.88623
28 0.384033 0.0299072 0.0488281 0.0597534 0.876465
6 0.398926 0.666992 0.0410156 0.0351562 0.873047
6 0.600098 0.90332 0.0429688 0.0390625 0.858887
9 0.312012 0.0379639 0.0380859 0.0442505 0.856934
4 0.431641 0.979492 0.0273438 0.0410156 0.851074
4 0.254639 0.897461 0.0263672 0.0458984 0.850098
0 0.548828 0.901367 0.0527344 0.0390625 0.836426
10 0.27417 0.421387 0.0556641 0.0625 0.835449
6 0.33667 0.277344 0.0317383 0.0351562 0.833496
5 0.182861 0.899414 0.0366211 0.0429688 0.831055
24 0.543945 0.981445 0.0371094 0.0361328 0.829102
2 0.630371 0.744141 0.0517578 0.0429688 0.827637
22 0.197998 0.120178 0.0373535 0.0408936 0.824219
2 0.224854 0.435547 0.0349121 0.0361328 0.819824
8 0.445312 0.194336 0.0375977 0.0375977 0.819824
0 0.521484 0.116333 0.0761719 0.041748 0.817383
10 0.199463 0.266602 0.0341797 0.0620117 0.81543
13 0.551758 0.104248 0.0214844 0.0639648 0.79834
0 0.479736 0.899414 0.0541992 0.0449219 0.796875
19 0.0788574 0.0384521 0.0297852 0.0454712 0.791992
10 0.177124 0.107666 0.0349121 0.0686035 0.78418
13 0.493164 0.578125 0.0195312 0.0664062 0.773438
0 0.577637 0.0324707 0.0556641 0.050415 0.767578
21 0.0269165 0.978516 0.053833 0.0419922 0.766113
13 0.252441 0.657227 0.0195312 0.0585938 0.764648
0 0.362549 0.902344 0.0375977 0.0410156 0.763672
2 0.539062 0.818359 0.03125 0.0449219 0.762207
12 0.597656 0.581055 0.0410156 0.0664062 0.757812
18 0.121338 0.115601 0.0556641 0.0507812 0.756348
6 0.112549 0.0392761 0.0354004 0.0463867 0.753418
13 0.435791 0.732422 0.019043 0.0644531 0.753418
2 0.308105 0.51123 0.0556641 0.0380859 0.749023
2 0.154297 0.200439 0.0229492 0.0385742 0.730957
4 0.00827026 0.0353394 0.0164795 0.052063 0.729492
24 0.409668 0.744141 0.0302734 0.0390625 0.720215
4 0.643555 0.81543 0.0546875 0.0595703 0.71875
6 0.191406 0.978516 0.0546875 0.0380859 0.710449
2 0.521484 0.587891 0.0292969 0.0390625 0.704102
10 0.186768 0.811523 0.0307617 0.0683594 0.700684
4 0.43042 0.509277 0.0234375 0.046875 0.697754
8 0.567871 0.351074 0.0371094 0.0488281 0.692871
22 0.177002 0.512207 0.0368652 0.0380859 0.692871
10 0.256348 0.275879 0.027832 0.0390625 0.690918
6 0.397949 0.980957 0.0332031 0.0371094 0.686035
12 0.399902 0.182007 0.0185547 0.0649414 0.680664
11 0.516479 0.341309 0.0627441 0.0654297 0.680664
6 0.478271 0.821289 0.0366211 0.0429688 0.679199
5 0.586914 0.826172 0.0546875 0.0371094 0.668945
2 0.36499 0.978516 0.0302734 0.0390625 0.640625
13 0.278809 0.655273 0.0175781 0.0605469 0.635254
8 0.349365 0.820801 0.0390625 0.0449219 0.635254
6 0.224731 0.27832 0.0332031 0.0390625 0.62793
11 0.103943 0.343262 0.0396729 0.0625 0.59082
2 0.118225 0.748047 0.0172119 0.0253906 0.581543
18 0.619141 0.433594 0.0371094 0.0395508 0.575684
4 0.321289 0.428223 0.0253906 0.0498047 0.575684
2 0.297363 0.980469 0.0180664 0.0234375 0.575684
6 0.196045 0.356201 0.0341797 0.0375977 0.554688
9 0.0904541 0.743164 0.0338135 0.0429688 0.550781
10 0.520996 0.810547 0.0390625 0.0673828 0.525391
2 0.255859 0.979492 0.0634766 0.0390625 0.525391
2 0.197754 0.199585 0.059082 0.0393066 0.519531
4 0.458008 0.742188 0.0244141 0.0458984 0.519531
18 0.147919 0.589844 0.0527954 0.0429688 0.509766
13 0.110657 0.515137 0.0107422 0.0429688 0.509766
