10 0.700684 0.408936 0.0332031 0.0605469 0.992676
21 0.899414 0.259277 0.0429688 0.0585938 0.98291
29 0.774902 0.855469 0.0556641 0.0703125 0.980469
11 0.980957 0.769531 0.0371094 0.0625 0.978027
10 0.901367 0.94043 0.0390625 0.0644531 0.974609
12 0.822754 0.583984 0.0634766 0.0664062 0.973145
21 0.950195 0.0844574 0.0429688 0.0574036 0.971191
5 0.731445 0.0667114 0.0390625 0.0443115 0.970703
8 0.865234 0.862305 0.0439453 0.0449219 0.959961
5 0.907227 0.864746 0.0410156 0.0449219 0.958008
9 0.785645 0.503418 0.0390625 0.0458984 0.95166
0 0.704102 0.766602 0.0625 0.0429688 0.950195
0 0.855469 0.162354 0.0576172 0.0449219 0.949707
9 0.813477 0.681641 0.0390625 0.0449219 0.949707
1 0.973145 0.173706 0.0400391 0.0595703 0.945801
11 0.792969 0.326172 0.0390625 0.0605469 0.939941
14 0.763672 0.668945 0.0205078 0.0722656 0.9375
5 0.733398 0.679688 0.0371094 0.0439453 0.933594
5 0.692383 0.948242 0.0390625 0.0449219 0.931152
5 0.859375 0.42334 0.0371094 0.0429688 0.930664
2 0.96875 0.686523 0.03125 0.0390625 0.927734
9 0.810059 0.251526 0.0390625 0.0506592 0.922852
4 0.790527 0.942383 0.0302734 0.0507812 0.918945
0 0.973633 0.337402 0.0507812 0.0429688 0.915039
18 0.839355 0.938965 0.0400391 0.0576172 0.913574
5 0.928711 0.333252 0.0371094 0.0507812 0.912598
14 0.873047 0.0654907 0.0214844 0.0684814 0.909668
4 0.767578 0.0684814 0.0332031 0.0515137 0.90918
11 0.844727 0.761719 0.0390625 0.0644531 0.90918
2 0.753906 0.769531 0.0332031 0.046875 0.908203
9 0.760742 0.593262 0.0390625 0.0449219 0.904785
0 0.943359 0.597656 0.0761719 0.0488281 0.901855
2 0.912598 0.072937 0.0332031 0.0432129 0.901367
9 0.878906 0.33374 0.0410156 0.0463867 0.900391
6 0.743164 0.506348 0.0429688 0.0429688 0.896484
2 0.882812 0.773926 0.03125 0.0439453 0.893066
0 0.909668 0.424805 0.0615234 0.0449219 0.891602
6 0.836914 0.337646 0.0410156 0.0429688 0.888672
0 0.892578 0.686035 0.0800781 0.0507812 0.884277
2 0.860352 0.250732 0.0332031 0.0493164 0.876465
2 0.810059 0.164551 0.0302734 0.0424805 0.866211
13 0.8125 0.760254 0.0214844 0.0683594 0.862305
13 0.783203 0.669922 0.0195312 0.0644531 0.86084
2 0.967773 0.957031 0.03125 0.0488281 0.852051
5 0.759277 0.418945 0.0380859 0.0410156 0.84375
2 0.724609 0.418701 0.0292969 0.0395508 0.833496
5 0.961914 0.426758 0.0390625 0.0439453 0.833496
22 0.970703 0.254456 0.0351562 0.039917 0.830078
13 0.765137 0.323486 0.0185547 0.0639648 0.809082
46 0.827148 0.074646 0.0703125 0.0441895 0.796875
13 0.873047 0.932617 0.015625 0.0761719 0.764648
0 0.848633 0.503418 0.0625 0.0556641 0.760742
14 0.791504 0.758789 0.0214844 0.0722656 0.741699
7 0.916016 0.498779 0.0527344 0.0620117 0.726562
2 0.926758 0.956055 0.0449219 0.0449219 0.715332
22 0.822266 0.861328 0.0371094 0.0507812 0.690918
14 0.956055 0.500977 0.0214844 0.0625 0.689453
10 0.950195 0.667969 0.03125 0.0761719 0.680664
6 0.874023 0.597656 0.0390625 0.0449219 0.67041
1 0.989746 0.515625 0.0205078 0.0458984 0.647949
11 0.70166 0.321777 0.0449219 0.0683594 0.598145
10 0.704102 0.0578613 0.0341797 0.0678711 0.554688
