12 0.619141 0.210693 0.0371094 0.0620117 0.987305
5 0.0852661 0.734375 0.0367432 0.0449219 0.987305
12 0.578125 0.380859 0.0390625 0.0673828 0.986328
18 0.537109 0.133789 0.0400391 0.0498047 0.98584
21 0.39209 0.574219 0.0390625 0.0585938 0.98584
2 0.0754395 0.895508 0.0266113 0.0410156 0.982422
5 0.0162811 0.402832 0.0323792 0.0410156 0.974121
10 0.197754 0.802246 0.0341797 0.0673828 0.970703
2 0.140625 0.649414 0.0302734 0.0429688 0.967773
0 0.191528 0.481934 0.0620117 0.046875 0.966797
2 0.47168 0.224121 0.0322266 0.0478516 0.963867
2 0.604492 0.472412 0.03125 0.0493164 0.963379
18 0.537598 0.801758 0.0390625 0.0527344 0.960449
8 0.256348 0.973633 0.0400391 0.046875 0.958008
9 0.476562 0.556641 0.0361328 0.0449219 0.956055
5 0.270996 0.145752 0.0371094 0.0466309 0.955078
8 0.0986328 0.403076 0.0378418 0.0385742 0.954102
5 0.500488 0.308594 0.0361328 0.0400391 0.94873
0 0.453125 0.64502 0.0625 0.0488281 0.94873
14 0.0121002 0.224609 0.0162354 0.0649414 0.945312
7 0.151367 0.577637 0.034668 0.0625 0.943848
21 0.447754 0.152313 0.043457 0.062561 0.943359
18 0.335449 0.726074 0.0380859 0.0605469 0.942871
18 0.507324 0.96582 0.0380859 0.0507812 0.940918
0 0.604492 0.889648 0.0585938 0.0419922 0.939941
6 0.138397 0.232788 0.0425415 0.0402832 0.937988
10 0.658203 0.124878 0.0410156 0.0656738 0.936523
5 0.548828 0.96875 0.0371094 0.0429688 0.933594
5 0.153809 0.0664673 0.0400391 0.0482178 0.932617
7 0.0983887 0.977539 0.0371094 0.0429688 0.932617
5 0.363281 0.477539 0.0371094 0.0458984 0.930176
0 0.653809 0.969238 0.0615234 0.0439453 0.928223
5 0.427002 0.970703 0.0380859 0.0439453 0.928223
2 0.0663452 0.402832 0.0255127 0.0405273 0.927246
0 0.365234 0.973145 0.0615234 0.0478516 0.92627
4 0.530273 0.469482 0.0351562 0.0556641 0.925781
35 0.299316 0.470215 0.0488281 0.0625 0.924805
5 0.140106 0.976074 0.0376587 0.0439453 0.922363
14 0.0732422 0.139526 0.020752 0.0671387 0.92041
2 0.665527 0.29834 0.0244141 0.0302734 0.92041
5 0.396973 0.728516 0.0371094 0.0449219 0.92041
5 0.577148 0.13501 0.0361328 0.0412598 0.919434
2 0.301514 0.729492 0.0317383 0.0439453 0.919434
2 0.625 0.723145 0.0332031 0.046875 0.919434
0 0.350098 0.811523 0.0625 0.046875 0.913574
5 0.417969 0.888672 0.0400391 0.0400391 0.913086
6 0.657227 0.875977 0.046875 0.0605469 0.913086
5 0.248413 0.647949 0.0393066 0.0449219 0.905273
0 0.214722 0.890625 0.0585938 0.0449219 0.905273
13 0.334229 0.466309 0.0214844 0.0712891 0.90332
11 0.354004 0.384277 0.0302734 0.0654297 0.898926
11 0.18335 0.389648 0.0371094 0.0634766 0.896973
22 0.655273 0.388184 0.0361328 0.0429688 0.89502
0 0.0474854 0.970703 0.0585938 0.0566406 0.893066
23 0.509766 0.887695 0.0351562 0.0390625 0.892578
0 0.341064 0.5625 0.0649414 0.046875 0.887207
9 0.27832 0.5625 0.0380859 0.046875 0.88623
12 0.583984 0.630859 0.0351562 0.0664062 0.884277
6 0.460938 0.811035 0.0385742 0.0400391 0.884277
12 0.296143 0.0514832 0.0532227 0.0667114 0.883301
6 0.0418777 0.150879 0.0384369 0.0424805 0.883301
2 0.219482 0.973633 0.0317383 0.046875 0.880859
13 0.182129 0.559082 0.0227051 0.0712891 0.879883
2 0.451172 0.727051 0.0263672 0.0429688 0.879883
5 0.0909424 0.484375 0.0325928 0.0449219 0.876465
4 0.282715 0.643066 0.0302734 0.0556641 0.876465
8 0.341553 0.312012 0.0454102 0.046875 0.872559
13 0.47583 0.0418091 0.019043 0.0721436 0.871582
14 0.203857 0.556641 0.019043 0.0703125 0.871582
2 0.0609741 0.816406 0.0258789 0.0410156 0.871582
8 0.344482 0.0606689 0.0405273 0.0456543 0.868652
0 0.0236053 0.814453 0.0469666 0.0429688 0.867188
2 0.660156 0.626953 0.0371094 0.0644531 0.864258
6 0.0531921 0.0697632 0.0430298 0.0427246 0.861328
13 0.365234 0.71875 0.0219727 0.0644531 0.852051
4 0.453125 0.0581055 0.0239258 0.038208 0.851074
13 0.56543 0.876953 0.0195312 0.0615234 0.851074
18 0.103271 0.809082 0.0529785 0.0517578 0.850098
2 0.466064 0.888672 0.0507812 0.0390625 0.850098
14 0.240723 0.135223 0.0214844 0.0674438 0.836426
2 0.395752 0.645508 0.0493164 0.0410156 0.835449
22 0.36377 0.891602 0.0341797 0.0410156 0.827637
14 0.629883 0.462646 0.0214844 0.0649414 0.822266
2 0.635742 0.292969 0.0332031 0.0644531 0.817383
14 0.610352 0.294922 0.0195312 0.0683594 0.81543
14 0.47583 0.714844 0.0185547 0.0683594 0.813965
14 0.223389 0.557617 0.0187988 0.0703125 0.806641
5 0.190918 0.731445 0.0522461 0.0449219 0.805664
2 0.322266 0.384766 0.0327148 0.0615234 0.795898
1 0.416992 0.816895 0.0419922 0.0634766 0.779785
6 0.567871 0.225098 0.0556641 0.043457 0.778809
10 0.578125 0.295898 0.0351562 0.0673828 0.777344
5 0.5 0.807617 0.0390625 0.0449219 0.775879
21 0.43457 0.562012 0.0449219 0.0488281 0.773438
14 0.314941 0.880859 0.0175781 0.0644531 0.763672
22 0.140137 0.895996 0.0334473 0.0449219 0.757812
2 0.378906 0.0601501 0.0283203 0.0410767 0.753418
6 0.04245 0.234863 0.0411987 0.0458984 0.751953
13 0.244751 0.554199 0.0280762 0.0712891 0.751953
6 0.010994 0.896484 0.0217133 0.0458984 0.743164
7 0.614746 0.146729 0.0390625 0.0581055 0.741699
22 0.0634155 0.650879 0.0334473 0.0429688 0.737305
23 0.262207 0.228638 0.0351562 0.0422363 0.733887
22 0.229614 0.812012 0.0336914 0.0410156 0.71875
18 0.292236 0.309814 0.0537109 0.0556641 0.695801
7 0.539062 0.319824 0.0371094 0.0693359 0.695801
6 0.227783 0.315674 0.0703125 0.0488281 0.692871
18 0.179688 0.976562 0.0410156 0.0429688 0.690918
18 0.594727 0.969727 0.0507812 0.0429688 0.658203
22 0.348145 0.646484 0.0332031 0.0429688 0.649414
13 0.400879 0.211792 0.0214844 0.0769043 0.640625
6 0.487305 0.138885 0.0400391 0.0420532 0.633301
22 0.518555 0.221924 0.0351562 0.0478516 0.618652
13 0.362549 0.549316 0.0209961 0.0644531 0.611328
23 0.0537109 0.320557 0.0334473 0.0424805 0.604004
18 0.105469 0.570312 0.0541992 0.0449219 0.586914
13 0.467773 0.388672 0.0244141 0.0576172 0.558105
11 0.279541 0.882812 0.0551758 0.0664062 0.519531
