10 0.325195 0.652344 0.0292969 0.0703125 0.992188
0 0.342529 0.987305 0.0551758 0.0253906 0.98291
18 0.100098 0.398193 0.0383301 0.0551758 0.977539
18 0.558105 0.65625 0.0390625 0.0566406 0.976562
18 0.56543 0.980957 0.0410156 0.0380859 0.969727
10 0.134399 0.975098 0.0314941 0.0498047 0.965332
18 0.331299 0.740234 0.0351562 0.0527344 0.961426
4 0.620117 0.65625 0.0351562 0.0566406 0.956543
18 0.0756226 0.657227 0.0388184 0.0507812 0.949707
2 0.145142 0.574219 0.032959 0.0439453 0.948242
5 0.328369 0.40625 0.0371094 0.0458984 0.946777
8 0.242432 0.831055 0.0400391 0.0458984 0.946289
5 0.612305 0.825684 0.0410156 0.046875 0.946289
10 0.600586 0.5625 0.0273438 0.0644531 0.945312
5 0.536133 0.828125 0.0371094 0.0449219 0.944336
0 0.431152 0.744141 0.0615234 0.0449219 0.937988
21 0.233154 0.758789 0.0385742 0.0566406 0.93457
5 0.054657 0.744141 0.0317993 0.0429688 0.930176
8 0.021698 0.492676 0.0365601 0.0410156 0.927246
4 0.276611 0.490723 0.0307617 0.046875 0.92627
18 0.0993042 0.823242 0.0369873 0.0546875 0.924805
13 0.130981 0.393066 0.0222168 0.0693359 0.92041
0 0.376953 0.40625 0.059082 0.0488281 0.912598
4 0.432617 0.827148 0.0332031 0.0585938 0.911621
21 0.574219 0.838867 0.0390625 0.0585938 0.90918
13 0.299316 0.390625 0.0244141 0.0771484 0.907227
4 0.27832 0.825195 0.03125 0.0527344 0.904785
24 0.0848389 0.987305 0.0354004 0.0253906 0.90332
9 0.606445 0.911133 0.0371094 0.0488281 0.901367
5 0.160889 0.74707 0.0375977 0.0449219 0.894043
5 0.435059 0.404053 0.0361328 0.0449219 0.893066
7 0.457031 0.671875 0.0380859 0.0625 0.892578
1 0.0723877 0.583496 0.0360107 0.0683594 0.891602
18 0.0363464 0.910156 0.0494385 0.0507812 0.891113
13 0.51416 0.900879 0.0234375 0.0732422 0.879883
0 0.451172 0.568359 0.059082 0.0546875 0.878418
13 0.160522 0.645508 0.0229492 0.078125 0.876465
4 0.244019 0.492188 0.0334473 0.0449219 0.875977
2 0.212402 0.491211 0.0302734 0.0458984 0.872559
13 0.595703 0.974121 0.0175781 0.0517578 0.871582
2 0.135864 0.661133 0.026123 0.0449219 0.869629
2 0.359863 0.910156 0.0317383 0.046875 0.868164
9 0.0235596 0.663574 0.0371094 0.0458984 0.864258
13 0.298828 0.569336 0.0214844 0.0761719 0.862305
2 0.425537 0.908203 0.0292969 0.046875 0.862305
4 0.386475 0.657227 0.0297852 0.0507812 0.855957
12 0.341797 0.487549 0.0576172 0.0610352 0.853027
8 0.288818 0.663574 0.0395508 0.0517578 0.845703
2 0.158325 0.401855 0.0307617 0.050293 0.82666
13 0.489258 0.65332 0.0209961 0.0664062 0.82666
9 0.369141 0.743164 0.0371094 0.046875 0.817383
7 0.391357 0.921875 0.0375977 0.0644531 0.795898
13 0.383301 0.976562 0.0214844 0.046875 0.795898
8 0.397461 0.826172 0.0419922 0.0546875 0.791992
5 0.504395 0.743164 0.0556641 0.046875 0.779785
6 0.288086 0.747559 0.0507812 0.0410156 0.775879
2 0.0087738 0.577148 0.0175476 0.0410156 0.767578
1 0.281982 0.918457 0.0380859 0.0683594 0.732422
5 0.492676 0.404297 0.0332031 0.0419922 0.72168
2 0.147461 0.487549 0.0288086 0.0444336 0.713867
14 0.423584 0.975586 0.0180664 0.0488281 0.708984
2 0.62207 0.571289 0.03125 0.046875 0.705566
22 0.518555 0.661133 0.0351562 0.0449219 0.699219
0 0.0398331 0.981445 0.0519257 0.0371094 0.690918
4 0.553711 0.574219 0.0351562 0.0410156 0.682617
5 0.604004 0.743164 0.0537109 0.0488281 0.672363
4 0.275635 0.981445 0.0292969 0.0371094 0.622559
18 0.347656 0.828125 0.0527344 0.0488281 0.620605
9 0.616211 0.40332 0.0390625 0.0561523 0.618652
13 0.26416 0.735352 0.0214844 0.0625 0.59082
6 0.555664 0.910645 0.0585938 0.0527344 0.59082
13 0.589844 0.645996 0.0253906 0.0751953 0.584961
4 0.527344 0.402832 0.03125 0.0498047 0.577637
6 0.340332 0.574219 0.0585938 0.046875 0.552734
22 0.0571899 0.489258 0.0328369 0.0410156 0.542969
16 0.146973 0.912109 0.0351562 0.0410156 0.542969
23 0.036499 0.577148 0.0328369 0.0410156 0.533203
18 0.232056 0.976562 0.0524902 0.046875 0.513672
