8 0.490894 0.931724 0.0910271 0.092602 0.976747
0 0.714317 0.944845 0.13472 0.0899212 0.97612
2 0.821687 0.535622 0.0697575 0.0883667 0.969506
2 0.094725 0.93061 0.0731102 0.0961254 0.963089
6 0.589439 0.936499 0.0939777 0.0911286 0.952481
4 0.803288 0.710899 0.085732 0.136943 0.947483
0 0.760319 0.140017 0.139254 0.0904007 0.890357
16 0.930745 0.543651 0.100669 0.0872157 0.809353
14 0.852035 0.317116 0.0406839 0.134586 0.745793
0 0.0179242 0.928702 0.0358485 0.0817965 0.679632
4 0.991241 0.733015 0.0171437 0.114317 0.521876
6 0.929385 0.740731 0.0897858 0.0879424 0.503304
