12 0.179688 0.146759 0.0341797 0.0819702 0.989746
21 0.148438 0.496094 0.0385742 0.0625 0.958984
7 0.0443726 0.749023 0.0412598 0.0595703 0.949219
13 0.164062 0.892578 0.0263672 0.0712891 0.943848
5 0.127808 0.811523 0.0405273 0.0625 0.943359
6 0.0845947 0.737793 0.0395508 0.0449219 0.941895
18 0.0811157 0.227783 0.0479736 0.0585938 0.927246
9 0.130127 0.318848 0.0361328 0.0449219 0.926758
18 0.0861816 0.482422 0.0375977 0.0537109 0.916504
2 0.234619 0.0650635 0.03125 0.0476074 0.90918
18 0.166016 0.814453 0.0366211 0.0527344 0.898926
13 0.24585 0.960449 0.0268555 0.0791016 0.897461
0 0.226562 0.23291 0.0600586 0.0478516 0.896973
7 0.129395 0.913086 0.0378418 0.0625 0.896973
13 0.182129 0.385254 0.0224609 0.0761719 0.896484
14 0.0201569 0.969727 0.0191956 0.0585938 0.89502
2 0.0530701 0.820312 0.0300903 0.0439453 0.891113
14 0.0259399 0.810059 0.020813 0.0673828 0.888184
8 0.0844727 0.65332 0.0422363 0.0429688 0.884766
21 0.0952148 0.975586 0.0522461 0.0488281 0.871582
6 0.0912476 0.318848 0.041748 0.043457 0.862305
2 0.106934 0.561523 0.0288086 0.0527344 0.823242
6 0.0908203 0.148315 0.0397949 0.046875 0.81543
12 0.0209351 0.467773 0.0418091 0.0908203 0.811523
6 0.222168 0.80957 0.0703125 0.0703125 0.809082
5 0.082901 0.900391 0.0536804 0.0458984 0.795898
6 0.22998 0.481934 0.0439453 0.0634766 0.794434
0 0.036377 0.560547 0.0727539 0.0664062 0.778809
2 0.180908 0.22876 0.0317383 0.0478516 0.746094
7 0.213623 0.982422 0.0361328 0.0341797 0.746094
7 0.088501 0.829102 0.0385742 0.0595703 0.710449
35 0.404785 0.114014 0.0498047 0.0625 0.708984
13 0.00539017 0.722656 0.0107803 0.0898438 0.697754
11 0.106812 0.390381 0.0515137 0.0664062 0.692871
35 0.00770569 0.817383 0.0153198 0.0566406 0.638672
18 0.015976 0.318359 0.0318298 0.0556641 0.600098
2 0.0474243 0.650391 0.0308838 0.0585938 0.583008
12 0.0056572 0.641602 0.0112076 0.0683594 0.581543
4 0.179443 0.651367 0.0310059 0.046875 0.565918
4 0.238037 0.734375 0.0356445 0.046875 0.563965
12 0.0117264 0.224487 0.0232697 0.0905762 0.563965
18 0.223633 0.399902 0.0541992 0.0449219 0.556641
18 0.239014 0.151367 0.0385742 0.0449219 0.519531
18 0.184326 0.0661774 0.0585938 0.0466003 0.515625
35 0.331787 0.13327 0.0454102 0.0459595 0.515625
