1 0.768066 0.780273 0.0878906 0.125 0.98584
9 0.441406 0.946777 0.0917969 0.0947266 0.977539
2 0.867188 0.159393 0.0742188 0.100647 0.97168
4 0.839355 0.939453 0.0703125 0.119141 0.97168
8 0.953125 0.162476 0.0927734 0.10083 0.966309
0 0.750977 0.162323 0.141602 0.0913696 0.963867
22 0.807617 0.358643 0.0917969 0.0927734 0.961914
13 0.805176 0.539185 0.0419922 0.136475 0.958496
2 0.578125 0.947266 0.0732422 0.0917969 0.958008
5 0.544922 0.156708 0.0927734 0.097229 0.956055
2 0.462402 0.153564 0.0703125 0.0944824 0.954102
8 0.970703 0.95459 0.0585938 0.0908203 0.952148
2 0.905273 0.955078 0.0683594 0.0878906 0.950684
21 0.914062 0.38623 0.101562 0.141602 0.937988
5 0.568359 0.756836 0.0996094 0.0976562 0.878906
6 0.894531 0.762695 0.148438 0.09375 0.862305
13 0.0341187 0.318298 0.0679932 0.172974 0.856934
1 0.497803 0.381348 0.137207 0.136719 0.85498
18 0.716797 0.543457 0.132812 0.130859 0.85498
11 0.313049 0.527832 0.156128 0.146484 0.854004
22 0.129028 0.949219 0.0881348 0.100586 0.850098
5 0.0600586 0.756348 0.11792 0.103516 0.841797
2 0.0370483 0.554688 0.0740967 0.0957031 0.822266
6 0.268005 0.143555 0.104614 0.105957 0.790527
2 0.65332 0.951172 0.0761719 0.0917969 0.679199
6 0.982422 0.359863 0.0351562 0.0878906 0.637207
6 0.340332 0.951172 0.0957031 0.0878906 0.62793
18 0.989258 0.744141 0.0214844 0.154297 0.581543
4 0.0401001 0.053009 0.0802002 0.105164 0.571777
7 0.232422 0.949219 0.104492 0.101562 0.546875
