10 0.346436 0.244629 0.0405273 0.0737305 0.990723
12 0.474121 0.0186615 0.0371094 0.0372009 0.98291
21 0.259827 0.0932617 0.0389404 0.0610352 0.970215
7 0.17627 0.0925903 0.0400391 0.0601807 0.959473
7 0.397461 0.0932007 0.0546875 0.0612793 0.94873
6 0.219238 0.0807495 0.0410156 0.039917 0.942871
4 0.4646 0.159668 0.0322266 0.0537109 0.93457
8 0.264221 0.165894 0.0408936 0.0439453 0.933594
8 0.400391 0.252686 0.0439453 0.0546875 0.920898
6 0.482422 0.0838013 0.0361328 0.0455322 0.908691
2 0.0709229 0.16626 0.0313721 0.0441895 0.908691
4 0.353516 0.160645 0.0288086 0.0527344 0.907227
2 0.299805 0.163818 0.0292969 0.0446777 0.901367
7 0.558594 0.172852 0.0527344 0.060791 0.897461
2 0.298828 0.00865173 0.0283203 0.0171814 0.86084
13 0.304688 0.23877 0.0205078 0.0722656 0.859863
23 0.605469 0.161255 0.0390625 0.0424805 0.856934
5 0.0519714 0.0110703 0.0371704 0.0221405 0.842773
21 0.413818 0.162842 0.0419922 0.0805664 0.809082
4 0.579102 0.0727692 0.03125 0.0483093 0.804199
2 0.0303345 0.165527 0.02771 0.0449219 0.803223
14 0.470215 0.23877 0.0224609 0.0673828 0.799316
2 0.228516 0.00964355 0.0263672 0.0192871 0.789062
10 0.198364 0.154175 0.0305176 0.0703125 0.730957
18 0.44043 0.250427 0.0322266 0.0460205 0.72168
13 0.328125 0.147705 0.0253906 0.0854492 0.720215
2 0.531738 0.245728 0.0302734 0.0510254 0.71875
8 0.0630493 0.254883 0.0362549 0.0424805 0.71875
10 0.0144424 0.157227 0.0287933 0.0625 0.704102
5 0.223389 0.16394 0.0380859 0.0471191 0.673828
19 0.520508 0.0792389 0.0292969 0.0456238 0.649414
12 0.59375 0.242065 0.0546875 0.0622559 0.635254
6 0.387451 0.00827026 0.0341797 0.0163574 0.615234
5 0.380615 0.170898 0.0214844 0.0285645 0.541016
12 0.170532 0.0198059 0.078125 0.0396118 0.537109
2 0.549805 0.0793457 0.0253906 0.0467529 0.501953
