18 0.304199 0.211426 0.107422 0.141113 0.980957
8 0.878906 0.44165 0.0976562 0.0957031 0.977539
6 0.33252 0.834961 0.0883789 0.09375 0.970703
6 0.767578 0.642578 0.0898438 0.09375 0.967285
6 0.800781 0.0459595 0.0957031 0.09021 0.966797
4 0.899414 0.632812 0.0703125 0.117188 0.966797
23 0.253357 0.833008 0.0684814 0.0898438 0.963379
2 0.162231 0.639648 0.0654297 0.0898438 0.959961
23 0.448242 0.44043 0.0732422 0.0927734 0.958008
2 0.966309 0.640625 0.0673828 0.0957031 0.958008
7 0.432617 0.861816 0.104492 0.141602 0.956055
2 0.688965 0.845703 0.0791016 0.0976562 0.949219
23 0.521484 0.440918 0.0712891 0.0849609 0.941895
8 0.380371 0.640137 0.0976562 0.0927734 0.9375
14 0.509277 0.973633 0.0419922 0.0527344 0.929199
13 0.788086 0.422607 0.0488281 0.146973 0.92627
14 0.838867 0.620117 0.0449219 0.140625 0.924805
14 0.462891 0.970703 0.0419922 0.0585938 0.919434
13 0.076355 0.969238 0.0418701 0.0615234 0.90918
4 0.143677 0.983398 0.0708008 0.0332031 0.902832
11 0.774414 0.974121 0.0761719 0.0517578 0.868652
8 0.190674 0.412354 0.09375 0.140137 0.84375
2 0.240234 0.634766 0.0756836 0.0957031 0.794434
22 0.40625 0.240112 0.0878906 0.0949707 0.785156
6 0.328613 0.043396 0.130859 0.086792 0.773438
13 0.853516 0.973145 0.0429688 0.0537109 0.741699
8 0.904297 0.825195 0.134766 0.136719 0.625977
27 0.1875 0.839844 0.059082 0.103516 0.615234
6 0.0161438 0.239624 0.0322876 0.0935059 0.613281
6 0.741211 0.235352 0.142578 0.114258 0.607422
8 0.527832 0.616211 0.0898438 0.140625 0.560059
6 0.206543 0.0423279 0.106934 0.0845337 0.554688
46 0.570435 0.0446777 0.156006 0.0893555 0.554688
