12 0.736328 0.811523 0.0351562 0.0800781 0.987793
18 0.507324 0.974609 0.0380859 0.0488281 0.981934
18 0.599609 0.558105 0.0371094 0.0507812 0.979004
4 0.39624 0.976074 0.0327148 0.0478516 0.977051
8 0.838867 0.642578 0.0410156 0.0488281 0.973633
12 0.658203 0.382324 0.0390625 0.0644531 0.973145
21 0.945312 0.148315 0.0390625 0.0576172 0.969727
18 0.767578 0.0588684 0.0390625 0.055603 0.96582
6 0.745117 0.892578 0.0371094 0.0410156 0.96582
8 0.442383 0.735352 0.0371094 0.0429688 0.964355
7 0.984375 0.812988 0.03125 0.0615234 0.960938
2 0.709961 0.895508 0.03125 0.0449219 0.960449
35 0.660156 0.808594 0.0546875 0.0839844 0.95752
7 0.98291 0.229736 0.0341797 0.0605469 0.956543
7 0.419434 0.0139999 0.0361328 0.0278473 0.952148
4 0.619141 0.0635986 0.0332031 0.0517578 0.951172
6 0.414062 0.819336 0.0356445 0.0449219 0.949219
2 0.648438 0.22583 0.0292969 0.0458984 0.947266
0 0.944824 0.886719 0.0634766 0.0439453 0.946777
13 0.822266 0.548828 0.0214844 0.0722656 0.945801
5 0.672852 0.141602 0.0390625 0.0512695 0.943848
0 0.796875 0.893555 0.0644531 0.0527344 0.943359
16 0.441895 0.980469 0.0400391 0.0390625 0.941406
6 0.387695 0.318848 0.0400391 0.0449219 0.94043
5 0.698242 0.394043 0.0380859 0.0439453 0.94043
10 0.551758 0.888672 0.0332031 0.0664062 0.94043
8 0.542969 0.312012 0.0410156 0.0478516 0.939941
11 0.670898 0.967285 0.0390625 0.0654297 0.938965
18 0.930176 0.80127 0.0537109 0.0566406 0.938477
8 0.764648 0.723633 0.0429688 0.0507812 0.9375
8 0.438965 0.902344 0.0449219 0.0488281 0.9375
5 0.978516 0.303955 0.0390625 0.0478516 0.937012
0 0.805176 0.305176 0.0595703 0.046875 0.935547
9 0.981445 0.635742 0.0351562 0.0419922 0.935547
6 0.855469 0.304688 0.0371094 0.0439453 0.935059
2 0.716797 0.224854 0.0292969 0.0458984 0.933594
6 0.988281 0.885742 0.0234375 0.0410156 0.931152
10 0.876953 0.128143 0.0332031 0.0620728 0.930176
0 0.786133 0.64209 0.0605469 0.0449219 0.929199
4 0.829102 0.0535583 0.0292969 0.0513306 0.929199
0 0.361328 0.73584 0.0703125 0.0458984 0.928223
4 0.811523 0.972656 0.0292969 0.0517578 0.928223
8 0.35376 0.904785 0.0483398 0.0527344 0.927734
22 0.396973 0.901855 0.0341797 0.0439453 0.927734
13 0.474854 0.969238 0.0253906 0.0615234 0.927246
8 0.819824 0.224976 0.0390625 0.0458984 0.92627
4 0.468262 0.0662231 0.0351562 0.055542 0.925781
6 0.933594 0.389893 0.0390625 0.0444336 0.925293
6 0.494141 0.648438 0.0332031 0.0429688 0.924316
10 0.351074 0.80957 0.0380859 0.0712891 0.923828
0 0.503418 0.890625 0.0566406 0.0605469 0.922363
5 0.495361 0.817383 0.0375977 0.0507812 0.919434
0 0.661133 0.477051 0.078125 0.0458984 0.916504
2 0.678711 0.308105 0.03125 0.0439453 0.912598
2 0.738281 0.64209 0.0322266 0.0449219 0.912598
6 0.629395 0.980469 0.0400391 0.0390625 0.906738
13 0.630859 0.548828 0.0214844 0.0664062 0.905762
2 0.385986 0.236816 0.0307617 0.0488281 0.905273
24 0.781738 0.567383 0.0380859 0.0625 0.905273
9 0.419434 0.233765 0.0332031 0.0422363 0.903809
12 0.763672 0.465332 0.0380859 0.0639648 0.90332
0 0.931641 0.638672 0.0585938 0.0458984 0.90332
2 0.410156 0.732422 0.0263672 0.0439453 0.90332
13 0.767578 0.801758 0.0253906 0.0820312 0.90332
0 0.359375 0.642578 0.0644531 0.0634766 0.902832
2 0.835449 0.80957 0.03125 0.0507812 0.901855
4 0.434082 0.475586 0.0317383 0.0556641 0.899902
7 0.852539 0.568848 0.0380859 0.0634766 0.899902
4 0.884766 0.719727 0.03125 0.0507812 0.897461
4 0.616699 0.148682 0.0302734 0.043457 0.896973
4 0.56543 0.975098 0.0322266 0.0498047 0.89502
4 0.658691 0.556641 0.0332031 0.0595703 0.888184
4 0.854004 0.217407 0.03125 0.0583496 0.888184
2 0.568359 0.899414 0.0273438 0.0449219 0.885742
6 0.908691 0.137329 0.0341797 0.0397949 0.883301
10 0.466309 0.220947 0.0283203 0.0610352 0.876465
0 0.35791 0.569336 0.0625 0.0488281 0.873047
8 0.563477 0.646484 0.0429688 0.0488281 0.873047
13 0.336914 0.479004 0.0292969 0.0722656 0.868652
5 0.982422 0.131561 0.0332031 0.0401001 0.863281
0 0.92627 0.223022 0.0751953 0.0441895 0.853027
10 0.608398 0.96875 0.03125 0.0625 0.851074
22 0.566406 0.149292 0.0371094 0.0429688 0.848145
2 0.911133 0.469482 0.0292969 0.0429688 0.844727
18 0.500977 0.564453 0.0341797 0.0488281 0.842773
8 0.682617 0.226318 0.0351562 0.043457 0.84082
13 0.374512 0.0582275 0.0214844 0.0727539 0.839844
0 0.506836 0.151123 0.078125 0.043457 0.838867
6 0.491943 0.22998 0.0366211 0.0439453 0.830078
22 0.973145 0.389648 0.0351562 0.0498047 0.829102
6 0.981445 0.470947 0.0361328 0.0424805 0.82666
2 0.854004 0.384766 0.0302734 0.0424805 0.820801
6 0.640625 0.896484 0.0390625 0.0410156 0.81543
14 0.888184 0.295898 0.0214844 0.0703125 0.813965
18 0.341797 0.0696411 0.0419922 0.057373 0.810547
14 0.797852 0.799805 0.0361328 0.0703125 0.796875
22 0.72168 0.726074 0.0341797 0.0439453 0.795898
13 0.671875 0.882812 0.0214844 0.0722656 0.791992
9 0.870117 0.805664 0.0361328 0.0458984 0.789062
13 0.800293 0.0476379 0.0273438 0.0770874 0.788086
6 0.614258 0.228027 0.0351562 0.0458984 0.785156
22 0.879883 0.643066 0.0332031 0.046875 0.777344
18 0.890625 0.39502 0.0410156 0.0673828 0.749023
24 0.445557 0.159424 0.0361328 0.059082 0.747559
24 0.944336 0.476074 0.0351562 0.0576172 0.747559
13 0.538086 0.969238 0.0234375 0.0615234 0.73877
6 0.543945 0.814453 0.0546875 0.0429688 0.729492
5 0.941406 0.973633 0.0507812 0.0517578 0.726562
4 0.592773 0.80957 0.0332031 0.0625 0.720215
2 0.526855 0.645508 0.0302734 0.046875 0.715332
1 0.599609 0.90625 0.0390625 0.0644531 0.708984
5 0.376709 0.818848 0.0400391 0.0478516 0.699219
22 0.773438 0.143433 0.0351562 0.0437012 0.690918
6 0.765625 0.224854 0.0664062 0.0483398 0.67041
6 0.541992 0.475098 0.0429688 0.0566406 0.658203
18 0.419434 0.646484 0.0537109 0.0527344 0.656738
6 0.455078 0.817383 0.0419922 0.046875 0.651367
13 0.428223 0.0585938 0.0234375 0.0715332 0.645996
11 0.984375 0.542969 0.03125 0.0664062 0.642578
18 0.467529 0.395264 0.0537109 0.0498047 0.637207
5 0.513184 0.0605164 0.0517578 0.0647583 0.633301
23 0.511719 0.395996 0.0361328 0.0458984 0.611328
18 0.729004 0.0643158 0.0332031 0.0410461 0.607422
22 0.499512 0.480225 0.0332031 0.0454102 0.596191
13 0.566406 0.804688 0.0195312 0.0644531 0.592773
18 0.820312 0.140869 0.0546875 0.0522461 0.571777
7 0.946289 0.559082 0.0371094 0.0722656 0.565918
18 0.894531 0.547852 0.0371094 0.0644531 0.550781
13 0.389404 0.155029 0.00634766 0.0454102 0.544922
11 0.995117 0.709961 0.00976562 0.0722656 0.535156
18 0.82666 0.720703 0.0576172 0.0585938 0.519531
6 0.748047 0.38916 0.0585938 0.0537109 0.511719
12 0.723633 0.96875 0.0566406 0.0625 0.503906
