12 0.32666 0.915527 0.111328 0.139648 0.993164
12 0.687012 0.52356 0.163086 0.144287 0.98584
18 0.528198 0.518066 0.115479 0.151367 0.984375
12 0.195099 0.115479 0.16449 0.14502 0.983887
4 0.471191 0.733398 0.0683594 0.119141 0.983398
19 0.697754 0.744141 0.0654297 0.0957031 0.981445
19 0.814453 0.548828 0.0664062 0.0917969 0.980469
4 0.932617 0.535645 0.0761719 0.112305 0.97998
8 0.834473 0.947754 0.0986328 0.0957031 0.977051
1 0.511841 0.36377 0.0895996 0.141602 0.976074
2 0.929688 0.946289 0.0722656 0.0917969 0.970703
4 0.867676 0.333984 0.0722656 0.115234 0.967773
5 0.788086 0.34375 0.0859375 0.0957031 0.960449
2 0.431152 0.341309 0.0732422 0.0966797 0.958008
2 0.936523 0.145508 0.0742188 0.0947266 0.950684
13 0.115723 0.51355 0.0415039 0.148682 0.94873
0 0.29126 0.744629 0.150879 0.0986328 0.945801
5 0.983398 0.54541 0.0332031 0.0947266 0.94043
4 0.985352 0.939453 0.0292969 0.115234 0.930176
18 0.623535 0.930664 0.137695 0.126953 0.890137
8 0.800293 0.724609 0.09375 0.140625 0.837402
23 0.0475464 0.538574 0.0941162 0.0898438 0.829102
13 0.586426 0.32251 0.0429688 0.138184 0.799316
6 0.0568237 0.93457 0.098877 0.0976562 0.799316
8 0.739746 0.925293 0.0869141 0.141602 0.770508
8 0.419189 0.118774 0.0986328 0.140869 0.769043
1 0.186737 0.949707 0.139221 0.100586 0.762207
13 0.863281 0.10144 0.0566406 0.18457 0.747559
7 0.0182953 0.762207 0.0365295 0.129883 0.700684
6 0.760742 0.135742 0.140625 0.108643 0.642578
2 0.946289 0.351562 0.0380859 0.0458984 0.519531
