5 0.494873 0.126465 0.0336914 0.0397949 0.979004
2 0.13623 0.380859 0.0302734 0.0361328 0.978027
18 0.926758 0.0955811 0.0429688 0.0632324 0.972168
5 0.194092 0.0620728 0.0361328 0.0393066 0.966797
21 0.0204163 0.239868 0.0407104 0.0700684 0.958984
4 0.106873 0.143311 0.0250244 0.0432129 0.952148
22 0.708984 0.198486 0.0351562 0.0385742 0.94873
2 0.0792236 0.146484 0.0280762 0.0375977 0.946777
9 0.350586 0.133575 0.0371094 0.0409546 0.946777
2 0.230957 0.296387 0.0305176 0.0371094 0.946777
18 0.373535 0.284424 0.0419922 0.0556641 0.938477
29 0.640625 0.276611 0.0605469 0.0830078 0.937012
5 0.350586 0.212402 0.0380859 0.0410156 0.935059
10 0.118896 0.368652 0.0302734 0.0644531 0.932129
2 0.96582 0.185547 0.0332031 0.0400391 0.930664
5 0.202393 0.138916 0.0361328 0.0388184 0.929199
2 0.541504 0.36084 0.03125 0.0390625 0.929199
21 0.803711 0.36084 0.0507812 0.0576172 0.928711
22 0.880859 0.112427 0.0371094 0.0393066 0.92627
5 0.475586 0.207397 0.0366211 0.0400391 0.925293
0 0.753418 0.432617 0.0537109 0.0415039 0.922852
0 0.830078 0.113892 0.0527344 0.0410156 0.921387
10 0.213135 0.287109 0.0292969 0.065918 0.918945
8 0.0406494 0.38623 0.0360718 0.0371094 0.913086
5 0.885742 0.347656 0.0361328 0.0419922 0.911621
5 0.288574 0.293945 0.0361328 0.0380859 0.911133
13 0.478027 0.272888 0.0205078 0.0665283 0.910645
0 0.13382 0.30249 0.0370483 0.0410156 0.908691
2 0.472168 0.364258 0.03125 0.0400391 0.908203
6 0.615234 0.123047 0.0410156 0.0366211 0.907227
7 0.723633 0.361328 0.0419922 0.0537109 0.903809
2 0.779785 0.274658 0.0332031 0.0395508 0.899902
5 0.912598 0.266357 0.0361328 0.0424805 0.898926
0 0.910156 0.032959 0.0566406 0.0444336 0.898438
13 0.84668 0.262207 0.0253906 0.0717773 0.896484
5 0.398438 0.0513306 0.0361328 0.039917 0.892578
6 0.387207 0.446289 0.0390625 0.0380859 0.88623
18 0.9375 0.334961 0.0625 0.0693359 0.884766
2 0.800781 0.431885 0.0292969 0.043457 0.881836
2 0.197754 0.375977 0.0307617 0.0380859 0.878906
11 0.264893 0.445801 0.0385742 0.0634766 0.878418
8 0.665527 0.197632 0.0371094 0.0400391 0.876465
13 0.725586 0.0295715 0.0175781 0.0582275 0.873047
22 0.172119 0.460938 0.0356445 0.0410156 0.873047
2 0.785156 0.193359 0.0292969 0.0400391 0.872559
2 0.136993 0.45752 0.0316772 0.0380859 0.872559
2 0.764648 0.349609 0.0292969 0.0400391 0.869629
7 0.713867 0.126709 0.0644531 0.0581055 0.844727
0 0.102173 0.224121 0.0505371 0.0410156 0.836426
9 0.479492 0.0482788 0.0341797 0.0400391 0.829102
4 0.0200958 0.464355 0.0260315 0.0454102 0.82666
14 0.570801 0.112366 0.0166016 0.0596924 0.824219
21 0.661133 0.0610962 0.0488281 0.081665 0.820801
8 0.752441 0.0395203 0.0361328 0.0397339 0.818848
12 0.604492 0.200317 0.0625 0.0766602 0.805664
13 0.97998 0.333008 0.0205078 0.078125 0.800781
10 0.753906 0.18335 0.0488281 0.0678711 0.799316
22 0.422363 0.0995483 0.0302734 0.0296631 0.789062
14 0.954102 0.251465 0.0195312 0.0654297 0.789062
13 0.257751 0.282227 0.0216064 0.0678711 0.786621
10 0.856934 0.179688 0.0390625 0.0668945 0.774414
11 0.226074 0.205811 0.0380859 0.0629883 0.764648
13 0.891602 0.181763 0.0214844 0.0776367 0.764648
18 0.536133 0.126343 0.0449219 0.0458984 0.747559
18 0.344238 0.442139 0.0449219 0.0581055 0.73584
8 0.848633 0.351074 0.0361328 0.0429688 0.72168
6 0.587891 0.359375 0.0410156 0.0395508 0.708984
4 0.367188 0.0535889 0.0253906 0.0473633 0.708984
13 0.296875 0.121521 0.0244141 0.0672607 0.699219
10 0.533203 0.43335 0.0292969 0.0742188 0.690918
12 0.480225 0.435547 0.0639648 0.0732422 0.684082
18 0.849121 0.0332565 0.0605469 0.0496979 0.682617
10 0.470215 0.117432 0.0332031 0.0617676 0.680664
11 0.253174 0.125763 0.0620117 0.062439 0.67041
22 0.970703 0.427246 0.0332031 0.0458984 0.665527
7 0.54834 0.438232 0.0527344 0.081543 0.649414
11 0.402588 0.197998 0.0629883 0.0629883 0.635254
13 0.995117 0.333252 0.00976562 0.0644531 0.631836
18 0.439453 0.0510559 0.0400391 0.0391235 0.62793
2 0.291992 0.369141 0.0507812 0.0429688 0.615234
13 0.34082 0.0204163 0.0136719 0.0165405 0.611328
13 0.449951 0.0289001 0.0209961 0.0574341 0.605957
6 0.0919189 0.065979 0.0180664 0.0383301 0.596191
5 0.796387 0.0280609 0.0371094 0.054718 0.592773
2 0.0253906 0.147705 0.0500488 0.0424805 0.592773
4 0.881836 0.260681 0.0253906 0.0587158 0.592773
13 0.969238 0.0994873 0.0361328 0.0693359 0.586914
13 0.0784912 0.211426 0.019043 0.0632324 0.581543
13 0.0446472 0.453857 0.0175171 0.0717773 0.581543
12 0.142578 0.00950623 0.019043 0.0188599 0.57959
10 0.72168 0.418945 0.0341797 0.0742188 0.525391
9 0.960938 0.0288086 0.0410156 0.0419312 0.523438
