2 0.190308 0.762695 0.0344238 0.0380859 0.941406
2 0.013382 0.763672 0.0265808 0.0351562 0.939453
6 0.0823975 0.611328 0.0361328 0.0429688 0.932617
1 0.0454407 0.774902 0.0349731 0.0527344 0.925293
22 0.13797 0.844238 0.0375366 0.0410156 0.922363
5 0.15564 0.919922 0.0361328 0.0371094 0.91748
2 0.0758057 0.922852 0.027832 0.0380859 0.916504
7 0.177734 0.847656 0.0405273 0.0546875 0.909668
4 0.011322 0.922852 0.0224609 0.046875 0.909668
9 0.108276 0.922852 0.0351562 0.0419922 0.879883
9 0.200073 0.987305 0.0358887 0.0253906 0.847168
9 0.0124969 0.686523 0.0248413 0.0410156 0.845703
23 0.0435257 0.92041 0.0308685 0.0361328 0.842773
1 0.0856934 0.853516 0.0385742 0.0527344 0.795898
18 0.147583 0.762695 0.0476074 0.0546875 0.794434
6 0.09375 0.767578 0.0549316 0.0371094 0.741699
14 0.0767822 0.978516 0.0187988 0.0429688 0.716797
6 0.0754395 0.767578 0.0262451 0.0371094 0.692871
6 0.186035 0.600586 0.0405273 0.0507812 0.689453
14 0.182373 0.907227 0.0200195 0.0644531 0.672363
13 0.20874 0.898438 0.0302734 0.0761719 0.649414
13 0.110229 0.75293 0.0183105 0.0605469 0.642578
14 0.137939 0.595703 0.0205078 0.0625 0.569824
5 0.769531 0.185547 0.0332031 0.0371094 0.544922
4 0.0518188 0.606934 0.0230713 0.0390625 0.542969
8 0.0122986 0.614258 0.0245667 0.0449219 0.539062
14 0.156982 0.595215 0.0180664 0.0615234 0.527344
46 0.0449295 0.98877 0.0405121 0.0224609 0.513672
