35 0.790039 0.9375 0.185547 0.125 0.994141
18 0.35791 0.93457 0.110352 0.130859 0.993652
21 0.16507 0.384277 0.10199 0.137695 0.990723
18 0.410156 0.342773 0.111328 0.142578 0.987305
19 0.966797 0.962891 0.0644531 0.0742188 0.986816
1 0.0310211 0.780273 0.0617981 0.125 0.981445
23 0.791992 0.375977 0.0712891 0.0888672 0.977051
4 0.0893707 0.938477 0.070282 0.121094 0.973145
8 0.733398 0.573242 0.100586 0.09375 0.969727
8 0.918945 0.770996 0.0996094 0.0976562 0.964355
4 0.55127 0.945312 0.0664062 0.109375 0.963867
8 0.241211 0.955078 0.0996094 0.0898438 0.961914
2 0.0171509 0.56543 0.0343018 0.0986328 0.953125
2 0.155029 0.955078 0.0673828 0.0878906 0.946289
13 0.438477 0.142303 0.0478516 0.145081 0.937012
11 0.978516 0.550903 0.0429688 0.138428 0.92627
4 0.907227 0.571289 0.0996094 0.104492 0.895508
2 0.319824 0.360596 0.0722656 0.0908203 0.887207
4 0.302979 0.155518 0.100098 0.117188 0.853027
13 0.90918 0.937012 0.0546875 0.125977 0.848145
6 0.14502 0.762695 0.149414 0.09375 0.845703
23 0.250244 0.359863 0.0698242 0.0878906 0.830078
4 0.559082 0.29834 0.0839844 0.0556641 0.810547
22 0.96875 0.0140457 0.0625 0.0280304 0.799316
13 0.195801 0.735352 0.0634766 0.148438 0.791992
23 0.665039 0.766602 0.0712891 0.0908203 0.778809
2 0.737305 0.768555 0.0791016 0.09375 0.723145
21 0.93457 0.378906 0.0917969 0.102539 0.712402
11 0.0247803 0.927246 0.0495605 0.145508 0.660156
35 0.956055 0.167358 0.0878906 0.164307 0.629883
5 0.468262 0.935059 0.0898438 0.129883 0.605957
4 0.633789 0.563965 0.0976562 0.102539 0.596191
