21 0.161255 0.259521 0.0471191 0.0683594 0.988281
10 0.316895 0.229858 0.0322266 0.0705566 0.973633
7 0.125 0.0806274 0.0375977 0.0627441 0.971191
21 0.700195 0.0782623 0.0390625 0.0595398 0.968262
0 0.496094 0.0701294 0.0605469 0.0474854 0.963379
11 0.74707 0.137695 0.0371094 0.0651855 0.958496
4 0.837402 0.142822 0.0341797 0.0541992 0.950195
7 0.117432 0.0151138 0.029541 0.0302277 0.944336
6 0.190918 0.156616 0.0385742 0.043457 0.943848
0 0.319824 0.071167 0.0625 0.0474854 0.9375
0 0.541016 0.15332 0.0566406 0.0483398 0.936523
5 0.899414 0.0622864 0.0351562 0.0427856 0.92627
0 0.434082 0.0686188 0.0634766 0.047821 0.91748
5 0.945312 0.231934 0.0371094 0.0527344 0.915527
5 0.345215 0.156006 0.0385742 0.0449219 0.915039
2 0.400391 0.155884 0.0332031 0.0478516 0.910645
7 0.666992 0.159424 0.0517578 0.0634766 0.902832
8 0.936035 0.0626221 0.0361328 0.0389404 0.897461
11 0.837891 0.0561523 0.0371094 0.0668945 0.894043
14 0.375977 0.142456 0.0185547 0.0666504 0.894043
8 0.437012 0.15686 0.0390625 0.0422363 0.894043
2 0.961914 0.144287 0.0263672 0.0429688 0.891113
10 0.0606995 0.0638428 0.0375366 0.072998 0.880859
13 0.155518 0.0617676 0.0205078 0.0700684 0.878906
5 0.124756 0.241455 0.0366211 0.0498047 0.875977
8 0.219971 0.0739746 0.0415039 0.050293 0.85791
14 0.869141 0.0521545 0.0214844 0.0668335 0.854004
10 0.598633 0.141357 0.03125 0.065918 0.844727
5 0.106567 0.156006 0.050293 0.0424805 0.842773
21 0.763672 0.228516 0.0546875 0.0698242 0.805664
7 0.903809 0.244141 0.0410156 0.0654297 0.79834
4 0.0629272 0.159912 0.0351562 0.0527344 0.792969
13 0.895508 0.134399 0.0175781 0.072998 0.756348
2 0.182495 0.0716553 0.0322266 0.0444336 0.744629
23 0.537598 0.237549 0.0341797 0.0488281 0.726562
16 0.305908 0.154053 0.0395508 0.0444336 0.713867
22 0.547852 0.0705566 0.0390625 0.0449219 0.6875
18 0.978027 0.0525818 0.0439453 0.0612183 0.673828
22 0.350098 0.24292 0.03125 0.046875 0.67041
6 0.241699 0.241333 0.0439453 0.0544434 0.602051
24 0.0827637 0.00719452 0.0371094 0.014389 0.577637
5 0.0861816 0.0733032 0.0385742 0.0505371 0.571777
22 0.782227 0.062851 0.0371094 0.0420227 0.569824
6 0.62207 0.15271 0.0390625 0.0422363 0.554688
13 0.994629 0.221558 0.0107422 0.0793457 0.542969
0 0.988281 0.144043 0.0234375 0.0385742 0.513672
