18 0.476074 0.913574 0.0380859 0.0507812 0.993164
20 0.616211 0.159912 0.0839844 0.0864258 0.989258
15 0.876953 0.570312 0.0761719 0.0703125 0.98877
10 0.751465 0.235352 0.0322266 0.0668945 0.981934
10 0.700684 0.904297 0.0341797 0.0654297 0.969727
0 0.864258 0.913574 0.0644531 0.0478516 0.967285
10 0.371094 0.494385 0.0336914 0.0717773 0.963379
0 0.385498 0.989258 0.0639648 0.0214844 0.963379
11 0.879883 0.40332 0.0371094 0.0678711 0.961914
0 0.953613 0.748047 0.0625 0.0488281 0.960449
2 0.694336 0.244873 0.0527344 0.0400391 0.958496
0 0.446533 0.504395 0.0595703 0.0498047 0.956543
5 0.800781 0.498291 0.0390625 0.0463867 0.953613
8 0.437988 0.920898 0.0444336 0.0429688 0.953613
0 0.744141 0.750977 0.0625 0.0488281 0.94873
5 0.658203 0.987305 0.0332031 0.0253906 0.94873
14 0.884277 0.821777 0.0224609 0.0664062 0.947266
6 0.983398 0.0719604 0.0322266 0.0440674 0.946777
10 0.985352 0.566406 0.0292969 0.0664062 0.946777
8 0.948242 0.830078 0.0429688 0.0449219 0.944824
6 0.416016 0.167236 0.0390625 0.0444336 0.942383
5 0.728516 0.159302 0.0371094 0.0463867 0.940918
0 0.77832 0.162354 0.0625 0.0490723 0.939453
7 0.488037 0.848633 0.0395508 0.0605469 0.938477
5 0.854492 0.831055 0.0390625 0.046875 0.937988
2 0.720703 0.666992 0.0332031 0.046875 0.935059
6 0.492676 0.334473 0.0380859 0.0429688 0.93457
0 0.75293 0.499512 0.0595703 0.046875 0.934082
0 0.640625 0.914551 0.078125 0.0439453 0.934082
1 0.978027 0.24707 0.0390625 0.0654297 0.930664
4 0.369385 0.666992 0.0327148 0.0527344 0.930664
6 0.582031 0.916504 0.0371094 0.0400391 0.930176
9 0.754883 0.666016 0.0341797 0.0449219 0.928711
5 0.849609 0.748047 0.0371094 0.0449219 0.928223
0 0.575195 0.5 0.0634766 0.0458984 0.927734
0 0.384766 0.838867 0.0585938 0.0449219 0.925781
4 0.881836 0.15271 0.0332031 0.0541992 0.925293
0 0.386475 0.753906 0.0644531 0.0527344 0.924805
6 0.691895 0.753906 0.0390625 0.046875 0.924316
8 0.581055 0.0776367 0.0419922 0.0446777 0.922852
13 0.977051 0.149628 0.0244141 0.0757446 0.92041
2 0.610352 0.583008 0.03125 0.0458984 0.918457
0 0.443115 0.0858765 0.0800781 0.0452881 0.917969
0 0.625977 0.666016 0.0605469 0.0449219 0.915527
13 0.521484 0.654297 0.0273438 0.0761719 0.914062
2 0.911621 0.830078 0.0302734 0.0449219 0.914062
8 0.761719 0.415283 0.0371094 0.043457 0.913574
8 0.882324 0.495117 0.0400391 0.0458984 0.911621
5 0.385742 0.921875 0.0615234 0.0449219 0.911133
18 0.543945 0.911621 0.0380859 0.0488281 0.908691
5 0.654785 0.583984 0.0361328 0.0439453 0.908203
16 0.810547 0.833008 0.0419922 0.0488281 0.908203
5 0.941406 0.241699 0.0390625 0.0444336 0.906738
14 0.692383 0.65625 0.0214844 0.0654297 0.904785
8 0.662109 0.330566 0.0429688 0.0478516 0.902832
5 0.849609 0.663086 0.0371094 0.0449219 0.899902
8 0.808594 0.669922 0.0449219 0.0527344 0.897461
6 0.396973 0.502808 0.0390625 0.045166 0.89502
18 0.702637 0.32666 0.0390625 0.0546875 0.878418
2 0.793457 0.413818 0.0263672 0.0444336 0.871582
14 0.602051 0.404297 0.0205078 0.0654297 0.868164
5 0.498535 0.0102997 0.0410156 0.0205994 0.855957
16 0.908691 0.983887 0.0576172 0.0322266 0.855957
13 0.886719 0.232056 0.0214844 0.0671387 0.85498
2 0.437012 0.334961 0.03125 0.046875 0.852051
2 0.93457 0.579102 0.03125 0.0488281 0.852051
7 0.916016 0.0158386 0.0302734 0.0316772 0.851074
13 0.960938 0.561523 0.0214844 0.0820312 0.848145
7 0.963867 0.331787 0.046875 0.0688477 0.844727
8 0.470215 0.756348 0.0410156 0.0478516 0.841797
0 0.807617 0.0756226 0.0566406 0.0482178 0.831055
18 0.948242 0.15918 0.03125 0.0512695 0.830078
21 0.84082 0.508789 0.0390625 0.0605469 0.827637
13 0.510254 0.906738 0.0283203 0.0654297 0.827637
4 0.389648 0.583008 0.0644531 0.0527344 0.82666
13 0.668457 0.652832 0.0234375 0.0722656 0.825684
18 0.488281 0.666016 0.0390625 0.0566406 0.820801
5 0.814453 0.242432 0.0390625 0.0458984 0.816406
22 0.921875 0.495605 0.0351562 0.0449219 0.81543
6 0.856934 0.244629 0.0439453 0.0429688 0.812988
22 0.952637 0.911133 0.0332031 0.0449219 0.803223
8 0.398926 0.0121155 0.0429688 0.0241089 0.79834
18 0.598633 0.746582 0.0546875 0.0625 0.789062
2 0.433594 0.754883 0.0302734 0.0429688 0.778809
13 0.734375 0.319092 0.0292969 0.0717773 0.777344
13 0.513184 0.973145 0.03125 0.0537109 0.777344
13 0.473145 0.0722656 0.0244141 0.0646973 0.775879
10 0.455078 0.153931 0.0385742 0.067627 0.771973
22 0.688965 0.498535 0.0361328 0.0478516 0.771973
18 0.767578 0.32666 0.0390625 0.0522461 0.744629
8 0.42334 0.423096 0.046875 0.0493164 0.744629
0 0.648438 0.836914 0.0429688 0.0449219 0.741699
6 0.436035 0.827637 0.0419922 0.0634766 0.741699
0 0.957031 0.985352 0.0371094 0.0292969 0.740234
6 0.831543 0.150513 0.0458984 0.0651855 0.737305
21 0.47583 0.264404 0.0400391 0.059082 0.72168
13 0.995117 0.729492 0.00976562 0.078125 0.715332
18 0.947266 0.0665283 0.0371094 0.0550537 0.702637
6 0.703125 0.988281 0.0175781 0.0234375 0.702637
6 0.921875 0.406738 0.0429688 0.0556641 0.695801
14 0.629395 0.977539 0.015625 0.0449219 0.692871
6 0.556641 0.24707 0.0410156 0.0449219 0.680664
16 0.754883 0.83252 0.0498047 0.0498047 0.675781
22 0.552734 0.835938 0.0351562 0.0439453 0.668945
22 0.620605 0.0767975 0.0351562 0.04245 0.660156
9 0.46582 0.416016 0.0351562 0.046875 0.654785
18 0.987305 0.908203 0.0253906 0.0507812 0.651367
2 0.851562 0.984375 0.03125 0.03125 0.651367
16 0.810547 0.75293 0.0410156 0.046875 0.645996
10 0.950195 0.3125 0.0410156 0.0654297 0.644043
5 0.61377 0.331543 0.0556641 0.0449219 0.644043
2 0.600586 0.835938 0.0507812 0.0400391 0.642578
14 0.478516 0.978516 0.0341797 0.0429688 0.638672
13 0.956055 0.397949 0.0273438 0.0761719 0.637207
22 0.438477 0.0107574 0.0351562 0.0213928 0.624512
6 0.80957 0.319336 0.0439453 0.0673828 0.620605
18 0.805664 0.912109 0.0527344 0.0429688 0.604004
8 0.556641 0.659668 0.0410156 0.0693359 0.584961
8 0.751953 0.00656891 0.0175781 0.0129547 0.583008
4 0.869141 0.325684 0.0292969 0.0419922 0.541016
6 0.906738 0.32666 0.0429688 0.0439453 0.519531
2 0.52002 0.746094 0.0556641 0.0634766 0.513672
4 0.984375 0.819336 0.03125 0.0625 0.503906
8 0.516113 0.248413 0.0400391 0.0446777 0.501953
