4 0.78418 0.491211 0.0703125 0.115234 0.974609
6 0.831055 0.294922 0.0986328 0.0917969 0.966797
8 0.47998 0.497314 0.09375 0.097168 0.966309
2 0.366699 0.893555 0.0664062 0.0898438 0.96582
2 0.904297 0.888672 0.0722656 0.09375 0.962891
0 0.748047 0.714844 0.136719 0.130859 0.956543
19 0.435547 0.890625 0.0654297 0.0917969 0.94873
0 0.942383 0.299316 0.115234 0.09375 0.948242
2 0.670898 0.891602 0.0722656 0.0917969 0.946777
5 0.912109 0.696289 0.0947266 0.0898438 0.941895
8 0.272949 0.897461 0.105469 0.0996094 0.936523
0 0.558594 0.895508 0.137695 0.0908203 0.927734
22 0.379395 0.495605 0.0859375 0.0888672 0.919434
6 0.889648 0.496094 0.0429688 0.0917969 0.918945
8 0.97168 0.889648 0.0566406 0.09375 0.905762
11 0.982422 0.666016 0.0351562 0.140625 0.90332
4 0.739746 0.880859 0.0566406 0.109375 0.88623
0 0.929688 0.101456 0.140625 0.10495 0.875
23 0.955566 0.498535 0.0888672 0.0888672 0.715332
6 0.844727 0.497559 0.0517578 0.0917969 0.658203
13 0.839844 0.858887 0.0390625 0.149414 0.507812
