18 0.272461 0.813477 0.0449219 0.0625 0.994141
21 0.980469 0.597656 0.0390625 0.0566406 0.98877
7 0.958984 0.828125 0.0400391 0.0566406 0.986816
18 0.366943 0.740234 0.0454102 0.0507812 0.985352
38 0.105286 0.504883 0.0623779 0.0683594 0.981934
18 0.0889893 0.271729 0.0446777 0.0541992 0.979004
18 0.230469 0.188965 0.0439453 0.0625 0.974609
18 0.41626 0.577148 0.0415039 0.0644531 0.974121
10 0.922852 0.343262 0.03125 0.0634766 0.973633
18 0.493896 0.967773 0.0424805 0.0615234 0.970703
38 0.916016 0.734375 0.0605469 0.0673828 0.966797
22 0.816406 0.902344 0.0332031 0.0390625 0.966309
9 0.987305 0.742676 0.0253906 0.0371094 0.963379
0 0.277588 0.512207 0.0576172 0.0400391 0.962402
21 0.342285 0.833008 0.0537109 0.0673828 0.961426
8 0.468018 0.118652 0.0385742 0.041748 0.960449
5 0.801758 0.433594 0.0351562 0.0400391 0.960449
5 0.42334 0.0407791 0.0380859 0.0401459 0.959473
0 0.161987 0.980469 0.0544434 0.0390625 0.958984
11 0.726562 0.424316 0.0371094 0.0644531 0.95752
11 0.210449 0.894531 0.0371094 0.0664062 0.95752
5 0.55127 0.591797 0.0361328 0.0371094 0.956543
5 0.521484 0.197388 0.0351562 0.0412598 0.953613
8 0.885742 0.516602 0.0351562 0.0390625 0.953125
7 0.718262 0.0462112 0.0371094 0.0579681 0.95166
46 0.148438 0.905273 0.0788574 0.0507812 0.951172
5 0.405273 0.436035 0.0371094 0.0385742 0.949707
9 0.181152 0.511597 0.0332031 0.0373535 0.949707
11 0.854004 0.344238 0.0380859 0.0639648 0.947754
2 0.760742 0.19873 0.0332031 0.0390625 0.947266
5 0.900879 0.820312 0.0351562 0.0410156 0.945801
8 0.808594 0.666992 0.0371094 0.0371094 0.942871
7 0.861328 0.20752 0.0625 0.0571289 0.942383
0 0.476562 0.901855 0.0546875 0.0390625 0.941406
9 0.822754 0.979492 0.0361328 0.0371094 0.939453
18 0.964355 0.665527 0.0507812 0.0458984 0.938477
2 0.704102 0.512207 0.0322266 0.0361328 0.937988
5 0.98877 0.199341 0.0224609 0.0393066 0.9375
7 0.676758 0.75 0.0400391 0.0566406 0.935547
5 0.214111 0.120667 0.0356445 0.0389404 0.935059
5 0.0848389 0.907227 0.0390625 0.0429688 0.935059
1 0.444092 0.205322 0.0356445 0.0556641 0.934082
22 0.808105 0.198364 0.0351562 0.0402832 0.934082
5 0.754883 0.356934 0.0371094 0.0375977 0.933594
13 0.958496 0.732422 0.0224609 0.0644531 0.933594
4 0.845703 0.586914 0.0253906 0.0410156 0.932617
9 0.263611 0.0430603 0.0362549 0.039856 0.931152
2 0.50293 0.739746 0.0322266 0.0410156 0.930664
2 0.554199 0.117615 0.0302734 0.0396729 0.927246
9 0.231445 0.589844 0.0361328 0.0410156 0.926758
5 0.769531 0.666016 0.0351562 0.0371094 0.926758
14 0.873535 0.811035 0.0175781 0.0615234 0.925781
7 0.640625 0.671875 0.0390625 0.0566406 0.924316
2 0.916016 0.434082 0.03125 0.0390625 0.922852
8 0.875977 0.435059 0.0351562 0.0390625 0.922363
13 0.231934 0.0368652 0.0234375 0.0737305 0.921875
5 0.291016 0.198975 0.0336914 0.0383301 0.921387
11 0.841797 0.811523 0.0351562 0.0625 0.920898
5 0.522461 0.356445 0.0351562 0.0380859 0.92041
5 0.524414 0.900391 0.0351562 0.0429688 0.92041
2 0.536621 0.977051 0.03125 0.0380859 0.919434
5 0.641602 0.275879 0.0371094 0.0419922 0.918457
5 0.75293 0.276367 0.0351562 0.0380859 0.918457
5 0.650879 0.897949 0.0371094 0.0419922 0.91748
5 0.307861 0.435059 0.0356445 0.0395508 0.916504
5 0.785156 0.0393982 0.0380859 0.0420532 0.915527
8 0.152222 0.592773 0.0356445 0.0390625 0.913574
8 0.384521 0.824219 0.0356445 0.0371094 0.913574
13 0.242432 0.888672 0.0200195 0.0683594 0.913574
22 0.416992 0.981445 0.0595703 0.0371094 0.913574
13 0.700195 0.422607 0.015625 0.0639648 0.913086
2 0.71875 0.117493 0.0302734 0.0389404 0.911621
14 0.550293 0.185303 0.0175781 0.0664062 0.911133
9 0.379395 0.203369 0.0380859 0.0537109 0.910645
22 0.394775 0.901367 0.034668 0.0400391 0.910645
5 0.430176 0.118103 0.0351562 0.0413818 0.908203
3 0.0974731 0.657227 0.0584717 0.0683594 0.908203
6 0.482666 0.198853 0.0375977 0.0383301 0.902832
5 0.632812 0.820312 0.0341797 0.0390625 0.902832
0 0.802734 0.354492 0.0566406 0.0390625 0.901855
13 0.959961 0.964355 0.0195312 0.0654297 0.901855
0 0.882812 0.97998 0.0566406 0.0380859 0.901367
16 0.760742 0.507935 0.0507812 0.0446777 0.900391
2 0.867188 0.901367 0.0585938 0.0410156 0.900391
0 0.791016 0.742188 0.0585938 0.0429688 0.899902
13 0.214355 0.732422 0.0148926 0.0673828 0.897461
5 0.42334 0.821289 0.0356445 0.0410156 0.896973
22 0.947266 0.120117 0.0361328 0.0410156 0.896484
22 0.837891 0.512695 0.0351562 0.0400391 0.896484
9 0.270508 0.901367 0.0332031 0.0410156 0.896484
13 0.424805 0.885254 0.0234375 0.0732422 0.896484
6 0.765137 0.434326 0.0351562 0.0371094 0.894043
4 0.835938 0.432129 0.0234375 0.0454102 0.889648
5 0.437744 0.511841 0.0351562 0.0388184 0.889648
13 0.305664 0.812988 0.0185547 0.0625 0.88623
9 0.241943 0.743652 0.0371094 0.0419922 0.885742
0 0.243652 0.979492 0.078125 0.0400391 0.884766
0 0.660645 0.119873 0.0761719 0.0444336 0.884277
13 0.975586 0.341797 0.0195312 0.0683594 0.884277
7 0.612305 0.041748 0.0429688 0.0635986 0.878418
6 0.493164 0.512207 0.0380859 0.0390625 0.876465
13 0.150879 0.501465 0.0239258 0.0654297 0.876465
13 0.0739746 0.817871 0.0236816 0.0693359 0.876465
2 0.305664 0.666992 0.0595703 0.0410156 0.874023
6 0.187744 0.436279 0.0400391 0.0375977 0.872559
5 0.727051 0.975586 0.0371094 0.0410156 0.871582
0 0.802734 0.276611 0.046875 0.0375977 0.869629
6 0.121033 0.357422 0.0372314 0.0371094 0.868652
2 0.142822 0.745605 0.03125 0.0390625 0.868652
9 0.993164 0.355225 0.0136719 0.0375977 0.867188
10 0.69043 0.578125 0.0390625 0.0644531 0.865234
0 0.302246 0.745117 0.0566406 0.0429688 0.862305
6 0.811523 0.589844 0.0390625 0.0380859 0.856934
6 0.421387 0.279053 0.0400391 0.0371094 0.85498
24 0.332275 0.12674 0.0405273 0.0551147 0.852051
13 0.263184 0.186035 0.0234375 0.0673828 0.850098
5 0.119019 0.121582 0.0366211 0.0461426 0.848145
13 0.266113 0.655273 0.0205078 0.0644531 0.844727
10 0.485107 0.264893 0.0366211 0.0639648 0.842773
13 0.447754 0.572754 0.0195312 0.0761719 0.841797
8 0.218018 0.280273 0.0361328 0.0400391 0.839844
5 0.932617 0.899902 0.0371094 0.0419922 0.837402
2 0.429199 0.742188 0.0327148 0.046875 0.836426
13 0.582031 0.651367 0.0195312 0.0644531 0.833496
8 0.6875 0.980469 0.0390625 0.0380859 0.832031
13 0.447754 0.651855 0.0166016 0.0693359 0.832031
14 0.978027 0.109009 0.0175781 0.0664062 0.829102
19 0.829102 0.0387039 0.0292969 0.0449066 0.82666
2 0.0806885 0.437988 0.0322266 0.0410156 0.823242
2 0.270752 0.119995 0.0571289 0.0400391 0.822266
6 0.945312 0.355957 0.0332031 0.0371094 0.822266
5 0.524902 0.665039 0.0341797 0.0410156 0.817383
2 0.974121 0.435547 0.0361328 0.0361328 0.811523
8 0.859375 0.27832 0.0371094 0.0380859 0.803223
14 0.464355 0.498535 0.0185547 0.0634766 0.800781
10 0.927246 0.107422 0.0351562 0.0683594 0.799316
7 0.977539 0.522949 0.0449219 0.0595703 0.79834
9 0.752441 0.116699 0.0341797 0.0410156 0.795898
13 0.573242 0.890625 0.0195312 0.0722656 0.795898
11 0.0877686 0.189453 0.0419922 0.0620117 0.794434
2 0.681641 0.0397339 0.0332031 0.0377197 0.792969
9 0.568848 0.977539 0.0302734 0.0351562 0.792969
18 0.738281 0.585938 0.0537109 0.046875 0.782715
14 0.551758 0.887695 0.015625 0.0683594 0.778809
0 0.692383 0.666016 0.0566406 0.0371094 0.777344
13 0.37915 0.967773 0.0161133 0.0625 0.771973
5 0.249512 0.357422 0.0366211 0.0390625 0.770508
24 0.635742 0.196655 0.0595703 0.0427246 0.769043
13 0.775879 0.57666 0.0195312 0.0664062 0.764648
8 0.327148 0.201416 0.034668 0.0405273 0.753418
18 0.588867 0.509277 0.0546875 0.046875 0.751953
2 0.319824 0.980469 0.03125 0.0390625 0.750488
2 0.577637 0.19397 0.0332031 0.0512695 0.750488
2 0.269043 0.277832 0.059082 0.0380859 0.749023
2 0.689453 0.196045 0.0292969 0.0424805 0.746094
2 0.904297 0.200439 0.0234375 0.0385742 0.744629
6 0.862305 0.0396042 0.0351562 0.0456696 0.737305
6 0.156494 0.120483 0.0375977 0.0378418 0.726562
10 0.730469 0.184814 0.0498047 0.0668945 0.723145
0 0.217773 0.823242 0.0551758 0.0410156 0.723145
18 0.871094 0.11554 0.0546875 0.0506592 0.715332
18 0.634277 0.974609 0.0634766 0.0507812 0.712402
14 0.606934 0.810547 0.0166016 0.0644531 0.710449
13 0.671875 0.353027 0.00976562 0.0458984 0.710449
5 0.557617 0.277344 0.0556641 0.0390625 0.695801
11 0.299805 0.347168 0.0634766 0.0683594 0.692871
19 0.583496 0.820801 0.0283203 0.0390625 0.692871
10 0.304199 0.967773 0.0380859 0.0644531 0.689453
11 0.356201 0.424316 0.0585938 0.0610352 0.6875
22 0.216187 0.665527 0.0361328 0.0419922 0.6875
8 0.686035 0.820312 0.0371094 0.0410156 0.677246
18 0.897461 0.589844 0.0507812 0.0429688 0.675781
13 0.316895 0.262451 0.0239258 0.0678711 0.673828
2 0.519043 0.0366898 0.03125 0.0446625 0.672363
12 0.231079 0.508789 0.0356445 0.0751953 0.67041
4 0.9375 0.59082 0.0244141 0.0527344 0.662109
2 0.37085 0.356445 0.0292969 0.0390625 0.658203
10 0.937012 0.811523 0.03125 0.0683594 0.658203
14 0.24707 0.65625 0.0170898 0.0625 0.642578
6 0.940918 0.978027 0.0537109 0.0380859 0.642578
2 0.868164 0.748047 0.0175781 0.0253906 0.616699
21 0.100159 0.982422 0.06604 0.0351562 0.615234
2 0.180908 0.279541 0.0332031 0.0371094 0.611328
12 0.323242 0.0301819 0.0576172 0.0603638 0.609375
10 0.619141 0.654785 0.03125 0.0673828 0.592773
6 0.514648 0.275879 0.0214844 0.0380859 0.584961
13 0.349854 0.186035 0.0224609 0.0839844 0.577637
10 0.746094 0.655273 0.0322266 0.0664062 0.57373
13 0.240967 0.426514 0.0141602 0.0756836 0.569824
46 0.11615 0.0398865 0.0899658 0.0514526 0.562012
19 0.0841064 0.122986 0.0317383 0.0372314 0.562012
4 0.0889282 0.745117 0.0423584 0.0439453 0.544922
21 0.776367 0.979004 0.0556641 0.0400391 0.541016
2 0.666992 0.51123 0.0322266 0.0390625 0.541016
5 0.114136 0.829102 0.0554199 0.0410156 0.535156
7 0.192383 0.0426636 0.0571289 0.0418701 0.533203
0 0.664062 0.432129 0.0585938 0.0429688 0.529297
22 0.642578 0.512207 0.03125 0.0390625 0.527344
6 0.969727 0.278076 0.0439453 0.0390625 0.517578
10 0.951172 0.266663 0.0371094 0.0623779 0.511719
27 0.646484 0.597656 0.0253906 0.0507812 0.511719
