18 0.601562 0.765137 0.0390625 0.0527344 0.990234
18 0.850098 0.847656 0.0371094 0.0507812 0.984375
12 0.783203 0.1875 0.0351562 0.0793457 0.979492
10 0.358154 0.762695 0.0356445 0.0664062 0.977051
21 0.442627 0.367676 0.0385742 0.0605469 0.974121
7 0.904297 0.111206 0.0410156 0.0566406 0.970215
5 0.453613 0.107239 0.0332031 0.0369873 0.96875
9 0.958008 0.850586 0.0371094 0.0458984 0.968262
8 0.46167 0.773926 0.0375977 0.0429688 0.961914
8 0.812012 0.854492 0.0410156 0.0429688 0.961914
11 0.97168 0.339844 0.0351562 0.0673828 0.961426
21 0.412109 0.702148 0.0615234 0.0615234 0.960449
5 0.459961 0.4375 0.0366211 0.0410156 0.956543
10 0.671387 0.929688 0.0380859 0.0644531 0.953125
5 0.457031 0.268799 0.03125 0.0410156 0.952637
0 0.863281 0.602539 0.0644531 0.0449219 0.952148
0 0.822754 0.267151 0.0615234 0.0438232 0.95166
13 0.631836 0.758789 0.0234375 0.0683594 0.95166
5 0.723633 0.942383 0.0390625 0.046875 0.951172
8 0.628906 0.0241852 0.0429688 0.0458679 0.950195
13 0.745117 0.510742 0.0214844 0.0664062 0.94873
8 0.898438 0.182129 0.0410156 0.0395508 0.948242
5 0.776367 0.519043 0.0371094 0.0419922 0.947754
18 0.504883 0.6875 0.0380859 0.0546875 0.945801
10 0.352539 0.59375 0.0273438 0.0644531 0.944824
21 0.514648 0.535645 0.0390625 0.0566406 0.943848
6 0.943359 0.0228882 0.0410156 0.0452271 0.942383
5 0.94043 0.181641 0.0410156 0.0424805 0.942383
5 0.896484 0.348633 0.0390625 0.0439453 0.942383
0 0.892578 0.0224609 0.0595703 0.0443115 0.941406
0 0.759766 0.270264 0.0634766 0.0449219 0.939941
5 0.521973 0.353516 0.0390625 0.0429688 0.939941
18 0.933594 0.260315 0.0527344 0.0565186 0.938965
8 0.848633 0.692383 0.0390625 0.0449219 0.938965
21 0.930664 0.780273 0.0371094 0.0576172 0.938965
2 0.545898 0.769531 0.0322266 0.046875 0.938965
6 0.905273 0.689453 0.0371094 0.0439453 0.936523
5 0.708984 0.268555 0.0371094 0.0458984 0.936035
6 0.878906 0.521362 0.0400391 0.0432129 0.935547
13 0.370361 0.178223 0.0229492 0.0673828 0.933105
21 0.36084 0.283936 0.0429688 0.0605469 0.931641
5 0.543945 0.605469 0.0390625 0.0429688 0.928711
13 0.880859 0.836914 0.0234375 0.0751953 0.928223
2 0.519531 0.0236816 0.0332031 0.0471191 0.927246
2 0.794922 0.0217896 0.0292969 0.0422363 0.926758
8 0.440918 0.855957 0.0410156 0.0449219 0.92627
2 0.65332 0.1875 0.0253906 0.0407715 0.924316
4 0.981934 0.679688 0.0332031 0.0507812 0.924316
6 0.758789 0.353516 0.0380859 0.0419922 0.923828
0 0.825195 0.52002 0.0615234 0.046875 0.922852
5 0.819824 0.433105 0.0390625 0.0429688 0.922363
5 0.606445 0.104309 0.0390625 0.0418701 0.919434
11 0.854492 0.339844 0.0361328 0.0678711 0.918457
5 0.980957 0.935059 0.0351562 0.0449219 0.91748
2 0.591309 0.0242004 0.0283203 0.0453491 0.916016
2 0.4729 0.0238342 0.0341797 0.0462646 0.913086
6 0.616699 0.185791 0.0429688 0.0393066 0.910645
13 0.54541 0.513794 0.0224609 0.0681152 0.905762
6 0.942383 0.932617 0.0410156 0.0449219 0.905762
10 0.886719 0.677734 0.0332031 0.0683594 0.90332
23 0.849121 0.936523 0.0332031 0.0429688 0.901855
0 0.666992 0.105469 0.0820312 0.0412598 0.897461
4 0.723633 0.098877 0.0263672 0.0507812 0.89502
6 0.544922 0.69043 0.0390625 0.0429688 0.893066
5 0.92627 0.601562 0.0351562 0.0449219 0.891602
7 0.359375 0.862305 0.0419922 0.0673828 0.891602
5 0.358887 0.689453 0.0385742 0.0449219 0.884766
6 0.758789 0.02771 0.0390625 0.052002 0.882324
14 0.842773 0.175903 0.0214844 0.0686035 0.877441
8 0.408447 0.603516 0.0419922 0.0449219 0.876465
4 0.484375 0.106201 0.0302734 0.0405273 0.874023
10 0.421875 0.0953979 0.0458984 0.0621338 0.868164
5 0.59375 0.271973 0.0332031 0.0429688 0.864258
4 0.477051 0.851074 0.0317383 0.0517578 0.862305
2 0.816406 0.182251 0.0292969 0.0437012 0.861328
7 0.680176 0.52832 0.0390625 0.0546875 0.86084
2 0.374023 0.603516 0.0273438 0.0429688 0.86084
6 0.480957 0.352539 0.0375977 0.0410156 0.859863
4 0.857422 0.0966797 0.03125 0.0498047 0.858887
6 0.969727 0.768555 0.0380859 0.0429688 0.85791
22 0.541016 0.106079 0.0332031 0.0402832 0.853027
9 0.919922 0.519043 0.0371094 0.046875 0.852051
0 0.379395 0.940918 0.0810547 0.0517578 0.848145
13 0.984863 0.425049 0.0214844 0.0683594 0.847168
5 0.869141 0.437988 0.0351562 0.0424805 0.837402
2 0.865234 0.182129 0.0253906 0.0400391 0.832031
13 0.519531 0.430664 0.0175781 0.0683594 0.831055
13 0.520996 0.760742 0.0175781 0.0683594 0.82666
18 0.779297 0.433594 0.0371094 0.0507812 0.818848
6 0.797852 0.603027 0.0644531 0.0439453 0.817383
0 0.452881 0.943359 0.0629883 0.046875 0.817383
6 0.520508 0.270447 0.0410156 0.0430908 0.81543
14 0.936523 0.672363 0.0195312 0.0625 0.810547
1 0.900391 0.942383 0.0410156 0.0664062 0.805664
10 0.686035 0.677734 0.0439453 0.0625 0.804199
13 0.473389 0.928711 0.0229492 0.0703125 0.79834
2 0.375488 0.772949 0.0263672 0.046875 0.795898
6 0.39917 0.26947 0.0380859 0.0401611 0.774414
13 0.669922 0.983887 0.015625 0.0322266 0.766113
2 0.39624 0.186279 0.0283203 0.043457 0.764648
14 0.964844 0.421875 0.0195312 0.0644531 0.760742
13 0.688965 0.0308838 0.0146484 0.0613403 0.751953
0 0.705078 0.85791 0.0585938 0.0449219 0.750488
1 0.614258 0.861816 0.0371094 0.0644531 0.750488
18 0.762695 0.854492 0.0527344 0.046875 0.743164
14 0.754883 0.927734 0.0175781 0.0664062 0.740234
1 0.572266 0.194336 0.0410156 0.065918 0.733887
13 0.563477 0.261292 0.0234375 0.0721436 0.716797
13 0.955566 0.673828 0.0214844 0.0625 0.716797
18 0.504883 0.770508 0.0458984 0.0498047 0.715332
13 0.774414 0.927734 0.0234375 0.0683594 0.715332
13 0.716797 0.593262 0.0253906 0.0654297 0.713867
7 0.972656 0.609375 0.0546875 0.0644531 0.70752
5 0.991211 0.0221252 0.0175781 0.0423584 0.705566
6 0.400391 0.849609 0.0390625 0.0566406 0.67041
0 0.446533 0.18811 0.0654297 0.0429688 0.651367
35 0.531128 0.845703 0.0666504 0.0605469 0.642578
18 0.510254 0.992188 0.0390625 0.015625 0.616699
16 0.84082 0.0217743 0.0410156 0.0430603 0.598145
16 0.987305 0.182617 0.0253906 0.0449219 0.596191
14 0.560547 0.0230408 0.0253906 0.0460205 0.59082
14 0.429688 0.260254 0.0205078 0.0678711 0.59082
14 0.695312 0.593262 0.0185547 0.0634766 0.588867
4 0.990234 0.0959473 0.0195312 0.048584 0.560059
2 0.723633 0.687988 0.0371094 0.0429688 0.556641
14 0.996094 0.757324 0.0078125 0.0664062 0.525391
23 0.829102 0.770996 0.0351562 0.0429688 0.517578
2 0.396973 0.0220642 0.0273438 0.0438232 0.505859
11 0.996094 0.348877 0.0078125 0.0488281 0.505859
