21 0.59668 0.457031 0.0957031 0.131836 0.982422
6 0.493896 0.828613 0.0874023 0.0917969 0.980469
0 0.850586 0.239746 0.142578 0.0932617 0.973633
8 0.693359 0.431885 0.09375 0.0981445 0.967285
4 0.365723 0.615234 0.0683594 0.115234 0.962402
22 0.823242 0.0427551 0.0859375 0.0855103 0.958008
2 0.912109 0.639648 0.0664062 0.0908203 0.958008
2 0.585449 0.832031 0.0722656 0.104492 0.956055
38 0.386719 0.809082 0.123535 0.161133 0.94043
11 0.580078 0.608398 0.148438 0.147461 0.921387
13 0.826172 0.969238 0.0429688 0.0615234 0.905273
0 0.379639 0.241943 0.131348 0.0952148 0.892578
8 0.94043 0.412109 0.0927734 0.141602 0.864258
4 0.893555 0.983398 0.0703125 0.0332031 0.813965
11 0.758301 0.970215 0.0791016 0.0595703 0.801758
5 0.486572 0.989258 0.0844727 0.0214844 0.788086
4 0.376221 0.988281 0.119629 0.0234375 0.771973
8 0.686523 0.807617 0.0888672 0.138672 0.750488
13 0.80127 0.611328 0.0947266 0.144531 0.71875
13 0.984375 0.800781 0.03125 0.158203 0.715332
2 0.675781 0.991211 0.0703125 0.0175781 0.694336
8 0.496094 0.208862 0.0810547 0.142334 0.675781
12 0.493652 0.0422363 0.131836 0.0844727 0.673828
6 0.951172 0.0422363 0.0976562 0.0842285 0.640625
2 0.962891 0.212036 0.0742188 0.137939 0.631836
13 0.791504 0.410645 0.0908203 0.144531 0.544922
8 0.580078 0.989258 0.0849609 0.0214844 0.511719
