35 0.576172 0.393555 0.0556641 0.0869141 0.990723
8 0.790527 0.390137 0.0341797 0.046875 0.978516
2 0.761719 0.81543 0.0283203 0.0488281 0.969238
21 0.333008 0.498047 0.0415039 0.0644531 0.968262
0 0.556641 0.980469 0.0615234 0.0390625 0.965332
9 0.787598 0.646973 0.0341797 0.046875 0.961914
6 0.505005 0.982422 0.0388184 0.0351562 0.961426
8 0.380615 0.905762 0.0415039 0.0458984 0.960449
0 0.676758 0.478516 0.0585938 0.0449219 0.95752
6 0.671875 0.980469 0.0380859 0.0390625 0.95752
4 0.456055 0.391113 0.0332031 0.0649414 0.956543
7 0.412109 0.663086 0.0410156 0.0605469 0.956543
35 0.947266 0.720703 0.0546875 0.078125 0.956055
6 0.897461 0.977051 0.0371094 0.0400391 0.955078
13 0.47583 0.641602 0.0214844 0.0664062 0.953125
0 0.978027 0.555176 0.0419922 0.0458984 0.952148
13 0.527344 0.8125 0.0224609 0.0625 0.952148
13 0.774414 0.548828 0.0195312 0.0664062 0.95166
10 0.337158 0.899414 0.0415039 0.0664062 0.951172
0 0.979492 0.891602 0.0410156 0.0429688 0.950195
8 0.867188 0.391357 0.0410156 0.0566406 0.947754
5 0.566406 0.818359 0.0527344 0.046875 0.946289
22 0.785156 0.478516 0.0332031 0.0410156 0.945312
21 0.623047 0.407471 0.0410156 0.0629883 0.944336
0 0.8125 0.5625 0.0566406 0.0507812 0.941895
5 0.977539 0.807617 0.0390625 0.0488281 0.941895
0 0.928711 0.473633 0.0585938 0.0527344 0.935059
13 0.822266 0.802734 0.0195312 0.0664062 0.933594
18 0.905273 0.636719 0.0371094 0.0546875 0.932129
9 0.935547 0.975586 0.0371094 0.046875 0.930664
2 0.814453 0.896484 0.03125 0.0449219 0.930176
4 0.754395 0.976562 0.03125 0.046875 0.930176
2 0.417236 0.90332 0.0322266 0.046875 0.927246
8 0.780273 0.897461 0.0351562 0.0439453 0.915527
7 0.709961 0.571289 0.0400391 0.0566406 0.915039
0 0.349121 0.983398 0.0634766 0.0332031 0.913086
0 0.622559 0.900391 0.0761719 0.0449219 0.908203
10 0.835449 0.466309 0.0351562 0.0644531 0.900391
22 0.814941 0.978027 0.0302734 0.0390625 0.89502
13 0.705078 0.635254 0.0214844 0.0761719 0.885742
18 0.918945 0.383789 0.0371094 0.050293 0.884277
8 0.691895 0.888184 0.0595703 0.0654297 0.881836
10 0.680664 0.720703 0.0507812 0.0644531 0.878906
8 0.847656 0.72998 0.0371094 0.0419922 0.875
4 0.61084 0.645508 0.0332031 0.0546875 0.862305
4 0.870117 0.469482 0.0332031 0.0571289 0.856934
5 0.979492 0.470459 0.0351562 0.0439453 0.856934
0 0.474609 0.90332 0.0605469 0.0449219 0.855957
22 0.741699 0.897461 0.0341797 0.0458984 0.850098
0 0.882812 0.895996 0.0820312 0.0458984 0.845703
13 0.911133 0.883301 0.0234375 0.0673828 0.839844
12 0.541016 0.470947 0.0371094 0.0610352 0.838867
22 0.828125 0.391113 0.0351562 0.0488281 0.830078
4 0.96582 0.632812 0.0322266 0.0625 0.817383
6 0.75293 0.648438 0.0371094 0.046875 0.813965
5 0.660645 0.393555 0.0371094 0.046875 0.810547
1 0.629883 0.979492 0.0371094 0.0410156 0.808105
4 0.330078 0.738281 0.0361328 0.0488281 0.800781
10 0.75 0.465332 0.0429688 0.0664062 0.79834
13 0.938477 0.629883 0.0234375 0.0703125 0.79834
0 0.969727 0.379395 0.0595703 0.0644531 0.795898
2 0.629395 0.728027 0.0263672 0.0429688 0.795898
4 0.386719 0.483887 0.0302734 0.0566406 0.795898
6 0.865234 0.547363 0.0449219 0.0634766 0.792969
2 0.924805 0.811523 0.0341797 0.046875 0.789062
13 0.718262 0.464355 0.0185547 0.0703125 0.788086
2 0.755371 0.379883 0.0332031 0.0664062 0.773438
2 0.585938 0.734375 0.0556641 0.0449219 0.770508
8 0.793945 0.727539 0.0605469 0.0458984 0.764648
22 0.383789 0.401123 0.0361328 0.0473633 0.760742
4 0.892578 0.722656 0.0527344 0.0527344 0.73877
14 0.726562 0.637207 0.0185547 0.0693359 0.72168
22 0.564453 0.565918 0.0351562 0.0449219 0.715332
0 0.345703 0.647461 0.0625 0.0625 0.715332
6 0.484863 0.811523 0.0449219 0.0664062 0.715332
6 0.344482 0.566406 0.0620117 0.0566406 0.713867
22 0.401611 0.824219 0.0341797 0.0410156 0.713867
14 0.868164 0.966797 0.0195312 0.0634766 0.682617
6 0.369141 0.737305 0.0419922 0.0546875 0.677246
5 0.500488 0.398438 0.0517578 0.046875 0.672363
12 0.418457 0.972656 0.0507812 0.0546875 0.672363
12 0.654297 0.5625 0.0507812 0.0878906 0.662109
18 0.689453 0.808594 0.0488281 0.0507812 0.631836
4 0.334473 0.820312 0.0429688 0.0556641 0.624512
4 0.567383 0.899902 0.03125 0.0458984 0.613281
2 0.70752 0.972168 0.0302734 0.0556641 0.59082
2 0.858398 0.811523 0.0546875 0.0527344 0.577637
13 0.361572 0.477539 0.0209961 0.0683594 0.563965
18 0.52832 0.899902 0.0458984 0.0488281 0.554688
7 0.492676 0.489258 0.0556641 0.0644531 0.548828
12 0.464844 0.970703 0.0366211 0.0585938 0.527344
