21 0.0413513 0.577637 0.0393677 0.0585938 0.959473
21 0.145508 0.657227 0.0415039 0.0644531 0.905273
13 0.0421677 0.132935 0.0252838 0.0708008 0.90332
5 0.0678101 0.816895 0.0386963 0.0498047 0.901855
0 0.117065 0.396973 0.0561523 0.0429688 0.891602
13 0.123657 0.212646 0.0197754 0.0751953 0.877441
4 0.0705566 0.14209 0.0317383 0.0585938 0.877441
13 0.15625 0.381348 0.0224609 0.0761719 0.859863
6 0.0569153 0.981445 0.0371704 0.0371094 0.849121
2 0.134735 0.733398 0.0283813 0.0449219 0.838867
2 0.139648 0.476074 0.0305176 0.0478516 0.835449
18 0.0226288 0.811523 0.0451965 0.0507812 0.820801
8 0.178833 0.477051 0.043457 0.0498047 0.800781
5 0.0966797 0.0548401 0.052002 0.0569458 0.790527
0 0.0430298 0.724609 0.0578613 0.0546875 0.747559
12 0.00532532 0.72168 0.0105896 0.0644531 0.705566
4 0.184326 0.391357 0.0336914 0.0546875 0.700684
13 0.194214 0.722656 0.0219727 0.0722656 0.699219
4 0.183594 0.30835 0.0341797 0.0585938 0.675781
4 0.182739 0.056282 0.0339355 0.0523529 0.663574
18 0.0546265 0.313477 0.0362549 0.0449219 0.658203
18 0.0145569 0.141724 0.0291138 0.0581055 0.642578
13 0.11554 0.960449 0.0238037 0.0791016 0.611328
10 0.131714 0.886719 0.0385742 0.0664062 0.594727
18 0.0191956 0.974609 0.0383911 0.0507812 0.59082
23 0.160889 0.814453 0.0361328 0.0458984 0.577637
6 0.0817871 0.564453 0.0405273 0.0410156 0.563965
22 0.0637817 0.649414 0.0374756 0.0449219 0.558105
12 0.108643 0.807617 0.0393066 0.0585938 0.554688
14 0.0336304 0.638672 0.0214233 0.0644531 0.546875
10 0.101379 0.72168 0.0356445 0.0644531 0.503906
