14 0.976074 0.583008 0.0458984 0.138672 0.983887
7 0.427734 0.822754 0.0932617 0.128906 0.975586
8 0.748047 0.601562 0.101562 0.09375 0.969727
6 0.334473 0.800781 0.0917969 0.0898438 0.968262
7 0.704102 0.0463562 0.0908203 0.0927124 0.962891
14 0.927246 0.58252 0.0449219 0.139648 0.959961
8 0.702148 0.799805 0.0976562 0.0996094 0.959473
8 0.0670776 0.977539 0.09729 0.0449219 0.956055
23 0.249756 0.802734 0.0708008 0.0957031 0.939941
5 0.164307 0.973633 0.0895996 0.0527344 0.939453
13 0.018158 0.17395 0.0361938 0.137695 0.9375
4 0.558594 0.393555 0.0722656 0.111328 0.937012
0 0.0502319 0.396973 0.100464 0.0976562 0.936523
8 0.0499268 0.0222778 0.0916748 0.0444946 0.915527
6 0.853027 0.601562 0.0976562 0.0908203 0.904785
7 0.935547 0.226807 0.126953 0.130371 0.900391
2 0.962891 0.979492 0.0712891 0.0410156 0.896484
27 0.310059 0.0278625 0.0712891 0.0557251 0.891602
8 0.879883 0.0270538 0.0957031 0.0541077 0.884277
6 0.33667 0.976562 0.0322266 0.046875 0.84082
5 0.625977 0.600586 0.100586 0.09375 0.82666
13 0.77832 0.0281067 0.0507812 0.0562134 0.791992
1 0.758789 0.424805 0.136719 0.141602 0.789062
5 0.805664 0.176147 0.0878906 0.142822 0.785156
11 0.567383 0.95459 0.0859375 0.0908203 0.694336
46 0.199341 0.02388 0.145264 0.04776 0.65332
0 0.435547 0.978027 0.160156 0.0439453 0.635254
7 0.938477 0.817383 0.123047 0.160156 0.62793
6 0.176758 0.383789 0.14209 0.111328 0.581543
6 0.452637 0.593262 0.137695 0.116211 0.554688
1 0.966797 0.0693359 0.0664062 0.138672 0.541016
11 0.601562 0.941406 0.15332 0.117188 0.541016
4 0.261475 0.970703 0.0888672 0.0585938 0.523438
27 0.183838 0.778809 0.0566406 0.143555 0.509766
