5 0.199951 0.0795746 0.0356445 0.0386047 0.983887
9 0.129028 0.700195 0.0351562 0.0371094 0.974121
12 0.0936279 0.151611 0.0432129 0.0715332 0.960449
2 0.189453 0.543457 0.0322266 0.0390625 0.952148
5 0.128052 0.621094 0.0378418 0.0390625 0.946777
18 0.0980225 0.842773 0.0458984 0.0605469 0.946777
9 0.21582 0.774902 0.0366211 0.0419922 0.943359
9 0.0389481 0.235596 0.0350189 0.0419922 0.940918
5 0.0299988 0.546875 0.0351562 0.0371094 0.936035
9 0.0914307 0.93457 0.0357666 0.0390625 0.935547
46 0.193115 0.696289 0.0791016 0.046875 0.924805
2 0.180298 0.930176 0.0322266 0.0400391 0.923828
13 0.0232086 0.766602 0.0187073 0.0654297 0.922852
5 0.0993042 0.470215 0.0366211 0.0400391 0.918457
0 0.19458 0.232788 0.0766602 0.0378418 0.914062
13 0.233276 0.918945 0.0202637 0.0673828 0.913086
5 0.136353 0.158325 0.0351562 0.0395508 0.901855
18 0.157471 0.850586 0.0527344 0.0488281 0.900391
6 0.0684967 0.314941 0.0334167 0.0400391 0.895508
22 0.204224 0.850586 0.036377 0.0410156 0.890137
10 0.141357 0.922852 0.0400391 0.0615234 0.884277
4 0.119263 0.542969 0.0241699 0.0439453 0.874023
5 0.0436401 0.012291 0.0379639 0.0245819 0.868164
0 0.116577 0.77832 0.0754395 0.0410156 0.868164
14 0.128693 0.457031 0.015564 0.0615234 0.866211
4 0.0986938 0.311279 0.0257568 0.0458984 0.863281
14 0.0316772 0.381104 0.0185547 0.0649414 0.859863
7 0.0876312 0.0874023 0.0574036 0.0526123 0.85498
13 0.0528564 0.382812 0.0231934 0.0732422 0.847168
6 0.04319 0.85791 0.0572968 0.0371094 0.836426
21 0.125488 0.019104 0.0397949 0.038208 0.834473
6 0.0982666 0.236816 0.0388184 0.0405273 0.834473
14 0.00587082 0.0702515 0.0116959 0.0605469 0.833496
10 0.135864 0.301025 0.0314941 0.0668945 0.808105
2 0.15332 0.46582 0.0292969 0.0371094 0.806641
2 0.03125 0.0828247 0.0323486 0.0386963 0.805664
23 0.130981 0.0763092 0.0305176 0.037323 0.790527
13 0.207031 0.298828 0.0202637 0.0644531 0.788086
14 0.187256 0.983887 0.0161133 0.0322266 0.786621
4 0.160156 0.620117 0.0258789 0.0390625 0.771973
24 0.0554504 0.786133 0.0394897 0.0507812 0.760742
13 0.0224152 0.907715 0.0141602 0.0263672 0.754883
5 0.0101471 0.394287 0.0200195 0.0351562 0.744629
2 0.0351868 0.700195 0.0299072 0.0371094 0.73584
7 0.184326 0.0209503 0.0644531 0.0419006 0.690918
10 0.172852 0.0687408 0.0327148 0.0568542 0.682617
12 0.00536346 0.549316 0.0107269 0.0458984 0.645996
13 0.225098 0.221436 0.0185547 0.0561523 0.644043
38 0.0188904 0.463867 0.0377808 0.0703125 0.633301
6 0.0598755 0.935547 0.0247803 0.0351562 0.602051
13 0.111145 0.97998 0.0352783 0.0400391 0.600098
2 0.0765991 0.996094 0.0268555 0.0078125 0.57959
13 0.0874634 0.765625 0.0213623 0.0634766 0.556641
13 0.0224609 0.924805 0.0161133 0.0605469 0.554688
13 0.0592651 0.672852 0.0142822 0.0263672 0.546875
6 0.0708008 0.701172 0.0368652 0.0371094 0.527344
