18 0.164062 0.867188 0.0424805 0.0625 0.971191
5 0.0142288 0.887695 0.0282745 0.0390625 0.956543
0 0.0463867 0.808594 0.0539551 0.0390625 0.941895
22 0.138153 0.645508 0.0352173 0.0410156 0.906738
0 0.0550461 0.882812 0.0534821 0.0419922 0.901855
16 0.124146 0.797852 0.0490723 0.0429688 0.898438
13 0.0735474 0.711426 0.0166016 0.0751953 0.870605
2 0.150024 0.72168 0.0354004 0.0390625 0.85498
1 0.118896 0.886719 0.0400391 0.0546875 0.810547
13 0.161133 0.789062 0.0212402 0.0703125 0.757812
5 0.0772705 0.962891 0.0356445 0.0371094 0.753418
12 0.00640869 0.640137 0.0126648 0.0839844 0.73584
6 0.0284729 0.966797 0.0172729 0.0371094 0.684082
13 0.107788 0.555176 0.0180664 0.0664062 0.57959
