35 0.571289 0.885254 0.0566406 0.0693359 0.989746
9 0.710938 0.80957 0.0371094 0.0410156 0.97998
3 0.779297 0.560547 0.0605469 0.0683594 0.977539
0 0.105835 0.986328 0.0561523 0.0273438 0.974609
12 0.719238 0.880371 0.0410156 0.0693359 0.973633
2 0.154297 0.985352 0.0307617 0.0292969 0.970703
18 0.914062 0.867188 0.0429688 0.0625 0.969727
10 0.628906 0.800781 0.03125 0.0664062 0.967773
11 0.619141 0.881836 0.0371094 0.0625 0.96582
18 0.186279 0.901367 0.0410156 0.0644531 0.96582
10 0.265625 0.580566 0.0317383 0.0664062 0.960938
5 0.259521 0.984375 0.0356445 0.03125 0.959961
29 0.0519333 0.755859 0.0564117 0.078125 0.95752
6 0.77832 0.966797 0.0175781 0.0361328 0.95752
22 0.192993 0.835938 0.036377 0.0410156 0.943848
5 0.760742 0.887695 0.0351562 0.0371094 0.938965
0 0.795898 0.808594 0.0537109 0.0390625 0.936523
10 0.648926 0.961914 0.0302734 0.0644531 0.936035
13 0.310059 0.735352 0.0175781 0.0625 0.93457
9 0.739258 0.652344 0.0361328 0.0410156 0.934082
5 0.445312 0.586426 0.0332031 0.0390625 0.933594
2 0.0455933 0.98584 0.0319824 0.0283203 0.933594
13 0.0120621 0.826172 0.0165863 0.0625 0.932617
13 0.0823975 0.824707 0.0195312 0.0664062 0.931152
13 0.679688 0.801758 0.0195312 0.0712891 0.930176
14 0.351074 0.734863 0.019043 0.0605469 0.928223
6 0.391113 0.59082 0.0351562 0.0390625 0.926758
22 0.106934 0.759766 0.0375977 0.0390625 0.924316
6 0.391113 0.825684 0.0361328 0.0380859 0.921387
4 0.107422 0.835938 0.0253906 0.0449219 0.918457
22 0.888184 0.645508 0.0351562 0.0410156 0.915039
5 0.139435 0.599609 0.0346069 0.0410156 0.913574
13 0.514648 0.807129 0.0195312 0.0673828 0.911621
0 0.0914917 0.916016 0.0548096 0.0429688 0.908691
5 0.437012 0.901367 0.0366211 0.0410156 0.908203
16 0.874023 0.797852 0.0488281 0.0429688 0.906738
0 0.804688 0.882812 0.0527344 0.0410156 0.905273
13 0.823242 0.711426 0.0175781 0.0751953 0.903809
2 0.147949 0.755859 0.0332031 0.0410156 0.902832
22 0.229736 0.911133 0.0368652 0.0390625 0.901855
9 0.519043 0.972656 0.0341797 0.0371094 0.900391
7 0.485352 0.828613 0.0380859 0.0566406 0.898438
0 0.298828 0.830078 0.0537109 0.0410156 0.89502
13 0.0159645 0.974121 0.0165329 0.0517578 0.891602
7 0.787598 0.655273 0.0410156 0.0507812 0.889648
13 0.453125 0.80957 0.0175781 0.0703125 0.88623
2 0.663086 0.574707 0.0292969 0.0390625 0.878906
18 0.278809 0.902832 0.0419922 0.0527344 0.878906
6 0.237549 0.833008 0.0463867 0.0390625 0.878418
6 0.481934 0.979492 0.0332031 0.0351562 0.876465
18 0.3125 0.666016 0.0556641 0.046875 0.875
7 0.0362549 0.69043 0.0380859 0.0527344 0.869629
8 0.216797 0.67334 0.0385742 0.0400391 0.861328
22 0.100037 0.679688 0.0352783 0.0390625 0.861328
2 0.899902 0.72168 0.0351562 0.0390625 0.851074
14 0.167969 0.585938 0.0180664 0.0634766 0.842773
7 0.360352 0.912109 0.0390625 0.0556641 0.84082
1 0.868652 0.886719 0.0400391 0.0546875 0.839844
5 0.572266 0.584961 0.0595703 0.0410156 0.836426
7 0.705078 0.974609 0.0429688 0.0507812 0.832031
8 0.483398 0.584961 0.0449219 0.0390625 0.825684
6 0.660156 0.733398 0.0488281 0.0371094 0.81543
6 0.442871 0.744141 0.0439453 0.0390625 0.803223
4 0.754883 0.807617 0.0253906 0.0439453 0.799316
14 0.330078 0.734863 0.0180664 0.0605469 0.796875
14 0.0714111 0.67041 0.019165 0.0644531 0.785156
5 0.827148 0.962891 0.0351562 0.0371094 0.78418
4 0.110657 0.601074 0.0214844 0.046875 0.760742
13 0.911133 0.788574 0.0214844 0.0703125 0.756348
6 0.423828 0.668457 0.0585938 0.0390625 0.750488
10 0.564941 0.960938 0.0380859 0.0644531 0.750488
13 0.208008 0.975098 0.0187988 0.0498047 0.750488
6 0.441406 0.666992 0.0244141 0.0390625 0.680664
4 0.523438 0.570312 0.03125 0.0634766 0.640625
13 0.683594 0.717773 0.0234375 0.0644531 0.625977
2 0.62207 0.974609 0.0136719 0.0195312 0.616699
6 0.728516 0.733887 0.0488281 0.0361328 0.609375
8 0.398438 0.904297 0.0351562 0.0390625 0.592773
2 0.362305 0.979492 0.0273438 0.0371094 0.577637
18 0.0454407 0.835938 0.0493774 0.0449219 0.57373
6 0.584473 0.81543 0.0341797 0.0390625 0.569824
2 0.0776215 0.602539 0.0381165 0.0410156 0.563965
6 0.761719 0.966797 0.0175781 0.0351562 0.558105
13 0.547363 0.658203 0.0146484 0.0859375 0.554688
8 0.148071 0.837402 0.0358887 0.0400391 0.552734
13 0.417969 0.732422 0.0214844 0.0625 0.550781
4 0.708008 0.562012 0.0566406 0.0634766 0.548828
6 0.196899 0.598633 0.0366211 0.0390625 0.544922
4 0.424072 0.8125 0.0249023 0.0644531 0.537109
13 0.85791 0.555664 0.0185547 0.0683594 0.521484
19 0.391113 0.980469 0.0244141 0.0351562 0.517578
6 0.139526 0.905762 0.0378418 0.0585938 0.515625
