8 0.243474 0.80163 0.0943852 0.0900223 0.982795
1 0.538195 0.831213 0.0869139 0.131188 0.96645
14 0.929058 0.788107 0.042064 0.135482 0.962605
6 0.643986 0.809403 0.0915703 0.0880911 0.956505
2 0.156967 0.801656 0.0681361 0.088129 0.954981
22 0.744043 0.811423 0.0813534 0.0870748 0.953128
18 0.345676 0.791892 0.0893317 0.121555 0.924559
13 0.832904 0.786702 0.0426567 0.133976 0.920877
14 0.878159 0.789381 0.043335 0.135113 0.913006
2 0.982322 0.817077 0.035356 0.0827012 0.899196
14 0.090874 0.781729 0.0450159 0.133748 0.88177
6 0.257404 0.980137 0.0914387 0.0397264 0.872332
5 0.159098 0.977599 0.0898623 0.0448028 0.87208
5 0.9772 0.612586 0.0451698 0.0910292 0.863197
6 0.924161 0.417817 0.0949054 0.0870548 0.839779
13 0.418937 0.784369 0.039754 0.138305 0.67258
23 0.0247713 0.976816 0.0495426 0.0462204 0.650504
13 0.903827 0.19726 0.042201 0.140634 0.542758
0 0.801799 0.41862 0.136035 0.089365 0.529551
