18 0.794434 0.843262 0.101562 0.143555 0.987793
19 0.772461 0.669922 0.0625 0.09375 0.984863
18 0.185303 0.864258 0.0927734 0.126953 0.977051
11 0.515137 0.851562 0.0908203 0.134766 0.976562
8 0.928711 0.663574 0.0898438 0.09375 0.974609
0 0.842773 0.4729 0.121094 0.0893555 0.968262
2 0.883789 0.859375 0.0644531 0.09375 0.963867
5 0.973633 0.252441 0.0527344 0.110352 0.962891
5 0.419922 0.877441 0.0947266 0.0927734 0.962891
5 0.845703 0.666504 0.0791016 0.0927734 0.960938
5 0.146973 0.486328 0.0856934 0.0908203 0.960449
5 0.950195 0.462891 0.078125 0.0966797 0.960449
2 0.90918 0.268799 0.0664062 0.0927734 0.957031
0 0.958984 0.860352 0.0800781 0.0898438 0.955566
2 0.26178 0.480469 0.0701904 0.0878906 0.955078
46 0.646484 0.686523 0.158203 0.121094 0.954102
8 0.830078 0.268982 0.0859375 0.0948486 0.950684
2 0.442871 0.0827789 0.0712891 0.0849304 0.950195
18 0.0501709 0.471191 0.0922852 0.120117 0.950195
2 0.623535 0.873047 0.0683594 0.0917969 0.934082
4 0.990234 0.654297 0.0195312 0.115234 0.927246
13 0.677734 0.847656 0.0371094 0.144531 0.900391
22 0.0825348 0.889648 0.0868835 0.0878906 0.851074
8 0.232788 0.657227 0.0866699 0.139648 0.715332
6 0.740234 0.269775 0.0917969 0.105957 0.710449
5 0.464355 0.484863 0.0356445 0.0390625 0.519531
