5 0.085083 0.357178 0.0373535 0.0507812 0.977539
21 0.101562 0.116516 0.0422363 0.0577393 0.943848
9 0.162109 0.102112 0.0371094 0.0438232 0.925293
5 0.169678 0.184204 0.0390625 0.0539551 0.921387
5 0.0607605 0.103699 0.0337524 0.0412598 0.905273
2 0.184082 0.0215302 0.0358887 0.0428162 0.88623
22 0.103394 0.0215454 0.0361328 0.0415649 0.882324
18 0.101318 0.270508 0.0554199 0.050293 0.881836
2 0.0340042 0.268555 0.0324554 0.0449219 0.863281
9 0.010788 0.188477 0.0215149 0.0498047 0.837402
13 0.132202 0.086731 0.0195312 0.0753174 0.819824
6 0.0706787 0.17981 0.0618896 0.0610352 0.565918
