12 0.805664 0.511841 0.0371094 0.0700684 0.994141
35 0.936523 0.935547 0.0546875 0.0859375 0.988281
5 0.582031 0.604004 0.0371094 0.0419922 0.983398
10 0.592773 0.927734 0.0273438 0.0664062 0.976074
12 0.728516 0.771484 0.0332031 0.0800781 0.975098
10 0.484375 0.591797 0.0302734 0.0664062 0.974121
8 0.786133 0.9375 0.0390625 0.0419922 0.97168
35 0.364746 0.442383 0.0581055 0.0986328 0.966309
18 0.695312 0.427246 0.0390625 0.0605469 0.959961
18 0.952148 0.598633 0.0390625 0.0527344 0.958008
0 0.801758 0.602539 0.0605469 0.0449219 0.953125
7 0.970703 0.530762 0.0410156 0.0605469 0.947266
6 0.360352 0.856934 0.0429688 0.0527344 0.943359
6 0.577148 0.69043 0.0371094 0.0449219 0.941895
5 0.538086 0.688965 0.0390625 0.0439453 0.939941
7 0.72168 0.692383 0.0683594 0.0703125 0.938477
6 0.808594 0.855469 0.0585938 0.0400391 0.932617
18 0.828125 0.684082 0.0371094 0.0556641 0.932617
0 0.948242 0.769531 0.0566406 0.0488281 0.931152
14 0.791992 0.760254 0.0205078 0.0693359 0.927246
5 0.897461 0.769043 0.0400391 0.046875 0.926758
5 0.912109 0.601562 0.0410156 0.0449219 0.924805
8 0.361816 0.941895 0.0473633 0.0478516 0.924805
13 0.504028 0.510864 0.0231934 0.0700684 0.924316
2 0.613281 0.433105 0.03125 0.0458984 0.921387
18 0.741211 0.595703 0.0576172 0.0605469 0.921387
11 0.928711 0.676758 0.0380859 0.0664062 0.915039
2 0.892578 0.68457 0.0332031 0.046875 0.911621
9 0.476807 0.9375 0.0356445 0.0449219 0.911133
13 0.448486 0.922852 0.0205078 0.0751953 0.90918
13 0.714844 0.511841 0.0244141 0.0837402 0.901855
0 0.633789 0.77002 0.0615234 0.0498047 0.893066
0 0.380371 0.773926 0.0820312 0.046875 0.890137
13 0.861328 0.67627 0.0273438 0.0888672 0.888184
2 0.613281 0.938477 0.0273438 0.0429688 0.885742
21 0.544922 0.947266 0.0664062 0.0605469 0.882324
7 0.675293 0.522461 0.0537109 0.078125 0.871582
0 0.558105 0.856445 0.0595703 0.0429688 0.871582
9 0.842773 0.518066 0.0351562 0.0429688 0.858887
13 0.513672 0.421631 0.0253906 0.0800781 0.848145
4 0.681641 0.766602 0.0332031 0.0527344 0.848145
1 0.442383 0.444824 0.0390625 0.0673828 0.831055
5 0.990723 0.682129 0.0185547 0.0458984 0.827637
0 0.41748 0.6875 0.078125 0.0449219 0.825684
10 0.603516 0.930664 0.0332031 0.0605469 0.824219
13 0.729492 0.423584 0.0273438 0.0678711 0.81543
18 0.756836 0.853027 0.0429688 0.0449219 0.809082
2 0.399902 0.854492 0.03125 0.0429688 0.805664
5 0.6875 0.938965 0.0507812 0.0419922 0.794434
2 0.503418 0.602539 0.0273438 0.046875 0.792969
13 0.830566 0.844727 0.0195312 0.0605469 0.774414
4 0.980469 0.850586 0.0361328 0.0488281 0.774414
13 0.995605 0.510864 0.00878906 0.0778809 0.770508
2 0.766602 0.770508 0.0302734 0.0458984 0.751953
6 0.982422 0.987793 0.0292969 0.0244141 0.730957
4 0.909668 0.515625 0.0605469 0.0556641 0.729492
6 0.48584 0.853516 0.0576172 0.0488281 0.728027
6 0.618164 0.686035 0.0429688 0.0458984 0.72168
1 0.408691 0.610352 0.0390625 0.0644531 0.715332
5 0.692871 0.852539 0.0605469 0.0449219 0.699219
2 0.819336 0.770508 0.0332031 0.046875 0.690918
21 0.814941 0.423828 0.0556641 0.0732422 0.684082
5 0.756836 0.519043 0.0566406 0.0566406 0.654785
2 0.754883 0.43457 0.0332031 0.0478516 0.645996
46 0.573242 0.774414 0.0585938 0.0488281 0.645996
13 0.992188 0.925293 0.015625 0.0644531 0.631836
11 0.491455 0.762695 0.0366211 0.0625 0.611328
6 0.854492 0.592773 0.0410156 0.0644531 0.607422
23 0.35791 0.689453 0.0371094 0.0419922 0.607422
23 0.881836 0.936035 0.0322266 0.0429688 0.598145
2 0.422852 0.522949 0.0283203 0.0449219 0.583008
7 0.493408 0.699707 0.0385742 0.0644531 0.577637
13 0.411621 0.760742 0.0214844 0.0742188 0.567871
13 0.842773 0.985352 0.015625 0.0292969 0.565918
12 0.993164 0.587891 0.0136719 0.0771484 0.550781
23 0.680176 0.602539 0.0371094 0.0429688 0.505859
