18 0.850098 0.0976562 0.0371094 0.0507812 0.983398
12 0.831055 0.36084 0.0351562 0.0834961 0.976074
2 0.375488 0.0235138 0.0273438 0.0455627 0.969727
18 0.602051 0.0206909 0.0390625 0.0411377 0.967773
5 0.53418 0.361816 0.0351562 0.0449219 0.966797
9 0.958008 0.100403 0.0371094 0.0458984 0.966309
10 0.671387 0.179932 0.0380859 0.0649414 0.963867
2 0.545898 0.0220337 0.0332031 0.0440674 0.962891
8 0.812012 0.104004 0.0410156 0.0437012 0.962891
8 0.915039 0.359375 0.0429688 0.0541992 0.95752
5 0.646484 0.358887 0.0390625 0.046875 0.955566
5 0.723633 0.192505 0.0390625 0.0476074 0.954102
0 0.821777 0.273499 0.0595703 0.0477295 0.949219
21 0.930664 0.0303192 0.0371094 0.0570374 0.94873
4 0.954102 0.354004 0.0332031 0.0483398 0.946777
8 0.440918 0.105774 0.0410156 0.0445557 0.943359
0 0.374512 0.359863 0.0649414 0.0498047 0.935059
23 0.849121 0.18689 0.0332031 0.0437012 0.931641
13 0.880859 0.086853 0.0234375 0.0753174 0.931152
7 0.983398 0.27832 0.0332031 0.065918 0.929199
8 0.55127 0.277588 0.0400391 0.0395508 0.927246
13 0.632812 0.0215454 0.0214844 0.0429688 0.923828
8 0.461426 0.0230865 0.0380859 0.04422 0.922363
5 0.980957 0.185059 0.0351562 0.0446777 0.917969
6 0.942383 0.182373 0.0410156 0.0449219 0.91748
0 0.884277 0.271423 0.0654297 0.0489502 0.914062
18 0.505371 0.0230713 0.0458984 0.0443115 0.905273
6 0.873047 0.35791 0.0410156 0.0439453 0.898438
6 0.400391 0.103577 0.0390625 0.0491943 0.896973
4 0.477051 0.101074 0.0322266 0.0512695 0.875977
0 0.769531 0.359863 0.0585938 0.0537109 0.873047
1 0.899902 0.193115 0.0419922 0.065918 0.866211
8 0.419434 0.274414 0.0419922 0.0458984 0.847168
6 0.970703 0.0194092 0.0390625 0.0386963 0.839844
0 0.452881 0.193481 0.0629883 0.0483398 0.833496
0 0.373291 0.192139 0.0683594 0.0488281 0.825684
22 0.772461 0.272461 0.0351562 0.0449219 0.825684
9 0.936523 0.268982 0.0371094 0.0460205 0.817383
0 0.699219 0.272034 0.0800781 0.0496826 0.810547
13 0.506836 0.350098 0.0205078 0.0717773 0.804199
13 0.774414 0.177856 0.0234375 0.0690918 0.791992
13 0.473633 0.179199 0.0234375 0.0717773 0.774414
14 0.755371 0.177734 0.0185547 0.0673828 0.764648
1 0.61377 0.111633 0.0380859 0.0648193 0.760742
0 0.705078 0.10791 0.0585938 0.0449219 0.759277
4 0.47998 0.355469 0.0292969 0.0610352 0.753418
6 0.428223 0.360352 0.0439453 0.046875 0.725098
18 0.762695 0.104858 0.0527344 0.0461426 0.715332
12 0.693848 0.362549 0.0556641 0.0756836 0.672363
35 0.532104 0.0959473 0.0646973 0.0603027 0.67041
4 0.461426 0.269104 0.0458984 0.0565186 0.625977
4 0.641602 0.272949 0.0332031 0.046875 0.615234
23 0.828613 0.0209961 0.0361328 0.0419922 0.583008
6 0.78418 0.0236053 0.0566406 0.0469666 0.552734
32 0.510254 0.274902 0.0361328 0.081543 0.542969
