21 0.908203 0.418945 0.0966797 0.136719 0.976562
21 0.676758 0.426758 0.0976562 0.134766 0.974121
4 0.900391 0.789062 0.0664062 0.105469 0.970703
14 0.860352 0.572754 0.0488281 0.136719 0.96582
16 0.589844 0.806152 0.0957031 0.0976562 0.960938
14 0.831543 0.180908 0.0458984 0.136719 0.958008
8 0.580566 0.028717 0.0966797 0.0574341 0.955078
14 0.785156 0.183716 0.0449219 0.136963 0.950195
5 0.967285 0.793457 0.0654297 0.0927734 0.947266
2 0.824219 0.400879 0.0654297 0.0942383 0.943359
8 0.698242 0.602539 0.0888672 0.0957031 0.935059
14 0.752441 0.77832 0.0449219 0.138672 0.923828
23 0.760742 0.401123 0.0605469 0.0947266 0.919434
22 0.790039 0.601562 0.078125 0.0869141 0.856934
9 0.977051 0.197998 0.0449219 0.0922852 0.855957
2 0.986328 0.0197754 0.0273438 0.0394287 0.838867
13 0.818359 0.773438 0.0878906 0.142578 0.726562
7 0.691406 0.22998 0.134766 0.136719 0.726562
8 0.587891 0.981934 0.0859375 0.0361328 0.72168
13 0.78418 0.0234528 0.0390625 0.0469055 0.71875
6 0.945312 0.594727 0.103516 0.0898438 0.708984
22 0.682617 0.808105 0.078125 0.0908203 0.642578
5 0.902344 0.197388 0.0849609 0.0913086 0.556641
4 0.583008 0.604004 0.0839844 0.0966797 0.552734
4 0.954102 0.96875 0.0839844 0.0625 0.521484
