21 0.897461 0.0492554 0.0429688 0.0583496 0.98584
12 0.70752 0.0349731 0.0742188 0.0699463 0.981445
21 0.454102 0.043396 0.0419922 0.0592041 0.97998
5 0.626953 0.483398 0.0390625 0.0429688 0.979492
10 0.3125 0.203247 0.0361328 0.0683594 0.978027
18 0.638672 0.297363 0.0410156 0.0615234 0.966797
18 0.485352 0.293701 0.046875 0.0649414 0.964355
0 0.415039 0.570312 0.0615234 0.0449219 0.962891
12 0.673828 0.389648 0.0742188 0.081543 0.960449
8 0.898438 0.131226 0.0429688 0.0476074 0.957031
0 0.32959 0.125458 0.0668945 0.0513306 0.95459
10 0.476318 0.561523 0.0444336 0.0673828 0.953125
5 0.365234 0.571777 0.0400391 0.0449219 0.95166
2 0.921875 0.486084 0.0292969 0.0415039 0.949707
1 0.505371 0.222168 0.0400391 0.0629883 0.946777
22 0.594238 0.30249 0.0390625 0.0424805 0.945801
22 0.828125 0.481445 0.0390625 0.0410156 0.941895
21 0.496094 0.487305 0.0429688 0.0615234 0.939453
5 0.441406 0.303223 0.0380859 0.0449219 0.937988
4 0.385498 0.475098 0.0307617 0.0488281 0.9375
0 0.541992 0.300049 0.0605469 0.0458984 0.936523
22 0.696289 0.213745 0.0380859 0.0415039 0.93457
22 0.857422 0.127319 0.0351562 0.0419922 0.934082
22 0.382812 0.124695 0.0371094 0.0423584 0.933594
7 0.537109 0.578125 0.0615234 0.0644531 0.931152
0 0.945312 0.301514 0.0625 0.0517578 0.930664
4 0.642578 0.031868 0.0292969 0.0568695 0.928223
0 0.96875 0.39502 0.0625 0.046875 0.927734
7 0.770508 0.134888 0.0429688 0.0598145 0.919434
1 0.834473 0.224609 0.0410156 0.0625 0.916504
9 0.822266 0.575195 0.0410156 0.0507812 0.913574
5 0.845215 0.396484 0.0400391 0.0478516 0.906738
10 0.427002 0.114746 0.0419922 0.0690918 0.905762
0 0.888184 0.210083 0.0664062 0.052002 0.900391
22 0.892578 0.307617 0.0390625 0.0429688 0.900391
14 0.875977 0.383301 0.0195312 0.0664062 0.899902
18 0.991699 0.569336 0.0166016 0.0742188 0.895508
4 0.839355 0.299072 0.0283203 0.0620117 0.893066
13 0.422119 0.0311279 0.0219727 0.0622559 0.881836
8 0.469727 0.124146 0.0449219 0.048584 0.881836
14 0.398926 0.0306396 0.0224609 0.0612793 0.867188
10 0.983398 0.118164 0.0332031 0.0634766 0.866211
6 0.639648 0.123047 0.0546875 0.0390625 0.864258
7 0.98877 0.495605 0.0224609 0.0664062 0.863281
2 0.775879 0.213867 0.03125 0.0429688 0.862305
2 0.735352 0.125275 0.0273438 0.0414429 0.859863
8 0.96875 0.042778 0.0449219 0.0433502 0.847168
13 0.895508 0.385254 0.0214844 0.0703125 0.844727
13 0.787598 0.378662 0.0234375 0.0810547 0.84375
2 0.938477 0.127441 0.03125 0.0480957 0.842773
10 0.608398 0.0299072 0.0410156 0.0598145 0.830078
2 0.612305 0.394775 0.0351562 0.0488281 0.82666
13 0.733398 0.558594 0.0244141 0.0722656 0.819824
6 0.557617 0.211548 0.0585938 0.0500488 0.803223
19 0.763184 0.0395432 0.0332031 0.0443268 0.801758
18 0.814941 0.115967 0.0449219 0.0637207 0.801758
5 0.493652 0.033577 0.0371094 0.0450287 0.799316
18 0.319336 0.568848 0.0537109 0.0507812 0.79834
10 0.612305 0.202759 0.0429688 0.0681152 0.792969
8 0.887207 0.483643 0.0380859 0.0522461 0.778809
2 0.932617 0.041687 0.0253906 0.0429688 0.773438
7 0.751953 0.392578 0.0488281 0.0771484 0.773438
7 0.312012 0.402832 0.0522461 0.0654297 0.771973
5 0.552734 0.476318 0.0566406 0.0512695 0.757812
5 0.964844 0.583984 0.0390625 0.046875 0.751953
10 0.96582 0.20459 0.0419922 0.0629883 0.73584
5 0.730469 0.481689 0.0644531 0.043457 0.73584
4 0.304932 0.470703 0.0419922 0.0625 0.726562
2 0.337402 0.21167 0.0341797 0.0458984 0.725098
18 0.785156 0.473145 0.0429688 0.0625 0.702637
5 0.628906 0.570312 0.0625 0.0517578 0.697754
10 0.62793 0.112366 0.0390625 0.0584717 0.686035
2 0.810547 0.0394974 0.03125 0.0453949 0.663574
10 0.685059 0.116272 0.0371094 0.0706787 0.624512
4 0.541016 0.119385 0.0292969 0.0439453 0.624512
6 0.578125 0.115234 0.0390625 0.0551758 0.602051
24 0.84375 0.0477295 0.0351562 0.0498047 0.571777
4 0.811035 0.388916 0.0283203 0.0610352 0.541016
0 0.444336 0.477539 0.0615234 0.0634766 0.519531
0 0.788086 0.296387 0.0742188 0.0625 0.507812
2 0.582031 0.572266 0.0253906 0.046875 0.503906
