24 0.925409 0.229554 0.0407562 0.0499071 0.988755
9 0.842692 0.681282 0.0329769 0.0352874 0.96563
4 0.325896 0.836771 0.0239505 0.0408838 0.962186
0 0.861131 0.062555 0.0551574 0.0379684 0.96173
2 0.919099 0.138205 0.0285362 0.0362057 0.961375
8 0.290917 0.838509 0.0335619 0.0347724 0.96015
18 0.88385 0.599743 0.0392488 0.0538192 0.948251
22 0.862309 0.377001 0.0365514 0.0373923 0.940264
1 0.887523 0.694256 0.0325232 0.0486441 0.937303
2 0.886883 0.221631 0.0314786 0.0369443 0.93457
14 0.221407 0.825248 0.0166949 0.0572019 0.932128
2 0.925732 0.60872 0.0288303 0.0330989 0.928238
18 0.32724 0.0445636 0.0418123 0.0567729 0.924893
0 0.180184 0.761898 0.0508105 0.0336921 0.916405
22 0.151665 0.52908 0.0357295 0.0380468 0.903333
13 0.714445 0.747357 0.0219177 0.0634017 0.883164
22 0.6993 0.840358 0.0347195 0.0365007 0.848105
5 0.356454 0.836931 0.033985 0.037945 0.837924
0 0.746281 0.839701 0.0542543 0.0376811 0.830517
8 0.89491 0.532622 0.0334321 0.0344338 0.828043
13 0.341805 0.904293 0.0209294 0.0631633 0.826856
9 0.263622 0.527444 0.0344412 0.0354968 0.820807
18 0.238901 0.755802 0.0397578 0.0473388 0.817661
8 0.78341 0.141332 0.033087 0.0373055 0.776511
4 0.298762 0.604385 0.0218964 0.0395312 0.731297
7 0.99137 0.071203 0.0172601 0.0538131 0.685049
6 0.242204 0.836847 0.0169746 0.0332279 0.642899
1 0.311342 0.987482 0.034937 0.0250366 0.63852
13 0.41563 0.904535 0.0212401 0.0623597 0.543764
8 0.702803 0.917782 0.0326748 0.034544 0.537321
0 0.673242 0.682759 0.0501662 0.0356593 0.532529
22 0.66165 0.915481 0.0350158 0.0364983 0.524911
2 0.891295 0.297627 0.0293502 0.0326126 0.518031
