6 0.419922 0.983398 0.0380859 0.0332031 0.98291
9 0.460449 0.982422 0.0361328 0.0351562 0.979004
18 0.225708 0.974609 0.0412598 0.0507812 0.977539
8 0.512573 0.983398 0.0373535 0.0332031 0.976562
18 0.612305 0.893555 0.0419922 0.0585938 0.972168
6 0.789062 0.744629 0.0371094 0.0390625 0.971191
8 0.81543 0.901367 0.0390625 0.0410156 0.967285
8 0.583984 0.827148 0.0371094 0.0400391 0.965332
24 0.708496 0.59375 0.0380859 0.0507812 0.964355
7 0.84082 0.595703 0.0429688 0.0566406 0.964355
0 0.597656 0.981445 0.0556641 0.0371094 0.963379
5 0.526855 0.592773 0.0361328 0.0390625 0.959473
7 0.892578 0.829102 0.0546875 0.0566406 0.958984
9 0.923828 0.743164 0.0361328 0.0419922 0.958496
18 0.783203 0.966309 0.0429688 0.0595703 0.956543
14 0.874023 0.574707 0.0214844 0.0644531 0.955566
5 0.479004 0.831543 0.0351562 0.0400391 0.953613
13 0.474121 0.583008 0.0200195 0.0683594 0.953125
0 0.340088 0.833496 0.0561523 0.0380859 0.952148
5 0.100525 0.683594 0.0372314 0.0410156 0.949707
0 0.666016 0.824219 0.0546875 0.0390625 0.949707
8 0.28833 0.756836 0.0356445 0.0410156 0.946289
2 0.941895 0.663086 0.0322266 0.0410156 0.945801
5 0.568359 0.904785 0.0371094 0.0410156 0.940918
7 0.76416 0.828613 0.0390625 0.0585938 0.939453
6 0.236816 0.836914 0.0390625 0.0400391 0.936523
11 0.0602722 0.909668 0.0376587 0.0605469 0.936523
5 0.805664 0.822266 0.0351562 0.0390625 0.93457
8 0.452637 0.912598 0.0400391 0.0458984 0.933105
6 0.202148 0.915039 0.0388184 0.0410156 0.931641
6 0.739746 0.976562 0.0380859 0.0371094 0.927734
6 0.526855 0.75 0.0380859 0.0380859 0.927246
2 0.100586 0.604492 0.0290527 0.0410156 0.926758
0 0.790039 0.586914 0.0566406 0.0419922 0.925781
13 0.49707 0.73877 0.0214844 0.0634766 0.91748
13 0.256348 0.972656 0.0185547 0.0546875 0.916504
2 0.493408 0.909668 0.0317383 0.0410156 0.916016
5 0.769531 0.900391 0.0371094 0.0400391 0.915039
9 0.866211 0.977539 0.0371094 0.0410156 0.915039
9 0.370605 0.673828 0.0380859 0.0410156 0.914062
5 0.867188 0.666016 0.0351562 0.0419922 0.914062
2 0.253418 0.759766 0.0322266 0.0390625 0.914062
22 0.649414 0.981934 0.0371094 0.0361328 0.914062
0 0.525391 0.832031 0.0576172 0.0449219 0.913086
6 0.524414 0.674805 0.0371094 0.0429688 0.912598
9 0.277344 0.836426 0.0371094 0.0439453 0.90332
5 0.773438 0.665039 0.0351562 0.0410156 0.902832
8 0.90332 0.666504 0.0371094 0.0400391 0.901855
5 0.331543 0.675781 0.0351562 0.0390625 0.900391
6 0.65332 0.90332 0.0371094 0.0371094 0.899902
6 0.0395432 0.765137 0.0337067 0.0390625 0.896973
7 0.625 0.754883 0.0664062 0.0566406 0.89502
10 0.0795746 0.593262 0.0349426 0.0664062 0.892578
2 0.854492 0.897461 0.0292969 0.0390625 0.889648
7 0.821289 0.668945 0.0410156 0.0566406 0.887207
4 0.0592957 0.830078 0.0578003 0.0654297 0.877441
8 0.701172 0.981445 0.0390625 0.0371094 0.876465
9 0.241699 0.911621 0.0366211 0.0429688 0.875977
7 0.0369186 0.692871 0.0421295 0.0556641 0.875
6 0.183838 0.601562 0.0588379 0.0419922 0.873047
2 0.385742 0.833008 0.03125 0.0390625 0.872559
2 0.117554 0.76123 0.029541 0.0390625 0.868164
23 0.939453 0.820801 0.0351562 0.0429688 0.862305
13 0.171997 0.902832 0.0197754 0.0683594 0.850098
10 0.14917 0.748047 0.0324707 0.0673828 0.842773
6 0.269531 0.67627 0.0395508 0.0400391 0.838867
6 0.824219 0.977539 0.0332031 0.0371094 0.838867
9 0.327148 0.756348 0.0361328 0.0429688 0.837402
6 0.0231171 0.921875 0.0365906 0.0371094 0.822266
2 0.691406 0.900879 0.0322266 0.0400391 0.819824
4 0.364014 0.59668 0.0234375 0.046875 0.817383
2 0.673828 0.586914 0.0292969 0.0361328 0.816406
8 0.726074 0.901367 0.0361328 0.0390625 0.813965
6 0.879883 0.745117 0.0449219 0.0410156 0.806641
2 0.62207 0.824219 0.0302734 0.0390625 0.806641
0 0.424805 0.594727 0.0751953 0.0429688 0.805664
18 0.329834 0.985352 0.0273438 0.0292969 0.805664
2 0.33667 0.595703 0.0288086 0.0400391 0.775879
13 0.22583 0.748047 0.0200195 0.0693359 0.775879
21 0.174805 0.988281 0.0605469 0.0234375 0.774414
14 0.826172 0.732422 0.03125 0.0625 0.773438
4 0.288574 0.595703 0.0332031 0.0371094 0.771973
18 0.35498 0.903809 0.0576172 0.0634766 0.767578
6 0.902344 0.585938 0.0371094 0.0410156 0.751953
2 0.744141 0.586426 0.0302734 0.0419922 0.751953
1 0.134521 0.610352 0.0366211 0.0566406 0.749023
23 0.0717926 0.762695 0.0329285 0.0390625 0.746094
8 0.735352 0.66748 0.0371094 0.0380859 0.733887
2 0.553223 0.981445 0.03125 0.0371094 0.729492
8 0.617188 0.67041 0.0371094 0.0380859 0.728027
6 0.15979 0.917969 0.0422363 0.0371094 0.712402
3 0.130005 0.82959 0.050293 0.0654297 0.704102
4 0.0119705 0.763672 0.0237274 0.0458984 0.673828
13 0.0146713 0.830566 0.0240021 0.0644531 0.673828
22 0.401855 0.908203 0.0361328 0.0419922 0.673828
6 0.579102 0.59082 0.0585938 0.0410156 0.668945
13 0.205811 0.800293 0.0170898 0.0185547 0.662109
2 0.930664 0.974609 0.0595703 0.0429688 0.620605
8 0.419678 0.833008 0.0356445 0.0439453 0.604004
4 0.497559 0.592773 0.0253906 0.046875 0.600098
4 0.302002 0.674805 0.0244141 0.046875 0.539062
19 0.525391 0.909668 0.0292969 0.0419922 0.529297
2 0.314941 0.599609 0.0126953 0.0234375 0.517578
6 0.470215 0.751953 0.0380859 0.0390625 0.515625
