12 0.0702515 0.0358276 0.0501709 0.0716553 0.994141
21 0.190552 0.579102 0.0773926 0.0605469 0.987793
21 0.419434 0.0433655 0.0585938 0.0631714 0.986816
11 0.48999 0.294678 0.0415039 0.0615234 0.972656
18 0.1604 0.294434 0.0415039 0.0576172 0.97168
11 0.576172 0.477051 0.0429688 0.0625 0.969238
4 0.0650482 0.393555 0.0246887 0.0488281 0.968262
8 0.384277 0.486084 0.0419922 0.043457 0.96582
13 0.307129 0.204956 0.0195312 0.0644531 0.965332
4 0.465576 0.0314865 0.0317383 0.0573883 0.963867
22 0.470215 0.480469 0.0400391 0.0410156 0.962402
11 0.309326 0.0279694 0.0341797 0.0559387 0.959961
1 0.0111084 0.312012 0.0221252 0.0605469 0.95459
7 0.0234375 0.402588 0.0446777 0.0620117 0.953125
5 0.0978394 0.393555 0.0401611 0.0478516 0.950684
7 0.599609 0.406738 0.046875 0.0585938 0.94873
18 0.201416 0.4729 0.0415039 0.0581055 0.946289
12 0.366699 0.120361 0.0673828 0.0678711 0.937012
4 0.513184 0.213623 0.0283203 0.0463867 0.937012
16 0.163696 0.392578 0.0446777 0.0439453 0.932129
0 0.5625 0.306885 0.0605469 0.0444336 0.931641
18 0.106689 0.289307 0.0410156 0.0571289 0.930176
2 0.583984 0.568848 0.0332031 0.0449219 0.925781
11 0.400391 0.386719 0.0390625 0.0654297 0.915039
13 0.35791 0.206055 0.0185547 0.0678711 0.913086
2 0.344727 0.570312 0.0371094 0.0488281 0.909668
2 0.0831299 0.12793 0.0336914 0.0454102 0.908691
18 0.479736 0.563477 0.0444336 0.0605469 0.908691
2 0.347656 0.481934 0.03125 0.0429688 0.905273
2 0.135712 0.569824 0.0317993 0.0429688 0.901855
13 0.371094 0.384033 0.0224609 0.0727539 0.901367
9 0.0173035 0.0336227 0.0343628 0.0511627 0.893066
23 0.439453 0.571289 0.0356445 0.0439453 0.893066
2 0.550781 0.397461 0.0332031 0.0449219 0.861328
10 0.433838 0.209961 0.0356445 0.0708008 0.854004
6 0.360596 0.0374146 0.0527344 0.0411377 0.811523
0 0.256348 0.47998 0.0585938 0.0429688 0.806641
13 0.118896 0.473633 0.0285645 0.0673828 0.790527
0 0.535156 0.568359 0.0605469 0.0546875 0.775879
7 0.484863 0.143524 0.0341797 0.0581665 0.773438
6 0.0525513 0.301514 0.0592041 0.0463867 0.744629
8 0.302734 0.569824 0.0390625 0.0449219 0.743164
6 0.460449 0.216064 0.0283203 0.0390625 0.732422
4 0.204834 0.0309601 0.0283203 0.0533142 0.725098
13 0.0289917 0.46875 0.0216064 0.0644531 0.725098
13 0.432861 0.385742 0.0205078 0.0673828 0.712402
12 0.261292 0.0293121 0.0574951 0.0584412 0.700684
10 0.26178 0.55957 0.039917 0.0664062 0.694336
22 0.276367 0.39624 0.0351562 0.0444336 0.665527
28 0.53418 0.0299377 0.0625 0.0596313 0.635254
7 0.525879 0.131714 0.0439453 0.0803223 0.622559
13 0.00749969 0.557617 0.0149384 0.0664062 0.575684
21 0.200928 0.12146 0.0568848 0.0571289 0.507812
