4 0.861934 0.661153 0.0304214 0.0498445 0.980262
6 0.891794 0.0803784 0.0418561 0.040629 0.977772
8 0.262998 0.919604 0.0374319 0.0389662 0.973383
8 0.824186 0.669108 0.0391202 0.0399166 0.970215
8 0.395829 0.754294 0.0342307 0.0383689 0.965076
13 0.405323 0.823175 0.0256991 0.0614121 0.948219
6 0.160649 0.836045 0.0373949 0.0356045 0.947918
0 0.792316 0.751613 0.0578594 0.040895 0.946427
0 0.281568 0.753157 0.0581847 0.0415006 0.932519
7 0.270479 0.845369 0.0373337 0.0573652 0.931402
2 0.0376708 0.919143 0.0255626 0.0415866 0.921377
9 0.713391 0.832813 0.0349323 0.0380843 0.899579
8 0.182145 0.919325 0.0354341 0.0379174 0.874665
6 0.807627 0.415634 0.0365316 0.0384908 0.874084
6 0.916733 0.500637 0.0341723 0.0391335 0.854937
18 0.477882 0.0815394 0.0374687 0.0539442 0.827382
8 0.957047 0.500382 0.0384396 0.0404541 0.793028
12 0.585424 0.831861 0.0333499 0.0777023 0.78411
5 0.651888 0.500206 0.0305619 0.0416496 0.770598
5 0.222799 0.989708 0.0300155 0.0205843 0.731798
2 0.234752 0.751286 0.0290501 0.0430849 0.726844
6 0.010089 0.918856 0.0201333 0.0398628 0.701447
4 0.301406 0.986489 0.0289226 0.0270224 0.695317
2 0.0174075 0.752617 0.0291401 0.0419812 0.658796
0 0.76457 0.911664 0.0573735 0.0420181 0.657515
5 0.814244 0.986412 0.035821 0.0271753 0.627688
0 0.774681 0.833425 0.0553257 0.0379034 0.559324
6 0.695689 0.989474 0.0382245 0.0210521 0.511534
