13 0.392719 0.149151 0.0199784 0.0799844 0.949756
22 0.622416 0.620275 0.033664 0.0368065 0.907064
9 0.197397 0.773086 0.0351668 0.0381006 0.851116
2 0.325624 0.772826 0.0291541 0.0375752 0.821472
1 0.247082 0.779067 0.0364415 0.0538226 0.776357
22 0.644061 0.774611 0.0345095 0.0371811 0.707066
8 0.601474 0.777707 0.0349655 0.0368358 0.651064
19 0.19407 0.850348 0.0281307 0.0344231 0.598628
0 0.542814 0.777673 0.0535333 0.0367174 0.594369
2 0.01838 0.463294 0.0293085 0.0348921 0.566933
6 0.149547 0.930972 0.0378227 0.0379076 0.563807
