12 0.489258 0.139282 0.0380859 0.0795898 0.982422
8 0.186035 0.0624084 0.0358887 0.038269 0.963867
4 0.0874634 0.142822 0.0340576 0.0544434 0.946289
18 0.433594 0.0525513 0.0380859 0.0515137 0.944824
11 0.088501 0.0557251 0.0383301 0.0657959 0.943848
5 0.474854 0.0562134 0.0390625 0.0444336 0.941895
5 0.418945 0.140259 0.0375977 0.0446777 0.928711
21 0.0202332 0.228516 0.0404663 0.0708008 0.92041
13 0.538086 0.207031 0.0214844 0.0883789 0.916016
0 0.254395 0.14505 0.0546875 0.0429077 0.915527
8 0.629883 0.139404 0.0371094 0.0390625 0.915039
5 0.195312 0.231934 0.0375977 0.0527344 0.903809
6 0.579102 0.139923 0.0585938 0.0409546 0.884766
18 0.233643 0.0533371 0.0551758 0.0587311 0.877441
0 0.408691 0.225342 0.0810547 0.0566406 0.875
2 0.212158 0.144653 0.0263672 0.0437012 0.871582
13 0.249023 0.223145 0.0205078 0.0810547 0.868164
12 0.513672 0.0477905 0.0361328 0.0627441 0.855957
10 0.467285 0.220215 0.0351562 0.0756836 0.837402
13 0.601562 0.128906 0.0195312 0.0615234 0.82666
4 0.453125 0.140106 0.0273438 0.0444946 0.806641
7 0.153809 0.243896 0.0400391 0.0654297 0.792969
13 0.145752 0.13269 0.0170898 0.0769043 0.78125
6 0.0385056 0.138947 0.0428619 0.0619507 0.729492
13 0.617188 0.219727 0.0214844 0.0507812 0.720215
22 0.394287 0.0582581 0.0351562 0.0426636 0.713867
22 0.0321579 0.0623474 0.0370026 0.041687 0.699219
6 0.592285 0.0575867 0.0556641 0.0415649 0.684082
2 0.668457 0.129669 0.0341797 0.0658569 0.662109
2 0.480469 0.231323 0.0302734 0.0559082 0.598145
13 0.275879 0.0358582 0.0244141 0.0647583 0.57373
12 0.00540161 0.0596313 0.0107422 0.0570068 0.542969
23 0.512207 0.225098 0.03125 0.0444336 0.533203
