18 0.114563 0.124146 0.0394287 0.0595703 0.995117
21 0.280762 0.229248 0.046875 0.0639648 0.982422
18 0.185059 0.475586 0.0458984 0.0605469 0.978027
5 0.257812 0.0420609 0.0336914 0.0434418 0.969727
22 0.204224 0.571777 0.0402832 0.0439453 0.968262
5 0.110962 0.571289 0.0393066 0.0449219 0.945801
22 0.140137 0.486328 0.0397949 0.0429688 0.942383
2 0.0533142 0.573242 0.0342407 0.0429688 0.920898
5 0.168701 0.226074 0.0400391 0.046875 0.918457
13 0.219116 0.472168 0.0212402 0.0664062 0.916016
23 0.0651703 0.225342 0.035675 0.0449219 0.893066
5 0.265076 0.484375 0.0665283 0.046875 0.875
13 0.147705 0.122925 0.0224609 0.0671387 0.859863
9 0.279785 0.305908 0.0405273 0.046875 0.848145
10 0.239258 0.296631 0.0410156 0.0639648 0.82666
6 0.213867 0.398438 0.0424805 0.0449219 0.805664
10 0.219849 0.2146 0.0622559 0.0698242 0.78125
18 0.0141296 0.38916 0.0280457 0.0654297 0.759277
4 0.22583 0.0343933 0.0263672 0.0578003 0.750488
4 0.24585 0.12793 0.0307617 0.0576172 0.750488
10 0.295898 0.0350037 0.0400391 0.0696411 0.715332
6 0.0362244 0.0423889 0.0408936 0.0427856 0.713867
2 0.0797729 0.400391 0.0554199 0.0458984 0.647949
12 0.00836182 0.0429688 0.0166321 0.0631104 0.604004
18 0.158203 0.566406 0.0493164 0.0546875 0.583008
23 0.174072 0.13501 0.0322266 0.0419922 0.569824
13 0.00392914 0.234619 0.00785828 0.0600586 0.560059
13 0.0421143 0.305176 0.0123291 0.0634766 0.554688
