18 0.503052 0.926758 0.0427246 0.0615234 0.96875
24 0.159424 0.629883 0.036377 0.0488281 0.967773
21 0.270508 0.239258 0.0444336 0.0605469 0.966309
10 0.088562 0.452148 0.0358887 0.0664062 0.962402
11 0.39502 0.844727 0.0375977 0.0605469 0.955078
12 0.436523 0.147461 0.0693359 0.0717773 0.954102
14 0.201538 0.454102 0.0168457 0.0634766 0.953125
18 0.0744781 0.532715 0.0441589 0.0605469 0.949219
6 0.303223 0.699219 0.0332031 0.0371094 0.943848
9 0.615234 0.708008 0.0351562 0.0390625 0.943848
2 0.313232 0.309326 0.0292969 0.0371094 0.941406
7 0.196777 0.629883 0.0375977 0.0527344 0.941406
5 0.243408 0.933105 0.0366211 0.0429688 0.94043
2 0.379883 0.700195 0.0332031 0.0351562 0.938965
9 0.344727 0.854492 0.0371094 0.0390625 0.938965
1 0.406738 0.786133 0.0341797 0.0546875 0.938477
14 0.513672 0.770508 0.0175781 0.0644531 0.938477
9 0.258057 0.150024 0.0366211 0.041748 0.937012
8 0.447021 0.232422 0.0375977 0.0366211 0.936035
10 0.275879 0.531372 0.0537109 0.064209 0.933594
4 0.483154 0.231689 0.0249023 0.0429688 0.932617
5 0.611328 0.315918 0.0380859 0.0415039 0.932129
5 0.196411 0.93457 0.0368652 0.0400391 0.928223
2 0.0132065 0.854492 0.0262909 0.0390625 0.925781
2 0.582031 0.707031 0.03125 0.0380859 0.918945
6 0.112 0.856445 0.0374756 0.0419922 0.916016
5 0.302734 0.0736237 0.0361328 0.0387878 0.915039
2 0.587402 0.233643 0.0341797 0.0371094 0.915039
0 0.032196 0.391602 0.0620728 0.0410156 0.914062
10 0.537109 0.148926 0.0371094 0.0693359 0.913086
5 0.244141 0.700195 0.0361328 0.0351562 0.909668
5 0.32666 0.543945 0.0371094 0.0390625 0.901367
5 0.292969 0.774902 0.0361328 0.0410156 0.898438
5 0.153076 0.855469 0.0375977 0.0390625 0.896973
2 0.17749 0.386719 0.027832 0.0380859 0.894043
13 0.316895 0.842773 0.0195312 0.0644531 0.892578
2 0.124756 0.619141 0.0319824 0.0371094 0.891602
13 0.375 0.612305 0.0195312 0.0625 0.888184
13 0.472656 0.923828 0.0185547 0.0664062 0.885742
13 0.60498 0.541016 0.0166016 0.0732422 0.885742
5 0.57959 0.859375 0.0341797 0.0371094 0.884766
13 0.166748 0.920898 0.0197754 0.0683594 0.884766
1 0.069931 0.860352 0.035675 0.0537109 0.884277
5 0.0656128 0.152344 0.0354004 0.0390625 0.883301
14 0.227295 0.61084 0.0170898 0.0595703 0.881836
5 0.483887 0.780273 0.0351562 0.0371094 0.880859
18 0.0221558 0.305664 0.0429077 0.0546875 0.875977
22 0.526367 0.598145 0.0292969 0.0283203 0.875977
0 0.11261 0.150635 0.0560303 0.0419922 0.874023
10 0.343994 0.296875 0.0302734 0.0605469 0.874023
12 0.584961 0.623047 0.0683594 0.0722656 0.874023
14 0.555664 0.693848 0.015625 0.0585938 0.868652
14 0.302734 0.22168 0.0166016 0.0585938 0.866211
2 0.381348 0.386719 0.0322266 0.0390625 0.864258
13 0.247559 0.609863 0.0239258 0.0664062 0.863281
5 0.40918 0.231934 0.0351562 0.0371094 0.862305
7 0.575684 0.55957 0.0390625 0.0546875 0.861328
4 0.59668 0.079895 0.0253906 0.0460205 0.858887
6 0.173218 0.467773 0.0339355 0.0361328 0.85791
6 0.149414 0.073349 0.0400391 0.0386047 0.853027
0 0.370117 0.471191 0.0766602 0.0478516 0.853027
18 0.0891113 0.302246 0.0466309 0.0546875 0.851074
13 0.0115204 0.68457 0.0229187 0.0722656 0.850098
13 0.223633 0.453369 0.0239258 0.0673828 0.848145
6 0.521484 0.859863 0.0351562 0.0380859 0.847168
14 0.125732 0.532227 0.0192871 0.0625 0.845703
5 0.527832 0.705078 0.0341797 0.0371094 0.845703
0 0.234131 0.775391 0.0727539 0.0419922 0.837402
24 0.0999756 0.0111389 0.0444336 0.0221558 0.830078
10 0.427979 0.0621643 0.0415039 0.0634155 0.82666
2 0.0219727 0.778809 0.02771 0.0380859 0.82666
6 0.263672 0.0733643 0.0380859 0.0393066 0.819824
10 0.55957 0.848145 0.0341797 0.0673828 0.809082
6 0.361572 0.153809 0.0576172 0.0385742 0.804199
16 0.437256 0.932617 0.0454102 0.0449219 0.789062
1 0.108093 0.0756226 0.0362549 0.0639648 0.788086
4 0.317139 0.930664 0.0249023 0.0449219 0.785156
5 0.0209351 0.078125 0.0410767 0.0472412 0.777344
13 0.107544 0.534058 0.0163574 0.0686035 0.771973
2 0.152832 0.542969 0.0302734 0.0410156 0.763672
5 0.583496 0.938477 0.0351562 0.0380859 0.763672
10 0.42627 0.689453 0.0537109 0.0625 0.762207
6 0.446777 0.777832 0.0371094 0.0390625 0.757812
7 0.458984 0.0834961 0.0595703 0.0548096 0.756348
22 0.325195 0.38623 0.0351562 0.0415039 0.747559
2 0.397949 0.933594 0.0322266 0.0371094 0.741699
13 0.22998 0.838867 0.0322266 0.0703125 0.740234
18 0.278809 0.381348 0.0527344 0.0498047 0.733887
0 0.30127 0.463867 0.0566406 0.0400391 0.732422
13 0.567383 0.986328 0.0117188 0.0263672 0.730957
2 0.360107 0.772461 0.0302734 0.0449219 0.726562
2 0.127197 0.774414 0.0292969 0.0410156 0.713867
2 0.361816 0.933594 0.0341797 0.0390625 0.708984
19 0.583496 0.159668 0.0253906 0.0361328 0.692871
7 0.625977 0.941406 0.046875 0.0390625 0.689453
19 0.275391 0.621094 0.0292969 0.0371094 0.680664
2 0.555664 0.159668 0.0292969 0.0410156 0.640625
4 0.12561 0.305908 0.0234375 0.0439453 0.638672
18 0.442627 0.00846863 0.03125 0.0168457 0.637207
4 0.143799 0.932129 0.027832 0.0400391 0.631836
6 0.349365 0.623047 0.0400391 0.0371094 0.618652
6 0.486084 0.470703 0.0375977 0.0390625 0.602051
6 0.490723 0.391602 0.0390625 0.0380859 0.600098
2 0.54248 0.782227 0.0341797 0.0390625 0.600098
18 0.480957 0.00894165 0.0449219 0.0177612 0.596191
4 0.0149612 0.220337 0.0299225 0.0603027 0.588867
10 0.166748 0.765137 0.0488281 0.0654297 0.57959
0 0.115906 0.232178 0.0316162 0.0361328 0.575684
2 0.338867 0.230713 0.0527344 0.0375977 0.569824
6 0.546387 0.9375 0.0380859 0.0390625 0.569824
2 0.521973 0.00798798 0.0263672 0.015976 0.567871
18 0.27832 0.845703 0.0595703 0.0605469 0.567871
13 0.226562 0.320801 0.0170898 0.0439453 0.558105
23 0.507324 0.0812836 0.0332031 0.0417786 0.552734
13 0.226807 0.142578 0.0297852 0.0864258 0.552734
6 0.512695 0.233643 0.0351562 0.0356445 0.544922
19 0.140747 0.466309 0.0297852 0.0375977 0.53125
4 0.499023 0.704102 0.0244141 0.0429688 0.503906
