22 0.572161 0.904093 0.082186 0.0854492 0.973113
7 0.681127 0.928655 0.0827843 0.1199 0.972987
1 0.375578 0.928552 0.085121 0.127665 0.971587
6 0.474077 0.904128 0.0919305 0.0860159 0.952157
6 0.889707 0.900175 0.0889747 0.0899138 0.949911
13 0.925939 0.682467 0.0428417 0.139962 0.949735
6 0.8243 0.308843 0.0928564 0.0911752 0.944263
13 0.819553 0.877866 0.0427868 0.141193 0.935568
2 0.973121 0.898585 0.0537577 0.0935133 0.911663
6 0.505819 0.709851 0.0885145 0.0862293 0.821092
4 0.975611 0.695334 0.0487783 0.104902 0.791788
4 0.753518 0.505613 0.0664957 0.109489 0.769096
14 0.986791 0.280045 0.0264174 0.135973 0.685097
