18 0.551758 0.716309 0.0429688 0.0615234 0.988281
12 0.0346146 0.958496 0.038559 0.0693359 0.981934
5 0.59375 0.887695 0.0332031 0.0371094 0.980957
10 0.216553 0.556641 0.0356445 0.0683594 0.972656
12 0.432617 0.879883 0.0668945 0.0683594 0.965332
10 0.359375 0.71582 0.0317383 0.0683594 0.959961
8 0.230957 0.966309 0.0375977 0.0380859 0.958984
18 0.43335 0.954102 0.043457 0.0605469 0.958984
9 0.270508 0.645508 0.0375977 0.0410156 0.958496
0 0.0491257 0.884766 0.0582428 0.0419922 0.958008
7 0.259277 0.89502 0.043457 0.0566406 0.95752
5 0.362793 0.809082 0.0341797 0.0390625 0.955566
6 0.169189 0.888184 0.0351562 0.0380859 0.955078
2 0.244507 0.806641 0.0314941 0.0351562 0.953613
21 0.283691 0.813477 0.046875 0.0566406 0.94873
22 0.16748 0.570312 0.0358887 0.0410156 0.94873
2 0.0734863 0.966797 0.0308838 0.0371094 0.947266
14 0.622559 0.876465 0.0195312 0.0634766 0.943848
5 0.648438 0.649414 0.0332031 0.0390625 0.941895
8 0.131836 0.888184 0.0349121 0.0380859 0.941895
5 0.391113 0.966797 0.0351562 0.0390625 0.937988
8 0.317383 0.649414 0.0390625 0.0410156 0.936523
9 0.365234 0.887695 0.0371094 0.0390625 0.936523
2 0.465332 0.648438 0.0292969 0.0390625 0.933594
0 0.548828 0.963867 0.0537109 0.0371094 0.933594
9 0.0688629 0.648926 0.0365906 0.0429688 0.933105
2 0.188477 0.967773 0.0327148 0.0390625 0.932129
8 0.0346146 0.571289 0.0373383 0.0410156 0.930664
5 0.0963135 0.886719 0.0356445 0.0371094 0.92627
2 0.428955 0.806152 0.0336914 0.0419922 0.915527
5 0.671875 0.568359 0.0341797 0.0390625 0.913574
13 0.540039 0.874512 0.0205078 0.0732422 0.912598
8 0.325195 0.807617 0.034668 0.0390625 0.910645
13 0.64502 0.87207 0.0214844 0.0703125 0.905273
0 0.614258 0.570312 0.0761719 0.0410156 0.897461
2 0.611816 0.727539 0.0283203 0.0351562 0.885742
13 0.597168 0.63623 0.0214844 0.0683594 0.884277
7 0.0430298 0.816895 0.0638428 0.0537109 0.880859
13 0.586426 0.71582 0.0185547 0.0693359 0.878906
2 0.19458 0.723145 0.03125 0.0400391 0.875
7 0.508301 0.895508 0.0380859 0.0556641 0.868652
2 0.0744629 0.571289 0.0328369 0.0400391 0.868652
2 0.379395 0.729492 0.0302734 0.0390625 0.864258
6 0.0379333 0.729492 0.0425415 0.0371094 0.850098
13 0.51123 0.559082 0.015625 0.0615234 0.839844
2 0.323975 0.965332 0.0322266 0.0380859 0.839844
6 0.356445 0.96582 0.0332031 0.0390625 0.837402
13 0.0120697 0.714844 0.0209961 0.0693359 0.837402
22 0.682129 0.805664 0.0361328 0.0429688 0.833496
18 0.154785 0.726562 0.0454102 0.0439453 0.830078
10 0.407715 0.639648 0.0371094 0.0625 0.820801
8 0.419189 0.726562 0.0449219 0.0400391 0.813965
13 0.0395203 0.631836 0.0189209 0.0761719 0.805664
22 0.476074 0.730469 0.0605469 0.0371094 0.801758
9 0.677734 0.885742 0.0371094 0.0410156 0.800781
6 0.318359 0.888184 0.0483398 0.0371094 0.78418
4 0.565918 0.887695 0.0244141 0.0429688 0.762207
13 0.32959 0.717773 0.0195312 0.0761719 0.756348
2 0.237305 0.564453 0.0341797 0.046875 0.744629
10 0.163574 0.79541 0.0510254 0.0654297 0.672363
2 0.470215 0.966797 0.0292969 0.0390625 0.67041
8 0.148682 0.96582 0.0371094 0.0380859 0.663574
13 0.298584 0.875 0.0249023 0.0625 0.647949
13 0.494141 0.637695 0.0205078 0.0683594 0.638672
21 0.108276 0.806152 0.0549316 0.0429688 0.598145
8 0.109009 0.970703 0.0351562 0.0429688 0.583008
18 0.274414 0.955078 0.0380859 0.0585938 0.583008
10 0.487305 0.878906 0.0341797 0.0722656 0.577637
8 0.663574 0.964844 0.0361328 0.0371094 0.571777
10 0.548828 0.557617 0.0546875 0.0703125 0.565918
6 0.0233612 0.650879 0.0464783 0.0419922 0.525391
