1 0.805021 0.832093 0.0842445 0.133076 0.982156
23 0.790533 0.410791 0.0694064 0.0844916 0.9673
14 0.611458 0.795167 0.0454201 0.126141 0.952043
13 0.868029 0.586124 0.0475687 0.134199 0.947091
5 0.68784 0.812462 0.0818397 0.0905422 0.934262
9 0.777213 0.6079 0.0860403 0.0943654 0.930063
28 0.603457 0.960816 0.105535 0.0783679 0.924556
14 0.559075 0.791043 0.0447013 0.129232 0.922045
11 0.823593 0.186173 0.0909147 0.134785 0.903647
2 0.980976 0.0242503 0.0380487 0.0478239 0.857425
14 0.196692 0.966678 0.0438833 0.0666443 0.789917
18 0.849542 0.0288037 0.0938871 0.0575066 0.787248
14 0.928434 0.0264242 0.0420411 0.0527257 0.710274
12 0.948243 0.586368 0.103514 0.130698 0.679411
2 0.792795 0.983237 0.070165 0.0335256 0.630948
5 0.920772 0.211699 0.084846 0.087672 0.592997
5 0.883646 0.982011 0.0858302 0.0354664 0.5731
