14 0.526367 0.780273 0.0429688 0.140625 0.976074
9 0.919922 0.196777 0.0917969 0.0986328 0.974609
18 0.39917 0.78418 0.0913086 0.126953 0.972656
9 0.904785 0.59668 0.0917969 0.103516 0.964355
2 0.928711 0.396484 0.0761719 0.0922852 0.958984
5 0.889648 0.0227509 0.0839844 0.0454407 0.953125
2 0.69043 0.977539 0.0722656 0.0449219 0.953125
18 0.895508 0.955078 0.109375 0.0898438 0.950684
2 0.594727 0.799805 0.0742188 0.0927734 0.946777
2 0.131958 0.800781 0.076416 0.0898438 0.917969
13 0.138306 0.956055 0.0539551 0.0878906 0.913574
14 0.0846558 0.956543 0.0411377 0.0869141 0.911133
0 0.0861206 0.0284882 0.134888 0.0569763 0.904785
13 0.476807 0.772461 0.0483398 0.167969 0.883301
6 0.286865 0.0283813 0.15625 0.0567627 0.868652
22 0.841797 0.808594 0.0839844 0.0996094 0.85791
7 0.393066 0.619141 0.158203 0.133789 0.850098
8 0.937988 0.81543 0.0927734 0.117188 0.847168
0 0.578125 0.979492 0.148438 0.0410156 0.841797
4 0.813477 0.0233917 0.0625 0.0465393 0.806641
4 0.194092 0.951172 0.0683594 0.0976562 0.762207
6 0.48877 0.402588 0.0410156 0.0957031 0.754883
13 0.17749 0.0298462 0.0385742 0.0595093 0.753418
4 0.405762 0.0274506 0.0683594 0.0549011 0.728027
8 0.77832 0.977539 0.0957031 0.0449219 0.72168
6 0.799316 0.600098 0.09375 0.0917969 0.689453
2 0.262451 0.977539 0.0693359 0.0449219 0.633301
7 0.253418 0.824219 0.0991211 0.134766 0.548828
8 0.969727 0.0283813 0.0605469 0.0567627 0.533203
