18 0.473877 0.592773 0.0444336 0.0585938 0.987305
11 0.989258 0.864258 0.0214844 0.0644531 0.981445
28 0.674316 0.775391 0.046875 0.0683594 0.974121
22 0.692871 0.696289 0.0410156 0.0429688 0.96582
7 0.422363 0.96875 0.0458984 0.0615234 0.96582
18 0.964355 0.957031 0.0429688 0.0605469 0.963867
21 0.496338 0.702148 0.0444336 0.0585938 0.958496
5 0.438965 0.78418 0.0429688 0.0507812 0.958008
18 0.757324 0.956055 0.0419922 0.0625 0.958008
5 0.635742 0.603027 0.0410156 0.0449219 0.956543
7 0.906738 0.610352 0.0595703 0.0625 0.955566
8 0.615234 0.875 0.0449219 0.0488281 0.955566
6 0.943359 0.695312 0.0429688 0.046875 0.95166
5 0.736328 0.510254 0.0351562 0.0458984 0.943359
7 0.76416 0.793945 0.0458984 0.0625 0.942383
0 0.973145 0.783691 0.0537109 0.0556641 0.937012
6 0.637695 0.962891 0.0410156 0.0429688 0.937012
5 0.71582 0.962402 0.0371094 0.0449219 0.936035
7 0.44751 0.87793 0.0625 0.0625 0.93457
22 0.865234 0.963867 0.0390625 0.0429688 0.932617
5 0.600586 0.693359 0.0361328 0.0429688 0.931641
0 0.404297 0.696289 0.0625 0.0488281 0.930176
2 0.817871 0.783203 0.0341797 0.0449219 0.930176
0 0.973633 0.509766 0.0527344 0.0517578 0.929199
2 0.773926 0.693359 0.0302734 0.0449219 0.927734
22 0.571289 0.873047 0.0371094 0.0429688 0.907227
0 0.812988 0.962891 0.0625 0.0458984 0.907227
21 0.862793 0.500977 0.0556641 0.0634766 0.906738
0 0.361816 0.866211 0.0654297 0.0742188 0.889648
4 0.705566 0.503784 0.0273438 0.0529785 0.888672
2 0.655273 0.876953 0.0351562 0.0507812 0.885742
13 0.542969 0.859375 0.0214844 0.0722656 0.881836
5 0.45459 0.694336 0.0380859 0.0546875 0.878906
0 0.820312 0.694336 0.0605469 0.0449219 0.875977
0 0.78418 0.873047 0.0800781 0.0507812 0.868652
1 0.813965 0.609375 0.0390625 0.0664062 0.862305
0 0.48999 0.78125 0.0610352 0.0458984 0.859863
5 0.365234 0.959961 0.0678711 0.0537109 0.859863
5 0.556641 0.602539 0.0654297 0.046875 0.85791
18 0.645996 0.686035 0.0488281 0.0634766 0.85791
2 0.962402 0.875 0.0302734 0.0488281 0.849121
9 0.844727 0.874023 0.0410156 0.0546875 0.844727
13 0.82373 0.499023 0.0224609 0.0664062 0.84375
5 0.75 0.598633 0.0390625 0.0527344 0.841797
0 0.360352 0.774414 0.0644531 0.0703125 0.835449
2 0.983398 0.694336 0.0332031 0.0517578 0.832031
5 0.541992 0.782227 0.0371094 0.0429688 0.822266
2 0.44873 0.515503 0.0351562 0.0471191 0.822266
0 0.597656 0.78418 0.0703125 0.0488281 0.818848
13 0.991211 0.587891 0.0166016 0.078125 0.816406
14 0.415527 0.506958 0.0273438 0.0700684 0.792969
1 0.595703 0.969238 0.0410156 0.0615234 0.774414
6 0.719238 0.780273 0.0400391 0.0585938 0.773438
5 0.617676 0.499878 0.0605469 0.0646973 0.760742
10 0.415771 0.860352 0.0405273 0.0673828 0.747559
1 0.897461 0.703613 0.0449219 0.0625 0.73877
0 0.711914 0.871582 0.0625 0.046875 0.73877
13 0.813477 0.856445 0.0253906 0.0859375 0.713867
10 0.412354 0.774414 0.0336914 0.0703125 0.679199
6 0.478027 0.958496 0.0615234 0.0546875 0.679199
4 0.782227 0.59668 0.0273438 0.0566406 0.59082
14 0.602539 0.595703 0.0244141 0.0644531 0.511719
