14 0.178955 0.788574 0.0449219 0.139648 0.970215
14 0.127686 0.789062 0.0458984 0.140625 0.963379
2 0.247314 0.814453 0.0708008 0.0917969 0.940918
8 0.26123 0.982422 0.09375 0.0351562 0.936523
13 0.0827789 0.786133 0.0444031 0.140625 0.902832
35 0.065979 0.247681 0.131226 0.248779 0.896973
1 0.353516 0.838867 0.0927734 0.130859 0.888672
13 0.163818 0.961914 0.0737305 0.0761719 0.84082
4 0.0259705 0.972168 0.0518799 0.0556641 0.544922
4 0.146484 0.610352 0.106201 0.0976562 0.525391
2 0.0126648 0.0317078 0.0252686 0.0634155 0.517578
