11 0.753906 0.24292 0.09375 0.139648 0.98584
18 0.395508 0.461914 0.148438 0.12793 0.982422
4 0.620117 0.460938 0.0683594 0.110352 0.977539
9 0.51416 0.86377 0.0898438 0.100586 0.973145
4 0.890625 0.453613 0.0693359 0.117188 0.972656
2 0.42627 0.274841 0.0683594 0.0958252 0.96875
21 0.390625 0.888184 0.147461 0.139648 0.96582
23 0.926758 0.0704346 0.0703125 0.0928955 0.965332
2 0.854492 0.0654907 0.0742188 0.0999756 0.963379
2 0.865234 0.859375 0.0683594 0.0917969 0.961426
7 0.803711 0.688477 0.100586 0.137695 0.960449
8 0.947754 0.857422 0.09375 0.09375 0.958008
13 0.823242 0.247192 0.0410156 0.144287 0.946777
2 0.688477 0.464355 0.0722656 0.0966797 0.946777
18 0.535645 0.0610352 0.129883 0.121338 0.926758
13 0.836914 0.446777 0.0390625 0.149414 0.915039
21 0.782227 0.490967 0.115234 0.13916 0.915039
6 0.90918 0.662109 0.0957031 0.0898438 0.906738
6 0.382324 0.667969 0.139648 0.101562 0.898438
0 0.520386 0.276123 0.136963 0.0957031 0.888672
21 0.950195 0.97998 0.0996094 0.0400391 0.887207
4 0.357666 0.265137 0.065918 0.117676 0.867188
12 0.645508 0.833984 0.131836 0.144531 0.866211
8 0.657227 0.245361 0.0898438 0.138672 0.854004
23 0.98291 0.0670166 0.0341797 0.0866699 0.819824
6 0.669922 0.0649261 0.135742 0.109406 0.782715
7 0.991211 0.444824 0.0175781 0.136719 0.767578
4 0.980957 0.64502 0.0380859 0.119141 0.749023
13 0.771484 0.0586853 0.0585938 0.117371 0.675781
4 0.431396 0.984863 0.0742188 0.0302734 0.635254
13 0.87207 0.969238 0.0429688 0.0615234 0.62793
18 0.771484 0.829102 0.101562 0.15332 0.537109
14 0.524902 0.987305 0.0517578 0.0253906 0.529297
