35 0.933594 0.387695 0.0605469 0.078125 0.989746
10 0.89502 0.727051 0.0400391 0.0673828 0.981445
8 0.87793 0.648438 0.0410156 0.0488281 0.976562
18 0.710938 0.726074 0.0449219 0.0605469 0.976074
5 0.731445 0.816406 0.0390625 0.0449219 0.973633
21 0.950195 0.834473 0.0429688 0.0576172 0.970215
1 0.973145 0.92334 0.0400391 0.0595703 0.967285
9 0.810547 0.988281 0.0410156 0.0234375 0.962402
5 0.995605 0.645508 0.00878906 0.0507812 0.961426
0 0.791992 0.649414 0.0615234 0.046875 0.959473
5 0.740723 0.640625 0.0361328 0.0605469 0.958008
22 0.745117 0.911621 0.0371094 0.0458984 0.956543
11 0.855957 0.288086 0.0390625 0.0654297 0.950684
2 0.929199 0.649414 0.0332031 0.0449219 0.946777
0 0.855469 0.912598 0.0576172 0.0449219 0.946777
6 0.897949 0.299316 0.0429688 0.0439453 0.944824
2 0.859375 0.988281 0.03125 0.0234375 0.943848
2 0.87207 0.115662 0.0517578 0.0460205 0.932617
7 0.736328 0.0345154 0.0761719 0.0667114 0.932129
4 0.767578 0.818359 0.0332031 0.0527344 0.931641
13 0.914062 0.104614 0.0214844 0.0717773 0.927734
5 0.932617 0.736328 0.0371094 0.0449219 0.926758
5 0.818359 0.29541 0.0380859 0.046875 0.92627
14 0.873047 0.81543 0.0214844 0.0683594 0.918457
18 0.974121 0.026947 0.0517578 0.0532837 0.903809
13 0.835449 0.103027 0.0205078 0.0732422 0.903809
2 0.912598 0.823242 0.0332031 0.0429688 0.90332
4 0.792969 0.023056 0.0332031 0.0461121 0.896973
5 0.991211 0.736328 0.0175781 0.0449219 0.882324
2 0.810059 0.915039 0.0302734 0.0429688 0.844727
6 0.982422 0.118164 0.0332031 0.0424805 0.837402
0 0.876465 0.0301208 0.0615234 0.0501099 0.831055
18 0.932617 0.204102 0.0546875 0.0585938 0.831055
14 0.935547 0.104065 0.0214844 0.0675049 0.823242
46 0.827148 0.824219 0.0703125 0.0449219 0.816406
22 0.942383 0.474609 0.0371094 0.0400391 0.81543
14 0.954102 0.106812 0.0175781 0.0668945 0.809082
8 0.983398 0.387695 0.0332031 0.0458984 0.789062
1 0.705078 0.988281 0.0449219 0.0234375 0.788086
13 0.833496 0.0254669 0.0214844 0.0492859 0.785156
13 0.737305 0.974121 0.0175781 0.0517578 0.78125
13 0.916016 0.465088 0.0214844 0.0620117 0.778809
10 0.953125 0.550781 0.0410156 0.0634766 0.770508
5 0.719727 0.112305 0.0410156 0.0461426 0.766113
5 0.84082 0.735352 0.0625 0.0429688 0.764648
4 0.772461 0.289551 0.03125 0.0488281 0.757812
13 0.98877 0.286377 0.0224609 0.0776367 0.747559
22 0.925781 0.0260773 0.0371094 0.0469055 0.675781
10 0.704102 0.807617 0.0341797 0.0683594 0.629883
2 0.84082 0.647461 0.03125 0.0488281 0.607422
7 0.706055 0.911133 0.0361328 0.046875 0.586914
2 0.796875 0.198486 0.0537109 0.0683594 0.583008
18 0.982422 0.466553 0.0351562 0.0581055 0.558105
14 0.969727 0.723633 0.0214844 0.0664062 0.527344
8 0.883789 0.199585 0.0410156 0.0664062 0.519531
6 0.950195 0.293701 0.0546875 0.0629883 0.501953
