18 0.0588684 0.933105 0.0380249 0.0537109 0.96875
5 0.0678711 0.430908 0.0397949 0.0454102 0.958008
5 0.222656 0.520508 0.0366211 0.0419922 0.947754
5 0.0537415 0.602051 0.0377808 0.0429688 0.937988
12 0.133301 0.84375 0.0368652 0.0625 0.936523
9 0.230225 0.773438 0.0356445 0.0449219 0.936035
2 0.0273285 0.854492 0.0368347 0.0478516 0.928711
4 0.259277 0.517456 0.0371094 0.0549316 0.920898
2 0.0409241 0.6875 0.0288086 0.0410156 0.920898
5 0.251221 0.436035 0.0361328 0.0488281 0.89502
4 0.22583 0.933105 0.0305176 0.0498047 0.891602
4 0.247559 0.593262 0.0410156 0.0654297 0.878418
21 0.19873 0.608398 0.0546875 0.078125 0.865234
10 0.0986328 0.761719 0.0418701 0.0703125 0.863281
0 0.172363 0.772461 0.0776367 0.0449219 0.862305
6 0.220215 0.855957 0.0439453 0.0419922 0.858887
13 0.0909424 0.928711 0.0258789 0.0742188 0.85498
4 0.088501 0.598633 0.0322266 0.0527344 0.854004
8 0.213257 0.4375 0.0388184 0.0458984 0.844727
13 0.20166 0.759766 0.0200195 0.0664062 0.819824
12 0.0137711 0.663086 0.0275116 0.0839844 0.804199
7 0.166992 0.443115 0.0541992 0.0654297 0.741699
23 0.0300293 0.771973 0.0342407 0.0449219 0.71875
13 0.189941 0.984375 0.0175781 0.03125 0.620605
13 0.249756 0.843262 0.0195312 0.0625 0.600098
6 0.112671 0.519531 0.0354004 0.0498047 0.563965
