18 0.599609 0.0322571 0.0410156 0.0598145 0.983398
5 0.600586 0.134796 0.0371094 0.043396 0.978516
5 0.296387 0.221191 0.0375977 0.046875 0.967773
22 0.446777 0.930664 0.0375977 0.0410156 0.963867
11 0.375 0.0323486 0.0419922 0.0635986 0.963379
21 0.406738 0.987305 0.0585938 0.0253906 0.962402
2 0.459229 0.132538 0.0302734 0.0449829 0.961426
5 0.124939 0.47998 0.0408936 0.0400391 0.958496
6 0.356934 0.661133 0.0419922 0.0439453 0.958496
5 0.536133 0.930664 0.0390625 0.0429688 0.952148
10 0.278809 0.73291 0.0351562 0.0654297 0.951172
13 0.164062 0.728516 0.0258789 0.0703125 0.950195
14 0.259766 0.817871 0.0200195 0.0664062 0.950195
5 0.159668 0.306396 0.0380859 0.043457 0.94873
0 0.615234 0.401855 0.0664062 0.0463867 0.948242
18 0.576172 0.924805 0.0390625 0.0546875 0.941895
0 0.41626 0.833496 0.059082 0.0458984 0.940918
0 0.316162 0.830078 0.0585938 0.0458984 0.94043
5 0.366455 0.830566 0.0366211 0.0458984 0.939453
2 0.632812 0.492432 0.0351562 0.043457 0.937988
18 0.419678 0.478027 0.0429688 0.0585938 0.933594
13 0.140625 0.200684 0.0205078 0.0703125 0.933105
5 0.0477295 0.0412903 0.0373535 0.0436401 0.932617
7 0.253479 0.0527344 0.0447998 0.0606689 0.932129
0 0.302246 0.928711 0.0605469 0.046875 0.931641
13 0.0528564 0.294434 0.0184326 0.0673828 0.931152
9 0.487061 0.929199 0.0395508 0.0458984 0.931152
11 0.527344 0.65625 0.0390625 0.0605469 0.927734
22 0.381348 0.221191 0.0390625 0.0478516 0.926758
5 0.147339 0.923828 0.0375977 0.0449219 0.925781
13 0.465576 0.733398 0.019043 0.0683594 0.925293
0 0.12207 0.827148 0.0598145 0.046875 0.924805
7 0.575195 0.234375 0.046875 0.0610352 0.921875
4 0.634766 0.130615 0.0302734 0.0524902 0.921387
5 0.113342 0.740234 0.0360107 0.046875 0.916504
2 0.0705719 0.655762 0.0280457 0.0439453 0.911621
10 0.0966187 0.470215 0.0350342 0.0605469 0.90918
4 0.263428 0.215942 0.027832 0.0510254 0.908691
10 0.10437 0.646484 0.0351562 0.0693359 0.907227
5 0.304932 0.743164 0.0405273 0.0449219 0.904785
4 0.22644 0.920898 0.0302734 0.0546875 0.90332
18 0.206055 0.20874 0.0405273 0.0585938 0.901855
11 0.408691 0.734375 0.0400391 0.0625 0.901855
2 0.215576 0.0412292 0.0283203 0.0422974 0.898926
4 0.126587 0.304199 0.0266113 0.0478516 0.898926
10 0.59668 0.827148 0.0371094 0.0644531 0.897461
2 0.0752563 0.825684 0.0311279 0.0478516 0.897461
22 0.0541077 0.923828 0.036438 0.0429688 0.895508
13 0.239502 0.207764 0.019043 0.0808105 0.89502
2 0.555176 0.492188 0.03125 0.0419922 0.894043
6 0.187988 0.924805 0.0424805 0.0439453 0.894043
9 0.493652 0.747559 0.0400391 0.0419922 0.888672
21 0.259705 0.98584 0.0723877 0.0283203 0.888184
13 0.541504 0.564453 0.0205078 0.0605469 0.878418
1 0.268982 0.576172 0.0411377 0.0625 0.874023
0 0.495361 0.399902 0.0571289 0.0439453 0.872559
4 0.18396 0.0413513 0.0314941 0.0436401 0.870605
5 0.469727 0.833984 0.0419922 0.046875 0.867188
22 0.0205231 0.131104 0.0370789 0.0480957 0.858887
10 0.600586 0.480469 0.0585938 0.0673828 0.858887
13 0.111816 0.0315552 0.0263672 0.0631104 0.85498
22 0.333984 0.0415344 0.0380859 0.0429077 0.848145
13 0.632812 0.0422974 0.0234375 0.0697021 0.841797
0 0.0443115 0.736816 0.0830078 0.046875 0.841797
13 0.0536194 0.121277 0.0247192 0.0682373 0.839844
2 0.256104 0.926758 0.03125 0.0449219 0.833496
2 0.124817 0.65625 0.0330811 0.0449219 0.831055
16 0.499023 0.569336 0.0605469 0.0498047 0.830078
10 0.46582 0.0360107 0.0322266 0.0664062 0.824219
6 0.616211 0.758789 0.046875 0.0429688 0.822266
14 0.397461 0.916992 0.019043 0.0644531 0.816406
5 0.132324 0.130402 0.0380859 0.0516968 0.81543
22 0.226562 0.565918 0.0371094 0.0410156 0.809082
6 0.320801 0.569336 0.0576172 0.0488281 0.808105
13 0.41748 0.919922 0.0205078 0.0683594 0.808105
18 0.581055 0.566895 0.0585938 0.0537109 0.805664
18 0.0200043 0.385742 0.0398254 0.0595703 0.79834
2 0.17041 0.218994 0.0288086 0.0441895 0.796875
16 0.44043 0.399902 0.0449219 0.0429688 0.796875
0 0.287354 0.481934 0.0644531 0.0410156 0.795898
9 0.233398 0.738281 0.0385742 0.046875 0.792969
0 0.34375 0.996094 0.0625 0.0078125 0.786621
14 0.335938 0.731445 0.0205078 0.0664062 0.782715
10 0.42041 0.12085 0.0429688 0.067627 0.777344
2 0.490234 0.0456619 0.0361328 0.0416107 0.771973
6 0.383789 0.567383 0.0615234 0.046875 0.762207
23 0.0419998 0.826172 0.0328217 0.0449219 0.753418
21 0.556152 0.125244 0.046875 0.0634766 0.729492
10 0.245117 0.382812 0.0395508 0.0629883 0.726562
29 0.0184174 0.914062 0.0366516 0.0683594 0.723145
5 0.619141 0.930176 0.0410156 0.0585938 0.72168
9 0.0936279 0.922363 0.0375977 0.0478516 0.715332
46 0.214966 0.828125 0.0671387 0.0449219 0.708984
9 0.156982 0.993164 0.0410156 0.0136719 0.700684
13 0.487305 0.116882 0.0244141 0.0797119 0.682617
14 0.195557 0.553711 0.020752 0.0644531 0.679199
10 0.526855 0.122009 0.0371094 0.0684814 0.672363
5 0.0891113 0.5625 0.0334473 0.0429688 0.665527
18 0.142456 0.556641 0.0617676 0.0615234 0.665527
21 0.275879 0.389404 0.046875 0.0556641 0.662109
14 0.14209 0.729492 0.0187988 0.0683594 0.637207
6 0.609375 0.67041 0.0566406 0.0449219 0.616699
18 0.0889893 0.296387 0.0488281 0.0644531 0.602051
6 0.624023 0.837891 0.0351562 0.0458984 0.600098
16 0.224121 0.129608 0.0444336 0.0444946 0.59082
6 0.27832 0.122864 0.0551758 0.0626221 0.586914
6 0.0271301 0.21582 0.0219727 0.0415039 0.586914
11 0.011795 0.813477 0.0233459 0.0664062 0.586914
6 0.539062 0.0369339 0.0595703 0.061142 0.558105
6 0.496094 0.483887 0.0634766 0.0507812 0.517578
23 0.0404663 0.657227 0.031311 0.0449219 0.513672
5 0.558594 0.751465 0.0644531 0.0458984 0.503906
