18 0.864746 0.124512 0.0390625 0.0598145 0.995605
18 0.756836 0.393555 0.0410156 0.0546875 0.992676
10 0.128632 0.0369263 0.0410767 0.0653076 0.989258
18 0.397217 0.482178 0.0429688 0.0610352 0.98877
18 0.93457 0.475586 0.046875 0.0615234 0.981445
12 0.272522 0.484375 0.0526123 0.0830078 0.980957
10 0.293457 0.304688 0.0327148 0.0732422 0.977539
18 0.92041 0.391846 0.0419922 0.0571289 0.972656
11 0.254822 0.389893 0.0401611 0.0649414 0.970703
18 0.816895 0.307617 0.0419922 0.0581055 0.967773
18 0.0579224 0.389648 0.0422363 0.0595703 0.967773
5 0.861328 0.571289 0.0390625 0.0449219 0.964844
22 0.953613 0.571777 0.0390625 0.0439453 0.963867
2 0.802246 0.573242 0.03125 0.0429688 0.961914
1 0.410156 0.144165 0.0439453 0.060791 0.960449
10 0.161377 0.210449 0.0395508 0.0678711 0.958008
7 0.774414 0.234131 0.0429688 0.0625 0.95752
5 0.568848 0.313965 0.0419922 0.0458984 0.952148
8 0.939453 0.0449295 0.0429688 0.0464935 0.950195
21 0.158936 0.498779 0.0429688 0.0620117 0.949707
5 0.287109 0.134888 0.0400391 0.0441895 0.94873
8 0.876953 0.399902 0.0410156 0.0449219 0.94873
23 0.947754 0.311035 0.0341797 0.0449219 0.947754
13 0.788086 0.392334 0.0195312 0.0703125 0.947266
0 0.838867 0.485352 0.0566406 0.0439453 0.946777
5 0.781738 0.137177 0.0400391 0.0405884 0.946289
22 0.890625 0.486328 0.0390625 0.0429688 0.945801
5 0.484375 0.134888 0.0410156 0.0446777 0.942871
14 0.577148 0.479492 0.0195312 0.0693359 0.942871
18 0.368652 0.303711 0.0410156 0.0576172 0.942383
5 0.631836 0.488281 0.0371094 0.046875 0.941895
4 0.364746 0.128784 0.0283203 0.0534668 0.940918
5 0.762695 0.313232 0.0380859 0.0449219 0.937988
14 0.0750122 0.298096 0.0234375 0.0668945 0.937012
6 0.764648 0.571289 0.0390625 0.0449219 0.936523
22 0.853516 0.224121 0.0390625 0.043457 0.935547
6 0.365479 0.0491028 0.0405273 0.0460815 0.935059
5 0.663086 0.0485229 0.0390625 0.0455322 0.935059
2 0.521484 0.401123 0.0322266 0.0429688 0.935059
14 0.609863 0.0339966 0.0224609 0.0679932 0.932617
2 0.727539 0.223145 0.0351562 0.050293 0.932617
6 0.218994 0.133087 0.0429688 0.0458374 0.931641
6 0.254333 0.3125 0.038208 0.0439453 0.930664
20 0.162354 0.129395 0.0668945 0.0812988 0.930176
18 0.280762 0.572266 0.0419922 0.0644531 0.930176
7 0.118469 0.586914 0.0716553 0.0644531 0.925781
5 0.324707 0.0472412 0.0410156 0.0441895 0.924316
5 0.187744 0.220703 0.0419922 0.0473633 0.924316
8 0.230713 0.220581 0.043457 0.0446777 0.924316
13 0.632812 0.0349121 0.0234375 0.0695801 0.923828
10 0.96875 0.2146 0.0595703 0.0693359 0.923828
13 0.104431 0.29541 0.0245361 0.0830078 0.923828
9 0.135376 0.310303 0.0415039 0.050293 0.921387
13 0.96875 0.471436 0.0214844 0.0678711 0.921387
4 0.716797 0.308838 0.0332031 0.050293 0.919434
4 0.990723 0.125854 0.0185547 0.0612793 0.917969
6 0.298828 0.399414 0.0429688 0.0458984 0.916016
13 0.428711 0.479492 0.0205078 0.0722656 0.916016
4 0.401611 0.0400085 0.0292969 0.0535278 0.915039
2 0.317871 0.313477 0.0332031 0.046875 0.913574
5 0.579102 0.0419006 0.0371094 0.0457153 0.912598
5 0.0433655 0.132446 0.0365601 0.0446777 0.912598
10 0.541016 0.304688 0.0351562 0.0693359 0.911621
6 0.823242 0.134491 0.0390625 0.0449829 0.909668
5 0.918945 0.226074 0.0390625 0.0473633 0.904785
23 0.694824 0.574219 0.0322266 0.0419922 0.900391
18 0.0835114 0.0378418 0.0461121 0.0559082 0.898438
22 0.489746 0.579102 0.0390625 0.0458984 0.896973
2 0.956055 0.13327 0.03125 0.0449829 0.896484
2 0.728027 0.568359 0.0292969 0.0429688 0.894043
7 0.0121384 0.133179 0.0239716 0.076416 0.878418
13 0.897461 0.122559 0.0234375 0.0681152 0.877441
10 0.189087 0.569824 0.0651855 0.0712891 0.875977
14 0.514648 0.122437 0.0214844 0.0725098 0.870605
2 0.682129 0.13623 0.0576172 0.048584 0.868164
2 0.475098 0.314453 0.0332031 0.0498047 0.863281
2 0.914062 0.309326 0.0292969 0.043457 0.853027
10 0.984375 0.296875 0.03125 0.0644531 0.848145
6 0.962891 0.398438 0.0380859 0.0449219 0.844727
13 0.192993 0.476562 0.0217285 0.0693359 0.839844
13 0.313477 0.566406 0.0214844 0.0878906 0.834473
12 0.00434113 0.564453 0.00863647 0.0966797 0.831055
9 0.825195 0.0350037 0.0371094 0.0579224 0.827637
2 0.10144 0.398438 0.0371094 0.0527344 0.822266
6 0.774414 0.040802 0.0585938 0.0480347 0.820801
13 0.0510864 0.560547 0.0218506 0.0830078 0.812988
10 0.566406 0.390137 0.0546875 0.0664062 0.79834
13 0.38916 0.563477 0.0244141 0.0761719 0.796875
1 0.430908 0.233398 0.0419922 0.0678711 0.790527
22 0.765625 0.487793 0.0410156 0.0458984 0.785156
2 0.0437622 0.187134 0.0200195 0.0229492 0.775879
5 0.995605 0.0396805 0.00878906 0.0514984 0.770508
6 0.424805 0.312988 0.0625 0.0517578 0.766113
2 0.62207 0.574707 0.0292969 0.0507812 0.762207
1 0.719238 0.0476685 0.0429688 0.0649414 0.751953
13 0.0932617 0.122986 0.0222168 0.0667725 0.743164
4 0.119873 0.489746 0.034668 0.0478516 0.73584
8 0.328125 0.129913 0.0419922 0.0551147 0.704102
10 0.583496 0.216797 0.046875 0.0639648 0.660156
23 0.81543 0.225342 0.0351562 0.0454102 0.647949
18 0.908203 0.566406 0.0488281 0.0546875 0.638672
5 0.435547 0.569336 0.0673828 0.0664062 0.631836
4 0.600586 0.487793 0.0253906 0.0527344 0.620605
6 0.204102 0.397949 0.0615234 0.046875 0.616699
14 0.830078 0.561523 0.0214844 0.0654297 0.583008
2 0.829102 0.399902 0.0546875 0.0449219 0.577637
4 0.692383 0.22583 0.0332031 0.0449219 0.57373
10 0.46582 0.0361328 0.0595703 0.0668945 0.569824
14 0.0720062 0.121521 0.021759 0.0667725 0.563965
22 0.321777 0.224854 0.0351562 0.0458984 0.546875
18 0.434326 0.398682 0.0400391 0.0478516 0.546875
6 0.4729 0.22583 0.0395508 0.046875 0.544922
5 0.0304565 0.306152 0.0603638 0.0458984 0.527344
4 0.923828 0.135773 0.03125 0.0409546 0.521484
4 0.976074 0.0337219 0.0263672 0.0604858 0.513672
6 0.53418 0.48877 0.0625 0.0458984 0.509766
6 0.0644531 0.479492 0.0595703 0.0644531 0.507812
