12 0.931152 0.115906 0.137695 0.14563 0.991211
8 0.0645599 0.944336 0.0945129 0.09375 0.978516
19 0.654297 0.142334 0.0673828 0.0913086 0.975586
19 0.228516 0.942383 0.0629883 0.0976562 0.975586
4 0.922363 0.53418 0.0761719 0.118164 0.974609
7 0.292908 0.564453 0.0860596 0.131836 0.967773
16 0.694824 0.944824 0.104492 0.103516 0.967285
5 0.569824 0.140991 0.0888672 0.0930176 0.963867
7 0.73291 0.764648 0.0986328 0.128906 0.963867
2 0.741211 0.538086 0.0761719 0.0966797 0.958008
6 0.836914 0.740234 0.0957031 0.09375 0.95752
2 0.927734 0.739746 0.0703125 0.0976562 0.95752
7 0.903809 0.362305 0.111328 0.142578 0.95459
2 0.15564 0.942871 0.0705566 0.0996094 0.946289
7 0.197998 0.765137 0.0932617 0.136719 0.945312
13 0.568848 0.515625 0.0449219 0.146484 0.944336
7 0.788086 0.168213 0.102539 0.133301 0.940918
6 0.179688 0.541016 0.0566406 0.0966797 0.925293
13 0.984375 0.324219 0.03125 0.15625 0.922363
13 0.864258 0.516113 0.0390625 0.145508 0.921387
11 0.352539 0.921875 0.145508 0.148438 0.901855
6 0.807129 0.93457 0.0986328 0.0976562 0.888672
6 0.227783 0.540527 0.0341797 0.0927734 0.885742
23 0.80957 0.539062 0.0703125 0.0878906 0.884277
8 0.479004 0.94043 0.0927734 0.0986328 0.869629
4 0.398438 0.535034 0.104492 0.10376 0.863281
27 0.434326 0.143524 0.0551758 0.0962524 0.767578
13 0.651367 0.320801 0.0664062 0.140625 0.737305
1 0.933105 0.949707 0.131836 0.100586 0.720215
4 0.299805 0.734375 0.0986328 0.0957031 0.651367
23 0.0319519 0.741211 0.0636597 0.0917969 0.629883
6 0.335693 0.136475 0.13623 0.103516 0.616699
8 0.983398 0.744141 0.03125 0.09375 0.567871
