9 0.953451 0.428657 0.0330147 0.0435487 0.956305
8 0.849437 0.597889 0.0427179 0.0469004 0.948579
11 0.775344 0.163524 0.0361129 0.0614644 0.944594
11 0.907864 0.0827948 0.0354974 0.0600725 0.938664
12 0.803318 0.682292 0.0339503 0.0817642 0.890598
6 0.603421 0.85286 0.037601 0.0390286 0.887163
8 0.770084 0.0940993 0.0344512 0.039077 0.886752
9 0.798679 0.598006 0.0345571 0.0422647 0.879777
2 0.312549 0.850599 0.0360718 0.0459504 0.870955
12 0.864602 0.0160541 0.0351444 0.0321082 0.823945
9 0.854767 0.174842 0.0344107 0.0434166 0.790323
8 0.747794 0.85274 0.042099 0.0419675 0.726332
8 0.657245 0.428625 0.0357082 0.0402638 0.71954
2 0.402617 0.428768 0.0283782 0.0425917 0.704234
0 0.984512 0.175388 0.0309759 0.040669 0.614334
13 0.510581 0.5041 0.0205553 0.0628237 0.502862
8 0.991794 0.42888 0.0164111 0.0410511 0.500729
