28 0.828125 0.805664 0.104492 0.179688 0.993164
18 0.243896 0.19104 0.0913086 0.126709 0.989258
18 0.356934 0.78418 0.109375 0.148438 0.988281
9 0.773438 0.611328 0.0898438 0.0917969 0.980957
8 0.941406 0.416748 0.0976562 0.0957031 0.976074
27 0.913086 0.833984 0.0556641 0.132812 0.973633
19 0.126251 0.806641 0.0678101 0.0927734 0.966309
2 0.887695 0.611328 0.0722656 0.0859375 0.958984
23 0.638184 0.808594 0.0732422 0.0917969 0.957031
0 0.370117 0.980469 0.139648 0.0390625 0.933594
2 0.963867 0.216309 0.0683594 0.0981445 0.929199
8 0.811523 0.979492 0.0947266 0.0410156 0.92041
23 0.705078 0.20874 0.0683594 0.0922852 0.91748
18 0.511597 0.962891 0.0979004 0.0742188 0.913086
13 0.589844 0.956543 0.0429688 0.0869141 0.906738
21 0.825195 0.436279 0.107422 0.133301 0.901855
23 0.16272 0.213379 0.0705566 0.0917969 0.893066
2 0.774414 0.21521 0.0683594 0.0983887 0.892578
6 0.155884 0.97998 0.0915527 0.0400391 0.874023
13 0.104492 0.199341 0.0410156 0.149658 0.85498
5 0.255127 0.973633 0.0864258 0.0527344 0.832031
13 0.435547 0.782227 0.0449219 0.150391 0.803223
13 0.735352 0.954102 0.0507812 0.0917969 0.759277
5 0.911133 0.981934 0.0820312 0.0361328 0.741699
6 0.0266418 0.42627 0.0532227 0.143555 0.720215
29 0.964844 0.59082 0.0703125 0.134766 0.586914
6 0.658203 0.980957 0.0839844 0.0380859 0.586914
23 0.194824 0.804688 0.0708008 0.09375 0.57373
35 0.28656 0.366455 0.181763 0.18457 0.563965
