15 0.372559 0.871094 0.0771484 0.0703125 0.994629
10 0.34082 0.956055 0.0361328 0.0683594 0.980469
8 0.501465 0.631836 0.0410156 0.046875 0.961426
18 0.192139 0.708984 0.0390625 0.0546875 0.961426
12 0.581055 0.709961 0.0390625 0.0703125 0.958008
9 0.533691 0.54834 0.0380859 0.046875 0.954102
5 0.345947 0.546387 0.0385742 0.0458984 0.953125
2 0.220703 0.881348 0.0332031 0.0498047 0.951172
5 0.284668 0.545898 0.0390625 0.046875 0.949707
21 0.210693 0.974121 0.0405273 0.0517578 0.946777
2 0.305664 0.799805 0.0322266 0.046875 0.941895
5 0.342529 0.461914 0.0366211 0.0458984 0.940918
7 0.243408 0.556641 0.0400391 0.0605469 0.937988
8 0.613281 0.462891 0.0419922 0.046875 0.936523
2 0.0369186 0.87793 0.0294342 0.0458984 0.927246
0 0.159668 0.629883 0.0585938 0.046875 0.925781
5 0.0774994 0.798828 0.0359192 0.0410156 0.922363
2 0.430664 0.882812 0.03125 0.0429688 0.922363
5 0.289551 0.966797 0.0371094 0.0478516 0.922363
5 0.559082 0.375488 0.0410156 0.0517578 0.921875
0 0.547852 0.883301 0.0585938 0.0439453 0.921875
6 0.44165 0.967773 0.0415039 0.0410156 0.921387
0 0.389648 0.966309 0.059082 0.046875 0.918945
13 0.200073 0.617188 0.0256348 0.0683594 0.908203
10 0.205566 0.361328 0.0380859 0.0751953 0.905762
9 0.620605 0.967773 0.0390625 0.0478516 0.905273
2 0.444824 0.54541 0.03125 0.0439453 0.895508
23 0.445557 0.799805 0.0380859 0.0410156 0.895508
6 0.0649414 0.962891 0.0374756 0.0449219 0.89502
8 0.500977 0.719727 0.0371094 0.046875 0.892578
0 0.265625 0.881836 0.0556641 0.0458984 0.892578
14 0.31665 0.534668 0.0195312 0.0654297 0.891602
2 0.504395 0.797852 0.0292969 0.0410156 0.891602
8 0.461914 0.460693 0.0371094 0.0493164 0.887207
14 0.476562 0.95459 0.0195312 0.0664062 0.887207
7 0.00874329 0.37915 0.0174561 0.074707 0.885742
5 0.223511 0.375488 0.0390625 0.0478516 0.884277
13 0.109863 0.444336 0.0234375 0.0703125 0.878906
1 0.35791 0.639648 0.0380859 0.0664062 0.878906
1 0.22998 0.805664 0.0400391 0.0664062 0.876465
10 0.107239 0.871094 0.0369873 0.0683594 0.876465
13 0.00931549 0.869141 0.018631 0.0654297 0.863281
13 0.324707 0.621094 0.0244141 0.0703125 0.852051
23 0.0702057 0.878906 0.0343933 0.0429688 0.848145
12 0.371094 0.36377 0.0537109 0.0761719 0.827637
7 0.588867 0.810547 0.0673828 0.0664062 0.823242
22 0.322266 0.716797 0.0361328 0.0429688 0.822266
18 0.450684 0.629883 0.0546875 0.0507812 0.809082
2 0.270508 0.459473 0.0273438 0.046875 0.806641
10 0.54248 0.623047 0.0361328 0.0683594 0.785156
6 0.270508 0.798828 0.0371094 0.0527344 0.785156
4 0.498535 0.457764 0.0351562 0.0532227 0.78418
0 0.476807 0.873047 0.0610352 0.0654297 0.782715
18 0.0997925 0.621094 0.0540771 0.0644531 0.778809
12 0.25 0.62207 0.050293 0.0703125 0.774414
6 0.232178 0.711914 0.0375977 0.0527344 0.774414
14 0.294434 0.620117 0.0341797 0.0683594 0.773438
10 0.539062 0.707031 0.0332031 0.0644531 0.773438
18 0.0263062 0.955078 0.036377 0.0625 0.749023
24 0.535156 0.8125 0.0380859 0.0605469 0.740234
8 0.185303 0.79834 0.0441895 0.0576172 0.728027
6 0.61377 0.626953 0.0615234 0.0664062 0.679199
22 0.598633 0.883789 0.0371094 0.0439453 0.679199
6 0.130493 0.54248 0.0375977 0.0449219 0.672363
6 0.421875 0.459229 0.0410156 0.0488281 0.663574
22 0.112061 0.711914 0.0358887 0.046875 0.662109
12 0.00973511 0.531128 0.019104 0.0666504 0.65332
22 0.10675 0.962891 0.039917 0.046875 0.651367
8 0.182373 0.879883 0.0380859 0.0507812 0.629883
22 0.145142 0.881348 0.0341797 0.0458984 0.620605
18 0.134003 0.793945 0.0527954 0.0625 0.602051
5 0.513794 0.966309 0.0563965 0.0478516 0.588867
8 0.250427 0.96582 0.0372314 0.0429688 0.584961
12 0.483398 0.375244 0.0195312 0.0546875 0.569824
12 0.607422 0.380371 0.0595703 0.0820312 0.542969
14 0.573242 0.62207 0.0175781 0.0664062 0.529297
18 0.488281 0.540039 0.0527344 0.0566406 0.507812
8 0.466553 0.375732 0.0307617 0.0527344 0.505859
