20 0.688477 0.0302124 0.0791016 0.0604248 0.996094
12 0.952148 0.189209 0.0351562 0.0844727 0.976562
18 0.594727 0.175903 0.0527344 0.057373 0.95459
5 0.833984 0.0196686 0.0371094 0.0391541 0.95166
0 0.654297 0.186157 0.0605469 0.0427246 0.943848
13 0.404297 0.0919342 0.0205078 0.0646667 0.927246
0 0.52832 0.189209 0.078125 0.0493164 0.92041
7 0.856934 0.196289 0.0400391 0.0571289 0.915039
23 0.535156 0.272949 0.0351562 0.0444336 0.906738
0 0.383057 0.270996 0.0595703 0.0478516 0.902832
18 0.793945 0.018219 0.0371094 0.036438 0.898926
0 0.410645 0.186768 0.0795898 0.0454102 0.895508
2 0.775391 0.186523 0.0332031 0.0463867 0.884766
2 0.337402 0.269592 0.0322266 0.0477295 0.876465
13 0.440186 0.177979 0.0209961 0.0634766 0.872559
8 0.917969 0.275879 0.0371094 0.0458984 0.868652
8 0.74707 0.102783 0.0449219 0.045166 0.850098
11 0.702637 0.179565 0.03125 0.059082 0.849121
22 0.569824 0.271973 0.0341797 0.0429688 0.847168
4 0.916992 0.180176 0.03125 0.0512695 0.845703
18 0.609375 0.273438 0.0390625 0.0668945 0.842773
6 0.958496 0.276123 0.0419922 0.0478516 0.833496
22 0.822754 0.10083 0.0341797 0.0441895 0.82666
13 0.984375 0.176514 0.0273438 0.0732422 0.823242
13 0.810547 0.264648 0.0234375 0.0756836 0.812988
13 0.991699 0.0888062 0.0166016 0.072876 0.801758
14 0.307861 0.257812 0.027832 0.0673828 0.796875
24 0.486572 0.279297 0.0415039 0.065918 0.779785
6 0.788086 0.100708 0.0371094 0.0458984 0.778809
2 0.45459 0.271423 0.0317383 0.0460205 0.759277
13 0.888672 0.174072 0.0253906 0.0795898 0.757812
6 0.427246 0.019043 0.0371094 0.0380249 0.733887
12 0.945312 0.0193176 0.0351562 0.0386353 0.690918
12 0.345215 0.0295715 0.0302734 0.0591431 0.682617
2 0.536133 0.014801 0.0253906 0.0293579 0.666992
6 0.779297 0.276855 0.0390625 0.046875 0.660156
27 0.696289 0.113525 0.0253906 0.0625 0.658203
4 0.327148 0.178955 0.0644531 0.0517578 0.633301
11 0.666016 0.090332 0.0351562 0.0648193 0.615234
7 0.895508 0.109985 0.0380859 0.0632324 0.613281
24 0.566406 0.0305023 0.0410156 0.0610046 0.59082
24 0.966309 0.108154 0.0351562 0.0568848 0.581543
18 0.991211 0.263184 0.0175781 0.0703125 0.562012
6 0.875488 0.0189209 0.0410156 0.0375977 0.544922
13 0.619629 0.020874 0.0253906 0.041687 0.539062
7 0.311035 0.0188446 0.0361328 0.0376892 0.537109
