20 0.0599976 0.830078 0.0845947 0.0917969 0.988281
10 0.184326 0.146606 0.03125 0.0644531 0.983398
21 0.516724 0.162231 0.0407715 0.0578613 0.98291
7 0.280518 0.0132141 0.0380859 0.0264282 0.980957
21 0.791016 0.578125 0.0390625 0.0585938 0.978516
11 0.184814 0.902344 0.0380859 0.0683594 0.978027
10 0.501953 0.387939 0.0302734 0.0708008 0.975586
12 0.151855 0.570312 0.0380859 0.0683594 0.975586
18 0.708008 0.395264 0.0390625 0.0522461 0.974609
21 0.147217 0.0838623 0.0385742 0.0703125 0.974121
5 0.593262 0.316895 0.0361328 0.0458984 0.974121
5 0.133179 0.241699 0.0356445 0.0449219 0.972656
10 0.731445 0.472412 0.0371094 0.0688477 0.96875
5 0.184814 0.0778198 0.029541 0.0379639 0.967285
18 0.768555 0.976074 0.0410156 0.0478516 0.959473
0 0.40332 0.983398 0.0566406 0.0332031 0.958984
2 0.185059 0.492676 0.0292969 0.0439453 0.958496
0 0.719727 0.981934 0.0585938 0.0361328 0.958008
9 0.315918 0.825684 0.0341797 0.0419922 0.956543
0 0.84082 0.477539 0.0644531 0.0478516 0.955078
7 0.318848 0.922852 0.0385742 0.0615234 0.954102
5 0.817383 0.396484 0.0390625 0.0439453 0.951172
12 0.711914 0.219971 0.0371094 0.0620117 0.947266
0 0.122559 0.1604 0.0644531 0.0483398 0.945801
6 0.0706787 0.160645 0.0354004 0.0405273 0.945312
7 0.09552 0.504883 0.0614014 0.0615234 0.944336
8 0.0536804 0.0805664 0.0438843 0.0454102 0.942383
21 0.375488 0.577637 0.0571289 0.0771484 0.941895
5 0.568359 0.48584 0.0380859 0.0458984 0.940918
5 0.0162048 0.746582 0.0321655 0.0419922 0.940918
8 0.212158 0.663086 0.0405273 0.0419922 0.939453
2 0.279785 0.404297 0.0263672 0.0380859 0.938965
21 0.555664 0.328613 0.0390625 0.0625 0.938477
12 0.803711 0.230957 0.0371094 0.0810547 0.937988
10 0.131622 0.729492 0.0443726 0.0859375 0.937012
6 0.192993 0.577637 0.0427246 0.046875 0.93457
5 0.32373 0.151611 0.0322266 0.0395508 0.930176
18 0.480469 0.819336 0.0400391 0.0507812 0.930176
4 0.67334 0.564453 0.03125 0.0546875 0.927734
21 0.89502 0.658203 0.0419922 0.0625 0.927734
0 0.456055 0.743164 0.0776367 0.0449219 0.927734
7 0.557617 0.0786285 0.0390625 0.0527039 0.926758
5 0.224609 0.239502 0.0356445 0.0449219 0.925781
0 0.13208 0.915039 0.0627441 0.046875 0.924316
0 0.227539 0.82666 0.0566406 0.0449219 0.923828
8 0.38916 0.0713501 0.0424805 0.0447998 0.921387
21 0.0484314 0.256104 0.0376587 0.0566406 0.919434
0 0.0713043 0.915527 0.054657 0.0449219 0.916016
14 0.351318 0.902344 0.019043 0.0683594 0.914062
2 0.744629 0.730469 0.0332031 0.0488281 0.914062
0 0.496094 0.07164 0.0810547 0.0471497 0.912598
0 0.869141 0.396973 0.0605469 0.0439453 0.912598
18 0.768555 0.811035 0.0527344 0.0517578 0.911621
0 0.67041 0.48291 0.0605469 0.0458984 0.911133
10 0.111816 0.569336 0.0373535 0.0693359 0.911133
5 0.381104 0.913086 0.0385742 0.046875 0.910645
7 0.238647 0.75293 0.0637207 0.0664062 0.908203
0 0.505859 0.566406 0.0615234 0.0566406 0.903809
8 0.763184 0.314697 0.0419922 0.0458984 0.90332
5 0.751953 0.229492 0.0410156 0.0444336 0.901855
18 0.630859 0.974121 0.0390625 0.0517578 0.901367
7 0.515137 0.748047 0.0400391 0.0625 0.900391
5 0.10791 0.0789795 0.0373535 0.0435791 0.898438
7 0.249512 0.499023 0.0546875 0.0654297 0.898438
5 0.508789 0.65625 0.0390625 0.046875 0.896973
0 0.228149 0.0761719 0.0563965 0.0422363 0.894043
8 0.751953 0.0669556 0.0429688 0.0457764 0.894043
6 0.344238 0.741699 0.0449219 0.0458984 0.891113
5 0.17981 0.830078 0.0371094 0.0429688 0.891113
13 0.44873 0.813477 0.0224609 0.0683594 0.887207
18 0.42749 0.904785 0.0473633 0.0625 0.884277
5 0.817383 0.816895 0.0390625 0.0498047 0.883301
6 0.419434 0.825195 0.0449219 0.0400391 0.878418
5 0.0725098 0.00849152 0.0369873 0.016983 0.876465
13 0.90625 0.381348 0.0234375 0.0761719 0.876465
18 0.717285 0.896973 0.0546875 0.0527344 0.875
13 0.874023 0.209961 0.0195312 0.0810547 0.872559
13 0.148926 0.814941 0.0200195 0.0810547 0.871582
9 0.606445 0.483887 0.0371094 0.0449219 0.869629
8 0.853516 0.648438 0.0419922 0.0449219 0.868164
6 0.227295 0.915039 0.0410156 0.0429688 0.868164
2 0.271973 0.0731812 0.0292969 0.041626 0.865234
6 0.247559 0.158081 0.0371094 0.0422363 0.865234
4 0.820312 0.141083 0.03125 0.0586548 0.861328
18 0.302734 0.651367 0.0517578 0.0537109 0.859863
4 0.142944 0.983887 0.0314941 0.0322266 0.85791
2 0.884766 0.73291 0.0283203 0.0449219 0.855957
13 0.587891 0.807617 0.0273438 0.0761719 0.855957
0 0.539551 0.905273 0.0566406 0.046875 0.854004
6 0.276855 0.828125 0.0400391 0.0419922 0.853027
6 0.543945 0.82373 0.0566406 0.0449219 0.848145
2 0.688477 0.311035 0.03125 0.0488281 0.847168
9 0.267517 0.911133 0.0372314 0.0498047 0.838867
18 0.761719 0.142456 0.0341797 0.0500488 0.834473
4 0.625 0.397949 0.0302734 0.0488281 0.834473
5 0.076767 0.412109 0.0368958 0.0478516 0.833496
23 0.380615 0.236206 0.0322266 0.0432129 0.824219
13 0.587891 0.557617 0.0253906 0.0703125 0.824219
13 0.730469 0.804199 0.0234375 0.0791016 0.822266
13 0.79248 0.133057 0.0253906 0.0722656 0.811523
5 0.355957 0.985352 0.0341797 0.0292969 0.810547
2 0.890137 0.476074 0.0302734 0.0488281 0.804199
8 0.84375 0.314453 0.0390625 0.0429688 0.796875
2 0.103027 0.662109 0.0266113 0.0429688 0.796875
13 0.328125 0.972656 0.0214844 0.0546875 0.795898
4 0.156738 0.397217 0.0576172 0.0722656 0.789062
0 0.648438 0.233887 0.0839844 0.0478516 0.782715
18 0.14502 0.00853729 0.0390625 0.0170441 0.777344
5 0.84668 0.0543137 0.0517578 0.0581207 0.775879
5 0.283691 0.321777 0.0371094 0.0439453 0.773438
0 0.791992 0.728516 0.0595703 0.0527344 0.773438
20 0.23938 0.976562 0.0808105 0.0449219 0.759277
13 0.538086 0.974609 0.0244141 0.0507812 0.743164
13 0.944336 0.72168 0.0214844 0.0722656 0.729492
22 0.617188 0.149658 0.0371094 0.0461426 0.728027
6 0.806641 0.981445 0.0371094 0.0371094 0.720215
4 0.757812 0.563477 0.0302734 0.0429688 0.715332
8 0.928711 0.476562 0.0429688 0.0517578 0.70752
13 0.865234 0.959961 0.0234375 0.0800781 0.694336
4 0.933594 0.308105 0.0341797 0.0585938 0.690918
22 0.348389 0.0727692 0.0341797 0.0392761 0.6875
9 0.0537109 0.741699 0.0372314 0.0439453 0.686035
8 0.293945 0.237915 0.0424805 0.0456543 0.679199
22 0.67041 0.739258 0.0361328 0.0488281 0.677246
13 0.367188 0.390381 0.0195312 0.0683594 0.675781
2 0.425781 0.0601196 0.0322266 0.0643311 0.672363
6 0.480957 0.487793 0.0341797 0.0410156 0.668945
9 0.499512 0.985352 0.0390625 0.0292969 0.666992
22 0.84375 0.228882 0.0351562 0.0456543 0.658203
4 0.339844 0.233887 0.046875 0.050293 0.656738
2 0.71875 0.144043 0.0527344 0.0490723 0.649414
14 0.782715 0.638184 0.0214844 0.0654297 0.649414
10 0.851562 0.72168 0.0351562 0.0644531 0.649414
7 0.0266113 0.586914 0.0531006 0.0644531 0.647949
2 0.458984 0.325684 0.0205078 0.0234375 0.642578
4 0.932617 0.0568161 0.0341797 0.0515289 0.638672
2 0.521973 0.4021 0.0273438 0.0415039 0.631836
18 0.804688 0.314453 0.0351562 0.0458984 0.629883
4 0.93457 0.390625 0.0332031 0.0561523 0.629883
7 0.25 0.416748 0.0356445 0.0615234 0.622559
8 0.307617 0.0721436 0.0429688 0.0449219 0.620605
5 0.173096 0.663086 0.0371094 0.0449219 0.620605
13 0.544434 0.139862 0.0185547 0.0606079 0.618652
10 0.881836 0.887695 0.0390625 0.0644531 0.609375
1 0.37207 0.832031 0.0429688 0.0722656 0.605957
7 0.014679 0.180542 0.0292358 0.0910645 0.598145
2 0.561523 0.736816 0.0527344 0.0439453 0.596191
6 0.468262 0.986328 0.019043 0.0273438 0.588867
6 0.56543 0.150879 0.0556641 0.0419922 0.583008
18 0.487549 0.00548553 0.0356445 0.010788 0.556641
8 0.0895386 0.241943 0.0426025 0.0463867 0.548828
14 0.526367 0.224243 0.0185547 0.0656738 0.546875
10 0.0471802 0.151581 0.0281982 0.0620728 0.544922
7 0.885742 0.153931 0.0537109 0.0632324 0.537109
2 0.769531 0.393555 0.0332031 0.0507812 0.537109
23 0.910645 0.814453 0.0361328 0.0458984 0.535156
12 0.858398 0.807129 0.0390625 0.0595703 0.53125
6 0.831543 0.564453 0.0400391 0.0400391 0.529297
32 0.0129395 0.0799561 0.0258484 0.083252 0.513672
2 0.107422 0.00817871 0.0280762 0.0162354 0.505859
22 0.811523 0.649414 0.0332031 0.0449219 0.505859
4 0.524414 0.481445 0.0478516 0.0556641 0.505859
24 0.776855 0.486816 0.0419922 0.0722656 0.503906
8 0.722656 0.314941 0.0332031 0.0424805 0.503906
