12 0.844238 0.644531 0.0351562 0.0761719 0.98584
12 0.552734 0.475586 0.0371094 0.0634766 0.981445
18 0.539062 0.397949 0.0390625 0.0498047 0.980469
21 0.945312 0.898438 0.0390625 0.0576172 0.96875
12 0.874023 0.30127 0.0390625 0.0664062 0.967773
18 0.767578 0.808594 0.0390625 0.0566406 0.967285
24 0.825684 0.40332 0.0371094 0.0634766 0.966309
5 0.406738 0.90332 0.0371094 0.0410156 0.964355
7 0.418457 0.749023 0.0400391 0.0605469 0.963379
8 0.34668 0.980469 0.0449219 0.0390625 0.960449
8 0.681641 0.975586 0.0351562 0.0410156 0.959961
8 0.380371 0.155762 0.0419922 0.0456543 0.958984
6 0.505371 0.237427 0.0380859 0.0437012 0.958984
13 0.459229 0.386719 0.0195312 0.0751953 0.958984
5 0.672852 0.895996 0.0371094 0.0419922 0.958984
10 0.337158 0.149292 0.0415039 0.0668945 0.956543
11 0.631348 0.391602 0.0351562 0.0605469 0.955566
0 0.979492 0.141876 0.0410156 0.0438843 0.95459
4 0.753906 0.227539 0.0292969 0.0483398 0.95166
9 0.549805 0.651367 0.0351562 0.0449219 0.950195
0 0.556641 0.234375 0.0605469 0.0458984 0.946777
8 0.819336 0.973145 0.0390625 0.0419922 0.946289
6 0.491699 0.978516 0.0371094 0.0410156 0.945312
5 0.977539 0.0576477 0.0390625 0.0477905 0.943848
18 0.435547 0.646973 0.0566406 0.0634766 0.940918
18 0.515747 0.566406 0.0388184 0.0566406 0.939453
2 0.814453 0.146851 0.03125 0.0456543 0.936035
4 0.468262 0.816406 0.0351562 0.0546875 0.935547
9 0.84375 0.560547 0.0351562 0.0439453 0.933594
7 0.666016 0.827148 0.0410156 0.0605469 0.933594
2 0.385986 0.980957 0.0307617 0.0380859 0.933594
6 0.897461 0.227783 0.0371094 0.0419922 0.933105
7 0.983398 0.974609 0.0332031 0.0507812 0.933105
4 0.829102 0.803711 0.03125 0.0507812 0.931641
2 0.760742 0.0651855 0.0253906 0.0490723 0.931152
5 0.983887 0.306885 0.0322266 0.0463867 0.929199
7 0.708984 0.575195 0.0400391 0.0625 0.928223
6 0.428711 0.404297 0.0429688 0.0419922 0.927246
7 0.967773 0.569336 0.0390625 0.0625 0.927246
7 0.77832 0.325195 0.0400391 0.0595703 0.92627
2 0.794434 0.395508 0.0263672 0.0439453 0.925293
6 0.985352 0.725586 0.0283203 0.0429688 0.925293
2 0.417236 0.153564 0.0322266 0.046875 0.923828
9 0.935547 0.227051 0.0371094 0.0488281 0.923828
10 0.876953 0.878418 0.0332031 0.0625 0.923828
18 0.717773 0.309326 0.0546875 0.0532227 0.922852
0 0.355225 0.90918 0.0620117 0.046875 0.921387
5 0.74707 0.563477 0.0351562 0.046875 0.919434
18 0.887207 0.391602 0.0390625 0.0566406 0.918945
6 0.341797 0.324707 0.0498047 0.0458984 0.918457
0 0.722656 0.894531 0.0625 0.046875 0.916504
0 0.924316 0.973633 0.0791016 0.0449219 0.915527
6 0.391846 0.570801 0.0405273 0.0458984 0.913086
8 0.780273 0.147461 0.0351562 0.0439453 0.910645
2 0.648438 0.975586 0.0292969 0.0449219 0.909668
0 0.348633 0.239746 0.0634766 0.0488281 0.908691
10 0.962402 0.296387 0.03125 0.065918 0.905273
4 0.837891 0.72168 0.0332031 0.0566406 0.904785
4 0.786133 0.644531 0.0292969 0.0566406 0.90332
0 0.621094 0.150391 0.0732422 0.0454102 0.901367
2 0.951172 0.390625 0.03125 0.0439453 0.900391
9 0.419678 0.980469 0.0341797 0.0371094 0.899902
13 0.553711 0.311523 0.0263672 0.0766602 0.894043
0 0.801758 0.477539 0.0605469 0.0488281 0.892578
4 0.467285 0.563965 0.0361328 0.0566406 0.887207
6 0.908691 0.887207 0.0341797 0.0400391 0.887207
2 0.570801 0.568359 0.0332031 0.0488281 0.88623
4 0.853516 0.964844 0.03125 0.0527344 0.884766
0 0.474609 0.15332 0.0605469 0.0449219 0.880859
22 0.590332 0.485352 0.0332031 0.0390625 0.880859
5 0.982422 0.881348 0.0332031 0.0400391 0.874023
10 0.46582 0.970215 0.0273438 0.0595703 0.871582
0 0.907227 0.560547 0.0566406 0.046875 0.870605
13 0.761719 0.641602 0.0195312 0.0625 0.868164
6 0.732422 0.648438 0.0371094 0.0429688 0.866211
2 0.624023 0.316895 0.0332031 0.046875 0.863281
22 0.566406 0.899414 0.0371094 0.0439453 0.862305
13 0.54541 0.558105 0.0224609 0.0703125 0.859863
13 0.921875 0.379395 0.0263672 0.0766602 0.858887
13 0.374756 0.804688 0.0219727 0.0800781 0.85791
18 0.342041 0.819336 0.0419922 0.0566406 0.851074
0 0.615234 0.649414 0.0585938 0.0488281 0.849121
13 0.821777 0.0519714 0.0185547 0.0647583 0.84375
4 0.618164 0.812988 0.03125 0.0517578 0.84375
0 0.764648 0.724609 0.0605469 0.0595703 0.842773
5 0.566895 0.0679932 0.0507812 0.0469971 0.842773
0 0.882812 0.145996 0.0810547 0.0458984 0.841797
0 0.504883 0.900879 0.0820312 0.0429688 0.841797
13 0.370117 0.311523 0.0205078 0.0664062 0.84082
13 0.800781 0.796875 0.0273438 0.0820312 0.838867
22 0.81543 0.22876 0.03125 0.0395508 0.837402
18 0.699219 0.476074 0.046875 0.0625 0.836426
2 0.716797 0.974121 0.0292969 0.0449219 0.836426
2 0.924805 0.061615 0.0332031 0.0462036 0.830078
5 0.950195 0.641602 0.0576172 0.046875 0.827637
22 0.571289 0.734375 0.0351562 0.0410156 0.81543
13 0.911133 0.133301 0.0234375 0.0671387 0.808105
11 0.418457 0.227173 0.0507812 0.0646973 0.806641
10 0.773438 0.38623 0.0253906 0.0664062 0.806641
4 0.395508 0.316406 0.0322266 0.0537109 0.79834
4 0.89502 0.478027 0.0351562 0.0429688 0.794434
2 0.599121 0.402588 0.0263672 0.0400391 0.790527
0 0.364502 0.65918 0.0830078 0.0527344 0.782715
2 0.517578 0.651855 0.0263672 0.0419922 0.779785
22 0.773926 0.894531 0.0341797 0.0449219 0.773438
18 0.729004 0.814453 0.0332031 0.0410156 0.766113
22 0.741699 0.147339 0.0341797 0.0461426 0.764648
13 0.427979 0.808594 0.0234375 0.0722656 0.762207
2 0.962891 0.475586 0.0292969 0.0458984 0.753418
9 0.487793 0.406982 0.0390625 0.0483398 0.744629
4 0.870117 0.725586 0.03125 0.0507812 0.737305
2 0.599609 0.236694 0.0214844 0.0339355 0.732422
9 0.658203 0.317871 0.0361328 0.0478516 0.728027
4 0.785156 0.231445 0.0273438 0.0410156 0.725098
22 0.431152 0.572266 0.0297852 0.0419922 0.723145
10 0.94043 0.468262 0.0253906 0.0664062 0.720215
12 0.647461 0.473145 0.0507812 0.0693359 0.700684
22 0.401611 0.0742798 0.0341797 0.0412598 0.699219
4 0.990723 0.636719 0.0185547 0.0537109 0.695801
4 0.333496 0.0703735 0.0410156 0.055542 0.694336
4 0.567383 0.149902 0.03125 0.0458984 0.689453
6 0.947266 0.724121 0.0429688 0.0478516 0.689453
22 0.912109 0.310791 0.0351562 0.0410156 0.684082
5 0.513184 0.810547 0.0507812 0.0654297 0.677246
14 0.642578 0.888672 0.0214844 0.0673828 0.677246
6 0.795898 0.5625 0.0556641 0.046875 0.665527
46 0.661133 0.566406 0.0546875 0.0410156 0.647949
14 0.868164 0.217529 0.0205078 0.0654297 0.642578
6 0.615234 0.977051 0.0332031 0.0439453 0.638672
18 0.739258 0.479736 0.03125 0.0424805 0.615234
2 0.417725 0.00522614 0.0258789 0.0104523 0.592773
6 0.486328 0.0626373 0.046875 0.0629578 0.592773
18 0.342041 0.738281 0.0410156 0.0507812 0.583008
24 0.445801 0.90918 0.0361328 0.0595703 0.581543
18 0.689453 0.0583496 0.0488281 0.0512695 0.581543
6 0.778809 0.974121 0.0400391 0.0458984 0.57373
4 0.875977 0.803711 0.0410156 0.0527344 0.567871
18 0.820312 0.890625 0.0546875 0.0527344 0.548828
4 0.616211 0.898438 0.0292969 0.0429688 0.535156
6 0.809082 0.0645142 0.0361328 0.043457 0.519531
18 0.52832 0.149658 0.046875 0.0493164 0.511719
6 0.672852 0.39502 0.0429688 0.0522461 0.507812
6 0.586914 0.306641 0.0371094 0.0654297 0.501953
