1 0.914619 0.474328 0.0370784 0.0625676 0.970752
8 0.93559 0.0477125 0.0426176 0.0448092 0.960406
0 0.885797 0.716573 0.0610929 0.0430583 0.945236
0 0.90158 0.298697 0.0608857 0.0444379 0.944115
0 0.833232 0.381472 0.0530039 0.0420107 0.940305
0 0.264586 0.868092 0.0564001 0.0416386 0.919707
8 0.9327 0.132261 0.0365292 0.040496 0.916753
9 0.762393 0.712116 0.0338402 0.040071 0.901194
5 0.229909 0.784868 0.0372018 0.0398021 0.864746
2 0.971077 0.130336 0.0306017 0.0438211 0.844402
14 0.593075 0.945099 0.0168523 0.0614462 0.836034
11 0.37781 0.859036 0.036512 0.0632039 0.832098
2 0.0715522 0.862451 0.0287488 0.0447617 0.740507
8 0.350919 0.78983 0.037 0.0373836 0.739899
13 0.129055 0.682963 0.0256796 0.0779573 0.735243
9 0.837013 0.297388 0.0331913 0.0427629 0.733599
1 0.964497 0.3918 0.0344678 0.0631862 0.712792
9 0.936435 0.63234 0.0338492 0.0417445 0.670426
8 0.188848 0.783652 0.0412514 0.0434479 0.632737
23 0.494246 0.458932 0.0321532 0.0406058 0.610773
1 0.980228 0.0566745 0.0374632 0.0627258 0.512909
