22 0.551838 0.800481 0.0817108 0.0855837 0.960243
16 0.887018 0.594744 0.09659 0.0852085 0.937092
18 0.145961 0.957268 0.106112 0.0854645 0.921763
5 0.987557 0.196508 0.0248858 0.0906613 0.915022
8 0.958448 0.0198367 0.083105 0.0393764 0.910207
1 0.473785 0.977601 0.083039 0.0447986 0.904576
5 0.253577 0.980793 0.0884903 0.0384142 0.894464
5 0.972208 0.596415 0.0555849 0.0875256 0.867377
6 0.57411 0.979962 0.0948629 0.0400766 0.860787
0 0.411065 0.805479 0.0995988 0.08938 0.830172
5 0.797993 0.396809 0.0797517 0.0876469 0.781221
4 0.330418 0.968167 0.0665539 0.0636669 0.734714
0 0.0411765 0.978562 0.0822713 0.042676 0.699995
16 0.795732 0.977846 0.099128 0.0443081 0.681879
2 0.719308 0.0186536 0.0694704 0.0373072 0.673501
8 0.188552 0.804098 0.0888789 0.0896957 0.643666
