0 0.423511 0.839363 0.0550965 0.0369834 0.967256
6 0.192649 0.841544 0.033365 0.0358384 0.957369
6 0.23898 0.918757 0.0334197 0.0355964 0.94346
22 0.665318 0.917511 0.0368898 0.0377898 0.897504
8 0.0891772 0.759281 0.0370977 0.036166 0.879243
13 0.565048 0.969926 0.0221449 0.0601485 0.866647
7 0.150348 0.850416 0.0425014 0.0512578 0.832098
5 0.0401046 0.759508 0.0330086 0.0358562 0.816478
22 0.131879 0.759982 0.0336988 0.034946 0.727085
8 0.0671516 0.531728 0.0349804 0.0353634 0.70043
19 0.472432 0.0596094 0.0276136 0.0338745 0.644828
8 0.109777 0.220398 0.0331036 0.0357981 0.583912
22 0.673741 0.990009 0.0358829 0.0199827 0.569335
7 0.608485 0.990822 0.0417618 0.0183563 0.565036
