12 0.188965 0.277588 0.0390625 0.0698242 0.980469
18 0.117432 0.0434647 0.0449219 0.0605316 0.966309
6 0.0980835 0.369141 0.0391846 0.0410156 0.944336
29 0.0890503 0.288086 0.0584717 0.081543 0.941895
5 0.10376 0.44873 0.0361328 0.0410156 0.940918
13 0.200195 0.119751 0.0175781 0.0681152 0.92041
9 0.227783 0.129639 0.0371094 0.0395508 0.895508
2 0.21936 0.208252 0.0456543 0.0410156 0.891602
13 0.196777 0.438477 0.0234375 0.0576172 0.865234
4 0.246582 0.44043 0.0581055 0.0507812 0.825684
2 0.0119934 0.282715 0.0239868 0.0615234 0.825684
7 0.103027 0.218994 0.0373535 0.0556641 0.775879
9 0.0924683 0.134064 0.03479 0.0394897 0.766113
13 0.219727 0.274414 0.0214844 0.074707 0.754883
13 0.240479 0.276428 0.0185547 0.0721436 0.677246
13 0.224854 0.355469 0.0390625 0.0634766 0.677246
10 0.0102234 0.0487671 0.0203857 0.0668945 0.638672
22 0.153564 0.447266 0.0603027 0.0439453 0.596191
