10 0.974121 0.776855 0.0361328 0.0693359 0.983887
4 0.810059 0.641602 0.0263672 0.046875 0.983398
3 0.531738 0.401855 0.0527344 0.0668945 0.974121
21 0.576172 0.496826 0.046875 0.0678711 0.969238
9 0.808594 0.715332 0.0371094 0.0390625 0.969238
21 0.694336 0.100586 0.0537109 0.0585938 0.96582
18 0.975098 0.231201 0.0410156 0.0610352 0.964355
21 0.479492 0.264587 0.0517578 0.0577393 0.961426
11 0.810547 0.159668 0.0371094 0.0605469 0.959961
16 0.414551 0.0229187 0.0546875 0.0452271 0.958984
22 0.489746 0.806641 0.0371094 0.0410156 0.956543
6 0.952148 0.165283 0.0390625 0.0400391 0.955566
4 0.759277 0.483643 0.0244141 0.043457 0.955566
24 0.569336 0.102783 0.0371094 0.0483398 0.947754
6 0.975098 0.477539 0.0371094 0.0400391 0.947754
7 0.5177 0.578125 0.0661621 0.0585938 0.947754
5 0.859375 0.79248 0.0351562 0.0400391 0.946777
2 0.867676 0.0152283 0.0302734 0.0304565 0.944824
6 0.506836 0.650391 0.0351562 0.0390625 0.944336
5 0.840332 0.558594 0.0341797 0.0390625 0.943848
8 0.836914 0.402344 0.0400391 0.0390625 0.937988
5 0.955078 0.556641 0.0351562 0.0410156 0.937988
18 0.874512 0.867188 0.0546875 0.0478516 0.932129
0 0.467285 0.964844 0.0566406 0.0429688 0.931641
1 0.736816 0.254395 0.0380859 0.0541992 0.931152
8 0.923828 0.948242 0.0371094 0.0410156 0.931152
8 0.786133 0.874023 0.0351562 0.0361328 0.928223
11 0.65918 0.632812 0.0390625 0.0615234 0.925293
10 0.402832 0.0912476 0.0400391 0.0675049 0.922363
8 0.914062 0.558594 0.0351562 0.0410156 0.921875
11 0.648926 0.789551 0.0371094 0.0644531 0.921875
11 0.5177 0.950195 0.0368652 0.0644531 0.92041
2 0.413086 0.728516 0.0322266 0.0410156 0.919434
0 0.538574 0.803711 0.0556641 0.0410156 0.917969
6 0.67041 0.0186157 0.0351562 0.0371094 0.916016
9 0.862305 0.32373 0.0371094 0.0405273 0.916016
5 0.885742 0.947266 0.0351562 0.0410156 0.916016
21 0.417969 0.339844 0.0493164 0.0673828 0.914062
4 0.664062 0.17395 0.0253906 0.0478516 0.913574
8 0.527344 0.259521 0.0390625 0.0419922 0.913086
0 0.921875 0.401611 0.0546875 0.0419922 0.910645
14 0.915527 0.698242 0.0166016 0.0625 0.909668
0 0.42627 0.809082 0.0556641 0.0390625 0.908691
5 0.419922 0.967773 0.0375977 0.0390625 0.904785
4 0.80957 0.0800171 0.0585938 0.0655518 0.903809
9 0.986328 0.161133 0.0273438 0.0410156 0.90332
5 0.446289 0.647949 0.0327148 0.0390625 0.902832
2 0.436523 0.256836 0.0332031 0.0410156 0.900391
5 0.618164 0.956543 0.0351562 0.0380859 0.900391
22 0.455322 0.412598 0.0361328 0.0395508 0.896973
13 0.853516 0.938477 0.0195312 0.0742188 0.896973
21 0.480957 0.193481 0.0546875 0.0727539 0.891602
2 0.966797 0.708008 0.0351562 0.0371094 0.891602
6 0.959961 0.322754 0.0498047 0.0380859 0.891113
10 0.414551 0.876953 0.0405273 0.0673828 0.890137
0 0.494141 0.880371 0.0546875 0.0488281 0.890137
0 0.87207 0.480713 0.0546875 0.0385742 0.88623
13 0.894531 0.697266 0.0224609 0.0742188 0.884766
0 0.598633 0.802734 0.0566406 0.0390625 0.884766
13 0.800293 0.780762 0.0175781 0.0654297 0.883301
2 0.877441 0.401611 0.0302734 0.0405273 0.876465
4 0.826172 0.785156 0.0292969 0.0546875 0.872559
19 0.919922 0.32373 0.0273438 0.0380859 0.870605
22 0.972168 0.400635 0.0361328 0.0405273 0.856934
6 0.765625 0.719238 0.0390625 0.0380859 0.855957
5 0.688477 0.721191 0.0390625 0.0410156 0.855957
13 0.706055 0.238281 0.0195312 0.0668945 0.851074
6 0.501465 0.0220642 0.0419922 0.0413818 0.850098
14 0.588867 0.946777 0.0175781 0.0585938 0.848145
5 0.660156 0.248779 0.0371094 0.0419922 0.845703
14 0.402344 0.403809 0.0195312 0.0625 0.84375
14 0.9375 0.702148 0.0195312 0.0595703 0.84082
10 0.697266 0.473877 0.0351562 0.0639648 0.837402
13 0.765625 0.0819702 0.0214844 0.0631104 0.836426
2 0.440918 0.884766 0.0307617 0.0390625 0.834473
6 0.510742 0.333984 0.0195312 0.0380859 0.831055
2 0.680664 0.956055 0.03125 0.0419922 0.829102
5 0.614746 0.0184326 0.0263672 0.0367432 0.82666
13 0.56543 0.0227051 0.0117188 0.0447998 0.823242
6 0.618164 0.566406 0.0410156 0.0390625 0.823242
13 0.921875 0.152832 0.0195312 0.0678711 0.818848
0 0.935547 0.479736 0.0371094 0.0375977 0.805664
6 0.918457 0.0150757 0.0380859 0.0300293 0.804199
9 0.484375 0.102173 0.0371094 0.0429688 0.800781
13 0.900391 0.624023 0.0214844 0.0683594 0.79834
13 0.451904 0.326172 0.0185547 0.0703125 0.788086
23 0.53418 0.333984 0.03125 0.0380859 0.777344
0 0.730469 0.330322 0.078125 0.0415039 0.775879
13 0.677734 0.866211 0.0205078 0.0683594 0.774414
8 0.619141 0.490234 0.0390625 0.0429688 0.773438
4 0.973633 0.864746 0.0234375 0.0449219 0.771973
6 0.789551 0.0174561 0.0361328 0.0349121 0.769043
4 0.909668 0.777344 0.0605469 0.0703125 0.766113
18 0.423828 0.567383 0.0551758 0.0488281 0.760742
5 0.718262 0.0174561 0.0556641 0.0349121 0.759277
22 0.563965 0.178711 0.0371094 0.043457 0.756348
10 0.821289 0.238037 0.0332031 0.0678711 0.754883
22 0.640137 0.87793 0.0351562 0.0410156 0.749023
4 0.986816 0.554688 0.0263672 0.046875 0.746094
8 0.706543 0.87793 0.0390625 0.0429688 0.744629
22 0.487305 0.491211 0.0351562 0.0429688 0.73877
3 0.879883 0.0794067 0.0507812 0.0657959 0.729492
8 0.525391 0.179932 0.0351562 0.0410156 0.725098
5 0.74707 0.873047 0.0351562 0.0400391 0.725098
6 0.772461 0.172119 0.0371094 0.0371094 0.723145
2 0.454102 0.487793 0.0322266 0.0458984 0.705566
6 0.776855 0.642578 0.0380859 0.0410156 0.705566
18 0.860352 0.638184 0.0537109 0.0429688 0.697754
0 0.769531 0.796387 0.0419922 0.0410156 0.697754
13 0.990234 0.622559 0.0195312 0.0644531 0.695801
18 0.575195 0.5625 0.0449219 0.0585938 0.694336
8 0.876953 0.561523 0.0351562 0.0390625 0.689453
6 0.910156 0.167847 0.0410156 0.0378418 0.680664
12 0.701172 0.635254 0.0390625 0.0693359 0.675781
11 0.930664 0.857422 0.0546875 0.0625 0.668945
8 0.650391 0.956055 0.0302734 0.0390625 0.665527
22 0.417725 0.181641 0.0629883 0.0405273 0.656738
9 0.990723 0.942383 0.0185547 0.0429688 0.654785
13 0.51123 0.0993652 0.0117188 0.043457 0.647949
23 0.822266 0.0159302 0.0351562 0.0318604 0.637207
14 0.970703 0.624023 0.0185547 0.0625 0.631836
6 0.739258 0.0959473 0.0371094 0.0419922 0.629883
18 0.995117 0.309814 0.00976562 0.0644531 0.625977
4 0.759766 0.0179138 0.0234375 0.0357056 0.616699
2 0.9375 0.244995 0.0332031 0.0368652 0.615234
4 0.40332 0.257324 0.0332031 0.0410156 0.596191
6 0.587891 0.411377 0.0566406 0.0361328 0.583008
46 0.595703 0.331299 0.0839844 0.0454102 0.546875
6 0.962402 0.941406 0.0361328 0.0488281 0.539062
6 0.983398 0.0866089 0.0332031 0.0396729 0.537109
13 0.424805 0.40332 0.0209961 0.0625 0.533203
13 0.606445 0.396973 0.0195312 0.0664062 0.519531
