5 0.542969 0.450195 0.03125 0.0371094 0.979492
5 0.385986 0.302734 0.0336914 0.0419922 0.971191
5 0.448486 0.455566 0.0351562 0.0405273 0.96582
10 0.361572 0.290527 0.0332031 0.0693359 0.963379
8 0.426758 0.145996 0.0341797 0.0375977 0.962402
2 0.107239 0.303223 0.0345459 0.0390625 0.959961
21 0.137207 0.0742798 0.0493164 0.0592041 0.948242
35 0.581055 0.130859 0.0566406 0.0698242 0.941895
2 0.175049 0.0660553 0.0288086 0.0358582 0.93457
12 0.312988 0.292969 0.0410156 0.0703125 0.932129
5 0.378418 0.221802 0.0361328 0.0371094 0.924316
2 0.164673 0.301514 0.0307617 0.0380859 0.918945
22 0.378906 0.0661774 0.0361328 0.0397644 0.912598
6 0.454102 0.377441 0.0341797 0.0390625 0.901855
2 0.479736 0.0649567 0.0336914 0.0404968 0.899902
13 0.0144348 0.0575256 0.0196838 0.0773315 0.899902
4 0.00950623 0.459717 0.0189514 0.0493164 0.896973
6 0.571289 0.373047 0.0390625 0.0371094 0.894043
0 0.253418 0.0656891 0.0537109 0.0409851 0.889648
2 0.0819702 0.066391 0.0306396 0.0383606 0.88623
14 0.481934 0.363281 0.0180664 0.0654297 0.874023
8 0.111694 0.22583 0.0373535 0.0473633 0.858887
11 0.0135269 0.215698 0.0268402 0.0625 0.836426
2 0.128937 0.145752 0.0282593 0.0385742 0.835449
5 0.30249 0.0626373 0.0351562 0.0400085 0.831055
6 0.515625 0.299805 0.0537109 0.0419922 0.82666
0 0.237305 0.144531 0.0527344 0.0375977 0.824219
22 0.265137 0.223389 0.034668 0.0424805 0.803223
10 0.0508423 0.0571289 0.0473633 0.0648193 0.773438
9 0.154663 0.225586 0.036377 0.0439453 0.771973
7 0.585938 0.224731 0.0625 0.0515137 0.759277
2 0.0062027 0.303711 0.0123596 0.0400391 0.746094
0 0.245605 0.459473 0.0810547 0.0429688 0.744629
4 0.42334 0.376465 0.0224609 0.0458984 0.743164
4 0.0318527 0.302246 0.0244293 0.0478516 0.737305
13 0.501465 0.361816 0.0185547 0.0654297 0.733887
12 0.0818939 0.456787 0.0393372 0.0800781 0.723145
10 0.463867 0.130371 0.0322266 0.0664062 0.71875
2 0.391113 0.145508 0.0341797 0.0380859 0.708984
18 0.235596 0.365234 0.0458984 0.0668945 0.708984
5 0.531738 0.0317688 0.03125 0.0289307 0.67041
12 0.585938 0.0540466 0.0615234 0.0724487 0.660156
13 0.0963135 0.367676 0.0202637 0.0644531 0.654785
13 0.494873 0.439697 0.019043 0.0751953 0.638672
24 0.451172 0.00670242 0.0214844 0.0133591 0.607422
4 0.515625 0.454346 0.0253906 0.0463867 0.592773
4 0.525391 0.374023 0.0273438 0.0439453 0.583008
5 0.630371 0.215454 0.0234375 0.0356445 0.581543
9 0.418701 0.0640869 0.0371094 0.0415039 0.57373
18 0.220459 0.219482 0.0541992 0.0541992 0.558105
13 0.00868225 0.367188 0.0173035 0.0810547 0.552734
8 0.336914 0.0667725 0.0351562 0.0423584 0.519531
10 0.575195 0.284424 0.0537109 0.0649414 0.519531
13 0.219482 0.130493 0.0183105 0.0649414 0.503906
