12 0.579102 0.170166 0.0351562 0.0761719 0.970215
10 0.457275 0.161377 0.0375977 0.0639648 0.965332
35 0.267578 0.0881348 0.0507812 0.0410156 0.964844
7 0.926758 0.0925903 0.0390625 0.0603027 0.958008
5 0.509766 0.171753 0.0371094 0.0410156 0.948242
18 0.125366 0.164795 0.0554199 0.0498047 0.939453
10 0.763672 0.157471 0.0332031 0.0629883 0.9375
6 0.96875 0.0809326 0.0400391 0.0404053 0.934082
5 0.0656738 0.257812 0.038208 0.0483398 0.932617
9 0.713379 0.167969 0.0361328 0.041748 0.929199
13 0.149658 0.0740967 0.0266113 0.0791016 0.922852
5 0.721191 0.256592 0.0351562 0.0415039 0.90918
2 0.820801 0.16626 0.03125 0.0439453 0.905762
13 0.405762 0.160156 0.0205078 0.0756836 0.900391
2 0.643555 0.0859375 0.03125 0.0454102 0.899902
18 0.072525 0.0771484 0.051239 0.0667725 0.885742
2 0.700195 0.0849609 0.0253906 0.0444336 0.884277
13 0.612305 0.153564 0.0214844 0.0773926 0.884277
0 0.381836 0.253845 0.0576172 0.0528564 0.882324
7 0.116821 0.0969238 0.036377 0.0612793 0.868652
5 0.148193 0.0127182 0.0341797 0.0253754 0.866211
2 0.481445 0.254639 0.0322266 0.0517578 0.866211
4 0.323975 0.248535 0.0317383 0.0625 0.861328
10 0.210571 0.246948 0.0246582 0.0710449 0.85791
2 0.203247 0.169556 0.0314941 0.0461426 0.848145
4 0.179443 0.0836182 0.0327148 0.0517578 0.837402
4 0.15686 0.443848 0.0446777 0.0478516 0.834473
13 0.881836 0.0778198 0.0273438 0.0723877 0.832031
5 0.801758 0.0111694 0.0371094 0.0223389 0.830078
0 0.0357742 0.0153809 0.0566254 0.0307312 0.822266
2 0.0403519 0.171631 0.0294037 0.0449219 0.820801
10 0.101318 0.242065 0.0302734 0.0759277 0.81543
12 0.633789 0.0222473 0.0234375 0.0444946 0.812988
18 0.677734 0.250732 0.0527344 0.0595703 0.79834
2 0.780273 0.16626 0.0273438 0.0439453 0.792969
11 0.170166 0.158447 0.0356445 0.0639648 0.779785
6 0.640625 0.158203 0.0351562 0.0622559 0.759277
4 0.307617 0.0822754 0.03125 0.0567627 0.756348
2 0.353516 0.0105515 0.0449219 0.0210419 0.732422
8 0.812988 0.254639 0.0361328 0.0419922 0.715332
12 0.60791 0.0223389 0.0214844 0.0446167 0.70752
10 0.948242 0.154297 0.0292969 0.0688477 0.697754
10 0.413574 0.0770874 0.0400391 0.0643311 0.665527
4 0.601562 0.0774536 0.03125 0.0604248 0.645996
19 0.545898 0.166748 0.0292969 0.0488281 0.645996
18 0.746094 0.0106201 0.03125 0.0212402 0.640625
2 0.678711 0.167358 0.0292969 0.0446777 0.635254
23 0.731445 0.0840912 0.0322266 0.0447083 0.624512
6 0.558594 0.245728 0.0429688 0.0656738 0.607422
6 0.47168 0.076355 0.0449219 0.0629883 0.605957
13 0.417969 0.23938 0.0126953 0.079834 0.598145
4 0.297363 0.159058 0.0253906 0.0678711 0.562012
2 0.979004 0.00923157 0.0263672 0.0184631 0.544922
12 0.0151215 0.0863647 0.0302124 0.045166 0.535156
18 0.528198 0.0127411 0.0568848 0.0254822 0.529297
4 0.774414 0.0762329 0.0449219 0.0654297 0.527344
23 0.38916 0.0116882 0.0249023 0.0233765 0.521484
22 0.229004 0.0118408 0.0356445 0.0234985 0.517578
24 0.672852 0.0908203 0.0273438 0.052124 0.517578
5 0.972656 0.162354 0.0390625 0.0512695 0.509766
