11 0.0734863 0.932617 0.0921631 0.132812 0.989746
4 0.25531 0.948242 0.0762939 0.103516 0.976562
2 0.0266724 0.762695 0.0531616 0.0898438 0.961426
18 0.101059 0.745117 0.0945129 0.130859 0.959961
5 0.17041 0.958008 0.0881348 0.0839844 0.958984
12 0.235962 0.540527 0.172119 0.145508 0.949219
4 0.485107 0.945801 0.0717773 0.108398 0.907227
2 0.0114975 0.960449 0.0229034 0.0761719 0.907227
6 0.339355 0.753906 0.100586 0.101562 0.774414
13 0.181396 0.734863 0.0395508 0.18457 0.753418
8 0.390869 0.563965 0.043457 0.0830078 0.675781
11 0.469238 0.730469 0.148438 0.154297 0.616699
28 0.403809 0.932129 0.0859375 0.134766 0.596191
13 0.475586 0.140137 0.0556641 0.151367 0.565918
6 0.428223 0.167206 0.147461 0.0928345 0.517578
