10 0.878906 0.0369263 0.0410156 0.0651855 0.990723
10 0.352783 0.382812 0.0532227 0.0751953 0.990723
18 0.808105 0.389648 0.0419922 0.0595703 0.982422
21 0.496582 0.49292 0.0546875 0.0610352 0.976074
21 0.908691 0.498535 0.0429688 0.0615234 0.96582
7 0.455078 0.403076 0.0439453 0.0610352 0.965332
10 0.911133 0.211426 0.0371094 0.0693359 0.961914
13 0.854492 0.299316 0.0244141 0.0751953 0.960449
9 0.862793 0.221558 0.0400391 0.048584 0.958008
6 0.951172 0.0464783 0.0390625 0.043396 0.95752
10 0.702148 0.566895 0.0371094 0.0693359 0.954102
22 0.487305 0.305664 0.0390625 0.0449219 0.952637
14 0.454346 0.0296783 0.0219727 0.0593567 0.95166
5 0.663086 0.309326 0.0390625 0.0463867 0.944824
5 0.52832 0.397461 0.0390625 0.046875 0.943359
0 0.569336 0.124634 0.0595703 0.0461426 0.942383
6 0.395752 0.571289 0.0405273 0.0449219 0.939941
5 0.743652 0.398438 0.0380859 0.0458984 0.938965
4 0.349609 0.0357361 0.0371094 0.0513306 0.937988
20 0.912598 0.129425 0.0673828 0.0809937 0.935059
7 0.348389 0.491699 0.0522461 0.0664062 0.933594
14 0.825195 0.297852 0.0234375 0.0683594 0.932129
6 0.969238 0.132568 0.0429688 0.0461426 0.927734
5 0.9375 0.220703 0.0410156 0.0473633 0.925781
7 0.868164 0.586914 0.0722656 0.0644531 0.923828
9 0.885254 0.310059 0.0410156 0.0498047 0.919434
5 0.436279 0.572266 0.0405273 0.0488281 0.91748
5 0.42334 0.0360718 0.0390625 0.0473633 0.915527
5 0.65332 0.217773 0.0351562 0.0439453 0.915039
2 0.568359 0.305908 0.0351562 0.0458984 0.914062
7 0.750977 0.140594 0.0449219 0.0601196 0.913086
4 0.98584 0.575195 0.0283203 0.0644531 0.912598
5 0.414062 0.125763 0.0644531 0.0487671 0.911133
5 0.792969 0.132568 0.0371094 0.0446777 0.90918
4 0.509888 0.567383 0.0270996 0.0546875 0.903809
6 0.788574 0.0437927 0.0380859 0.0415649 0.901855
5 0.619141 0.126099 0.0371094 0.0456543 0.900391
1 0.901367 0.408691 0.0429688 0.0654297 0.898438
2 0.385742 0.0343246 0.0322266 0.0459747 0.895508
8 0.529785 0.30542 0.0400391 0.046875 0.877441
22 0.716797 0.487305 0.0371094 0.0419922 0.863281
13 0.80127 0.562012 0.0224609 0.0810547 0.859863
13 0.474609 0.0300598 0.0214844 0.0599976 0.852051
13 0.424316 0.382324 0.0214844 0.0717773 0.835449
18 0.678711 0.126984 0.0615234 0.0443726 0.835449
8 0.447266 0.481934 0.0400391 0.0449219 0.818848
0 0.986328 0.0471802 0.0273438 0.0452881 0.817383
46 0.558105 0.217529 0.0751953 0.0488281 0.811523
4 0.870117 0.489258 0.0351562 0.0488281 0.811523
8 0.759277 0.486572 0.0439453 0.0493164 0.794434
14 0.68457 0.20752 0.0214844 0.0703125 0.791992
2 0.851562 0.399414 0.0371094 0.0527344 0.791992
13 0.842773 0.122681 0.0214844 0.065918 0.78418
10 0.938477 0.569824 0.0644531 0.0712891 0.767578
6 0.953613 0.398438 0.0615234 0.0458984 0.749023
4 0.494629 0.393066 0.0283203 0.0517578 0.744629
18 0.833496 0.0346985 0.0458984 0.0631714 0.73877
2 0.538086 0.577148 0.03125 0.0576172 0.737305
14 0.466553 0.564453 0.0209961 0.0703125 0.733887
8 0.979004 0.219971 0.0410156 0.0473633 0.725098
2 0.645508 0.0369263 0.0292969 0.050354 0.716797
10 0.801758 0.47998 0.0332031 0.0664062 0.704102
12 0.810547 0.210693 0.0546875 0.0688477 0.697754
13 0.942383 0.477051 0.0205078 0.0693359 0.690918
14 0.822266 0.123413 0.0214844 0.0637207 0.6875
7 0.36499 0.21814 0.0654297 0.0803223 0.679199
10 0.404785 0.471924 0.0454102 0.065918 0.662109
4 0.967773 0.486572 0.03125 0.0551758 0.65332
6 0.714844 0.305664 0.0605469 0.0498047 0.640625
13 0.581055 0.0318527 0.0146484 0.0604401 0.629883
5 0.778809 0.306396 0.0634766 0.0454102 0.604004
4 0.498535 0.0317993 0.0273438 0.0578613 0.569824
13 0.612305 0.202881 0.0273438 0.0893555 0.552734
11 0.992188 0.388184 0.015625 0.0678711 0.550781
18 0.442383 0.296387 0.0498047 0.0634766 0.544922
13 0.325195 0.585938 0.0078125 0.0664062 0.544922
6 0.69043 0.398926 0.0625 0.0458984 0.511719
6 0.817383 0.487305 0.0537109 0.0517578 0.511719
2 0.527344 0.0372238 0.03125 0.0468903 0.505859
