12 0.174561 0.89502 0.0410156 0.0742188 0.977539
12 0.104309 0.495605 0.0421143 0.0722656 0.975098
12 0.221802 0.8125 0.0397949 0.0703125 0.97168
12 0.435791 0.897461 0.0678711 0.0722656 0.963379
0 0.269775 0.505371 0.0629883 0.0439453 0.960449
2 0.523438 0.506714 0.0292969 0.0393066 0.959473
0 0.0771484 0.584961 0.0541992 0.0410156 0.95752
5 0.307861 0.581055 0.0375977 0.0390625 0.956543
9 0.258301 0.899902 0.0371094 0.0419922 0.956055
8 0.447021 0.981934 0.0375977 0.0361328 0.953125
5 0.472168 0.666016 0.0390625 0.0410156 0.951172
8 0.340332 0.824707 0.0371094 0.0390625 0.944824
29 0.023941 0.895996 0.047821 0.0791016 0.944824
4 0.59668 0.830566 0.0253906 0.046875 0.941406
2 0.361816 0.58252 0.0351562 0.0419922 0.940918
10 0.536621 0.899414 0.0371094 0.0683594 0.940918
5 0.380371 0.825684 0.0366211 0.0390625 0.939941
0 0.0362015 0.742188 0.0547943 0.0429688 0.936523
5 0.125 0.585938 0.0371094 0.0410156 0.936035
0 0.504883 0.588867 0.0556641 0.0419922 0.933594
0 0.0236206 0.585938 0.0471802 0.0439453 0.928711
4 0.483398 0.979492 0.0253906 0.0410156 0.927246
0 0.552246 0.831055 0.0566406 0.0439453 0.926758
13 0.408691 0.731445 0.0224609 0.0683594 0.922852
5 0.246704 0.583984 0.0358887 0.0410156 0.917969
7 0.175903 0.980957 0.0427246 0.0380859 0.913086
6 0.360352 0.904297 0.0546875 0.0390625 0.912598
23 0.545898 0.982422 0.0332031 0.0351562 0.912598
2 0.229248 0.743164 0.0302734 0.0429688 0.911621
2 0.586914 0.982422 0.0332031 0.0351562 0.910645
6 0.0448914 0.660156 0.0376587 0.0371094 0.909668
10 0.429199 0.812988 0.0385742 0.0654297 0.90918
6 0.321777 0.504395 0.0380859 0.0410156 0.908691
5 0.621094 0.750977 0.0351562 0.0390625 0.905762
0 0.56543 0.588867 0.0566406 0.0390625 0.905273
0 0.112915 0.900879 0.0566406 0.0419922 0.898926
2 0.220215 0.978516 0.0322266 0.0410156 0.895508
14 0.302246 0.97168 0.015625 0.0566406 0.893066
5 0.0658569 0.902344 0.0350342 0.0390625 0.891602
5 0.0205994 0.824707 0.0408936 0.0419922 0.88623
5 0.30127 0.82373 0.0332031 0.0380859 0.864258
6 0.152222 0.822266 0.045166 0.0390625 0.847168
7 0.142609 0.751953 0.039978 0.0566406 0.847168
13 0.526367 0.551758 0.0175781 0.0253906 0.825684
2 0.521484 0.747559 0.0292969 0.0380859 0.813965
0 0.116333 0.981445 0.0327148 0.0351562 0.811523
13 0.227783 0.895996 0.0263672 0.0810547 0.804199
2 0.460693 0.833008 0.0585938 0.0546875 0.782715
2 0.354736 0.979492 0.0244141 0.0361328 0.775879
19 0.583984 0.909668 0.0253906 0.0361328 0.763672
2 0.155762 0.661133 0.0336914 0.0410156 0.762207
1 0.108093 0.822266 0.0362549 0.0703125 0.762207
5 0.376953 0.505371 0.0390625 0.0410156 0.760742
6 0.512207 0.982422 0.0341797 0.0341797 0.73877
13 0.140747 0.491699 0.0275879 0.0722656 0.710449
2 0.339355 0.980469 0.0537109 0.0371094 0.710449
13 0.381836 0.968262 0.0244141 0.0634766 0.705566
0 0.0950928 0.666016 0.060791 0.0410156 0.702637
5 0.408203 0.982422 0.0371094 0.0351562 0.700684
4 0.441406 0.665527 0.0253906 0.0449219 0.6875
14 0.497559 0.738281 0.015625 0.0625 0.686035
18 0.45874 0.747559 0.0615234 0.0400391 0.682617
2 0.555664 0.910156 0.0302734 0.0419922 0.665527
13 0.178467 0.808105 0.0195312 0.0693359 0.638672
7 0.0695801 0.978516 0.0583496 0.0410156 0.635254
0 0.288574 0.664551 0.0566406 0.0390625 0.625977
6 0.0196686 0.506348 0.0393372 0.0429688 0.624512
14 0.351562 0.493652 0.0166016 0.0654297 0.615234
13 0.192749 0.650391 0.0266113 0.0605469 0.607422
1 0.310059 0.906738 0.0361328 0.0615234 0.604004
6 0.379883 0.745117 0.0429688 0.0410156 0.565918
4 0.42627 0.497559 0.059082 0.0595703 0.527344
