21 0.771484 0.399414 0.0449219 0.0576172 0.987305
18 0.744141 0.553711 0.0410156 0.0546875 0.987305
8 0.180664 0.650391 0.0405273 0.046875 0.98291
18 0.15271 0.551758 0.0415039 0.0546875 0.980957
12 0.881348 0.557617 0.0527344 0.0800781 0.980469
7 0.614258 0.929199 0.0449219 0.0615234 0.975586
12 0.945312 0.122009 0.0507812 0.0814209 0.974609
7 0.548828 0.663086 0.0449219 0.0605469 0.970703
18 0.815918 0.0331421 0.0429688 0.0650635 0.969238
10 0.535645 0.822266 0.0380859 0.0703125 0.96875
13 0.782227 0.0322571 0.0234375 0.0645142 0.968262
11 0.248413 0.114563 0.0402832 0.0648193 0.967773
6 0.422852 0.391602 0.0380859 0.0478516 0.967285
20 0.867188 0.473389 0.0664062 0.0776367 0.967285
8 0.240234 0.829102 0.0385742 0.0458984 0.961426
5 0.246094 0.650391 0.0356445 0.0449219 0.959473
6 0.0767212 0.476074 0.0374756 0.0429688 0.958496
7 0.668945 0.838867 0.0449219 0.0625 0.955566
5 0.483887 0.388428 0.0380859 0.043457 0.955078
14 0.515625 0.0299225 0.0205078 0.059845 0.954102
1 0.13269 0.75 0.0410156 0.0625 0.954102
7 0.211548 0.751953 0.0427246 0.0576172 0.953613
0 0.226196 0.0346375 0.0603027 0.0567017 0.953125
7 0.75 0.0461426 0.0410156 0.0638428 0.953125
23 0.695801 0.30542 0.0341797 0.0463867 0.952148
6 0.445557 0.561523 0.0395508 0.0429688 0.952148
7 0.0898438 0.84082 0.0432129 0.0605469 0.951172
11 0.949707 0.90625 0.0390625 0.0605469 0.950195
13 0.815918 0.636719 0.0185547 0.0771484 0.949219
5 0.862305 0.216797 0.0400391 0.0454102 0.948242
6 0.13208 0.304688 0.0410156 0.046875 0.948242
18 0.480957 0.117737 0.0439453 0.0579834 0.947266
5 0.945312 0.650391 0.0371094 0.0449219 0.946777
7 0.06427 0.397949 0.0438232 0.0556641 0.946289
7 0.894043 0.137482 0.0439453 0.0604858 0.945801
7 0.669922 0.751465 0.0410156 0.0595703 0.944824
6 0.985352 0.921875 0.0292969 0.0419922 0.944824
6 0.134277 0.833984 0.0427246 0.0439453 0.944336
4 0.171143 0.827148 0.0288086 0.0498047 0.944336
11 0.0126724 0.977051 0.0253448 0.0458984 0.944336
9 0.5625 0.916992 0.0410156 0.046875 0.944336
5 0.255371 0.744141 0.0395508 0.0498047 0.941895
9 0.981445 0.736816 0.0371094 0.0488281 0.941895
12 0.266357 0.464844 0.0703125 0.0634766 0.939941
5 0.35791 0.831055 0.0361328 0.0449219 0.938965
21 0.322021 0.0465012 0.0439453 0.060318 0.938477
8 0.389648 0.742188 0.0410156 0.046875 0.937012
10 0.305664 0.381104 0.0390625 0.0737305 0.936523
1 0.0394287 0.751953 0.0418701 0.0625 0.934082
0 0.614258 0.833008 0.0605469 0.0498047 0.934082
7 0.304199 0.224976 0.0449219 0.0637207 0.931152
14 0.165527 0.293457 0.0224609 0.0703125 0.927246
12 0.171143 0.0355225 0.0424805 0.0706787 0.925293
0 0.617188 0.745117 0.0625 0.0517578 0.925293
0 0.4375 0.21228 0.0576172 0.0466309 0.922852
1 0.905273 0.3125 0.0488281 0.0625 0.921875
4 0.438477 0.470703 0.0292969 0.0556641 0.918945
7 0.711914 0.930664 0.0419922 0.0605469 0.913574
22 0.70166 0.561523 0.0390625 0.0419922 0.913086
10 0.827148 0.821289 0.0390625 0.0703125 0.90918
6 0.584961 0.476807 0.0410156 0.043457 0.90918
0 0.930664 0.391113 0.0625 0.0449219 0.908691
5 0.773438 0.742676 0.0371094 0.0439453 0.907227
22 0.854492 0.829102 0.0390625 0.0449219 0.907227
2 0.0522766 0.831055 0.0304565 0.0449219 0.905273
0 0.723633 0.832031 0.0615234 0.0458984 0.905273
0 0.975586 0.2146 0.0488281 0.0439453 0.903809
2 0.328369 0.560059 0.0356445 0.0449219 0.903809
9 0.290283 0.919434 0.0415039 0.0507812 0.903809
18 0.666992 0.910156 0.0488281 0.0605469 0.899902
6 0.129761 0.392334 0.0412598 0.0449219 0.897461
2 0.19458 0.303711 0.0336914 0.0478516 0.896973
9 0.774414 0.830078 0.0380859 0.046875 0.896973
2 0.752441 0.921387 0.0341797 0.0429688 0.896484
2 0.883301 0.39209 0.03125 0.0449219 0.893066
14 0.578125 0.204102 0.0214844 0.0654297 0.892578
2 0.0161133 0.389893 0.03125 0.0449219 0.891602
0 0.722656 0.743652 0.0605469 0.0498047 0.890137
9 0.0662994 0.652344 0.0400085 0.046875 0.889648
5 0.548828 0.215088 0.0380859 0.0463867 0.888184
10 0.800781 0.207397 0.0341797 0.0646973 0.885742
18 0.65332 0.646973 0.0546875 0.0585938 0.880859
9 0.530273 0.558594 0.0410156 0.0429688 0.878418
5 0.279297 0.0360718 0.0400391 0.0460205 0.875
11 0.895996 0.733398 0.0380859 0.0644531 0.872559
2 0.0683594 0.0318298 0.034668 0.0482788 0.871582
14 0.0988159 0.37793 0.020752 0.0615234 0.869629
2 0.199463 0.829102 0.0292969 0.0449219 0.869629
13 0.599609 0.206177 0.0234375 0.0668945 0.868652
4 0.408447 0.920898 0.0288086 0.0585938 0.856934
21 0.159912 0.203369 0.0449219 0.065918 0.85498
2 0.791016 0.130615 0.0332031 0.0480957 0.852051
22 0.629395 0.213379 0.0380859 0.0429688 0.852051
9 0.0949707 0.124084 0.041748 0.0540771 0.845703
2 0.313477 0.301758 0.0341797 0.0458984 0.842773
5 0.975586 0.827148 0.0488281 0.0507812 0.842773
13 0.32666 0.637695 0.0185547 0.0742188 0.836426
6 0.691406 0.12915 0.0410156 0.0510254 0.836426
2 0.437744 0.922852 0.0288086 0.0507812 0.834473
5 0.915039 0.833496 0.0410156 0.0478516 0.832031
0 0.476318 0.831543 0.0610352 0.0458984 0.831055
4 0.359863 0.470703 0.0273438 0.0556641 0.830078
1 0.410645 0.833984 0.0439453 0.0820312 0.830078
0 0.0372009 0.113953 0.0744019 0.0740967 0.827637
18 0.0158691 0.205566 0.0317383 0.060791 0.82666
19 0.550781 0.476074 0.0273438 0.0449219 0.822266
13 0.536621 0.0301361 0.0224609 0.0602722 0.820801
6 0.346191 0.745117 0.0400391 0.0488281 0.816406
6 0.986328 0.565918 0.0273438 0.0478516 0.81543
0 0.0421753 0.562012 0.0822754 0.046875 0.813965
4 0.276855 0.824219 0.0302734 0.0605469 0.812988
2 0.566406 0.0375061 0.03125 0.0454712 0.811523
2 0.829102 0.916016 0.0322266 0.0429688 0.808105
6 0.956055 0.301758 0.0585938 0.0458984 0.803223
13 0.777832 0.550781 0.0224609 0.0625 0.803223
0 0.0833588 0.921875 0.059845 0.046875 0.803223
27 0.167969 0.749023 0.0249023 0.0625 0.801758
13 0.920898 0.979492 0.0214844 0.0410156 0.799316
9 0.806641 0.55957 0.0380859 0.0410156 0.79834
6 0.512207 0.917969 0.0605469 0.046875 0.795898
22 0.563477 0.832031 0.0390625 0.0488281 0.791992
10 0.783691 0.295898 0.0361328 0.0664062 0.785156
0 0.833008 0.380127 0.0615234 0.0673828 0.785156
13 0.981934 0.114319 0.0214844 0.0755615 0.785156
6 0.959961 0.0388794 0.0664062 0.0509033 0.78418
23 0.191284 0.916992 0.0305176 0.0429688 0.782715
4 0.130341 0.913086 0.0254517 0.0644531 0.779785
13 0.958984 0.547852 0.0234375 0.0644531 0.771973
21 0.406982 0.303467 0.0566406 0.0483398 0.770508
6 0.238525 0.915039 0.0595703 0.0488281 0.770508
2 0.365234 0.651367 0.0537109 0.0439453 0.767578
14 0.106323 0.46582 0.0231934 0.0654297 0.762207
14 0.884766 0.819336 0.0185547 0.0742188 0.759277
2 0.390625 0.210083 0.0341797 0.0500488 0.757812
2 0.608887 0.657227 0.0322266 0.0507812 0.756348
5 0.661133 0.306152 0.0351562 0.0498047 0.750488
10 0.489502 0.550781 0.0424805 0.0644531 0.750488
10 0.538574 0.732422 0.0400391 0.0673828 0.750488
12 0.625 0.386475 0.046875 0.0756836 0.749023
10 0.324219 0.466797 0.0429688 0.0654297 0.73877
13 0.189453 0.982422 0.0236816 0.0351562 0.73877
10 0.807129 0.907227 0.0351562 0.0644531 0.732422
8 0.813477 0.742676 0.0429688 0.0517578 0.730957
0 0.691895 0.993164 0.0761719 0.0136719 0.726562
22 0.924805 0.476318 0.0390625 0.0439453 0.716797
10 0.59082 0.645508 0.0371094 0.0742188 0.716797
6 0.253906 0.916016 0.0297852 0.0449219 0.715332
18 0.302734 0.733887 0.0488281 0.0634766 0.712402
13 0.995605 0.113647 0.00878906 0.0739746 0.710449
7 0.345215 0.397217 0.0644531 0.0576172 0.710449
0 0.98291 0.650391 0.0341797 0.0449219 0.702637
2 0.213135 0.123657 0.0314941 0.0463867 0.695801
18 0.23938 0.384766 0.067627 0.0527344 0.690918
10 0.437012 0.647461 0.0439453 0.078125 0.686035
23 0.598145 0.0367432 0.03125 0.0438232 0.679199
0 0.887695 0.911133 0.0859375 0.0576172 0.679199
18 0.856445 0.728516 0.0410156 0.0732422 0.67041
12 0.348633 0.217529 0.0429688 0.0644531 0.666992
5 0.635742 0.00979614 0.0390625 0.0194092 0.665527
22 0.564453 0.740234 0.0390625 0.046875 0.638672
6 0.938477 0.741211 0.0410156 0.0449219 0.638672
5 0.894043 0.0396042 0.0429688 0.0544586 0.635254
2 0.159912 0.920898 0.0307617 0.0488281 0.631836
19 0.521484 0.477051 0.0292969 0.0419922 0.629883
13 0.921875 0.539551 0.0283203 0.0791016 0.62793
5 0.708984 0.0385437 0.0390625 0.0675659 0.624512
4 0.375 0.925293 0.0371094 0.0576172 0.624512
6 0.30249 0.128418 0.0639648 0.0512695 0.605957
13 0.337402 0.976562 0.0234375 0.046875 0.600098
18 0.609863 0.991211 0.0302734 0.0175781 0.577637
5 0.732422 0.662109 0.0292969 0.0292969 0.560059
18 0.178467 0.381836 0.0478516 0.0634766 0.554688
13 0.49292 0.907227 0.0229492 0.0664062 0.554688
14 0.0953369 0.0295868 0.0195312 0.0590515 0.552734
6 0.14856 0.474121 0.0610352 0.0449219 0.552734
2 0.34375 0.919434 0.03125 0.0458984 0.552734
13 0.0635376 0.106323 0.0247803 0.0852051 0.548828
12 0.126221 0.0292511 0.0334473 0.0582581 0.539062
2 0.321533 0.831055 0.0332031 0.0507812 0.537109
2 0.40332 0.650879 0.0185547 0.0224609 0.527344
18 0.223389 0.556641 0.0493164 0.0488281 0.525391
12 0.926758 0.212646 0.0429688 0.0761719 0.523438
2 0.859863 0.0387573 0.0361328 0.0565186 0.507812
0 0.0671997 0.994141 0.0582275 0.0117188 0.503906
23 0.0251617 0.919922 0.0342712 0.046875 0.501953
