8 0.814941 0.194092 0.0947266 0.0927734 0.977051
19 0.973633 0.191528 0.0527344 0.0976562 0.975586
0 0.850586 0.97168 0.140625 0.0566406 0.966797
22 0.824219 0.788086 0.0849609 0.09375 0.966309
4 0.458984 0.779297 0.0664062 0.123047 0.964355
7 0.950195 0.0413818 0.0957031 0.0827637 0.960449
2 0.823242 0.385742 0.0722656 0.09375 0.959961
2 0.90625 0.191162 0.0703125 0.0966797 0.956543
13 0.689453 0.563599 0.046875 0.150146 0.950195
22 0.89209 0.586914 0.0839844 0.09375 0.94873
6 0.758789 0.97168 0.0332031 0.0566406 0.936035
23 0.751953 0.381348 0.0761719 0.0917969 0.935059
6 0.729492 0.788086 0.09375 0.0996094 0.917969
8 0.470703 0.179199 0.09375 0.101562 0.898926
38 0.614746 0.766113 0.124023 0.152344 0.898438
23 0.782227 0.0187531 0.0605469 0.0374451 0.845703
23 0.359863 0.776855 0.078125 0.0986328 0.836426
18 0.783203 0.573242 0.132812 0.126953 0.834473
5 0.466797 0.0182343 0.0849609 0.0364685 0.808105
23 0.714355 0.0191956 0.0615234 0.0383911 0.78418
27 0.454102 0.38208 0.0581055 0.0893555 0.766113
6 0.527344 0.580078 0.0351562 0.0888672 0.73584
0 0.378418 0.972168 0.129883 0.0556641 0.72168
2 0.961914 0.946289 0.0761719 0.107422 0.611328
8 0.98584 0.586914 0.0283203 0.0996094 0.594727
13 0.395508 0.0148926 0.043457 0.0297852 0.577637
29 0.597656 0.967285 0.0859375 0.0654297 0.569824
46 0.600586 0.0169678 0.138672 0.0339355 0.562012
13 0.40625 0.757812 0.0371094 0.138672 0.552734
8 0.374512 0.15918 0.0849609 0.145264 0.511719
