10 0.529297 0.905273 0.0351562 0.0654297 0.96875
22 0.438965 0.761719 0.0361328 0.0390625 0.966309
5 0.609375 0.91748 0.0332031 0.0400391 0.964844
8 0.541992 0.76123 0.0351562 0.0380859 0.960449
0 0.565918 0.683594 0.0546875 0.0380859 0.952637
2 0.598633 0.837402 0.0332031 0.0390625 0.950195
9 0.583008 0.760742 0.0361328 0.0410156 0.94873
9 0.189209 0.920898 0.0375977 0.0410156 0.947266
8 0.142548 0.763672 0.0366821 0.0371094 0.945312
5 0.105469 0.761719 0.0336914 0.0371094 0.944824
2 0.0802612 0.68457 0.0302734 0.0390625 0.944336
7 0.320801 0.928711 0.0556641 0.0546875 0.942383
13 0.496094 0.977539 0.0175781 0.0449219 0.941895
8 0.397705 0.762695 0.0366211 0.0390625 0.939941
13 0.604492 0.667969 0.0205078 0.0683594 0.9375
2 0.485352 0.917969 0.03125 0.0371094 0.937012
22 0.552734 0.920898 0.0351562 0.0390625 0.936035
0 0.346924 0.760742 0.0556641 0.0390625 0.934082
6 0.239258 0.68457 0.0541992 0.0351562 0.905762
0 0.362305 0.841797 0.0527344 0.0390625 0.896973
13 0.181152 0.589844 0.0241699 0.0742188 0.896484
4 0.522461 0.986816 0.0273438 0.0263672 0.891602
0 0.457764 0.683594 0.0527344 0.0371094 0.882324
9 0.28125 0.759766 0.0366211 0.0410156 0.878906
9 0.307129 0.845703 0.0361328 0.0449219 0.878418
0 0.233521 0.98877 0.0554199 0.0224609 0.876465
2 0.496582 0.759766 0.0527344 0.0390625 0.875
13 0.608887 0.587891 0.0195312 0.0683594 0.873047
13 0.110291 0.977539 0.0218506 0.0449219 0.873047
14 0.416992 0.59375 0.0175781 0.0605469 0.869629
2 0.0328445 0.680664 0.0303802 0.0429688 0.868652
10 0.0861816 0.751953 0.036377 0.0683594 0.863281
3 0.16333 0.831055 0.0605469 0.0722656 0.86084
14 0.581055 0.907227 0.015625 0.0615234 0.848145
6 0.083252 0.920898 0.0197754 0.0351562 0.842773
6 0.149414 0.92041 0.036377 0.0380859 0.838867
13 0.240967 0.825195 0.0205078 0.0722656 0.835449
3 0.0441589 0.914062 0.0542603 0.0722656 0.817383
6 0.0121613 0.604004 0.0220337 0.0410156 0.81543
6 0.244873 0.762207 0.0322266 0.0351562 0.79834
6 0.0220642 0.762695 0.0390015 0.0371094 0.794434
9 0.0419312 0.841309 0.0375977 0.0400391 0.792969
7 0.436035 0.847656 0.0571289 0.0585938 0.789062
4 0.0360718 0.604004 0.0224609 0.0419922 0.78125
18 0.0426331 0.990723 0.0314331 0.0185547 0.771973
10 0.121216 0.673828 0.0500488 0.0634766 0.762207
0 0.245972 0.918945 0.0563965 0.0390625 0.753418
13 0.259277 0.666992 0.0175781 0.0703125 0.747559
24 0.300781 0.69043 0.0400391 0.0546875 0.740234
22 0.60498 0.986328 0.0361328 0.0273438 0.72168
13 0.768555 0.985352 0.0175781 0.0292969 0.6875
13 0.459473 0.976562 0.0214844 0.046875 0.656738
6 0.214722 0.842285 0.0393066 0.0380859 0.649414
22 0.431152 0.918945 0.0405273 0.0371094 0.629883
6 0.102417 0.920898 0.0510254 0.0371094 0.607422
14 0.395508 0.591309 0.015625 0.0634766 0.594727
8 0.564453 0.986328 0.0390625 0.0273438 0.584961
6 0.270996 0.841797 0.0322266 0.0400391 0.567871
18 0.148438 0.981934 0.0380859 0.0361328 0.535156
13 0.301758 0.598633 0.0224609 0.0488281 0.533203
2 0.0968628 0.831055 0.0469971 0.0566406 0.533203
8 0.389893 0.987793 0.0385742 0.0244141 0.525391
23 0.00808716 0.68457 0.0160217 0.0410156 0.505859
