7 0.0195312 0.0308075 0.0384521 0.061615 0.958984
2 0.17749 0.27417 0.0302734 0.0449219 0.947266
12 0.0184479 0.270752 0.0368958 0.0874023 0.943848
8 0.111328 0.0202332 0.036377 0.0404663 0.923828
22 0.0800629 0.102173 0.0351868 0.0432129 0.904785
2 0.0744781 0.185791 0.032196 0.0429688 0.878906
7 0.108704 0.199219 0.036499 0.0644531 0.841797
19 0.116211 0.101257 0.0288086 0.0443115 0.747559
14 0.1427 0.0908203 0.0192871 0.0643311 0.728027
4 0.0144348 0.111084 0.0288086 0.0727539 0.6875
22 0.172363 0.10376 0.0405273 0.0439453 0.600098
