8 0.834961 0.197998 0.0976562 0.0961914 0.976562
2 0.929688 0.196533 0.0722656 0.0927734 0.973145
2 0.543457 0.799805 0.0751953 0.0976562 0.970703
2 0.657227 0.974609 0.0761719 0.0507812 0.965332
0 0.424316 0.80127 0.144531 0.0917969 0.963867
2 0.178223 0.0192261 0.0708008 0.0384521 0.961914
0 0.29126 0.0219116 0.149414 0.0438232 0.959473
13 0.466553 0.954102 0.0595703 0.0917969 0.958008
8 0.817383 0.977539 0.0966797 0.0449219 0.949707
6 0.0888062 0.0179901 0.0921631 0.0359802 0.947266
4 0.65918 0.583496 0.0683594 0.116211 0.946289
0 0.777344 0.395508 0.147461 0.09375 0.945801
8 0.797852 0.0225372 0.0976562 0.0450745 0.9375
5 0.613281 0.0223389 0.0888672 0.0446777 0.937012
4 0.98584 0.188721 0.0283203 0.114258 0.936035
2 0.399414 0.0195465 0.0703125 0.039032 0.93457
13 0.725586 0.953125 0.0585938 0.09375 0.928223
2 0.689941 0.796875 0.0722656 0.0957031 0.922852
23 0.618164 0.796875 0.0722656 0.0917969 0.913086
5 0.914551 0.973633 0.0898438 0.0527344 0.913086
38 0.165314 0.368652 0.135193 0.147461 0.908691
27 0.533691 0.0236206 0.0625 0.0471802 0.908203
8 0.491943 0.373047 0.0952148 0.142578 0.896973
9 0.539551 0.97168 0.0957031 0.0566406 0.892578
13 0.599609 0.571289 0.0410156 0.143555 0.885742
11 0.0276794 0.538208 0.0553589 0.200928 0.881836
18 0.623047 0.180786 0.136719 0.126709 0.874023
6 0.0570068 0.18396 0.0987549 0.0964355 0.874023
7 0.62793 0.390625 0.144531 0.193359 0.867188
38 0.372314 0.954102 0.124512 0.0917969 0.825684
23 0.543945 0.595703 0.0644531 0.0917969 0.756348
4 0.983398 0.969727 0.0332031 0.0605469 0.743164
8 0.966797 0.591797 0.0664062 0.102539 0.737305
4 0.206177 0.522583 0.109131 0.0524902 0.712402
23 0.102844 0.976074 0.0750732 0.0478516 0.704102
8 0.740234 0.175415 0.0878906 0.141846 0.695801
13 0.0854492 0.57312 0.0410156 0.146729 0.67041
2 0.698242 0.0213623 0.0644531 0.0427246 0.645996
6 0.925781 0.383545 0.139648 0.111816 0.635254
4 0.37793 0.315918 0.0830078 0.0527344 0.633301
6 0.0507507 0.770508 0.0953979 0.142578 0.586914
1 0.185822 0.214233 0.137146 0.131592 0.581543
6 0.0309296 0.971191 0.0545349 0.0576172 0.509766
