4 0.880249 0.368663 0.0234169 0.0437084 0.961299
7 0.751621 0.224803 0.0399148 0.0535313 0.935959
13 0.902142 0.043554 0.0246587 0.0625162 0.934528
2 0.756398 0.294488 0.030534 0.0358298 0.920185
23 0.164716 0.15219 0.0287966 0.0369806 0.894903
13 0.880133 0.280511 0.0193478 0.062429 0.884501
8 0.94017 0.0537177 0.0366818 0.0378697 0.87885
8 0.824038 0.0557001 0.034451 0.0354553 0.726552
5 0.64052 0.21902 0.0329258 0.0369911 0.715776
8 0.581258 0.137962 0.0338482 0.0355749 0.691476
22 0.980943 0.0539451 0.0353575 0.0360757 0.660832
7 0.0580888 0.319888 0.0388762 0.0545787 0.660481
22 0.497638 0.216858 0.0610303 0.0361849 0.558506
