18 0.531372 0.862305 0.107178 0.144531 0.98584
18 0.893066 0.268799 0.0927734 0.141113 0.98291
4 0.261963 0.668945 0.0708008 0.0996094 0.975098
19 0.303223 0.880371 0.0634766 0.100586 0.962402
2 0.547852 0.686035 0.0732422 0.0917969 0.958984
4 0.669922 0.894531 0.0742188 0.125 0.956543
2 0.331299 0.677734 0.0698242 0.0927734 0.955078
13 0.676758 0.666992 0.0449219 0.145508 0.953125
23 0.370117 0.879395 0.0693359 0.0947266 0.952637
5 0.815918 0.902832 0.0966797 0.115234 0.950195
7 0.983887 0.316406 0.0322266 0.143555 0.949707
13 0.614258 0.461914 0.0478516 0.139648 0.945801
5 0.8125 0.691406 0.0820312 0.100586 0.944824
1 0.786621 0.310791 0.0947266 0.137207 0.943848
2 0.441406 0.884766 0.0732422 0.103516 0.935547
13 0.756836 0.481689 0.0498047 0.17334 0.919434
13 0.609375 0.873535 0.0488281 0.166992 0.917969
4 0.319824 0.0641022 0.0693359 0.11911 0.91748
6 0.913086 0.906738 0.0976562 0.121094 0.906738
4 0.981445 0.861328 0.0371094 0.177734 0.906738
4 0.678711 0.477051 0.0800781 0.120117 0.903809
5 0.0439148 0.0707397 0.0878296 0.0897217 0.88623
4 0.906738 0.685059 0.0986328 0.103516 0.874023
6 0.029892 0.873047 0.0597839 0.0976562 0.741699
4 0.159424 0.60791 0.0883789 0.0556641 0.665527
5 0.969727 0.0980225 0.0605469 0.0969238 0.631836
13 0.0157166 0.237305 0.0314331 0.146973 0.62793
9 0.980469 0.692383 0.0390625 0.111328 0.618652
12 0.425293 0.454346 0.139648 0.147949 0.588867
13 0.00966644 0.640137 0.0193024 0.155273 0.548828
