11 0.925781 0.40625 0.0371094 0.0625 0.975098
20 0.970703 0.0802155 0.0585938 0.0846863 0.965332
21 0.828125 0.0917358 0.0410156 0.0599365 0.959961
7 0.972656 0.260498 0.0390625 0.0620117 0.959961
10 0.914062 0.241699 0.0400391 0.0732422 0.954102
18 0.829102 0.410645 0.0380859 0.0527344 0.947754
7 0.831055 0.0176239 0.0371094 0.0352478 0.946777
10 0.751953 0.0688477 0.0371094 0.0689697 0.941895
0 0.960938 0.835938 0.0585938 0.0449219 0.941895
0 0.767578 0.162354 0.0664062 0.0498047 0.94043
2 0.984375 0.750488 0.0292969 0.046875 0.939453
21 0.801758 0.680664 0.0410156 0.0595703 0.938477
8 0.973633 0.67041 0.0390625 0.0439453 0.937988
7 0.986328 0.510742 0.0273438 0.0615234 0.932617
0 0.758789 0.500488 0.0566406 0.0429688 0.927246
5 0.861328 0.333008 0.0371094 0.0444336 0.923828
0 0.888184 0.667969 0.0644531 0.0429688 0.922363
12 0.901367 0.979492 0.0488281 0.0410156 0.915039
6 0.910156 0.837891 0.0380859 0.0410156 0.914062
13 0.861816 0.402832 0.0263672 0.0722656 0.911621
0 0.761719 0.248535 0.0625 0.0478516 0.908203
8 0.931641 0.917969 0.0361328 0.0400391 0.901367
2 0.816406 0.163818 0.0292969 0.0454102 0.901367
0 0.766602 0.00914764 0.0615234 0.0182953 0.893066
0 0.811523 0.755371 0.0507812 0.0429688 0.885742
35 0.754883 0.657227 0.0507812 0.0615234 0.884766
21 0.936523 0.347168 0.0390625 0.0566406 0.876465
0 0.757324 0.835938 0.0644531 0.0478516 0.868652
8 0.97168 0.165039 0.0361328 0.0444336 0.86084
22 0.930664 0.00839996 0.0332031 0.0167999 0.855957
8 0.84375 0.498291 0.0390625 0.043457 0.837402
2 0.766602 0.74707 0.0292969 0.0585938 0.830078
2 0.890625 0.413574 0.0283203 0.0478516 0.818848
1 0.842285 0.591797 0.0371094 0.0664062 0.795898
5 0.868164 0.081665 0.0351562 0.0430908 0.794434
22 0.96875 0.916504 0.03125 0.0419922 0.78125
18 0.936523 0.580078 0.0371094 0.0546875 0.779785
22 0.77832 0.582031 0.03125 0.0429688 0.775879
12 0.750488 0.980957 0.0351562 0.0380859 0.764648
6 0.977539 0.584961 0.0410156 0.046875 0.762207
2 0.938477 0.667969 0.0273438 0.0410156 0.751953
8 0.894043 0.16333 0.0419922 0.0500488 0.737305
4 0.902344 0.0749664 0.03125 0.051239 0.732422
13 0.925293 0.74707 0.0224609 0.078125 0.726562
5 0.97168 0.989258 0.03125 0.0214844 0.708984
2 0.808105 0.499512 0.0302734 0.046875 0.686035
18 0.995605 0.973145 0.00878906 0.0537109 0.686035
9 0.77832 0.414551 0.0361328 0.0439453 0.666992
4 0.870117 0.911133 0.0292969 0.0527344 0.658203
4 0.745117 0.579102 0.03125 0.0507812 0.633301
4 0.899902 0.331543 0.0332031 0.0429688 0.62793
10 0.883789 0.487793 0.0371094 0.0654297 0.584961
13 0.996094 0.905762 0.0078125 0.0654297 0.558105
5 0.897949 0.91748 0.0234375 0.0302734 0.554688
5 0.962891 0.498535 0.0195312 0.0283203 0.546875
9 0.809082 0.331787 0.0351562 0.0478516 0.535156
12 0.875 0.586914 0.0253906 0.0810547 0.525391
6 0.788574 0.0831909 0.0380859 0.0443115 0.523438
5 0.841797 0.668945 0.0273438 0.0390625 0.509766
13 0.181885 0.989258 0.0126953 0.0214844 0.507812
