12 0.824219 0.0876465 0.0371094 0.083252 0.989258
21 0.437012 0.274353 0.0673828 0.0743408 0.988281
4 0.666992 0.0872192 0.0322266 0.0546875 0.980469
8 0.753418 0.269043 0.0429688 0.0532227 0.970215
4 0.470703 0.173706 0.0297852 0.052002 0.967773
10 0.905762 0.169312 0.03125 0.0710449 0.963867
10 0.856445 0.169434 0.0371094 0.0705566 0.962891
8 0.914062 0.266113 0.0380859 0.0478516 0.959473
7 0.956055 0.101807 0.0400391 0.0600586 0.953125
5 0.509888 0.0142059 0.0407715 0.0284119 0.95166
2 0.335449 0.179932 0.0322266 0.0498047 0.94873
22 0.816895 0.015976 0.0400391 0.0318909 0.942383
14 0.766602 0.0821381 0.0205078 0.0683899 0.941895
6 0.757324 0.179443 0.0380859 0.0439453 0.932129
6 0.454102 0.0148926 0.046875 0.0297852 0.92041
5 0.356201 0.0147934 0.0395508 0.0295258 0.919434
6 0.650879 0.0152206 0.0488281 0.0303802 0.910645
6 0.861328 0.0157471 0.0439453 0.0314941 0.896973
14 0.305176 0.168945 0.0244141 0.0703125 0.894043
8 0.630371 0.0916748 0.0410156 0.0476074 0.888672
2 0.791016 0.178467 0.0292969 0.0454102 0.859863
8 0.776855 0.0144348 0.0351562 0.0287476 0.853027
10 0.493164 0.0820923 0.0439453 0.0675049 0.841797
5 0.738281 0.0163574 0.0390625 0.0327148 0.805664
8 0.437012 0.175171 0.0371094 0.0539551 0.796875
0 0.576172 0.0899048 0.0664062 0.0465088 0.716797
6 0.928711 0.179932 0.0371094 0.0444336 0.716797
6 0.698242 0.0161133 0.0341797 0.0322266 0.713867
5 0.32251 0.0961914 0.0595703 0.0512695 0.70752
13 0.290039 0.0249786 0.00878906 0.0497742 0.672363
2 0.388672 0.0922241 0.0566406 0.0501709 0.651367
6 0.996094 0.266602 0.0078125 0.0483398 0.609375
18 0.536621 0.170776 0.0576172 0.0644531 0.607422
5 0.315918 0.267334 0.0410156 0.0571289 0.59082
0 0.385498 0.179199 0.0683594 0.0522461 0.581543
