0 0.763828 0.541642 0.131456 0.0862337 0.979991
16 0.884495 0.733718 0.0990057 0.0799689 0.972629
2 0.276198 0.749509 0.0749372 0.0895541 0.964721
8 0.878724 0.129035 0.0936384 0.0896874 0.957332
2 0.481879 0.942543 0.0735537 0.0939562 0.943992
23 0.913714 0.336252 0.0664701 0.084657 0.938267
14 0.959482 0.515821 0.0453918 0.131676 0.90724
23 0.975785 0.336604 0.04843 0.0850759 0.883081
22 0.974529 0.730721 0.0509424 0.0876074 0.881879
5 0.887474 0.538839 0.0855267 0.086329 0.789307
22 0.0993475 0.949673 0.0807328 0.0873523 0.708689
5 0.994577 0.535938 0.0108451 0.0824357 0.69587
22 0.968475 0.131509 0.0628055 0.0864315 0.519971
