38 0.836426 0.701172 0.0673828 0.0683594 0.993652
10 0.782227 0.155731 0.0341797 0.0664673 0.989746
28 0.680664 0.537109 0.0488281 0.0722656 0.987793
24 0.805176 0.638672 0.0380859 0.0498047 0.987305
10 0.384521 0.469727 0.0317383 0.0634766 0.986328
18 0.910156 0.78418 0.0429688 0.0546875 0.984375
18 0.227173 0.158203 0.0439453 0.0620117 0.983398
18 0.757812 0.77832 0.0429688 0.0605469 0.983398
12 0.936523 0.396484 0.0400391 0.0703125 0.981445
21 0.618164 0.253174 0.0507812 0.0585938 0.97998
9 0.482666 0.0150757 0.0336914 0.0301514 0.978516
24 0.888672 0.253174 0.0390625 0.0493164 0.977051
21 0.464355 0.410645 0.0517578 0.0566406 0.97168
5 0.450684 0.090332 0.0332031 0.0375977 0.971191
18 0.605469 0.700195 0.0410156 0.0605469 0.970703
6 0.942383 0.0906982 0.0351562 0.0375977 0.970215
5 0.213135 0.0919189 0.0336914 0.0385742 0.968262
5 0.283691 0.871094 0.0380859 0.0390625 0.968262
12 0.238525 0.398193 0.0385742 0.0668945 0.967773
5 0.546875 0.401367 0.0361328 0.0371094 0.967773
4 0.202637 0.480713 0.0258789 0.0395508 0.966797
0 0.141113 0.0161438 0.0561523 0.0322876 0.963379
5 0.958984 0.869629 0.0371094 0.0410156 0.962891
10 0.730469 0.93457 0.0332031 0.0625 0.961426
2 0.718262 0.0145111 0.0273438 0.0290222 0.959961
13 0.925293 0.698242 0.0214844 0.0644531 0.959473
7 0.900391 0.0991211 0.0429688 0.0527344 0.958984
28 0.531738 0.624512 0.0507812 0.0703125 0.958984
2 0.291016 0.249878 0.0332031 0.0407715 0.958008
0 0.495117 0.870117 0.0556641 0.0410156 0.956543
2 0.658203 0.866211 0.0273438 0.0390625 0.956543
9 0.910156 0.168457 0.0371094 0.0410156 0.955078
18 0.927246 0.625 0.0419922 0.0566406 0.955078
0 0.516113 0.949219 0.0556641 0.0390625 0.954102
0 0.155762 0.873047 0.052002 0.0390625 0.953125
12 0.869141 0.314453 0.0371094 0.0693359 0.95166
7 0.473389 0.486572 0.0522461 0.0522461 0.949707
22 0.880859 0.0142212 0.0351562 0.0284424 0.949219
0 0.542969 0.324707 0.0527344 0.0390625 0.94873
8 0.84082 0.0152283 0.0371094 0.0302734 0.946777
10 0.402832 0.545898 0.0322266 0.0664062 0.946777
10 0.729492 0.697754 0.03125 0.0664062 0.946777
7 0.585938 0.797363 0.0390625 0.0517578 0.946777
5 0.753906 0.947266 0.0351562 0.0390625 0.946777
2 0.765625 0.246704 0.03125 0.0378418 0.942871
2 0.324219 0.94873 0.03125 0.0390625 0.941895
5 0.789062 0.0143661 0.0341797 0.0286713 0.939941
5 0.300293 0.327148 0.0356445 0.0371094 0.938965
5 0.170654 0.483398 0.0356445 0.0361328 0.938965
5 0.430664 0.714844 0.0356445 0.0390625 0.937988
5 0.700195 0.246094 0.0351562 0.0385742 0.9375
5 0.923828 0.0150452 0.0351562 0.0299683 0.937012
13 0.943359 0.777832 0.0214844 0.0703125 0.936035
2 0.863281 0.791504 0.0292969 0.0400391 0.935547
16 0.879883 0.550293 0.0507812 0.0429688 0.933594
7 0.228516 0.259705 0.0424805 0.0548096 0.932129
0 0.140839 0.0936279 0.0581665 0.0400391 0.932129
0 0.410889 0.791016 0.0551758 0.0410156 0.930664
21 0.209229 0.875977 0.0493164 0.0566406 0.928711
0 0.612793 0.324707 0.0576172 0.0390625 0.928223
13 0.724609 0.776367 0.0214844 0.0683594 0.928223
5 0.84668 0.868652 0.0390625 0.0410156 0.926758
5 0.566895 0.947266 0.0361328 0.0390625 0.925781
14 0.261719 0.236328 0.0175781 0.0600586 0.924316
7 0.181396 0.413818 0.0625 0.0561523 0.923828
5 0.36377 0.790039 0.0380859 0.0449219 0.923828
19 0.515625 0.791992 0.0292969 0.0371094 0.923828
13 0.883301 0.615234 0.0224609 0.0839844 0.922363
0 0.831055 0.47998 0.0566406 0.0400391 0.918945
5 0.438965 0.869141 0.0400391 0.0429688 0.918945
5 0.459473 0.946777 0.0361328 0.0390625 0.918945
5 0.827148 0.325684 0.0410156 0.0361328 0.918457
5 0.51416 0.557129 0.0351562 0.0400391 0.917969
7 0.293457 0.0268707 0.0585938 0.0537415 0.91748
2 0.592773 0.478516 0.0302734 0.0380859 0.914062
2 0.974609 0.789062 0.03125 0.0410156 0.912598
5 0.977539 0.403564 0.0361328 0.0380859 0.911621
0 0.770996 0.480957 0.0576172 0.0366211 0.911621
5 0.289551 0.17041 0.034668 0.0385742 0.909668
9 0.733398 0.164185 0.0332031 0.0446777 0.905273
8 0.507324 0.404053 0.0332031 0.0385742 0.903809
5 0.880859 0.478516 0.0371094 0.0419922 0.90332
18 0.964844 0.0151672 0.0390625 0.0303345 0.900391
21 0.672852 0.638672 0.0546875 0.0605469 0.900391
4 0.352783 0.404297 0.0234375 0.046875 0.900391
13 0.794922 0.542969 0.0175781 0.0703125 0.896973
13 0.879883 0.155548 0.0185547 0.0639038 0.896484
5 0.389404 0.869141 0.034668 0.0410156 0.896484
6 0.313477 0.48291 0.0341797 0.0351562 0.892578
13 0.111145 0.703125 0.0219727 0.0683594 0.892578
2 0.610352 0.403564 0.0292969 0.0380859 0.891602
2 0.2146 0.557617 0.0332031 0.0410156 0.891113
14 0.151978 0.703125 0.0158691 0.0644531 0.889648
6 0.353027 0.869141 0.0322266 0.0390625 0.889648
11 0.78418 0.857422 0.0371094 0.0625 0.88623
5 0.543945 0.868164 0.0351562 0.0390625 0.885742
22 0.601562 0.870117 0.0351562 0.0429688 0.881836
4 0.481934 0.0883179 0.0253906 0.0413818 0.879883
9 0.955078 0.711914 0.0351562 0.0390625 0.878906
13 0.992188 0.46582 0.015625 0.0664062 0.878418
13 0.270508 0.393555 0.0195312 0.0712891 0.875977
5 0.746582 0.868164 0.0361328 0.0429688 0.875977
13 0.311523 0.779785 0.019043 0.0693359 0.873047
19 0.957031 0.168335 0.0253906 0.0373535 0.872559
7 0.931641 0.254639 0.0390625 0.0556641 0.871582
13 0.619141 0.779297 0.0214844 0.0761719 0.869629
2 0.575195 0.24231 0.03125 0.0388184 0.865234
2 0.796875 0.790039 0.0292969 0.0410156 0.864258
0 0.543945 0.166992 0.0566406 0.0380859 0.86084
14 0.572266 0.858398 0.015625 0.0634766 0.858887
4 0.319336 0.167236 0.0239258 0.0449219 0.85791
14 0.119263 0.861816 0.0158691 0.0605469 0.856934
16 0.84375 0.165039 0.0507812 0.0432129 0.854004
6 0.176147 0.789062 0.0334473 0.046875 0.854004
2 0.400391 0.947754 0.0576172 0.0390625 0.854004
22 0.624023 0.948242 0.0351562 0.0410156 0.852051
4 0.925293 0.324707 0.0253906 0.0444336 0.848145
4 0.606934 0.555664 0.0234375 0.0429688 0.847168
13 0.816406 0.855469 0.0214844 0.0791016 0.84375
8 0.717773 0.631348 0.0361328 0.0410156 0.841797
13 0.362305 0.621582 0.0224609 0.0673828 0.84082
13 0.349121 0.320312 0.0219727 0.0791016 0.838867
4 0.466797 0.791992 0.0444336 0.0390625 0.838867
4 0.385254 0.631836 0.0263672 0.0449219 0.834473
13 0.990723 0.93457 0.0185547 0.0722656 0.833496
9 0.518555 0.711914 0.0371094 0.0410156 0.832031
13 0.900391 0.312988 0.0195312 0.0644531 0.831055
16 0.133026 0.789062 0.0488892 0.046875 0.830078
10 0.378418 0.237061 0.0371094 0.065918 0.82666
6 0.94043 0.949219 0.0380859 0.0410156 0.82666
2 0.630859 0.626953 0.0292969 0.0449219 0.825684
5 0.225952 0.0173645 0.0490723 0.034729 0.824219
2 0.396973 0.712891 0.0273438 0.0380859 0.824219
9 0.49707 0.243164 0.0361328 0.0415039 0.822266
14 0.118286 0.938477 0.017334 0.0605469 0.818848
2 0.280762 0.483887 0.0263672 0.0341797 0.817383
14 0.59668 0.933594 0.015625 0.0625 0.817383
14 0.131317 0.703613 0.0166626 0.0605469 0.816406
6 0.921875 0.870117 0.0341797 0.0400391 0.813965
18 0.133759 0.322754 0.053772 0.0473633 0.806641
6 0.545898 0.478516 0.0351562 0.0371094 0.804199
18 0.992188 0.700195 0.015625 0.0664062 0.801758
0 0.287598 0.712891 0.0566406 0.0410156 0.799316
5 0.705078 0.0886841 0.0361328 0.038208 0.79834
24 0.735352 0.409424 0.0429688 0.050293 0.79834
4 0.324707 0.867188 0.0234375 0.0449219 0.795898
2 0.423828 0.553223 0.0322266 0.0371094 0.788086
6 0.33252 0.636719 0.0351562 0.0390625 0.782715
2 0.688477 0.167236 0.0527344 0.0375977 0.778809
6 0.547363 0.791992 0.0341797 0.0410156 0.775879
16 0.275635 0.789062 0.0483398 0.0449219 0.771973
7 0.778809 0.406494 0.0380859 0.0625 0.770508
9 0.823242 0.552734 0.0332031 0.0429688 0.767578
6 0.292969 0.950195 0.0253906 0.0371094 0.762207
22 0.822266 0.406738 0.0371094 0.0454102 0.759277
16 0.759766 0.551758 0.046875 0.0410156 0.757812
16 0.688965 0.786133 0.046875 0.046875 0.757812
19 0.790039 0.946289 0.03125 0.0410156 0.756348
4 0.464355 0.712402 0.0302734 0.0429688 0.754883
2 0.336426 0.0900879 0.0595703 0.0397949 0.751953
7 0.668945 0.71582 0.0390625 0.0556641 0.746094
13 0.629395 0.0744476 0.0175781 0.0664368 0.743164
6 0.784668 0.0909424 0.0332031 0.043457 0.743164
22 0.481445 0.167969 0.03125 0.0380859 0.743164
4 0.783203 0.322021 0.0234375 0.043457 0.732422
18 0.677246 0.0135498 0.0449219 0.0269775 0.728027
6 0.18103 0.636719 0.0515137 0.0371094 0.723145
14 0.203857 0.783203 0.0161133 0.0625 0.720215
13 0.677734 0.0683441 0.0136719 0.056427 0.710449
4 0.686523 0.866211 0.0234375 0.0429688 0.705566
38 0.98877 0.312012 0.0224609 0.0644531 0.689453
22 0.976562 0.247437 0.0371094 0.0407715 0.673828
14 0.982422 0.62207 0.0175781 0.0644531 0.666992
4 0.227783 0.791992 0.0283203 0.0488281 0.666992
13 0.919434 0.543457 0.0205078 0.0693359 0.663574
13 0.162354 0.0758057 0.0185547 0.060791 0.649414
3 0.385254 0.156525 0.0527344 0.0809937 0.649414
8 0.900391 0.951172 0.0351562 0.0390625 0.647949
19 0.80957 0.246338 0.0292969 0.0380859 0.638672
13 0.203003 0.621094 0.0187988 0.0615234 0.635254
8 0.964844 0.480957 0.0371094 0.0458984 0.633301
13 0.573242 0.624512 0.0253906 0.0712891 0.631836
6 0.147339 0.950195 0.0354004 0.0371094 0.631836
10 0.246216 0.470215 0.0358887 0.0673828 0.624512
14 0.327881 0.312012 0.015625 0.0634766 0.618652
13 0.640625 0.703125 0.0214844 0.078125 0.616699
14 0.717773 0.854492 0.0195312 0.0664062 0.615234
13 0.457031 0.326172 0.0195312 0.0615234 0.615234
1 0.888672 0.405273 0.0361328 0.0615234 0.609375
11 0.310547 0.392578 0.0585938 0.0615234 0.607422
7 0.847656 0.631836 0.0410156 0.0703125 0.605957
4 0.891602 0.866211 0.0244141 0.046875 0.604004
6 0.539551 0.090271 0.0527344 0.0386963 0.596191
18 0.985352 0.543945 0.0292969 0.0654297 0.594727
12 0.75 0.0834351 0.0341797 0.0701904 0.592773
6 0.756836 0.631836 0.0371094 0.0449219 0.584961
13 0.498535 0.986816 0.0195312 0.0253906 0.571777
10 0.601562 0.0774994 0.0546875 0.066925 0.569824
4 0.183838 0.0165253 0.0229492 0.0328674 0.565918
6 0.32666 0.558594 0.0205078 0.0351562 0.554688
7 0.994141 0.0875854 0.0117188 0.0423584 0.552734
4 0.183838 0.0891113 0.0224609 0.0424805 0.542969
23 0.391602 0.404541 0.0302734 0.0390625 0.542969
13 0.262451 0.9375 0.027832 0.0625 0.535156
6 0.181763 0.71582 0.0378418 0.0371094 0.523438
4 0.831055 0.791504 0.03125 0.0380859 0.521484
4 0.374268 0.014534 0.0239258 0.0289154 0.511719
2 0.819336 0.0872803 0.0292969 0.0435791 0.505859
