21 0.785156 0.242676 0.046875 0.0571289 0.977051
21 0.975098 0.39209 0.046875 0.0576172 0.974609
24 0.665039 0.086319 0.0429688 0.0480652 0.973633
1 0.98291 0.314209 0.0341797 0.0576172 0.971191
5 0.876953 0.469727 0.0371094 0.0410156 0.970703
18 0.822266 0.0640259 0.0429688 0.0609131 0.970215
6 0.439941 0.0910645 0.0410156 0.0397949 0.969727
5 0.562988 0.0848999 0.0361328 0.0378418 0.96582
18 0.802734 0.380859 0.0429688 0.0605469 0.959473
8 0.776367 0.076889 0.0351562 0.0366516 0.954102
0 0.768066 0.157715 0.0537109 0.0373535 0.95166
5 0.620117 0.0138092 0.0351562 0.0276184 0.946777
21 0.833984 0.475586 0.0517578 0.0683594 0.946777
2 0.477539 0.0889893 0.0292969 0.0383301 0.943359
22 0.44043 0.248657 0.0380859 0.0383301 0.941895
6 0.815918 0.154785 0.0371094 0.0371094 0.937012
9 0.844727 0.230713 0.0351562 0.0395508 0.933105
5 0.619629 0.241943 0.0351562 0.0395508 0.932617
14 0.911133 0.375977 0.015625 0.0595703 0.919434
5 0.880859 0.151367 0.0351562 0.0405273 0.918945
2 0.627441 0.0825195 0.0322266 0.0388184 0.916504
2 0.929688 0.310059 0.0332031 0.0380859 0.914062
2 0.861328 0.310303 0.0273438 0.0375977 0.912598
13 0.616211 0.465576 0.0214844 0.0688477 0.909668
7 0.807129 0.319092 0.0390625 0.0556641 0.905762
14 0.452148 0.313477 0.0161133 0.0615234 0.903809
2 0.746094 0.23584 0.03125 0.0410156 0.900391
7 0.479004 0.0226746 0.0410156 0.0453491 0.897461
2 0.863281 0.0753784 0.03125 0.0367432 0.896973
21 0.607422 0.329102 0.0507812 0.0625 0.894043
0 0.744141 0.316895 0.0800781 0.0419922 0.880859
14 0.837891 0.299561 0.015625 0.0600586 0.878906
13 0.755859 0.459961 0.0205078 0.0722656 0.877441
18 0.719238 0.468262 0.0429688 0.0556641 0.870605
0 0.862793 0.387695 0.0537109 0.0390625 0.863281
13 0.515625 0.388184 0.0273438 0.0683594 0.86084
4 0.849609 0.151245 0.0273438 0.0437012 0.852051
0 0.492188 0.242798 0.0585938 0.0446777 0.852051
6 0.756836 0.39209 0.0410156 0.0380859 0.834473
2 0.936523 0.383789 0.0292969 0.0400391 0.834473
10 0.913086 0.461914 0.0351562 0.0820312 0.816406
4 0.892578 0.072403 0.0253906 0.0436707 0.803223
6 0.501953 0.322754 0.0400391 0.0395508 0.795898
13 0.797852 0.464355 0.0195312 0.0820312 0.78125
10 0.538086 0.0750732 0.0273438 0.0649414 0.779785
2 0.455078 0.483398 0.0444336 0.0419922 0.751953
24 0.584473 0.490723 0.0410156 0.0605469 0.744629
7 0.727051 0.0889893 0.0566406 0.055542 0.743164
13 0.938477 0.13501 0.015625 0.0717773 0.689453
10 0.900391 0.296631 0.0449219 0.0644531 0.686035
7 0.972656 0.237549 0.0546875 0.0561523 0.682617
4 0.960938 0.0665283 0.0253906 0.0460205 0.654785
22 0.485352 0.164917 0.0371094 0.043457 0.651367
2 0.566895 0.322266 0.0292969 0.0429688 0.640625
8 0.908203 0.0072937 0.0332031 0.0145874 0.602051
9 0.949219 0.00656509 0.0390625 0.0130234 0.569824
7 0.581055 0.01371 0.0371094 0.02742 0.569824
14 0.471191 0.313965 0.0185547 0.0615234 0.565918
14 0.710938 0.384766 0.0166016 0.0595703 0.558105
22 0.77832 0.00840759 0.0371094 0.0168152 0.523438
