1 0.640738 0.883572 0.0855318 0.130748 0.984577
1 0.92079 0.475389 0.0848632 0.128887 0.972077
1 0.807064 0.276496 0.0865526 0.132433 0.965831
6 0.907861 0.255596 0.0914955 0.0872881 0.954362
4 0.532932 0.858502 0.0621588 0.110238 0.950971
6 0.829927 0.45361 0.0366392 0.0884869 0.936883
5 0.01948 0.661479 0.0389601 0.0847154 0.934523
6 0.986233 0.452495 0.0275346 0.0878178 0.861028
5 0.98242 0.251066 0.0348737 0.090413 0.827177
13 0.695245 0.634013 0.0440762 0.137503 0.674394
19 0.876535 0.0573643 0.0660325 0.0878622 0.660874
