12 0.333496 0.651367 0.0361328 0.0810547 0.992188
12 0.929688 0.896484 0.0341797 0.0820312 0.984863
10 0.924316 0.631836 0.0371094 0.0683594 0.980957
21 0.43457 0.57666 0.0410156 0.0615234 0.978027
7 0.166748 0.750977 0.0373535 0.0615234 0.972168
7 0.141357 0.491211 0.0661621 0.0673828 0.97168
8 0.374023 0.983398 0.0410156 0.0332031 0.971191
11 0.803711 0.717285 0.0371094 0.0654297 0.970703
6 0.783203 0.561523 0.0419922 0.0429688 0.970215
5 0.418945 0.735352 0.0351562 0.046875 0.969238
7 0.798828 0.90918 0.0410156 0.0644531 0.969238
14 0.606445 0.466309 0.0214844 0.0664062 0.96875
12 0.209229 0.729492 0.0395508 0.0683594 0.966797
10 0.0657349 0.731445 0.0372314 0.0683594 0.965332
21 0.477539 0.915039 0.0380859 0.0605469 0.963379
2 0.681641 0.646484 0.03125 0.0458984 0.961426
14 0.654785 0.635742 0.0195312 0.0683594 0.959473
12 0.238525 0.558594 0.0400391 0.0683594 0.95752
8 0.456055 0.650391 0.0390625 0.0449219 0.95752
8 0.490234 0.477539 0.0419922 0.0478516 0.956543
0 0.116821 0.740234 0.0625 0.0498047 0.955078
12 0.610352 0.818359 0.0371094 0.0800781 0.955078
2 0.377441 0.39502 0.0317383 0.0478516 0.95459
5 0.868652 0.386719 0.0371094 0.0478516 0.953613
9 0.875 0.644531 0.0371094 0.046875 0.94873
0 0.973633 0.979492 0.0527344 0.0410156 0.947266
5 0.190186 0.984375 0.0361328 0.03125 0.942871
5 0.73584 0.476562 0.0390625 0.0449219 0.941895
14 0.390625 0.723145 0.0214844 0.0673828 0.941895
2 0.696289 0.561035 0.0332031 0.0458984 0.941406
6 0.508301 0.391357 0.0371094 0.0507812 0.936523
9 0.887207 0.728516 0.0371094 0.0449219 0.936523
18 0.498779 0.727539 0.0405273 0.0546875 0.936523
8 0.458252 0.737305 0.043457 0.0537109 0.935059
6 0.84082 0.897461 0.0410156 0.0449219 0.93457
5 0.259033 0.90625 0.0375977 0.0449219 0.934082
18 0.14502 0.649902 0.0375977 0.0585938 0.933105
10 0.321289 0.46875 0.0371094 0.0664062 0.932129
6 0.84668 0.730469 0.0410156 0.0390625 0.931152
13 0.0327454 0.975586 0.0183105 0.0488281 0.930176
0 0.84668 0.817383 0.0615234 0.046875 0.928711
13 0.227173 0.900879 0.0241699 0.0761719 0.928711
0 0.0297241 0.912598 0.0588379 0.0498047 0.928223
6 0.237061 0.821777 0.0400391 0.0439453 0.925781
4 0.753906 0.383545 0.0576172 0.0561523 0.924805
18 0.10144 0.649414 0.0527344 0.0566406 0.924805
14 0.698242 0.890625 0.0195312 0.0664062 0.924316
6 0.271973 0.983398 0.0410156 0.0332031 0.922852
5 0.206299 0.397217 0.0366211 0.0483398 0.920898
10 0.545898 0.637695 0.0371094 0.0683594 0.920898
5 0.652344 0.819336 0.0390625 0.0507812 0.920898
5 0.539062 0.73291 0.0371094 0.046875 0.92041
8 0.296387 0.90625 0.0410156 0.0449219 0.913574
13 0.841797 0.633789 0.0273438 0.0742188 0.913086
6 0.358398 0.480713 0.0419922 0.043457 0.912598
8 0.743164 0.816406 0.0371094 0.0410156 0.911621
4 0.131592 0.902344 0.0336914 0.0546875 0.911621
7 0.979492 0.742188 0.0390625 0.0605469 0.911133
0 0.726562 0.646484 0.0585938 0.0546875 0.910645
8 0.828613 0.391113 0.0419922 0.0507812 0.909668
0 0.956055 0.474609 0.0683594 0.0458984 0.909668
5 0.00866699 0.400879 0.0170898 0.0400391 0.907227
5 0.547852 0.393311 0.0380859 0.0493164 0.905762
6 0.0378952 0.397461 0.0428619 0.0488281 0.901367
0 0.586914 0.736328 0.0585938 0.0527344 0.901367
14 0.765625 0.464844 0.0214844 0.0673828 0.897461
18 0.831055 0.973633 0.046875 0.0507812 0.896973
12 0.334473 0.972656 0.0351562 0.0546875 0.896484
5 0.559082 0.818359 0.0390625 0.046875 0.894043
13 0.77832 0.634766 0.0234375 0.078125 0.891602
2 0.930664 0.977539 0.03125 0.0449219 0.887207
0 0.603516 0.649902 0.0761719 0.0527344 0.885742
2 0.790527 0.980469 0.0302734 0.0390625 0.884277
0 0.552734 0.902344 0.0556641 0.046875 0.878906
46 0.555664 0.980469 0.0654297 0.0380859 0.876465
2 0.984375 0.814453 0.03125 0.0488281 0.868164
6 0.234985 0.48584 0.041748 0.0517578 0.866211
18 0.227783 0.982422 0.0390625 0.0351562 0.851074
2 0.37207 0.648438 0.0302734 0.046875 0.849121
0 0.486816 0.56543 0.0615234 0.0488281 0.845703
21 0.883789 0.981445 0.0556641 0.0371094 0.84375
8 0.95459 0.557617 0.0400391 0.0439453 0.839844
9 0.277588 0.564453 0.0375977 0.0478516 0.838867
13 0.136963 0.974609 0.0209961 0.0507812 0.838867
6 0.668945 0.902344 0.0390625 0.0449219 0.836426
13 0.988281 0.458496 0.0214844 0.0751953 0.827637
13 0.527344 0.810547 0.0205078 0.0742188 0.824219
6 0.183838 0.570312 0.0537109 0.046875 0.822266
0 0.0569763 0.826172 0.0579224 0.0488281 0.813965
22 0.269043 0.650391 0.0332031 0.0429688 0.804199
18 0.282227 0.390625 0.0400391 0.0595703 0.799316
13 0.35791 0.805664 0.0244141 0.0878906 0.78125
10 0.900391 0.463867 0.0390625 0.0683594 0.778809
4 0.657227 0.731445 0.03125 0.0449219 0.774414
2 0.510742 0.902344 0.0283203 0.046875 0.773438
4 0.273438 0.48291 0.0361328 0.0703125 0.764648
10 0.327393 0.810547 0.0351562 0.0693359 0.764648
6 0.0817719 0.900391 0.045929 0.0654297 0.762207
7 0.394531 0.829102 0.0537109 0.0664062 0.750488
14 0.871582 0.890625 0.0214844 0.0722656 0.747559
2 0.987305 0.558594 0.0253906 0.0410156 0.730957
13 0.00870514 0.8125 0.0174103 0.101562 0.723145
18 0.197388 0.816406 0.0371094 0.0546875 0.71875
2 0.412109 0.644043 0.046875 0.0615234 0.715332
13 0.511719 0.96875 0.0195312 0.0625 0.710449
6 0.84668 0.476074 0.0458984 0.0454102 0.692871
12 0.00433731 0.5625 0.00867462 0.0605469 0.689453
7 0.0211487 0.489502 0.0422974 0.0541992 0.680664
5 0.658203 0.5625 0.0410156 0.0449219 0.666992
22 0.135468 0.567383 0.0352173 0.0498047 0.663574
23 0.6875 0.476074 0.0351562 0.0458984 0.651367
18 0.198486 0.90918 0.03125 0.0507812 0.644043
9 0.540039 0.563477 0.0380859 0.046875 0.637207
13 0.0109329 0.976074 0.0211639 0.0478516 0.637207
6 0.244629 0.396484 0.0380859 0.0478516 0.631836
13 0.506348 0.552246 0.0214844 0.0654297 0.625977
14 0.508301 0.808594 0.0205078 0.0703125 0.620605
11 0.698242 0.806641 0.0527344 0.0664062 0.615234
6 0.100952 0.986328 0.0327148 0.0273438 0.613281
6 0.76123 0.73291 0.046875 0.0449219 0.586914
6 0.183838 0.654785 0.0375977 0.0498047 0.583008
18 0.277344 0.821289 0.0371094 0.046875 0.583008
5 0.415527 0.4021 0.0283203 0.0419922 0.565918
2 0.0766449 0.487549 0.039093 0.0561523 0.563965
0 0.704102 0.732422 0.0615234 0.046875 0.556641
12 0.605957 0.380371 0.0537109 0.0683594 0.554688
12 0.96875 0.381836 0.0546875 0.0556641 0.541016
22 0.334473 0.904785 0.0341797 0.0449219 0.541016
6 0.738281 0.897461 0.0566406 0.0449219 0.529297
13 0.0164185 0.730469 0.0324097 0.0664062 0.515625
