18 0.674805 0.0427246 0.0449219 0.0623779 0.986328
12 0.373047 0.362061 0.0410156 0.0771484 0.983398
18 0.885742 0.127686 0.0429688 0.0549316 0.98291
8 0.631836 0.368408 0.0371094 0.0444336 0.976562
18 0.639648 0.277344 0.0429688 0.0634766 0.975098
12 0.575195 0.361084 0.0664062 0.0732422 0.972656
2 0.483887 0.0545044 0.0302734 0.0386963 0.961426
12 0.856445 0.0456543 0.0664062 0.0727539 0.960449
1 0.759277 0.141083 0.0390625 0.0562134 0.958984
10 0.21814 0.0418396 0.0319824 0.0628052 0.955566
6 0.798828 0.133545 0.0380859 0.0449219 0.955078
18 0.844238 0.200928 0.0439453 0.0634766 0.955078
5 0.375488 0.286621 0.0356445 0.0410156 0.953613
24 0.33252 0.376953 0.0380859 0.0517578 0.948242
19 0.56543 0.290039 0.0283203 0.0400391 0.943359
2 0.53418 0.28833 0.0332031 0.0429688 0.941895
10 0.729492 0.278564 0.0488281 0.0698242 0.938965
22 0.16333 0.291992 0.0351562 0.0400391 0.935547
0 0.931641 0.374023 0.0546875 0.0478516 0.935059
5 0.710449 0.212158 0.0361328 0.0419922 0.932129
5 0.758789 0.0552368 0.0371094 0.0419922 0.930664
2 0.911621 0.293457 0.0302734 0.0375977 0.930664
2 0.710938 0.132782 0.0332031 0.0449829 0.920898
8 0.911621 0.0570984 0.0371094 0.0409546 0.92041
6 0.116943 0.135376 0.0356445 0.0388184 0.918945
2 0.297119 0.371582 0.0317383 0.0439453 0.915527
13 0.847168 0.278564 0.0205078 0.0688477 0.914062
5 0.470215 0.209229 0.0380859 0.0405273 0.90918
2 0.787109 0.371094 0.0292969 0.0410156 0.905762
2 0.152344 0.130402 0.0327148 0.0458374 0.897461
10 0.0775757 0.04422 0.0366211 0.0678101 0.89502
1 0.970703 0.299805 0.0390625 0.0546875 0.884277
5 0.541992 0.210205 0.0332031 0.0449219 0.883301
9 0.795898 0.0540161 0.0351562 0.0394287 0.880859
5 0.885254 0.371094 0.0361328 0.0410156 0.878906
8 0.577148 0.212402 0.0351562 0.0415039 0.875
2 0.763672 0.212158 0.0585938 0.0419922 0.873047
13 0.405273 0.355225 0.0219727 0.0693359 0.872559
6 0.12323 0.214233 0.0406494 0.0395508 0.871582
7 0.315186 0.0628815 0.0493164 0.0556335 0.868164
13 0.920898 0.121094 0.0195312 0.0708008 0.855957
22 0.887207 0.212646 0.0361328 0.0415039 0.851074
32 0.328125 0.13089 0.043457 0.0814819 0.850098
14 0.884277 0.28125 0.0166016 0.0634766 0.845703
4 0.516113 0.128662 0.0263672 0.0500488 0.841797
2 0.835938 0.128693 0.03125 0.0473022 0.838867
8 0.330078 0.214355 0.0366211 0.0400391 0.838867
12 0.222412 0.281006 0.0517578 0.0688477 0.82666
12 0.98877 0.203003 0.0214844 0.0627441 0.819824
2 0.419922 0.131134 0.0341797 0.043396 0.816406
2 0.679688 0.289307 0.03125 0.0454102 0.806641
16 0.601562 0.0513916 0.0527344 0.0454102 0.786621
12 0.19458 0.121094 0.0268555 0.0686035 0.751953
0 0.660156 0.134247 0.0585938 0.0401001 0.728027
12 0.466064 0.121521 0.0400391 0.0697021 0.726562
4 0.814453 0.287598 0.0253906 0.0488281 0.725098
2 0.982422 0.364746 0.0351562 0.0527344 0.715332
8 0.779297 0.289062 0.0390625 0.046875 0.712402
4 0.514648 0.21106 0.0234375 0.0454102 0.699219
6 0.144165 0.0557556 0.0358887 0.0426636 0.695801
6 0.21582 0.212158 0.0585938 0.0405273 0.662109
18 0.961914 0.12323 0.0605469 0.0604248 0.642578
6 0.743652 0.292969 0.0341797 0.0390625 0.611328
18 0.328369 0.286621 0.0566406 0.0507812 0.57373
13 0.995117 0.035614 0.00976562 0.0696411 0.571777
4 0.36499 0.21106 0.027832 0.0446777 0.567871
10 0.525879 0.0446167 0.0507812 0.0666504 0.550781
12 0.115295 0.286133 0.0640869 0.0737305 0.539062
2 0.278076 0.206055 0.0625 0.0537109 0.53125
6 0.391846 0.211304 0.0336914 0.041748 0.517578
