18 0.195068 0.806641 0.0407715 0.0527344 0.986328
11 0.101562 0.641602 0.0374756 0.0625 0.984863
18 0.0565186 0.71875 0.0421143 0.0605469 0.981934
6 0.564453 0.966797 0.0351562 0.0371094 0.966309
5 0.444824 0.892578 0.0351562 0.0400391 0.963867
1 0.254333 0.58252 0.0352783 0.0537109 0.961914
14 0.326172 0.959961 0.0166016 0.0605469 0.957031
2 0.072876 0.891113 0.0299072 0.0390625 0.955566
9 0.605957 0.96582 0.0361328 0.0390625 0.95166
9 0.145508 0.812988 0.0373535 0.0400391 0.949707
0 0.44043 0.969727 0.0561523 0.0419922 0.949707
5 0.537598 0.572754 0.0341797 0.0371094 0.943848
24 0.236694 0.974121 0.0368652 0.0498047 0.943848
6 0.300781 0.57373 0.0546875 0.0390625 0.937012
14 0.467773 0.800781 0.015625 0.0683594 0.930176
9 0.240356 0.893555 0.0349121 0.0449219 0.927246
14 0.046051 0.880859 0.0166016 0.0595703 0.92627
18 0.459229 0.649414 0.0522461 0.046875 0.918457
5 0.547852 0.808594 0.0351562 0.0390625 0.913574
2 0.219482 0.573242 0.0332031 0.0410156 0.913086
0 0.539062 0.887695 0.0556641 0.0390625 0.913086
4 0.618164 0.807617 0.0253906 0.0439453 0.910645
9 0.482178 0.888672 0.0356445 0.0410156 0.908691
2 0.0471802 0.969727 0.0305176 0.0449219 0.905273
13 0.32251 0.560059 0.0219727 0.0673828 0.90332
2 0.201904 0.970703 0.0297852 0.0390625 0.898438
7 0.040596 0.818359 0.0428314 0.0488281 0.893066
5 0.306152 0.891602 0.0351562 0.0390625 0.891602
8 0.343262 0.893555 0.0361328 0.0390625 0.891113
5 0.586914 0.888672 0.0351562 0.0390625 0.884766
22 0.499023 0.810059 0.0351562 0.0400391 0.884277
5 0.490234 0.966797 0.0351562 0.0400391 0.884277
4 0.391602 0.969727 0.0263672 0.0449219 0.879883
6 0.0981445 0.733398 0.0377197 0.0371094 0.878418
13 0.103638 0.959961 0.0175781 0.0595703 0.873047
13 0.230225 0.794434 0.0229492 0.0751953 0.872559
10 0.0617371 0.638672 0.0344849 0.0722656 0.870605
5 0.146851 0.89209 0.0349121 0.0439453 0.869629
9 0.136261 0.733398 0.0360718 0.0390625 0.849121
2 0.364502 0.652344 0.0361328 0.0371094 0.848145
2 0.401367 0.651367 0.03125 0.0390625 0.84375
18 0.354004 0.727539 0.0551758 0.0488281 0.842773
2 0.0174828 0.652832 0.0302811 0.0380859 0.837402
4 0.609863 0.648438 0.0244141 0.0429688 0.832031
5 0.401367 0.573242 0.0351562 0.0410156 0.818848
8 0.524902 0.967773 0.0341797 0.0380859 0.805664
6 0.107056 0.811035 0.0373535 0.0371094 0.799316
12 0.549805 0.72168 0.0214844 0.0556641 0.78418
22 0.438477 0.810547 0.0332031 0.0390625 0.70752
14 0.284668 0.878906 0.0351562 0.0693359 0.699219
4 0.116211 0.572266 0.0541992 0.0429688 0.695801
28 0.381836 0.800293 0.0732422 0.0693359 0.694336
12 0.505981 0.644531 0.0368652 0.0703125 0.611328
14 0.347656 0.959473 0.0175781 0.0634766 0.594727
10 0.0161591 0.720215 0.0320129 0.0625 0.588867
2 0.581055 0.652344 0.0273438 0.0380859 0.583008
4 0.304688 0.807617 0.0234375 0.0429688 0.57959
18 0.267578 0.811523 0.0454102 0.0429688 0.57959
18 0.395996 0.882812 0.0595703 0.0605469 0.548828
10 0.0286865 0.561523 0.0541382 0.0625 0.541016
13 0.482666 0.732422 0.00683594 0.0351562 0.515625
13 0.168579 0.724609 0.0163574 0.0791016 0.507812
