24 0.397461 0.864258 0.0410156 0.0517578 0.969727
18 0.414551 0.989258 0.0390625 0.0214844 0.96875
5 0.607422 0.928711 0.0371094 0.0419922 0.958008
9 0.940918 0.682129 0.0380859 0.0419922 0.953613
2 0.94043 0.762695 0.0341797 0.0380859 0.953613
6 0.83252 0.611328 0.0361328 0.0429688 0.952148
2 0.53418 0.775391 0.0332031 0.0410156 0.95166
10 0.0157204 0.859375 0.0300217 0.0654297 0.950195
5 0.53125 0.933594 0.0400391 0.0390625 0.946777
6 0.36499 0.700195 0.0361328 0.0371094 0.944824
7 0.630859 0.856445 0.0410156 0.0546875 0.944336
8 0.724121 0.774414 0.0371094 0.0429688 0.942383
4 0.638672 0.926758 0.0234375 0.0449219 0.938965
6 0.579102 0.855469 0.0390625 0.0390625 0.937988
5 0.674805 0.691406 0.0351562 0.0390625 0.937012
1 0.79541 0.775391 0.0351562 0.0527344 0.933594
9 0.757324 0.686523 0.0361328 0.0410156 0.933105
7 0.300293 0.634766 0.0415039 0.0566406 0.931641
2 0.578613 0.773438 0.03125 0.0410156 0.931152
21 0.470947 0.941406 0.0556641 0.0605469 0.929199
2 0.826172 0.922852 0.0273438 0.0380859 0.928223
5 0.905762 0.919922 0.0361328 0.0371094 0.927734
5 0.535156 0.618164 0.0351562 0.0429688 0.927246
2 0.121704 0.865234 0.0310059 0.0400391 0.926758
0 0.402588 0.936523 0.0537109 0.0380859 0.92627
9 0.403809 0.700195 0.0361328 0.0390625 0.923828
7 0.320557 0.945312 0.0429688 0.0527344 0.918945
5 0.688477 0.923828 0.0371094 0.0371094 0.917969
7 0.927734 0.847656 0.0410156 0.0546875 0.91748
13 0.331543 0.610352 0.0214844 0.0683594 0.914062
5 0.50293 0.854492 0.0341797 0.0390625 0.911621
22 0.887695 0.844238 0.0371094 0.0410156 0.911621
24 0.456543 0.704102 0.0400391 0.0527344 0.908203
5 0.805664 0.685547 0.0371094 0.0429688 0.907227
1 0.0898438 0.951172 0.0368652 0.0546875 0.90332
13 0.470703 0.842773 0.0205078 0.078125 0.901367
2 0.761719 0.763672 0.0292969 0.0351562 0.900391
9 0.858398 0.922852 0.0351562 0.0419922 0.896484
0 0.0597229 0.712891 0.0543823 0.0429688 0.89502
5 0.0787964 0.789062 0.0352783 0.0429688 0.89502
5 0.555664 0.696289 0.0351562 0.0410156 0.883301
13 0.173828 0.850586 0.0166016 0.0722656 0.878906
6 0.725098 0.925781 0.0351562 0.0410156 0.875977
5 0.733398 0.849609 0.0351562 0.046875 0.873047
4 0.759766 0.922852 0.0273438 0.046875 0.870605
5 0.222656 0.785156 0.0356445 0.0410156 0.867188
18 0.165527 0.623047 0.0493164 0.0546875 0.835449
7 0.202148 0.94873 0.0395508 0.0546875 0.82666
9 0.950195 0.987305 0.0361328 0.0253906 0.825684
7 0.438965 0.85791 0.0380859 0.0644531 0.81543
6 0.673828 0.847656 0.0371094 0.0429688 0.805664
7 0.496094 0.695312 0.0361328 0.0742188 0.790527
32 0.271484 0.857422 0.0419922 0.0791016 0.790527
23 0.793945 0.919922 0.03125 0.0371094 0.788086
14 0.0952148 0.857422 0.0185547 0.0605469 0.786621
6 0.84375 0.767578 0.0546875 0.0371094 0.782715
1 0.835938 0.853516 0.0390625 0.0527344 0.782715
13 0.130615 0.622559 0.0175781 0.0693359 0.778809
13 0.956055 0.898926 0.0253906 0.0761719 0.771973
13 0.693359 0.978516 0.0175781 0.0429688 0.766113
13 0.0207214 0.984863 0.0172729 0.0302734 0.763672
10 0.0136261 0.701172 0.0270691 0.0664062 0.757812
2 0.358398 0.928711 0.0302734 0.0498047 0.757812
6 0.570312 0.930664 0.0341797 0.0429688 0.756348
13 0.51123 0.979492 0.0244141 0.0410156 0.754883
9 0.773926 0.844727 0.0361328 0.0410156 0.749023
5 0.244385 0.941406 0.0356445 0.0390625 0.743164
6 0.0399704 0.633789 0.0573883 0.0371094 0.726562
14 0.317871 0.688965 0.0170898 0.0615234 0.723145
6 0.936523 0.605469 0.0400391 0.0410156 0.705566
18 0.897461 0.763184 0.0478516 0.0537109 0.705566
22 0.304688 0.780762 0.0351562 0.0380859 0.702637
6 0.825684 0.767578 0.0263672 0.0371094 0.689453
14 0.827148 0.978516 0.0195312 0.0429688 0.6875
10 0.199585 0.773926 0.029541 0.0673828 0.677246
14 0.304199 0.845215 0.0166016 0.0595703 0.675781
6 0.290039 0.70459 0.0341797 0.0380859 0.665527
14 0.0296173 0.779785 0.0196228 0.0664062 0.665527
10 0.51416 0.607422 0.0302734 0.0673828 0.660156
14 0.932617 0.907227 0.0195312 0.0664062 0.654785
18 0.490234 0.771484 0.0458984 0.0507812 0.644043
13 0.479004 0.59668 0.0371094 0.0888672 0.637207
13 0.860352 0.751953 0.0175781 0.0585938 0.637207
10 0.619141 0.762695 0.0507812 0.0664062 0.633301
9 0.202759 0.866211 0.0368652 0.046875 0.633301
10 0.680664 0.766602 0.0390625 0.0761719 0.620605
14 0.334961 0.689941 0.015625 0.0605469 0.616699
2 0.0550613 0.866699 0.0573578 0.0400391 0.604004
14 0.0492859 0.779785 0.0165405 0.0654297 0.596191
13 0.235352 0.982422 0.0219727 0.0332031 0.586914
6 0.376465 0.77832 0.0380859 0.0390625 0.575684
21 0.620117 0.982422 0.0546875 0.0351562 0.575684
14 0.907227 0.595215 0.0175781 0.0615234 0.562012
12 0.375488 0.618164 0.0615234 0.078125 0.560059
2 0.0467529 0.990234 0.0291748 0.0195312 0.548828
14 0.887695 0.595703 0.0205078 0.0625 0.533203
4 0.583984 0.606934 0.0585938 0.0683594 0.517578
8 0.539062 0.848633 0.0351562 0.0527344 0.515625
