12 0.374756 0.566406 0.0424805 0.0664062 0.989258
20 0.616211 0.910156 0.0839844 0.0859375 0.989258
10 0.752441 0.975586 0.0341797 0.0488281 0.970703
7 0.891113 0.491211 0.0664062 0.0673828 0.969727
7 0.916992 0.750977 0.0371094 0.0625 0.969727
7 0.373047 0.933594 0.0439453 0.0644531 0.968262
10 0.81543 0.731445 0.0371094 0.0683594 0.965332
6 0.780273 0.569336 0.0449219 0.0429688 0.964355
0 0.383301 0.988281 0.0610352 0.0234375 0.960938
0 0.895508 0.396484 0.0625 0.0537109 0.959961
7 0.532227 0.584961 0.0390625 0.0625 0.958984
0 0.866699 0.740234 0.0625 0.0498047 0.954102
12 0.958984 0.729492 0.0390625 0.0683594 0.950195
21 0.422363 0.674805 0.0556641 0.0625 0.949219
9 0.504883 0.830078 0.0371094 0.046875 0.946777
5 0.94043 0.984375 0.0371094 0.03125 0.946777
18 0.441406 0.399414 0.0400391 0.0576172 0.945801
0 0.73291 0.828125 0.0634766 0.0527344 0.944824
5 0.728516 0.90918 0.0371094 0.046875 0.944336
8 0.581055 0.827637 0.0419922 0.0449219 0.942871
6 0.983398 0.822266 0.0322266 0.0449219 0.941895
5 0.619141 0.742188 0.0380859 0.0458984 0.939941
0 0.77832 0.912109 0.0625 0.0488281 0.938965
13 0.563965 0.561035 0.0224609 0.0634766 0.937988
5 0.670898 0.484863 0.0371094 0.0449219 0.9375
6 0.982422 0.484863 0.0351562 0.0527344 0.9375
5 0.748047 0.399902 0.0390625 0.0429688 0.937012
5 0.433594 0.989258 0.0361328 0.0214844 0.935547
0 0.443115 0.835938 0.0800781 0.0449219 0.931152
18 0.89502 0.649414 0.0371094 0.0585938 0.930664
0 0.670898 0.740723 0.0664062 0.0498047 0.930176
0 0.385498 0.750488 0.0683594 0.046875 0.927246
4 0.881836 0.902344 0.0332031 0.0546875 0.926758
18 0.851562 0.649414 0.0527344 0.0566406 0.924805
6 0.416016 0.916992 0.0395508 0.0449219 0.922852
0 0.546387 0.741211 0.0556641 0.0429688 0.92041
5 0.484375 0.40332 0.0390625 0.0478516 0.919434
10 0.683105 0.560059 0.0332031 0.0664062 0.917969
13 0.977051 0.899414 0.0244141 0.0761719 0.917969
9 0.696777 0.398926 0.0371094 0.0478516 0.911621
10 0.369141 0.480957 0.0380859 0.0703125 0.911621
5 0.956055 0.397461 0.0371094 0.0478516 0.908203
13 0.666016 0.386719 0.0214844 0.0693359 0.903809
0 0.644531 0.401123 0.0644531 0.0458984 0.903809
6 0.987305 0.397461 0.0253906 0.0488281 0.903809
22 0.438477 0.750977 0.0361328 0.0429688 0.903809
2 0.501465 0.488281 0.0302734 0.0478516 0.902832
13 0.782227 0.976562 0.0185547 0.046875 0.896484
0 0.743164 0.741211 0.078125 0.046875 0.884766
5 0.59375 0.400391 0.0400391 0.0478516 0.880859
9 0.413574 0.576172 0.0356445 0.0449219 0.880859
6 0.788086 0.397461 0.0429688 0.0488281 0.877441
10 0.469727 0.480469 0.0444336 0.0664062 0.877441
6 0.416016 0.492188 0.0576172 0.0439453 0.868164
7 0.723633 0.666992 0.0644531 0.0605469 0.858887
10 0.476807 0.736328 0.0356445 0.0712891 0.852051
0 0.806641 0.826172 0.0585938 0.0488281 0.852051
13 0.886719 0.974609 0.0214844 0.0507812 0.848145
10 0.373535 0.651367 0.0424805 0.0683594 0.847168
4 0.570312 0.480469 0.0332031 0.0546875 0.838867
5 0.375977 0.404541 0.0449219 0.050293 0.832031
18 0.948242 0.90918 0.03125 0.0507812 0.82666
18 0.977539 0.982422 0.0390625 0.0351562 0.82666
6 0.933594 0.570312 0.0527344 0.046875 0.806641
6 0.831543 0.900391 0.0458984 0.0654297 0.78125
5 0.498047 0.744141 0.0439453 0.0527344 0.73877
10 0.455078 0.904297 0.0385742 0.0673828 0.728027
22 0.633789 0.572754 0.0351562 0.0439453 0.72168
22 0.885254 0.567383 0.0351562 0.0488281 0.720215
22 0.620605 0.827148 0.0351562 0.0429688 0.702637
13 0.471191 0.822266 0.0263672 0.0683594 0.699219
18 0.947266 0.816406 0.0371094 0.0546875 0.684082
6 0.851562 0.986328 0.0351562 0.0273438 0.660156
14 0.594727 0.560547 0.0390625 0.0673828 0.644043
14 0.710938 0.55957 0.0195312 0.0664062 0.638672
12 0.984375 0.557617 0.03125 0.0683594 0.629883
6 0.933594 0.654297 0.0371094 0.0488281 0.629883
13 0.679199 0.649414 0.0224609 0.0644531 0.596191
6 0.50293 0.661133 0.0546875 0.0449219 0.583008
4 0.990234 0.736328 0.0195312 0.0527344 0.558105
2 0.694336 0.987305 0.0507812 0.0253906 0.548828
22 0.53418 0.913086 0.0351562 0.0449219 0.529297
22 0.762695 0.485596 0.0585938 0.0473633 0.517578
22 0.821777 0.568848 0.0341797 0.0449219 0.511719
6 0.455078 0.664062 0.0380859 0.0429688 0.505859
