12 0.0703735 0.782227 0.0491943 0.0791016 0.984863
11 0.491211 0.517578 0.0400391 0.0605469 0.97168
5 0.54541 0.969238 0.0371094 0.0429688 0.967285
10 0.592773 0.263245 0.0341797 0.0643311 0.964844
9 0.136719 0.34375 0.0429688 0.0458984 0.959473
21 0.419189 0.793945 0.0576172 0.0625 0.955566
5 0.0150452 0.258545 0.0299072 0.0439453 0.95459
5 0.536133 0.180908 0.0390625 0.043457 0.953613
13 0.307129 0.956055 0.0195312 0.0644531 0.953125
22 0.447754 0.180054 0.0395508 0.0407715 0.95166
2 0.331055 0.702148 0.0341797 0.0449219 0.95166
11 0.0525513 0.340332 0.0393066 0.0654297 0.950195
7 0.281006 0.887695 0.0444336 0.0605469 0.94873
11 0.308105 0.775879 0.0361328 0.0605469 0.947754
0 0.578125 0.883789 0.0566406 0.0449219 0.947266
13 0.357666 0.956543 0.0185547 0.0673828 0.934082
0 0.301758 0.178467 0.0605469 0.0466309 0.933594
12 0.366699 0.870117 0.0673828 0.0683594 0.933594
6 0.616211 0.365234 0.0429688 0.0429688 0.933105
10 0.330566 0.604492 0.0419922 0.0664062 0.928711
22 0.412109 0.701172 0.0380859 0.0410156 0.927734
4 0.226318 0.170654 0.0300293 0.0537109 0.926758
21 0.371338 0.709961 0.0424805 0.0566406 0.924316
1 0.185913 0.439941 0.0388184 0.0620117 0.921875
7 0.342773 0.270264 0.0625 0.0556641 0.921387
9 0.0172729 0.783691 0.0344238 0.0498047 0.91748
11 0.509766 0.432129 0.0410156 0.0615234 0.916016
0 0.210449 0.962891 0.0634766 0.0429688 0.915527
10 0.59668 0.0773315 0.0371094 0.0643311 0.914062
4 0.465332 0.783691 0.03125 0.0527344 0.903809
2 0.0764008 0.076416 0.0327454 0.0457764 0.899902
10 0.433105 0.957031 0.0341797 0.0664062 0.896484
6 0.187866 0.175537 0.0427246 0.0439453 0.892578
2 0.207031 0.26001 0.0317383 0.0415039 0.888672
2 0.623047 0.615234 0.0351562 0.0449219 0.88623
2 0.0836182 0.87793 0.032959 0.0449219 0.882324
9 0.0934448 0.172363 0.0372314 0.0478516 0.878418
22 0.0541687 0.173584 0.0363159 0.0424805 0.876465
4 0.513794 0.964844 0.0290527 0.0498047 0.873047
13 0.241333 0.866211 0.0212402 0.0742188 0.872559
46 0.214966 0.0779419 0.0671387 0.0450439 0.866211
22 0.291016 0.433594 0.0371094 0.0400391 0.866211
5 0.618652 0.181152 0.0410156 0.0551758 0.864258
0 0.482178 0.266602 0.081543 0.0439453 0.852051
6 0.367188 0.348145 0.0595703 0.046875 0.849121
13 0.416992 0.169434 0.0209961 0.0673828 0.84375
14 0.397461 0.16748 0.019043 0.0629883 0.839844
8 0.0529099 0.257324 0.0438385 0.050293 0.836426
18 0.257751 0.511597 0.0411377 0.0646973 0.824219
13 0.354004 0.510742 0.0219727 0.0712891 0.824219
2 0.256104 0.176758 0.0307617 0.0456543 0.812988
6 0.615234 0.0148926 0.0449219 0.0297852 0.805664
2 0.120361 0.258301 0.0327148 0.0439453 0.799316
2 0.283203 0.26123 0.03125 0.0375977 0.794434
6 0.366211 0.787109 0.0419922 0.0410156 0.792969
6 0.222046 0.431152 0.0236816 0.0439453 0.788086
2 0.0906372 0.429199 0.0330811 0.0478516 0.785156
9 0.0520935 0.692383 0.0375366 0.0527344 0.782715
22 0.142212 0.430908 0.0356445 0.0424805 0.777344
9 0.205078 0.519043 0.0385742 0.0478516 0.774414
22 0.540039 0.612305 0.0390625 0.0419922 0.773438
6 0.460693 0.96582 0.027832 0.0410156 0.767578
13 0.0218201 0.682617 0.0202637 0.0742188 0.766113
13 0.00780106 0.498047 0.0155563 0.0820312 0.749023
13 0.258545 0.689453 0.0170898 0.0664062 0.730957
6 0.0939941 0.347168 0.0380859 0.046875 0.729492
13 0.512695 0.25824 0.0234375 0.0645752 0.728027
29 0.0184784 0.163574 0.0367737 0.0673828 0.71875
13 0.337646 0.775391 0.019043 0.0644531 0.712402
13 0.232178 0.944336 0.0234375 0.078125 0.695801
24 0.0350342 0.615234 0.0318604 0.0566406 0.690918
13 0.322754 0.870117 0.019043 0.0634766 0.680664
10 0.202759 0.685547 0.0524902 0.0625 0.663574
23 0.0419617 0.0760498 0.0325928 0.0445557 0.651367
0 0.321289 0.52002 0.0791016 0.0507812 0.645996
7 0.524902 0.881348 0.0419922 0.0800781 0.631836
2 0.00964355 0.611816 0.0191345 0.0488281 0.613281
16 0.274902 0.964844 0.0439453 0.0429688 0.609375
10 0.407227 0.256836 0.0615234 0.0639648 0.598145
14 0.239868 0.686035 0.0192871 0.0605469 0.598145
18 0.380615 0.608398 0.0576172 0.0585938 0.592773
12 0.25708 0.777344 0.0493164 0.0644531 0.592773
4 0.20459 0.782227 0.0283203 0.0488281 0.57959
23 0.471191 0.443115 0.03125 0.0454102 0.571777
24 0.470703 0.0536499 0.043457 0.0264893 0.565918
22 0.408936 0.00741577 0.0371094 0.0147858 0.554688
22 0.233154 0.0062294 0.0356445 0.012352 0.546875
6 0.624023 0.0878906 0.0361328 0.0456543 0.546875
13 0.257812 0.421387 0.027832 0.0634766 0.546875
11 0.0118408 0.0653076 0.023407 0.0675049 0.541016
23 0.455566 0.527344 0.0283203 0.0410156 0.539062
24 0.484863 0.889648 0.0341797 0.0527344 0.53125
14 0.486816 0.957031 0.0214844 0.0644531 0.517578
0 0.047905 0.511719 0.0617828 0.0654297 0.513672
7 0.288574 0.61377 0.0341797 0.0439453 0.513672
28 0.53418 0.77832 0.0625 0.0625 0.507812
32 0.113281 0.703125 0.0390625 0.0605469 0.505859
10 0.42334 0.871094 0.0429688 0.0664062 0.505859
