4 0.502441 0.447754 0.0761719 0.109375 0.982422
18 0.620117 0.84375 0.09375 0.124023 0.980469
1 0.750977 0.0782471 0.09375 0.144043 0.976562
2 0.749512 0.862305 0.0742188 0.09375 0.953125
2 0.549805 0.0608826 0.0712891 0.0916138 0.95166
0 0.829102 0.264648 0.140625 0.0952148 0.949219
2 0.953125 0.0604248 0.0791016 0.0939941 0.938477
6 0.857422 0.0598145 0.0957031 0.106567 0.918945
38 0.296631 0.84082 0.134277 0.173828 0.905273
7 0.487793 0.288025 0.15918 0.138794 0.889648
6 0.950195 0.257812 0.0947266 0.0874023 0.813965
8 0.838379 0.862305 0.0986328 0.0917969 0.811523
13 0.913086 0.838867 0.046875 0.142578 0.799316
7 0.87793 0.685059 0.166016 0.139648 0.62793
7 0.598633 0.678711 0.138672 0.140625 0.622559
