8 0.484889 0.970518 0.0349815 0.0358472 0.961842
22 0.325949 0.895236 0.0344968 0.0378592 0.946746
0 0.588462 0.272092 0.0549672 0.0400393 0.934067
1 0.531894 0.82229 0.0363576 0.0515105 0.929806
7 0.31647 0.977193 0.0431659 0.0436304 0.903727
8 0.283083 0.894529 0.0342757 0.0366738 0.895019
4 0.159889 0.116735 0.027987 0.0415113 0.887144
8 0.187924 0.739147 0.0346647 0.0363714 0.881205
5 0.482065 0.19411 0.0342875 0.0373446 0.849138
14 0.350318 0.960085 0.0150169 0.0584404 0.645215
5 0.466238 0.115966 0.0324975 0.0372568 0.638768
9 0.0838974 0.895274 0.036036 0.0382757 0.626392
