21 0.0670166 0.438965 0.0397949 0.0605469 0.970215
0 0.143829 0.991211 0.0599976 0.0175781 0.969238
7 0.0197144 0.266357 0.0394287 0.0595703 0.962891
18 0.0466003 0.503906 0.0375366 0.0517578 0.960938
11 0.0676422 0.162964 0.0368347 0.0688477 0.955566
9 0.147095 0.838867 0.0397949 0.0449219 0.952148
2 0.165039 0.922852 0.0361328 0.0507812 0.944824
5 0.0251923 0.426758 0.0350647 0.043457 0.932617
21 0.0297546 0.853516 0.0410767 0.0585938 0.928711
6 0.0650635 0.84082 0.0368652 0.0410156 0.927734
8 0.182861 0.178345 0.0424805 0.048584 0.917969
13 0.115356 0.830078 0.0256348 0.0644531 0.914062
6 0.155029 0.259705 0.0581055 0.0440674 0.909668
8 0.124756 0.924316 0.0419922 0.0507812 0.908203
4 0.100586 0.755859 0.0322266 0.0488281 0.907227
4 0.173096 0.506836 0.032959 0.0488281 0.882324
13 0.0714722 0.745117 0.02771 0.0703125 0.867188
6 0.163818 0.34375 0.0356445 0.0400391 0.848145
10 0.14209 0.331055 0.0322266 0.0664062 0.816406
13 0.179565 0.248291 0.0212402 0.0673828 0.813965
2 0.0550537 0.257568 0.0303955 0.0458984 0.805664
5 0.0626373 0.0930176 0.0280457 0.0439453 0.800781
13 0.150757 0.48999 0.0241699 0.0844727 0.751953
6 0.0864258 0.51123 0.041748 0.0419922 0.740234
13 0.00420761 0.836426 0.00841522 0.0654297 0.740234
0 0.0233459 0.75293 0.0462036 0.0585938 0.682617
6 0.0273285 0.0153961 0.0543518 0.0307922 0.660156
2 0.102051 0.425781 0.0314941 0.0458984 0.638672
10 0.141479 0.164795 0.0375977 0.065918 0.625977
6 0.172852 0.0963745 0.043457 0.0488281 0.542969
10 0.0656891 0.981445 0.0441589 0.0371094 0.53125
18 0.17749 0.668945 0.032959 0.0546875 0.519531
18 0.0626831 0.917969 0.0744629 0.0527344 0.507812
