20 0.179932 0.392334 0.0849609 0.0874023 0.989258
2 0.0754547 0.145508 0.0265808 0.0410156 0.983887
10 0.197998 0.0523682 0.0341797 0.0666504 0.972656
21 0.02388 0.578125 0.0429993 0.0585938 0.972656
21 0.0686035 0.97168 0.0534668 0.0566406 0.96875
21 0.219727 0.320068 0.0390625 0.059082 0.967285
0 0.654297 0.806641 0.0605469 0.0429688 0.964355
12 0.487793 0.88916 0.0351562 0.0791016 0.963867
7 0.593262 0.398438 0.0644531 0.0634766 0.958984
18 0.233154 0.803711 0.0546875 0.0585938 0.958984
7 0.0983887 0.237549 0.0378418 0.0620117 0.95752
0 0.135376 0.477539 0.0625 0.0458984 0.95752
18 0.0241699 0.644531 0.0393066 0.0527344 0.955566
13 0.538574 0.963867 0.0195312 0.0722656 0.955566
18 0.537598 0.0522385 0.0380859 0.0522614 0.952637
18 0.433594 0.802734 0.0380859 0.0507812 0.952637
20 0.331299 0.806641 0.0825195 0.0878906 0.952637
8 0.256592 0.224854 0.0400391 0.0493164 0.952148
18 0.597656 0.636719 0.0380859 0.0546875 0.95166
0 0.385742 0.726562 0.0576172 0.0429688 0.949219
4 0.0874023 0.892578 0.0339355 0.0546875 0.94873
5 0.474609 0.806152 0.0390625 0.0449219 0.946777
2 0.34082 0.725586 0.0302734 0.0449219 0.945801
2 0.665039 0.470947 0.03125 0.043457 0.944824
8 0.185791 0.8125 0.0366211 0.0390625 0.944336
21 0.020813 0.972168 0.0413818 0.0556641 0.942383
5 0.14917 0.812012 0.0356445 0.0429688 0.941406
22 0.263184 0.391846 0.0307617 0.0395508 0.938965
5 0.195557 0.977539 0.0375977 0.0449219 0.938965
9 0.663574 0.642578 0.0380859 0.0527344 0.937988
0 0.65332 0.218994 0.0625 0.0439453 0.937012
0 0.254456 0.89502 0.0545654 0.0429688 0.937012
0 0.604492 0.139679 0.0585938 0.0419312 0.936035
18 0.509644 0.216309 0.0412598 0.0527344 0.935059
8 0.253174 0.478027 0.0361328 0.0419922 0.935059
5 0.140167 0.22583 0.0375366 0.0441895 0.931152
5 0.418945 0.890625 0.0380859 0.0449219 0.924316
5 0.333008 0.306152 0.0380859 0.0449219 0.923828
5 0.529297 0.889648 0.0371094 0.0449219 0.922363
10 0.34668 0.379639 0.0351562 0.0664062 0.919434
2 0.219604 0.224243 0.0327148 0.048584 0.917969
6 0.657227 0.126343 0.046875 0.0612793 0.911133
2 0.0193481 0.728516 0.0313721 0.0449219 0.908691
11 0.0876465 0.805664 0.0368652 0.0673828 0.908691
2 0.212036 0.894531 0.0263672 0.0429688 0.908691
0 0.214722 0.140747 0.0585938 0.0456543 0.907227
0 0.408447 0.974609 0.0810547 0.0507812 0.906738
21 0.563965 0.734375 0.0419922 0.0605469 0.896484
0 0.592285 0.304199 0.0576172 0.046875 0.891602
6 0.572754 0.88916 0.0458984 0.0400391 0.890137
8 0.178589 0.309326 0.0410156 0.0483398 0.888672
14 0.118652 0.802734 0.0212402 0.0644531 0.884766
2 0.463379 0.637207 0.0336914 0.0400391 0.881836
10 0.467285 0.966309 0.0351562 0.0673828 0.878418
13 0.249023 0.96582 0.0205078 0.0664062 0.876465
6 0.313477 0.557129 0.0390625 0.0429688 0.873047
7 0.154785 0.980469 0.0388184 0.0390625 0.870605
14 0.110596 0.300293 0.0205078 0.0673828 0.868652
0 0.0236359 0.0646973 0.0471497 0.0424805 0.868164
0 0.0474548 0.220215 0.0585327 0.0600586 0.864258
13 0.601562 0.878906 0.0195312 0.0615234 0.861328
2 0.0611572 0.0661621 0.0257568 0.0402832 0.85791
22 0.0326233 0.479492 0.0338135 0.0380859 0.85791
22 0.394287 0.808105 0.0351562 0.0429688 0.855957
4 0.453125 0.890137 0.0273438 0.0439453 0.855957
13 0.56543 0.126984 0.0195312 0.0614624 0.850098
14 0.316895 0.713867 0.0175781 0.0683594 0.84375
23 0.509766 0.137909 0.0351562 0.0386353 0.842773
8 0.629883 0.889648 0.0371094 0.0390625 0.838867
6 0.663086 0.293457 0.0429688 0.0644531 0.825684
18 0.10437 0.05896 0.0551758 0.0516357 0.819824
18 0.204834 0.477051 0.0532227 0.0458984 0.818848
18 0.0626373 0.723633 0.0524597 0.0527344 0.79834
8 0.037384 0.397949 0.0409546 0.0449219 0.790527
13 0.145508 0.883301 0.0178223 0.0732422 0.785156
18 0.46582 0.137817 0.0507812 0.0390625 0.78125
22 0.140137 0.145996 0.0334473 0.045166 0.778809
12 0.513672 0.797852 0.0361328 0.0625 0.777344
6 0.592773 0.806641 0.0566406 0.0429688 0.775879
22 0.229492 0.0620728 0.0336914 0.0411377 0.760742
6 0.0109787 0.146515 0.0217438 0.0458374 0.759277
14 0.31543 0.131378 0.0175781 0.0648804 0.757812
22 0.138428 0.310303 0.0332031 0.0415039 0.747559
6 0.0384216 0.890137 0.0426636 0.0595703 0.744629
24 0.543945 0.311035 0.0371094 0.0625 0.743164
22 0.243042 0.644043 0.0334473 0.0439453 0.733887
14 0.377441 0.377441 0.0205078 0.0649414 0.723145
18 0.665039 0.554199 0.0371094 0.0458984 0.720215
22 0.0318909 0.812012 0.0369263 0.0419922 0.71875
18 0.0785522 0.477539 0.0467529 0.0390625 0.715332
18 0.340332 0.470215 0.0527344 0.0527344 0.713867
23 0.511597 0.975098 0.0314941 0.0449219 0.712402
6 0.291992 0.644531 0.0566406 0.0429688 0.700684
12 0.00485229 0.544922 0.00970459 0.0859375 0.67041
2 0.668457 0.879883 0.0341797 0.0664062 0.665527
18 0.513672 0.634766 0.0585938 0.0488281 0.662109
13 0.54834 0.379395 0.0195312 0.0498047 0.660156
5 0.500122 0.057373 0.0388184 0.045166 0.658203
2 0.00766754 0.397461 0.0152893 0.0419922 0.65332
6 0.600586 0.728516 0.0351562 0.0488281 0.65332
13 0.617188 0.970703 0.0214844 0.046875 0.644043
22 0.36377 0.141632 0.034668 0.0414429 0.635254
18 0.179932 0.226562 0.041748 0.0454102 0.62793
2 0.480957 0.976562 0.0302734 0.046875 0.624512
2 0.32373 0.974121 0.0634766 0.0517578 0.609375
10 0.293213 0.46582 0.0371094 0.0644531 0.607422
4 0.306152 0.220703 0.0566406 0.0493164 0.604004
18 0.594727 0.219482 0.0507812 0.0424805 0.594727
5 0.404297 0.389648 0.0341797 0.0380859 0.59082
14 0.0750732 0.648438 0.0167236 0.0449219 0.586914
8 0.0656738 0.56543 0.0402832 0.0449219 0.583008
21 0.0330505 0.325439 0.0415649 0.0615234 0.57373
16 0.163574 0.559082 0.0390625 0.0449219 0.569824
12 0.356445 0.891113 0.0810547 0.0849609 0.535156
13 0.296143 0.71582 0.0175781 0.0654297 0.525391
11 0.279541 0.133179 0.0546875 0.065918 0.505859
