1 0.81543 0.694824 0.0878906 0.135742 0.97998
18 0.827637 0.257385 0.0888672 0.124878 0.978516
8 0.9375 0.473389 0.0966797 0.0913086 0.967773
4 0.335938 0.0546265 0.0712891 0.109253 0.967285
18 0.523926 0.0597229 0.132812 0.119446 0.959961
5 0.375488 0.859375 0.0888672 0.102539 0.958496
0 0.500977 0.864258 0.128906 0.0976562 0.952148
19 0.602539 0.861328 0.0644531 0.0957031 0.949707
2 0.403076 0.0575256 0.065918 0.0953979 0.920898
2 0.708984 0.466797 0.0703125 0.0917969 0.919434
5 0.972656 0.078125 0.0546875 0.107666 0.916016
13 0.905273 0.24707 0.0488281 0.146973 0.912598
19 0.96875 0.271912 0.0625 0.0899658 0.861328
6 0.693359 0.266113 0.140625 0.0932617 0.832031
6 0.891602 0.0701294 0.09375 0.0980225 0.831055
6 0.764648 0.87207 0.0898438 0.09375 0.733887
13 0.391602 0.629883 0.0834961 0.235352 0.733887
4 0.988281 0.65332 0.0234375 0.128906 0.723145
5 0.789062 0.0716553 0.0917969 0.0892334 0.642578
8 0.80957 0.447266 0.126953 0.145508 0.625977
7 0.570801 0.465332 0.168945 0.166992 0.607422
12 0.5177 0.650391 0.0856934 0.166016 0.577637
