1 0.744141 0.933594 0.0839844 0.128906 0.986816
19 0.253906 0.713867 0.0629883 0.0917969 0.985352
18 0.620117 0.0939941 0.0927734 0.125488 0.974609
0 0.890625 0.514526 0.138672 0.0939941 0.956543
2 0.642578 0.90918 0.0742188 0.0957031 0.952148
23 0.321777 0.712891 0.0708008 0.0839844 0.939453
5 0.272217 0.914062 0.0908203 0.09375 0.932617
2 0.749512 0.112427 0.0742188 0.0927734 0.931152
0 0.394531 0.931152 0.145996 0.123047 0.930176
5 0.775391 0.512207 0.0839844 0.0917969 0.921387
18 0.972656 0.896484 0.0546875 0.140625 0.910645
16 0.95166 0.310059 0.0966797 0.0908203 0.873047
7 0.483643 0.546875 0.100098 0.143555 0.856934
13 0.913086 0.0923462 0.046875 0.152222 0.818848
8 0.838379 0.112793 0.0986328 0.0910645 0.759277
27 0.910645 0.704102 0.0576172 0.0927734 0.668945
6 0.866211 0.913574 0.145508 0.0996094 0.596191
