9 0.855555 0.327464 0.0352008 0.044645 0.961083
0 0.874283 0.581368 0.0564989 0.0415366 0.950426
0 0.774509 0.0833049 0.0561651 0.0383477 0.937773
8 0.957354 0.582039 0.0393605 0.0436749 0.927779
6 0.769938 0.498083 0.0412605 0.0381503 0.860274
8 0.726673 0.498914 0.0384655 0.0428537 0.750792
5 0.8147 0.243861 0.0355036 0.0415025 0.736221
5 0.796822 0.412065 0.0356205 0.0439219 0.70942
0 0.791147 0.0110423 0.0601239 0.0220847 0.614586
0 0.764829 0.161445 0.0587602 0.0421855 0.602931
2 0.821948 0.0808035 0.0257616 0.0390501 0.600844
13 0.881618 0.833589 0.0267628 0.0799825 0.537278
