21 0.147827 0.0490112 0.0439453 0.0579834 0.98584
21 0.816406 0.241333 0.0429688 0.0588379 0.977539
18 0.914551 0.134247 0.0400391 0.0620728 0.975586
5 0.787109 0.316895 0.0390625 0.0400391 0.97168
18 0.652344 0.571777 0.0410156 0.0615234 0.966797
21 0.311035 0.408447 0.0444336 0.0600586 0.963867
4 0.802246 0.400391 0.0273438 0.0478516 0.961426
9 0.522461 0.226074 0.0390625 0.0449219 0.960449
7 0.249756 0.495117 0.0439453 0.0654297 0.959473
10 0.622559 0.391357 0.0351562 0.0678711 0.958984
5 0.973145 0.235107 0.0400391 0.0473633 0.955078
8 0.427734 0.22168 0.0400391 0.0449219 0.954102
21 0.743164 0.322754 0.0449219 0.0615234 0.954102
7 0.467285 0.588867 0.0444336 0.0566406 0.95166
0 0.586914 0.579102 0.0615234 0.046875 0.951172
2 0.171875 0.486328 0.029541 0.0419922 0.948242
0 0.219604 0.394531 0.064209 0.0478516 0.946289
22 0.108276 0.127441 0.0380859 0.0422363 0.945801
0 0.415039 0.58252 0.0585938 0.0517578 0.944824
8 0.353027 0.398926 0.0380859 0.0449219 0.941895
22 0.916504 0.48877 0.0390625 0.0419922 0.941895
6 0.532715 0.581055 0.0439453 0.0449219 0.941895
8 0.645508 0.227295 0.0429688 0.0449219 0.939453
4 0.699219 0.0458069 0.0292969 0.052063 0.938477
5 0.665527 0.0498352 0.0341797 0.0463257 0.937988
4 0.969727 0.55957 0.0390625 0.0683594 0.937988
0 0.75 0.580078 0.0625 0.046875 0.937012
2 0.368408 0.583008 0.0322266 0.0488281 0.936523
5 0.876465 0.40625 0.0390625 0.0473633 0.935547
5 0.401367 0.131836 0.0410156 0.0478516 0.933594
4 0.838867 0.13269 0.0273438 0.0588379 0.931152
1 0.0842896 0.224609 0.0406494 0.0625 0.930664
4 0.888672 0.577148 0.0273438 0.0488281 0.930664
0 0.195557 0.302734 0.0625 0.0488281 0.928223
6 0.696289 0.583008 0.0390625 0.0507812 0.928223
22 0.393555 0.400391 0.0400391 0.0449219 0.927246
7 0.0208435 0.134491 0.041626 0.0601196 0.92627
13 0.037323 0.378906 0.0222778 0.0771484 0.92627
5 0.0952148 0.395996 0.0395508 0.046875 0.92627
14 0.501465 0.572754 0.0205078 0.0712891 0.925293
8 0.927734 0.401855 0.0449219 0.0449219 0.920898
2 0.299805 0.583008 0.0351562 0.0507812 0.916016
10 0.216064 0.20459 0.0424805 0.0625 0.912598
9 0.343262 0.0429153 0.0395508 0.043808 0.911133
13 0.948242 0.130981 0.0234375 0.0681152 0.911133
0 0.138062 0.210938 0.065918 0.050293 0.909668
2 0.488037 0.225342 0.0288086 0.0439453 0.903809
5 0.87207 0.230103 0.0625 0.0427246 0.898438
4 0.634766 0.0454407 0.0273438 0.0552368 0.896973
4 0.917969 0.577148 0.0244141 0.0488281 0.896484
2 0.545898 0.488037 0.03125 0.043457 0.893066
5 0.21521 0.584473 0.0390625 0.0458984 0.892578
0 0.498291 0.48877 0.0600586 0.0458984 0.888672
4 0.682617 0.224121 0.03125 0.0512695 0.888184
4 0.253357 0.570312 0.0401611 0.0722656 0.888184
0 0.462158 0.133179 0.0805664 0.0471191 0.885742
0 0.833008 0.579102 0.0800781 0.0449219 0.884277
2 0.317871 0.130371 0.0322266 0.0439453 0.883301
9 0.576172 0.401367 0.0390625 0.043457 0.879883
2 0.927246 0.0554504 0.0292969 0.0458374 0.878418
22 0.766602 0.490234 0.0390625 0.0449219 0.876465
7 0.413574 0.0541992 0.0751953 0.0622559 0.875
2 0.975586 0.142944 0.0332031 0.048584 0.871582
13 0.754883 0.395996 0.0214844 0.0668945 0.870605
10 0.775391 0.041626 0.0429688 0.0679932 0.869629
10 0.238037 0.117676 0.0415039 0.0627441 0.869629
4 0.27417 0.126343 0.0317383 0.0488281 0.866211
4 0.365723 0.211182 0.0239258 0.0615234 0.862305
0 0.284912 0.217407 0.0786133 0.0449219 0.861328
6 0.666016 0.318848 0.0390625 0.0449219 0.851074
13 0.61084 0.0376892 0.0253906 0.0704956 0.844727
4 0.0893555 0.299805 0.027832 0.0605469 0.84082
13 0.313477 0.0322266 0.0209961 0.0631104 0.824219
22 0.0781097 0.481445 0.0388489 0.0410156 0.822266
16 0.666992 0.134735 0.0429688 0.0435181 0.820801
2 0.0262146 0.213989 0.031189 0.0429688 0.811523
2 0.25708 0.0407715 0.0292969 0.0435791 0.809082
7 0.44751 0.407959 0.0424805 0.0615234 0.805664
2 0.967773 0.483887 0.0332031 0.0478516 0.800781
9 0.24707 0.303711 0.0395508 0.046875 0.799316
14 0.125519 0.383301 0.0189819 0.0693359 0.795898
2 0.848145 0.0544434 0.0332031 0.0444336 0.785156
4 0.3396 0.2146 0.0263672 0.0510254 0.78125
13 0.864258 0.567383 0.0253906 0.0664062 0.78125
24 0.352539 0.137665 0.0371094 0.0542603 0.762207
8 0.137085 0.483887 0.0378418 0.0527344 0.759277
13 0.493164 0.1203 0.0224609 0.0723877 0.754883
4 0.703125 0.315918 0.0332031 0.0458984 0.740234
2 0.0606079 0.0401611 0.0316162 0.0427246 0.73877
14 0.953125 0.0413208 0.0214844 0.0699463 0.737305
18 0.928711 0.223877 0.0458984 0.0566406 0.712402
18 0.0650482 0.115906 0.0447083 0.0635986 0.6875
0 0.0375366 0.296387 0.0750732 0.0625 0.682617
2 0.184204 0.0413513 0.0297852 0.0437622 0.658203
10 0.793457 0.131592 0.0634766 0.0695801 0.647949
18 0.0349731 0.473633 0.0429688 0.0605469 0.645996
4 0.288818 0.48877 0.03125 0.0419922 0.635254
4 0.289062 0.0400085 0.0297852 0.0457153 0.613281
13 0.314941 0.20105 0.0234375 0.0793457 0.611328
6 0.834961 0.406494 0.0371094 0.0458984 0.581543
10 0.377686 0.480469 0.0322266 0.0644531 0.57959
5 0.657227 0.487793 0.0625 0.0517578 0.569824
4 0.0609741 0.38916 0.0284424 0.0600586 0.563965
13 0.724609 0.191162 0.0214844 0.0356445 0.53125
18 0.838867 0.315186 0.0605469 0.0517578 0.53125
5 0.395996 0.310547 0.0644531 0.0439453 0.53125
13 0.462402 0.0127563 0.0214844 0.0245972 0.503906
