12 0.455322 0.922852 0.0351562 0.0791016 0.985352
12 0.87793 0.090271 0.0371094 0.0828857 0.980957
7 0.515625 0.518555 0.0410156 0.0605469 0.975586
7 0.641602 0.771484 0.0390625 0.0576172 0.972656
12 0.575684 0.761719 0.0322266 0.0810547 0.969727
6 0.816406 0.924805 0.0410156 0.0429688 0.965332
5 0.865234 0.342773 0.0380859 0.0449219 0.964355
2 0.39624 0.845703 0.0302734 0.0429688 0.961914
12 0.681641 0.762695 0.0332031 0.0800781 0.961426
0 0.669922 0.992676 0.0527344 0.0146484 0.961426
8 0.630371 0.924316 0.0439453 0.0458984 0.960449
9 0.984375 0.844727 0.03125 0.0449219 0.959961
5 0.912109 0.59375 0.0351562 0.0449219 0.958496
5 0.794922 0.0147247 0.0361328 0.0293884 0.958008
8 0.87793 0.172974 0.0429688 0.0432129 0.956543
5 0.504883 0.42334 0.0380859 0.0458984 0.955078
8 0.769043 0.844727 0.0371094 0.0429688 0.953613
5 0.671875 0.92334 0.0371094 0.0439453 0.951172
11 0.907715 0.834473 0.0380859 0.0673828 0.949219
9 0.855469 0.923828 0.0371094 0.0439453 0.94873
12 0.864258 0.750977 0.0351562 0.0605469 0.947754
0 0.698242 0.170654 0.0644531 0.0449219 0.944824
9 0.753906 0.509277 0.0351562 0.0449219 0.944824
0 0.480469 0.759766 0.0595703 0.0449219 0.944824
8 0.930664 0.342285 0.0419922 0.0483398 0.941895
11 0.981934 0.667969 0.0351562 0.0683594 0.941895
11 0.773438 0.915039 0.0371094 0.0683594 0.941895
13 0.603516 0.161255 0.0205078 0.0686035 0.941406
2 0.640137 0.173462 0.0488281 0.0449219 0.940918
24 0.678711 0.346436 0.0390625 0.0634766 0.939941
6 0.576172 0.675781 0.0390625 0.0449219 0.939941
2 0.387207 0.925781 0.0332031 0.0439453 0.939453
5 0.807617 0.0862427 0.0371094 0.0461426 0.938477
6 0.386719 0.252441 0.0380859 0.046875 0.937988
5 0.660156 0.0880127 0.0371094 0.0439453 0.9375
6 0.708984 0.926758 0.0371094 0.0449219 0.933105
2 0.915039 0.0892334 0.03125 0.0483398 0.932617
29 0.334473 0.842773 0.0849609 0.0859375 0.932617
4 0.655273 0.255859 0.0283203 0.0488281 0.932129
5 0.749512 0.59375 0.0332031 0.0419922 0.932129
8 0.908203 0.922852 0.0371094 0.0410156 0.932129
4 0.611328 0.673828 0.0283203 0.0517578 0.929199
22 0.469238 0.84375 0.0336914 0.0429688 0.927734
7 0.629883 0.853516 0.0390625 0.0625 0.927734
5 0.80957 0.844727 0.0371094 0.0449219 0.924805
13 0.611328 0.980957 0.0195312 0.0380859 0.922852
2 0.32251 0.0122833 0.0332031 0.0245361 0.922363
24 0.838867 0.436279 0.0410156 0.0620117 0.922363
0 0.961914 0.594727 0.0605469 0.046875 0.921875
11 0.90918 0.24585 0.0371094 0.0688477 0.921387
6 0.849609 0.84375 0.0429688 0.0410156 0.92041
5 0.449463 0.0123138 0.0385742 0.0245056 0.918945
12 0.544922 0.414062 0.0410156 0.0664062 0.916016
4 0.541016 0.753906 0.0341797 0.0546875 0.916016
0 0.5625 0.171387 0.0605469 0.0439453 0.915527
5 0.57959 0.925293 0.0351562 0.0419922 0.915527
4 0.336182 0.331055 0.0629883 0.0517578 0.913086
2 0.542969 0.841797 0.0332031 0.0449219 0.913086
22 0.520996 0.59082 0.0341797 0.0410156 0.912598
9 0.394531 0.417725 0.0361328 0.0478516 0.911621
10 0.882812 0.500977 0.0429688 0.0625 0.911133
0 0.964844 0.0891113 0.0625 0.0437012 0.907227
2 0.785645 0.341797 0.0322266 0.0527344 0.90332
13 0.547852 0.49707 0.0195312 0.0732422 0.896973
9 0.424805 0.251709 0.0351562 0.0478516 0.889648
6 0.714844 0.427246 0.0351562 0.0439453 0.888672
7 0.80957 0.772949 0.0644531 0.0634766 0.888672
0 0.983887 0.920898 0.0322266 0.0507812 0.888672
18 0.324463 0.750977 0.0605469 0.0625 0.885742
6 0.947266 0.924805 0.0371094 0.0449219 0.884277
4 0.336426 0.672363 0.0317383 0.0546875 0.881836
6 0.947266 0.84668 0.0371094 0.0449219 0.878418
13 0.741211 0.914062 0.0253906 0.0664062 0.878418
9 0.750977 0.425537 0.0332031 0.0458984 0.877441
2 0.644531 0.337158 0.03125 0.0463867 0.877441
5 0.617188 0.0121155 0.0390625 0.024231 0.871582
2 0.310791 0.930176 0.0336914 0.0498047 0.871582
6 0.849121 0.255615 0.0380859 0.046875 0.870605
4 0.502441 0.67041 0.0351562 0.0556641 0.868652
7 0.396973 0.511719 0.0419922 0.0703125 0.864258
6 0.961914 0.174194 0.046875 0.0476074 0.861328
4 0.421875 0.919922 0.03125 0.0488281 0.861328
11 0.902344 0.668945 0.0351562 0.0683594 0.859863
5 0.919922 0.170654 0.0380859 0.0498047 0.858887
7 0.576172 0.262207 0.0527344 0.0717773 0.856934
6 0.455566 0.670898 0.0419922 0.0507812 0.851074
22 0.958984 0.0145569 0.0332031 0.0289917 0.849121
2 0.433105 0.514648 0.0205078 0.0292969 0.84375
22 0.416992 0.167236 0.0336914 0.0424805 0.842773
13 0.421387 0.982422 0.0195312 0.0351562 0.839844
13 0.720703 0.583008 0.0244141 0.0703125 0.835449
5 0.972168 0.338379 0.0371094 0.0449219 0.825684
7 0.409912 0.34668 0.0625 0.0644531 0.820801
9 0.986328 0.255432 0.0273438 0.0487061 0.817383
6 0.716797 0.509644 0.0371094 0.0412598 0.817383
14 0.524414 0.914062 0.0205078 0.0664062 0.817383
14 0.882812 0.584473 0.0195312 0.0673828 0.810547
13 0.547852 0.913086 0.0253906 0.078125 0.808105
2 0.609375 0.758789 0.0253906 0.0390625 0.806641
6 0.942383 0.680176 0.0410156 0.0429688 0.801758
24 0.499878 0.178711 0.0373535 0.065918 0.795898
6 0.676758 0.844727 0.0429688 0.0527344 0.790527
2 0.477295 0.253662 0.0302734 0.0517578 0.78125
8 0.834961 0.0152206 0.0390625 0.0304413 0.778809
22 0.648438 0.50769 0.0332031 0.0432129 0.777344
2 0.456055 0.587402 0.0273438 0.0449219 0.767578
19 0.604492 0.0864258 0.0322266 0.0446777 0.766113
8 0.776367 0.256592 0.0400391 0.050293 0.762207
6 0.42041 0.757812 0.0571289 0.046875 0.759277
18 0.951172 0.505371 0.0371094 0.0537109 0.753418
2 0.422607 0.674805 0.0234375 0.0429688 0.751953
5 0.735352 0.0139847 0.0390625 0.0279388 0.749023
2 0.918945 0.507812 0.0283203 0.046875 0.747559
1 0.36377 0.0206909 0.0419922 0.0413818 0.743164
4 0.803711 0.671875 0.0332031 0.0566406 0.743164
13 0.907227 0.980957 0.015625 0.0380859 0.743164
11 0.451416 0.982422 0.0332031 0.0351562 0.741699
2 0.803223 0.426758 0.03125 0.0478516 0.730957
13 0.501953 0.827148 0.0253906 0.0751953 0.730957
6 0.355469 0.423828 0.0351562 0.0458984 0.71875
23 0.487305 0.59082 0.0332031 0.0429688 0.705566
13 0.991211 0.162964 0.0175781 0.067627 0.690918
4 0.660156 0.666016 0.0625 0.0664062 0.673828
24 0.592773 0.599121 0.0410156 0.0595703 0.666992
35 0.682617 0.583496 0.0488281 0.0615234 0.663574
18 0.948242 0.760742 0.046875 0.0410156 0.662109
18 0.336426 0.164917 0.0615234 0.0483398 0.649414
0 0.986328 0.761719 0.0273438 0.0390625 0.645996
24 0.578613 0.851562 0.0380859 0.0664062 0.644043
22 0.716797 0.843262 0.0351562 0.0419922 0.644043
7 0.318359 0.514771 0.0410156 0.0661621 0.631836
14 0.84668 0.980469 0.015625 0.0390625 0.609375
13 0.878906 0.245972 0.0195312 0.0681152 0.600098
9 0.527832 0.992676 0.0380859 0.0146484 0.596191
10 0.703125 0.0782318 0.0458984 0.0657043 0.592773
2 0.468262 0.166748 0.0302734 0.0458984 0.588867
8 0.898438 0.0148315 0.0371094 0.029541 0.571777
13 0.580566 0.0133362 0.0185547 0.0265503 0.560059
18 0.354492 0.991699 0.0317383 0.0166016 0.554688
11 0.694824 0.0134125 0.0341797 0.026825 0.552734
2 0.397461 0.677734 0.0263672 0.0449219 0.552734
5 0.814453 0.25531 0.03125 0.0479736 0.550781
13 0.455322 0.333984 0.0209961 0.0507812 0.550781
13 0.298584 0.414551 0.00927734 0.0644531 0.548828
13 0.950195 0.240479 0.0410156 0.0776367 0.542969
4 0.841797 0.0842896 0.03125 0.0535889 0.521484
24 0.508667 0.260681 0.0393066 0.0655518 0.517578
