4 0.864258 0.606445 0.0683594 0.115234 0.981934
23 0.65918 0.983398 0.0703125 0.0332031 0.97998
4 0.92334 0.4104 0.078125 0.120605 0.978516
4 0.316895 0.21521 0.0751953 0.108643 0.975098
5 0.448975 0.614258 0.0917969 0.0996094 0.974609
5 0.938477 0.226562 0.100586 0.0981445 0.968262
23 0.17688 0.821289 0.0705566 0.0917969 0.968262
23 0.397705 0.816406 0.0693359 0.0898438 0.967285
14 0.802246 0.791504 0.0488281 0.140625 0.966797
2 0.10376 0.816895 0.0732422 0.0976562 0.966797
8 0.776855 0.612305 0.0986328 0.0927734 0.962891
8 0.833496 0.226074 0.100586 0.101562 0.958008
2 0.731445 0.982422 0.0703125 0.0351562 0.95752
5 0.726562 0.811523 0.0898438 0.0917969 0.956543
2 0.467041 0.81543 0.0708008 0.09375 0.95166
2 0.480469 0.980469 0.0732422 0.0390625 0.933594
13 0.851562 0.791016 0.0429688 0.138672 0.931641
18 0.666016 0.40625 0.136719 0.125 0.907227
6 0.80957 0.426758 0.145508 0.0996094 0.90332
5 0.563965 0.980469 0.0908203 0.0390625 0.899902
5 0.980469 0.406738 0.0390625 0.128418 0.896484
0 0.348633 0.986328 0.146484 0.0273438 0.879883
1 0.835449 0.980469 0.0947266 0.0390625 0.862305
1 0.315857 0.640625 0.133911 0.140625 0.813965
13 0.0720062 0.962891 0.0403137 0.0742188 0.805664
12 0.610352 0.804199 0.0917969 0.166016 0.785156
6 0.924805 0.790039 0.0966797 0.139648 0.762207
0 0.348877 0.969238 0.147461 0.0615234 0.737305
5 0.28833 0.816895 0.146973 0.0957031 0.702637
6 0.0424194 0.619629 0.0848389 0.100586 0.656738
7 0.411133 0.439941 0.172852 0.140625 0.637207
13 0.85791 0.403076 0.0576172 0.148926 0.622559
11 0.0252838 0.951172 0.0504456 0.0976562 0.560059
13 0.911621 0.952148 0.0478516 0.0957031 0.542969
