20 0.0600281 0.0799713 0.0846558 0.0907898 0.98584
7 0.318848 0.172852 0.0390625 0.0610352 0.977539
7 0.515625 0.0144348 0.0371094 0.0288086 0.976074
4 0.142456 0.247559 0.0305176 0.0576172 0.959961
9 0.315674 0.0758057 0.0351562 0.0426025 0.949707
18 0.480469 0.0688477 0.0400391 0.0518799 0.933594
0 0.133057 0.165283 0.0654297 0.046875 0.922852
23 0.253662 0.302246 0.0219727 0.0185547 0.918457
0 0.0714111 0.165894 0.0549316 0.0444336 0.91748
2 0.0119858 0.256592 0.0236969 0.0512695 0.911621
9 0.498779 0.247437 0.0375977 0.0534668 0.895508
5 0.817383 0.0671387 0.0390625 0.0495605 0.890137
6 0.227295 0.166016 0.041748 0.0441895 0.881836
18 0.768066 0.230469 0.0400391 0.0605469 0.881836
6 0.456543 0.247314 0.0424805 0.0449219 0.880859
6 0.276855 0.0780029 0.0400391 0.0419922 0.878418
0 0.405273 0.247192 0.0595703 0.0588379 0.877441
0 0.719727 0.236938 0.0576172 0.0441895 0.876465
7 0.238647 0.0249481 0.0612793 0.0497131 0.874023
13 0.538086 0.237671 0.0234375 0.0773926 0.871582
18 0.427246 0.156372 0.0478516 0.057373 0.869629
18 0.717285 0.146942 0.0546875 0.0523071 0.866211
0 0.539551 0.155029 0.0566406 0.0463867 0.862305
13 0.865723 0.214844 0.0234375 0.0883789 0.852051
18 0.768555 0.0610962 0.0527344 0.0515137 0.848145
6 0.419434 0.0750732 0.0458984 0.0395508 0.841797
5 0.180176 0.0792389 0.0375977 0.0426941 0.832031
9 0.290527 0.00705719 0.0292969 0.0141144 0.825684
13 0.14917 0.0661621 0.0200195 0.0783691 0.809082
5 0.357422 0.248779 0.0380859 0.0541992 0.806641
14 0.352783 0.152618 0.0219727 0.0673218 0.794434
18 0.631836 0.23999 0.0410156 0.0795898 0.785156
13 0.328369 0.236328 0.0214844 0.0727539 0.743164
9 0.267578 0.167358 0.0375977 0.0629883 0.72168
6 0.543457 0.0730133 0.0576172 0.0453796 0.712402
2 0.549805 0.00484467 0.0214844 0.00956726 0.704102
13 0.730469 0.0570679 0.0214844 0.0737305 0.625977
22 0.176147 0.0092926 0.0373535 0.0184631 0.618652
12 0.858398 0.0579147 0.0390625 0.0579987 0.602051
10 0.881836 0.137085 0.0390625 0.065918 0.581543
4 0.84082 0.234863 0.0292969 0.0576172 0.567871
2 0.142578 0.0101624 0.0266113 0.0202637 0.556641
23 0.911133 0.0643921 0.0351562 0.0458984 0.556641
