21 0.202637 0.533691 0.0380859 0.0556641 0.990234
35 0.186035 0.185303 0.0554199 0.0864258 0.985352
12 0.353271 0.768555 0.0341797 0.0800781 0.978027
10 0.648438 0.835938 0.0341797 0.0664062 0.978027
5 0.829102 0.18042 0.0410156 0.0454102 0.974609
9 0.706055 0.430176 0.0390625 0.0429688 0.974609
12 0.0330887 0.9375 0.0347748 0.078125 0.973633
12 0.765137 0.59668 0.0361328 0.078125 0.973145
8 0.423828 0.929688 0.0429688 0.0449219 0.97168
7 0.602051 0.936523 0.0390625 0.0585938 0.969727
7 0.154053 0.861328 0.0410156 0.0566406 0.96875
8 0.0362625 0.187988 0.0381927 0.043457 0.966797
8 0.273193 0.520508 0.0419922 0.0458984 0.96582
5 0.147461 0.021347 0.0395508 0.042572 0.963379
11 0.774414 0.254883 0.0371094 0.0664062 0.962891
2 0.784668 0.676758 0.0322266 0.0449219 0.962402
9 0.722656 0.926758 0.0371094 0.0449219 0.961914
2 0.772949 0.179199 0.0322266 0.0461426 0.960449
18 0.91748 0.674805 0.0400391 0.0546875 0.960449
9 0.785645 0.34668 0.0361328 0.046875 0.955078
2 0.437744 0.765625 0.0307617 0.0449219 0.95459
5 0.486328 0.019989 0.0410156 0.039978 0.954102
5 0.476318 0.182129 0.0390625 0.0432129 0.952637
6 0.312012 0.686035 0.0400391 0.0439453 0.952148
8 0.854492 0.26416 0.0410156 0.0419922 0.95166
5 0.19043 0.931641 0.0415039 0.0429688 0.95166
0 0.921875 0.180786 0.0644531 0.0471191 0.950195
7 0.72168 0.10968 0.0400391 0.0594482 0.94873
8 0.157959 0.270996 0.0385742 0.0410156 0.94873
8 0.148193 0.932129 0.0400391 0.0400391 0.94873
11 0.410645 0.341797 0.0361328 0.0644531 0.947754
8 0.39209 0.6875 0.043457 0.046875 0.947754
4 0.56543 0.762695 0.0322266 0.0537109 0.947754
5 0.882812 0.0197754 0.0390625 0.0391846 0.946289
5 0.253967 0.769531 0.0408936 0.046875 0.945801
5 0.0826416 0.4375 0.0385742 0.0444336 0.944336
0 0.702637 0.595703 0.0585938 0.0527344 0.942871
13 0.850586 0.913086 0.0273438 0.0722656 0.942871
0 0.197998 0.0219116 0.0576172 0.0437622 0.939941
5 0.164795 0.522339 0.0390625 0.0471191 0.939453
5 0.517456 0.766602 0.0393066 0.0449219 0.938965
0 0.867188 0.841309 0.0644531 0.0429688 0.937988
6 0.0588379 0.105469 0.0582275 0.0400391 0.936523
0 0.577148 0.180664 0.0605469 0.0473633 0.936523
18 0.181396 0.347168 0.0356445 0.0537109 0.936523
0 0.548828 0.268799 0.0625 0.0488281 0.935547
5 0.408691 0.433594 0.0380859 0.0410156 0.935547
5 0.351074 0.68457 0.034668 0.0429688 0.93457
5 0.352051 0.100708 0.034668 0.0422363 0.933594
2 0.159912 0.687012 0.0322266 0.0439453 0.932617
6 0.66748 0.351074 0.0400391 0.0449219 0.931641
5 0.806152 0.842773 0.0380859 0.0429688 0.930176
5 0.615234 0.265686 0.0410156 0.0457764 0.928711
0 0.442871 0.267822 0.0605469 0.0429688 0.927734
18 0.522461 0.59668 0.0371094 0.0527344 0.926758
0 0.313477 0.185669 0.0566406 0.0412598 0.92627
8 0.475098 0.767578 0.0410156 0.046875 0.925781
9 0.259033 0.437012 0.0351562 0.0439453 0.925293
9 0.591797 0.681641 0.0371094 0.0449219 0.925293
2 0.626953 0.0978394 0.0332031 0.0484619 0.924805
8 0.882812 0.595703 0.0371094 0.0410156 0.924316
5 0.686523 0.925781 0.0390625 0.046875 0.924316
7 0.545898 0.691406 0.0546875 0.0664062 0.920898
5 0.814453 0.265198 0.0390625 0.0457764 0.92041
5 0.876465 0.678711 0.0429688 0.046875 0.919434
8 0.883789 0.760742 0.0371094 0.0429688 0.918457
8 0.300293 0.930664 0.0371094 0.0488281 0.918457
5 0.654297 0.595703 0.0410156 0.0449219 0.917969
9 0.544922 0.433594 0.0351562 0.0449219 0.91748
6 0.869141 0.181641 0.0400391 0.0458984 0.915527
4 0.923828 0.423584 0.0332031 0.0541992 0.915039
5 0.609375 0.76416 0.0527344 0.0449219 0.915039
22 0.733398 0.266357 0.0332031 0.0429688 0.913574
5 0.324707 0.342285 0.0390625 0.0654297 0.910645
21 0.243652 0.365234 0.0410156 0.0585938 0.905762
5 0.823242 0.678223 0.0410156 0.0449219 0.905762
2 0.385742 0.763672 0.0273438 0.0439453 0.905762
0 0.759766 0.992188 0.0585938 0.015625 0.905762
13 0.212158 0.339111 0.0244141 0.0712891 0.905273
2 0.918457 0.762207 0.0322266 0.0410156 0.904785
5 0.0778198 0.677734 0.0402832 0.0664062 0.90332
11 0.817383 0.913574 0.0371094 0.0693359 0.902832
2 0.449219 0.51709 0.0322266 0.0429688 0.900391
8 0.521484 0.930664 0.0419922 0.046875 0.898926
9 0.0648804 0.353516 0.0371094 0.0439453 0.897461
2 0.561523 0.101074 0.03125 0.043457 0.896484
0 0.755371 0.844727 0.0605469 0.046875 0.896484
2 0.236206 0.521484 0.0314941 0.0439453 0.895508
8 0.932617 0.927734 0.0419922 0.0488281 0.89502
13 0.0363464 0.347656 0.0211792 0.0649414 0.894043
0 0.375 0.603027 0.0625 0.0458984 0.894043
14 0.410645 0.756836 0.0205078 0.0664062 0.893066
2 0.423584 0.600586 0.0322266 0.046875 0.893066
2 0.334717 0.929688 0.0297852 0.0449219 0.891602
13 0.609863 0.837891 0.0224609 0.0683594 0.889648
6 0.505859 0.432129 0.0361328 0.0439453 0.88623
18 0.572266 0.592773 0.0537109 0.0585938 0.88623
6 0.5625 0.929688 0.0390625 0.046875 0.884766
22 0.830566 0.429688 0.0341797 0.0458984 0.884277
14 0.0926514 0.925293 0.020752 0.0673828 0.882324
0 0.1427 0.772461 0.0593262 0.0449219 0.881836
0 0.238647 0.605469 0.0808105 0.0410156 0.879883
8 0.0604553 0.26947 0.0424194 0.0489502 0.878418
2 0.849609 0.59375 0.0292969 0.0429688 0.878418
1 0.269775 0.695312 0.0400391 0.0644531 0.877441
18 0.750488 0.504395 0.0507812 0.0546875 0.876465
14 0.799805 0.170288 0.0195312 0.0666504 0.875
5 0.351562 0.847656 0.0332031 0.0429688 0.874023
9 0.831055 0.0188904 0.0371094 0.0372925 0.869629
6 0.364014 0.184448 0.0400391 0.0393066 0.869629
14 0.825195 0.585938 0.0195312 0.0683594 0.868652
18 0.313965 0.512695 0.0400391 0.0566406 0.868164
2 0.159424 0.601562 0.0537109 0.0429688 0.866211
13 0.122681 0.505981 0.0249023 0.0837402 0.863281
22 0.279297 0.266602 0.0351562 0.0415039 0.86084
22 0.611328 0.515625 0.0351562 0.0400391 0.85791
2 0.800781 0.59375 0.0292969 0.0429688 0.856934
5 0.376953 0.930664 0.0498047 0.0429688 0.851074
13 0.421387 0.0291138 0.0151367 0.0579834 0.848145
4 0.113525 0.683594 0.0324707 0.0546875 0.848145
0 0.476318 0.10144 0.0776367 0.0500488 0.845703
0 0.484375 0.848633 0.0888672 0.046875 0.84375
2 0.699219 0.181763 0.0292969 0.0422363 0.838867
6 0.496338 0.268066 0.0415039 0.0405273 0.835449
18 0.665039 0.757324 0.0546875 0.0517578 0.834473
13 0.641113 0.421387 0.0214844 0.0664062 0.831055
7 0.664062 0.273376 0.0585938 0.0606689 0.825684
22 0.666992 0.432617 0.0332031 0.0410156 0.823242
2 0.0663452 0.932617 0.0294189 0.0429688 0.822266
2 0.00930023 0.691895 0.0186005 0.0507812 0.822266
13 0.378418 0.42334 0.0195312 0.0654297 0.820801
4 0.1073 0.84668 0.0322266 0.0498047 0.819824
6 0.791016 0.430664 0.0410156 0.0439453 0.817383
13 0.445312 0.173096 0.0195312 0.065918 0.816406
13 0.705566 0.254333 0.0205078 0.0596924 0.816406
14 0.101013 0.510742 0.0175781 0.0664062 0.816406
5 0.92334 0.592285 0.0400391 0.0595703 0.816406
2 0.115051 0.932617 0.0252686 0.0390625 0.813965
2 0.0173378 0.0214691 0.0309982 0.0428162 0.808105
13 0.332764 0.591797 0.0195312 0.0644531 0.804199
7 0.408936 0.856445 0.0561523 0.0644531 0.801758
6 0.339844 0.0193787 0.0380859 0.0387573 0.799316
12 0.00615692 0.442627 0.0121307 0.0483398 0.799316
6 0.742188 0.0192871 0.0585938 0.0385742 0.795898
14 0.754883 0.0900269 0.0205078 0.0704346 0.789062
4 0.556152 0.51123 0.0322266 0.0537109 0.773438
6 0.786133 0.0998535 0.0429688 0.0427246 0.770508
6 0.794434 0.0189362 0.0380859 0.0378723 0.767578
0 0.133087 0.347412 0.0575562 0.0673828 0.762207
46 0.0955811 0.603516 0.0637207 0.0429688 0.762207
2 0.0445862 0.770996 0.0296021 0.0429688 0.762207
18 0.924316 0.0186768 0.0429688 0.0373535 0.759277
6 0.73877 0.348633 0.0605469 0.050293 0.756348
0 0.312012 0.603027 0.0634766 0.0439453 0.753418
13 0.675781 0.979492 0.0195312 0.0410156 0.747559
10 0.303711 0.761719 0.0395508 0.0644531 0.73877
14 0.225342 0.173706 0.0212402 0.0651855 0.725098
14 0.698242 0.338379 0.0195312 0.0683594 0.723145
23 0.908691 0.511719 0.0390625 0.0410156 0.72168
2 0.53418 0.0205688 0.0507812 0.0411377 0.716797
13 0.254883 0.179565 0.0366211 0.0895996 0.716797
13 0.0806885 0.0947266 0.0195312 0.0603027 0.712402
13 0.383301 0.340088 0.0209961 0.0678711 0.705566
6 0.214478 0.436523 0.046875 0.0415039 0.705566
8 0.285156 0.352051 0.0400391 0.0439453 0.702637
6 0.0871582 0.186279 0.0594482 0.0458984 0.700684
13 0.583008 0.506958 0.0195312 0.0661621 0.700684
13 0.266113 0.985352 0.0185547 0.0292969 0.695801
27 0.647949 0.020874 0.0273438 0.041748 0.689453
13 0.681641 0.669922 0.0214844 0.0664062 0.689453
10 0.230225 0.758789 0.0317383 0.0664062 0.684082
4 0.419922 0.0956421 0.0322266 0.0533447 0.677246
4 0.461426 0.926758 0.0322266 0.0527344 0.675781
13 0.928711 0.982422 0.0205078 0.0351562 0.660156
4 0.35791 0.347656 0.0283203 0.0522461 0.647949
18 0.615234 0.594727 0.0351562 0.0527344 0.644043
2 0.272705 0.020874 0.027832 0.041626 0.640625
14 0.247437 0.0201416 0.0197754 0.0402832 0.635254
7 0.678223 0.515137 0.0390625 0.0458984 0.622559
6 0.0141907 0.77832 0.0281677 0.0488281 0.616699
22 0.522461 0.516724 0.0332031 0.0407715 0.613281
10 0.891602 0.915527 0.0361328 0.0664062 0.613281
18 0.546875 0.844238 0.0332031 0.0478516 0.596191
18 0.0143738 0.0982666 0.028595 0.0534668 0.592773
5 0.880859 0.429199 0.0546875 0.0498047 0.586914
6 0.555176 0.348389 0.0605469 0.0498047 0.584961
13 0.462891 0.229614 0.0166016 0.0212402 0.583008
10 0.592773 0.422607 0.0371094 0.0649414 0.583008
13 0.162109 0.759766 0.0200195 0.0664062 0.577637
16 0.0905762 0.771484 0.0402832 0.0429688 0.565918
6 0.670898 0.680664 0.0371094 0.0449219 0.562012
6 0.192993 0.77002 0.0397949 0.0537109 0.560059
18 0.441406 0.680664 0.0546875 0.0449219 0.556641
0 0.205444 0.678223 0.0583496 0.0664062 0.541016
6 0.922852 0.845215 0.0439453 0.0537109 0.535156
24 0.160889 0.446045 0.0356445 0.0610352 0.533203
4 0.581543 0.843262 0.03125 0.0556641 0.525391
18 0.910156 0.0963135 0.0449219 0.0489502 0.521484
2 0.306885 0.849121 0.0537109 0.0449219 0.521484
8 0.578125 0.0196381 0.0390625 0.0392151 0.505859
