18 0.449219 0.875 0.0878906 0.121094 0.984863
4 0.0626831 0.891602 0.0655518 0.105469 0.978027
4 0.416992 0.483887 0.0693359 0.115234 0.976562
8 0.331543 0.485352 0.0957031 0.0888672 0.976074
14 0.612305 0.664062 0.0507812 0.136719 0.972656
9 0.888184 0.477783 0.0898438 0.0991211 0.971191
2 0.367432 0.894531 0.0717773 0.0869141 0.96582
2 0.484375 0.484619 0.0644531 0.0883789 0.959961
0 0.36792 0.694824 0.143066 0.0966797 0.953125
23 0.82373 0.887695 0.0712891 0.0898438 0.95166
4 0.0439758 0.686523 0.0690308 0.118164 0.950684
4 0.852051 0.0730591 0.0703125 0.109009 0.943848
13 0.787109 0.277588 0.0488281 0.189453 0.943359
0 0.938477 0.686523 0.123047 0.09375 0.941895
1 0.18396 0.920898 0.0905762 0.132812 0.941895
13 0.0116425 0.874023 0.0232239 0.132812 0.933105
13 0.794922 0.0627441 0.0429688 0.125488 0.91748
4 0.210938 0.069397 0.0717773 0.138306 0.909668
6 0.107666 0.0927734 0.137451 0.0949707 0.907227
14 0.0178223 0.0708008 0.0355835 0.140381 0.865234
2 0.526855 0.6875 0.120117 0.0878906 0.853027
22 0.788574 0.488281 0.0859375 0.0869141 0.808105
1 0.209229 0.71582 0.143066 0.133789 0.782715
19 0.743164 0.0800629 0.0585938 0.0884094 0.778809
6 0.282776 0.293701 0.0955811 0.0932617 0.737305
6 0.2771 0.897461 0.0922852 0.0878906 0.690918
5 0.546875 0.868164 0.0878906 0.140625 0.654785
