18 0.163574 0.532715 0.0419922 0.0517578 0.994141
9 0.209961 0.617188 0.0361328 0.0410156 0.978027
10 0.0733032 0.918945 0.0300293 0.0673828 0.977051
7 0.142944 0.0788727 0.0566406 0.0568542 0.960449
18 0.128906 0.372559 0.045166 0.0625 0.958984
5 0.13855 0.615234 0.0351562 0.0380859 0.95752
13 0.143799 0.758789 0.0200195 0.0683594 0.943848
4 0.217407 0.773438 0.0270996 0.0429688 0.943848
18 0.10968 0.766113 0.0428467 0.0537109 0.937988
6 0.0930176 0.0692291 0.0378418 0.0387878 0.901855
8 0.078598 0.54248 0.0354309 0.0390625 0.89502
13 0.195557 0.448242 0.0185547 0.0654297 0.891602
13 0.161621 0.368652 0.0209961 0.0742188 0.882324
13 0.00961304 0.372803 0.0192261 0.0703125 0.878906
13 0.147461 0.916992 0.0170898 0.0644531 0.870605
8 0.066391 0.150757 0.0368958 0.0405273 0.865234
2 0.104492 0.147705 0.029541 0.0405273 0.865234
5 0.191406 0.378906 0.0368652 0.0478516 0.835449
13 0.197632 0.521973 0.0222168 0.0761719 0.834473
2 0.204834 0.848145 0.0336914 0.0419922 0.831055
13 0.0118179 0.606445 0.0217133 0.0693359 0.830078
6 0.147705 0.306152 0.0371094 0.0380859 0.824219
13 0.229248 0.975586 0.0219727 0.0488281 0.81543
9 0.175049 0.00679016 0.0361328 0.0135193 0.812988
22 0.189209 0.929688 0.0605469 0.0390625 0.811523
13 0.0228577 0.839355 0.0197144 0.0673828 0.800781
4 0.0463257 0.845703 0.0249634 0.0498047 0.792969
2 0.129272 0.457275 0.0566406 0.0498047 0.775879
12 0.0739899 0.459473 0.0370789 0.0771484 0.762207
9 0.0143738 0.468994 0.0286255 0.0556641 0.756348
2 0.092041 0.928223 0.0297852 0.0429688 0.756348
0 0.0718994 0.993652 0.0605469 0.0126953 0.756348
24 0.10791 0.697754 0.0405273 0.0488281 0.754883
7 0.150757 0.696777 0.0412598 0.0566406 0.730957
6 0.0480652 0.696777 0.0541382 0.0400391 0.720215
2 0.181152 0.224731 0.0600586 0.0446777 0.716797
6 0.0773773 0.00683594 0.0320129 0.0135651 0.67041
11 0.0155029 0.983398 0.0307007 0.0332031 0.640625
22 0.0523682 0.38623 0.0598145 0.0390625 0.604004
0 0.177246 0.990234 0.0771484 0.0195312 0.598145
24 0.187988 0.310547 0.0419922 0.0478516 0.596191
14 0.163086 0.604004 0.015625 0.0615234 0.533203
13 0.0709076 0.68457 0.0227356 0.0644531 0.503906
