0 0.541196 0.806981 0.138333 0.0849862 0.979251
1 0.683972 0.830277 0.0869988 0.130969 0.973318
0 0.78685 0.607092 0.144948 0.0903678 0.970421
5 0.985564 0.602884 0.0288719 0.0915964 0.931724
6 0.783791 0.805417 0.0865284 0.0853846 0.926709
1 0.449077 0.981688 0.0834098 0.0363514 0.781241
7 0.977953 0.825154 0.044011 0.129283 0.7391
0 0.834949 0.0273546 0.137418 0.0547093 0.680555
14 0.837879 0.957733 0.0422969 0.0845348 0.651569
13 0.884627 0.958128 0.045032 0.0837437 0.640324
6 0.808097 0.21112 0.0861603 0.0828628 0.624332
5 0.28436 0.983644 0.0952364 0.0327116 0.588414
8 0.953151 0.0272883 0.0936986 0.054474 0.565027
