28 0.958984 0.498779 0.0488281 0.0688477 0.996582
10 0.806152 0.587891 0.0380859 0.0722656 0.980469
4 0.908203 0.506836 0.03125 0.0507812 0.954102
2 0.87207 0.865723 0.0517578 0.0458984 0.934082
13 0.914062 0.854492 0.0214844 0.0722656 0.926758
18 0.974121 0.773438 0.0517578 0.0585938 0.925781
0 0.876953 0.78125 0.0615234 0.046875 0.912598
7 0.736328 0.784668 0.0742188 0.0664062 0.904785
22 0.925781 0.77832 0.0371094 0.0419922 0.899902
13 0.835449 0.853516 0.0205078 0.0722656 0.895508
2 0.853516 0.597656 0.0585938 0.0507812 0.876465
2 0.908691 0.689941 0.0322266 0.0478516 0.871582
8 0.870117 0.688477 0.0419922 0.0507812 0.86084
6 0.982422 0.868164 0.0332031 0.0429688 0.844727
14 0.935547 0.854004 0.0214844 0.0673828 0.835449
13 0.833984 0.764648 0.0224609 0.0683594 0.829102
18 0.932617 0.95459 0.0546875 0.0595703 0.824219
14 0.954102 0.856445 0.0175781 0.0664062 0.810547
6 0.946289 0.602539 0.0390625 0.0439453 0.804199
1 0.903809 0.608887 0.0400391 0.0664062 0.799316
9 0.784668 0.685547 0.0371094 0.0488281 0.788086
22 0.87207 0.506836 0.0380859 0.0488281 0.763672
5 0.719727 0.862305 0.0410156 0.046875 0.751953
6 0.758789 0.594727 0.0390625 0.0449219 0.729492
2 0.838379 0.598633 0.0302734 0.0449219 0.65332
4 0.792969 0.760742 0.0341797 0.0722656 0.615234
2 0.726074 0.499512 0.0322266 0.0546875 0.611328
2 0.983398 0.593262 0.0332031 0.0683594 0.569824
29 0.743164 0.949707 0.116211 0.100586 0.558105
