28 0.948242 0.742676 0.103516 0.203125 0.977539
9 0.777344 0.738281 0.0927734 0.101562 0.972656
14 0.0814362 0.930664 0.0458679 0.134766 0.967773
7 0.566895 0.94873 0.0986328 0.102539 0.967285
14 0.035553 0.932129 0.0445557 0.134766 0.966309
4 0.886719 0.528809 0.0683594 0.112305 0.962891
9 0.246582 0.947266 0.0839844 0.0966797 0.959473
2 0.823242 0.332031 0.0703125 0.0913086 0.953613
0 0.42041 0.949219 0.18457 0.0986328 0.946289
27 0.502441 0.340332 0.0644531 0.09375 0.945312
8 0.912109 0.334473 0.0996094 0.0927734 0.939941
6 0.959961 0.943359 0.0800781 0.109375 0.927246
13 0.646973 0.919922 0.0429688 0.144531 0.921387
2 0.285156 0.746582 0.124512 0.0917969 0.785156
13 0.209473 0.124512 0.0483398 0.142334 0.78125
6 0.0695801 0.154785 0.131104 0.101807 0.730957
6 0.563965 0.139648 0.141602 0.0949707 0.680664
5 0.718262 0.944336 0.0908203 0.0957031 0.645996
5 0.1521 0.948242 0.0852051 0.0898438 0.525391
