7 0.900694 0.697141 0.0810592 0.120177 0.982745
13 0.615988 0.842663 0.0448881 0.137486 0.966172
2 0.75813 0.667686 0.0664108 0.0855062 0.959841
5 0.706873 0.868274 0.0863154 0.0906564 0.949894
5 0.890708 0.0844019 0.0710976 0.0871609 0.938932
8 0.967891 0.0908706 0.0640645 0.0862827 0.935233
7 0.964782 0.506718 0.070436 0.124583 0.929178
2 0.978236 0.682801 0.0435275 0.0845954 0.897991
2 0.0912824 0.848548 0.0712662 0.0904517 0.869439
13 0.139522 0.629752 0.0456176 0.140351 0.783807
2 0.816088 0.475082 0.0644116 0.0893446 0.758745
12 0.798922 0.0624713 0.0997767 0.124943 0.647116
