18 0.164551 0.134277 0.0400391 0.0620117 0.977051
4 0.0518799 0.400879 0.0275879 0.046875 0.967285
4 0.219971 0.560547 0.0395508 0.0683594 0.932129
4 0.138885 0.577148 0.0278931 0.0488281 0.927246
13 0.197998 0.130829 0.0229492 0.0679321 0.924805
4 0.0889893 0.133026 0.027832 0.0581665 0.923828
10 0.0253143 0.0407715 0.042511 0.0666504 0.912598
2 0.177246 0.0554504 0.0297852 0.0458374 0.895508
5 0.120789 0.230225 0.0643311 0.0429688 0.895508
2 0.226074 0.142944 0.0336914 0.0488281 0.88623
4 0.167847 0.577148 0.0241699 0.0488281 0.884277
0 0.0834351 0.579102 0.0805664 0.0449219 0.881836
14 0.203125 0.0414429 0.0209961 0.069458 0.865234
0 0.0163727 0.578125 0.0325623 0.0439453 0.85791
13 0.00777054 0.396484 0.0154953 0.0712891 0.831055
2 0.0983276 0.0568848 0.0334473 0.0472412 0.81543
13 0.00502014 0.124084 0.00991821 0.0767822 0.730957
13 0.114014 0.567383 0.0246582 0.0664062 0.72168
22 0.0179749 0.490967 0.0358887 0.0463867 0.715332
10 0.0439758 0.131714 0.0629272 0.0695801 0.712402
18 0.18042 0.22522 0.0493164 0.0544434 0.704102
