21 0.981445 0.59375 0.0371094 0.0576172 0.985352
4 0.517578 0.0583191 0.0263672 0.0386353 0.981934
18 0.976074 0.0338669 0.0419922 0.0612946 0.980957
24 0.665039 0.835938 0.0429688 0.046875 0.978516
21 0.440186 0.37793 0.0600586 0.0576172 0.975586
12 0.743164 0.126434 0.0585938 0.0698853 0.97168
18 0.822266 0.814453 0.0429688 0.0605469 0.969238
6 0.439697 0.84082 0.0410156 0.0390625 0.964844
18 0.859863 0.662109 0.0419922 0.0527344 0.962891
21 0.791016 0.981934 0.0556641 0.0361328 0.959961
5 0.493652 0.523438 0.0332031 0.0351562 0.957031
8 0.776367 0.827148 0.0351562 0.0371094 0.957031
0 0.731934 0.209961 0.0537109 0.0390625 0.955078
5 0.562988 0.834961 0.0361328 0.0371094 0.95459
7 0.898926 0.211304 0.0390625 0.0524902 0.954102
8 0.645508 0.916016 0.0371094 0.0419922 0.954102
10 0.538086 0.824707 0.0273438 0.0654297 0.953125
9 0.844727 0.980469 0.0351562 0.0390625 0.952637
6 0.48877 0.448975 0.0351562 0.0380859 0.951172
5 0.958008 0.202148 0.0361328 0.0385742 0.950195
0 0.666016 0.984863 0.0566406 0.0302734 0.949707
2 0.969238 0.663086 0.0292969 0.0400391 0.949219
8 0.53418 0.679688 0.0390625 0.0410156 0.94873
8 0.90625 0.745605 0.0371094 0.0380859 0.947754
16 0.861328 0.510742 0.046875 0.0410156 0.947266
5 0.619141 0.98584 0.0332031 0.0283203 0.945801
21 0.485352 0.146271 0.0400391 0.0541382 0.944336
9 0.947266 0.743164 0.0351562 0.0410156 0.943359
2 0.477539 0.838867 0.0292969 0.0380859 0.940918
2 0.543945 0.986328 0.0322266 0.0273438 0.939453
5 0.811523 0.126953 0.0332031 0.0383301 0.9375
18 0.579102 0.663086 0.0429688 0.0605469 0.935059
13 0.936523 0.0345764 0.0195312 0.0670776 0.93457
6 0.815918 0.904785 0.0371094 0.0371094 0.934082
13 0.89502 0.501099 0.0185547 0.0622559 0.933594
2 0.866211 0.279785 0.0292969 0.0371094 0.932129
7 0.78125 0.214966 0.0380859 0.0541992 0.927246
2 0.428711 0.292236 0.0341797 0.0405273 0.927246
0 0.444824 0.682617 0.0546875 0.0390625 0.92627
7 0.478516 0.766602 0.0400391 0.0566406 0.924805
2 0.798828 0.667969 0.03125 0.0371094 0.924316
18 0.778809 0.742676 0.0410156 0.0488281 0.922852
0 0.979492 0.362305 0.0410156 0.0410156 0.920898
9 0.816406 0.516113 0.0351562 0.0380859 0.920898
0 0.768555 0.907227 0.0527344 0.0390625 0.919434
5 0.880859 0.901367 0.0351562 0.0410156 0.918457
5 0.619141 0.675781 0.0341797 0.0371094 0.91748
7 0.796875 0.293457 0.0419922 0.0527344 0.916504
9 0.86377 0.363037 0.0371094 0.0410156 0.915039
10 0.549805 0.589844 0.0390625 0.0644531 0.914062
7 0.430176 0.225342 0.0429688 0.0556641 0.912598
7 0.439941 0.925781 0.0439453 0.0576172 0.90332
2 0.863281 0.825195 0.03125 0.0371094 0.901367
4 0.649414 0.597656 0.0244141 0.0390625 0.896973
7 0.767578 0.600586 0.0390625 0.0507812 0.895508
2 0.746094 0.982422 0.03125 0.0341797 0.895508
6 0.654785 0.445312 0.0400391 0.0410156 0.895508
8 0.483398 0.0610352 0.0361328 0.0372314 0.891113
2 0.757812 0.441895 0.0292969 0.034668 0.888184
2 0.623535 0.523438 0.0322266 0.0410156 0.884766
5 0.492676 0.216064 0.0361328 0.0390625 0.882324
2 0.62793 0.833008 0.03125 0.0390625 0.880859
5 0.59375 0.214355 0.0332031 0.0380859 0.879883
24 0.792969 0.445312 0.0390625 0.0439453 0.879883
14 0.599121 0.821289 0.0185547 0.0605469 0.877441
2 0.681641 0.910156 0.03125 0.0410156 0.876465
14 0.71875 0.970703 0.0195312 0.0585938 0.876465
13 0.931641 0.650391 0.0195312 0.0722656 0.874023
5 0.620605 0.755859 0.0361328 0.0429688 0.872559
10 0.580078 0.281494 0.0332031 0.0639648 0.868652
24 0.65918 0.522461 0.0380859 0.0429688 0.868652
2 0.602051 0.289307 0.0273438 0.0375977 0.868164
7 0.744141 0.0580444 0.0410156 0.0500488 0.863281
5 0.495361 0.679199 0.034668 0.0400391 0.859863
22 0.542969 0.758789 0.0371094 0.0429688 0.855957
5 0.790039 0.0493164 0.0390625 0.0397949 0.85498
11 0.97168 0.501831 0.0380859 0.060791 0.85498
13 0.80957 0.733398 0.0205078 0.0703125 0.847168
18 0.44043 0.445068 0.0595703 0.0488281 0.838867
12 0.852051 0.0349808 0.0351562 0.0584564 0.838867
4 0.849609 0.901367 0.0273438 0.0429688 0.836426
2 0.947266 0.584961 0.0292969 0.0390625 0.833496
7 0.666992 0.140625 0.0839844 0.0651855 0.829102
14 0.463379 0.206787 0.0136719 0.0566406 0.819824
0 0.699219 0.368408 0.0449219 0.0415039 0.819824
4 0.892578 0.822266 0.0253906 0.0439453 0.819824
6 0.445801 0.0608521 0.0361328 0.0361328 0.796875
2 0.447021 0.136841 0.0302734 0.0395508 0.796875
14 0.928711 0.189697 0.0175781 0.059082 0.788086
6 0.468994 0.603516 0.019043 0.0351562 0.753418
7 0.972656 0.979492 0.0546875 0.0400391 0.73877
8 0.780273 0.364746 0.0361328 0.0371094 0.726562
2 0.552734 0.526367 0.0292969 0.0390625 0.712402
0 0.492188 0.975586 0.0595703 0.0488281 0.710449
13 0.739258 0.582031 0.0175781 0.0644531 0.70752
4 0.577148 0.522949 0.0332031 0.0429688 0.70752
9 0.496338 0.372559 0.0366211 0.0410156 0.697754
22 0.440918 0.989258 0.0390625 0.0214844 0.694336
13 0.938477 0.884766 0.015625 0.0722656 0.692871
14 0.599609 0.601562 0.0078125 0.0371094 0.690918
10 0.614258 0.358887 0.0507812 0.0688477 0.6875
4 0.428711 0.602539 0.0239258 0.0439453 0.679199
18 0.989746 0.192871 0.0205078 0.0512695 0.663574
14 0.416748 0.0490189 0.0200195 0.061264 0.656738
4 0.62793 0.204712 0.0253906 0.0566406 0.640625
4 0.960938 0.814941 0.0253906 0.0498047 0.640625
6 0.617188 0.448242 0.03125 0.0361328 0.638672
7 0.727051 0.838867 0.0566406 0.0546875 0.635254
22 0.48584 0.913574 0.0371094 0.0478516 0.635254
13 0.509644 0.75293 0.0197754 0.046875 0.629883
4 0.586914 0.444824 0.0273438 0.0488281 0.616699
2 0.727051 0.669922 0.0283203 0.0351562 0.594727
13 0.52002 0.13623 0.0195312 0.0717773 0.569824
7 0.90332 0.126221 0.0390625 0.0683594 0.556641
21 0.913574 0.976562 0.0576172 0.046875 0.548828
24 0.717773 0.751953 0.0332031 0.0390625 0.539062
13 0.467773 0.36377 0.0195312 0.0683594 0.519531
12 0.991211 0.12796 0.0175781 0.0609741 0.517578
22 0.925781 0.363281 0.0585938 0.0410156 0.513672
2 0.954102 0.122131 0.0556641 0.0372314 0.511719
18 0.920898 0.438965 0.0566406 0.0400391 0.509766
