38 0.727539 0.0241089 0.0722656 0.0482178 0.993164
11 0.805176 0.329102 0.0361328 0.0605469 0.986328
10 0.225098 0.0308533 0.0375977 0.0617065 0.984863
18 0.524414 0.953125 0.0390625 0.0605469 0.980957
10 0.823242 0.168701 0.0302734 0.0668945 0.97998
2 0.634766 0.418945 0.03125 0.0380859 0.978516
18 0.587891 0.640625 0.0410156 0.0605469 0.975586
8 0.645508 0.809082 0.0380859 0.0380859 0.975098
8 0.256104 0.977539 0.0371094 0.0390625 0.975098
10 0.746582 0.328125 0.03125 0.0664062 0.97168
18 0.341309 0.888672 0.0444336 0.0546875 0.97168
0 0.438721 0.966797 0.0561523 0.0390625 0.969727
2 0.958008 0.489258 0.03125 0.0390625 0.969238
18 0.868164 0.484375 0.0449219 0.0605469 0.966309
5 0.608398 0.964844 0.0351562 0.0390625 0.963379
4 0.967773 0.0223236 0.0273438 0.0437927 0.961914
10 0.217041 0.963867 0.034668 0.0664062 0.959961
2 0.575684 0.0277252 0.0292969 0.0401917 0.956543
5 0.0325241 0.90332 0.0356598 0.0390625 0.956543
4 0.721191 0.496094 0.0273438 0.0458984 0.956055
5 0.110229 0.585449 0.0388184 0.0390625 0.955078
5 0.0552368 0.97998 0.0355225 0.0380859 0.95459
13 0.286133 0.182373 0.0200195 0.0693359 0.954102
5 0.109619 0.0422897 0.0358887 0.039444 0.953125
2 0.620117 0.341309 0.0292969 0.0380859 0.953125
3 0.740234 0.638184 0.0605469 0.0664062 0.953125
6 0.15918 0.661133 0.0400391 0.0410156 0.950195
13 0.892578 0.0210571 0.0195312 0.0412598 0.947754
18 0.859375 0.021637 0.0429688 0.0432739 0.946289
7 0.461914 0.0406494 0.0400391 0.0550537 0.944824
11 0.609375 0.0949707 0.0390625 0.0593262 0.944824
10 0.177734 0.420898 0.0334473 0.0668945 0.944824
1 0.119995 0.907227 0.0361328 0.0605469 0.943848
5 0.509277 0.652832 0.0361328 0.0390625 0.942871
7 0.827148 0.734375 0.0410156 0.0546875 0.942383
2 0.942871 0.414062 0.0322266 0.0429688 0.942383
5 0.402832 0.732422 0.0332031 0.0351562 0.939453
21 0.859375 0.967773 0.0488281 0.0585938 0.938965
10 0.0482788 0.423584 0.0311279 0.065918 0.93457
9 0.596191 0.807617 0.0371094 0.0410156 0.934082
8 0.728516 0.420166 0.0371094 0.0366211 0.933105
13 0.625 0.63916 0.0214844 0.0673828 0.932617
22 0.762695 0.26123 0.0351562 0.0395508 0.931641
9 0.367676 0.576172 0.0356445 0.0400391 0.931152
21 0.262695 0.745117 0.0527344 0.0585938 0.930176
22 0.506714 0.887695 0.0354004 0.0390625 0.930176
2 0.275391 0.658203 0.0302734 0.0380859 0.930176
13 0.418945 0.643555 0.0205078 0.0644531 0.927246
14 0.097229 0.730469 0.0189209 0.0644531 0.925781
4 0.971191 0.952148 0.0253906 0.0449219 0.925293
5 0.0169525 0.512695 0.0336609 0.0380859 0.924805
0 0.493408 0.267639 0.0522461 0.039917 0.922852
22 0.604492 0.574707 0.0351562 0.0380859 0.922363
2 0.5625 0.807129 0.0292969 0.0390625 0.921387
13 0.114624 0.262146 0.0227051 0.0665283 0.920898
5 0.941406 0.958496 0.0361328 0.0410156 0.920898
6 0.144775 0.742676 0.0366211 0.0380859 0.919434
7 0.818359 0.265869 0.0683594 0.0581055 0.918945
8 0.463379 0.887695 0.0366211 0.0371094 0.918945
8 0.895508 0.803711 0.0390625 0.0449219 0.916016
6 0.0618286 0.822754 0.0157471 0.0351562 0.916016
0 0.871094 0.567383 0.0585938 0.0419922 0.915039
0 0.930176 0.336914 0.0546875 0.0439453 0.913574
0 0.110474 0.979492 0.0529785 0.0380859 0.908691
19 0.453613 0.65332 0.0263672 0.0361328 0.906738
2 0.695312 0.41748 0.0273438 0.0380859 0.905762
13 0.556641 0.95166 0.0185547 0.0732422 0.905273
2 0.884766 0.337891 0.0292969 0.0400391 0.904785
13 0.977539 0.239624 0.0195312 0.0827637 0.902832
6 0.797852 0.649414 0.0507812 0.0410156 0.902832
4 0.854004 0.799316 0.0244141 0.0478516 0.901855
3 0.157471 0.809082 0.0585938 0.0683594 0.901855
14 0.0430298 0.502075 0.0195312 0.0583496 0.901367
4 0.148438 0.580078 0.0327148 0.0546875 0.900391
13 0.897461 0.168579 0.0175781 0.064209 0.900391
5 0.869141 0.725586 0.0351562 0.0410156 0.897461
10 0.592773 0.48877 0.0332031 0.0654297 0.896484
4 0.347656 0.347656 0.0253906 0.0498047 0.892578
9 0.705078 0.340332 0.0332031 0.0390625 0.892578
5 0.200439 0.586426 0.0371094 0.0410156 0.892578
22 0.0844116 0.278076 0.036499 0.0395508 0.890137
13 0.374512 0.878906 0.0209961 0.0878906 0.882324
18 0.124695 0.117004 0.0550537 0.0487061 0.879883
6 0.746094 0.104858 0.0390625 0.0388184 0.879883
5 0.989746 0.487793 0.0205078 0.0400391 0.879883
0 0.905273 0.644531 0.0585938 0.0410156 0.879883
13 0.39502 0.0996094 0.0205078 0.0715332 0.878906
13 0.00644302 0.891602 0.0127792 0.0644531 0.878418
13 0.105469 0.187866 0.0227051 0.076416 0.876465
2 0.399902 0.191162 0.0283203 0.0395508 0.875
5 0.827148 0.492676 0.0351562 0.0410156 0.875
10 0.267517 0.10376 0.0362549 0.0664062 0.874023
8 0.646484 0.500488 0.0371094 0.0371094 0.874023
4 0.796387 0.0947266 0.0244141 0.0522461 0.874023
2 0.738281 0.885742 0.0292969 0.0390625 0.872559
2 0.488525 0.965332 0.0317383 0.0390625 0.872559
13 0.634766 0.557617 0.0214844 0.0722656 0.870605
6 0.84668 0.337891 0.0400391 0.0429688 0.86084
13 0.772461 0.0895386 0.0195312 0.0684814 0.856934
6 0.554688 0.729492 0.0449219 0.0371094 0.852051
6 0.335205 0.504761 0.0361328 0.0354004 0.851074
10 0.265869 0.495605 0.0380859 0.0605469 0.850098
0 0.896484 0.411621 0.0527344 0.046875 0.848145
2 0.95459 0.0983887 0.0332031 0.0419922 0.845703
2 0.274414 0.582031 0.0322266 0.0400391 0.844727
5 0.995605 0.17627 0.00878906 0.034668 0.84375
5 0.0830078 0.664062 0.0351562 0.0410156 0.832031
22 0.289551 0.893555 0.0341797 0.0410156 0.830078
9 0.183838 0.740234 0.0380859 0.0410156 0.829102
7 0.0135803 0.368408 0.0268555 0.0541992 0.827637
2 0.933105 0.804688 0.0322266 0.0410156 0.82666
6 0.334473 0.113953 0.0351562 0.0384521 0.823242
14 0.416016 0.0964355 0.0175781 0.0656738 0.819824
8 0.744141 0.182617 0.0361328 0.0405273 0.819824
0 0.605469 0.262268 0.0488281 0.0389404 0.817383
6 0.407227 0.269775 0.0351562 0.0410156 0.81543
4 0.776367 0.803711 0.0244141 0.0449219 0.813965
9 0.249023 0.194092 0.0351562 0.043457 0.811523
12 0.810547 0.407959 0.0380859 0.0698242 0.811523
2 0.0688629 0.43457 0.0297546 0.0380859 0.810547
14 0.328857 0.180176 0.0195312 0.0625 0.805664
6 0.217773 0.81543 0.0551758 0.0507812 0.805664
13 0.819824 0.630859 0.0185547 0.0791016 0.804199
2 0.350586 0.273193 0.0292969 0.0424805 0.800781
0 0.534058 0.342529 0.0686035 0.0385742 0.796875
0 0.915039 0.725586 0.0556641 0.0439453 0.796875
13 0.827148 0.870117 0.0214844 0.0683594 0.795898
2 0.825684 0.801758 0.0283203 0.0390625 0.794434
22 0.553711 0.188232 0.0371094 0.0429688 0.789062
2 0.0767975 0.584961 0.0297546 0.0390625 0.789062
22 0.272217 0.273926 0.0366211 0.0410156 0.785156
6 0.313477 0.272461 0.0400391 0.0419922 0.779785
2 0.842773 0.177979 0.0283203 0.0424805 0.777344
14 0.306641 0.182617 0.0175781 0.0683594 0.777344
0 0.782715 0.567383 0.0400391 0.0429688 0.771973
9 0.920898 0.567383 0.0332031 0.0390625 0.771973
6 0.169922 0.901367 0.0541992 0.0410156 0.769043
14 0.478027 0.640625 0.019043 0.0644531 0.764648
0 0.514771 0.80957 0.0544434 0.0390625 0.764648
6 0.0323563 0.279297 0.0363617 0.0366211 0.762207
6 0.798828 0.0237885 0.0566406 0.0433655 0.762207
13 0.050415 0.0319824 0.0174561 0.0639648 0.760742
18 0.69043 0.806641 0.0488281 0.0429688 0.757812
22 0.46582 0.812012 0.0356445 0.0419922 0.757812
10 0.598633 0.333496 0.0351562 0.0722656 0.747559
2 0.404785 0.891602 0.0361328 0.0449219 0.744629
6 0.605469 0.886719 0.03125 0.0390625 0.741699
6 0.487305 0.501465 0.0390625 0.0380859 0.740234
0 0.331055 0.658203 0.0771484 0.0429688 0.73877
18 0.245117 0.893555 0.0551758 0.0449219 0.73877
4 0.0761719 0.0333176 0.0292969 0.0576324 0.730957
0 0.927734 0.25592 0.0761719 0.0467529 0.725098
4 0.433594 0.733398 0.0253906 0.0449219 0.723145
13 0.381104 0.418457 0.0175781 0.0625 0.72168
7 0.422363 0.501465 0.0859375 0.0693359 0.713867
19 0.30249 0.506836 0.027832 0.0380859 0.710449
2 0.379395 0.0340881 0.0273438 0.0407104 0.697754
0 0.793945 0.883789 0.078125 0.0410156 0.689453
6 0.200928 0.431641 0.0371094 0.0395508 0.684082
22 0.939453 0.179688 0.0605469 0.0385742 0.682617
13 0.148682 0.497314 0.0175781 0.0581055 0.682617
18 0.355957 0.730469 0.0566406 0.0566406 0.680664
0 0.0202026 0.0470047 0.0403442 0.0433197 0.675781
1 0.903809 0.886719 0.0361328 0.0566406 0.668945
6 0.824219 0.566406 0.0371094 0.0400391 0.665527
13 0.898438 0.24585 0.0195312 0.0629883 0.651367
14 0.600098 0.0258331 0.015625 0.0516663 0.649414
4 0.62793 0.026062 0.0292969 0.0513306 0.649414
4 0.579102 0.962402 0.0253906 0.046875 0.649414
18 0.668457 0.724121 0.0634766 0.0517578 0.645996
2 0.341797 0.97168 0.0546875 0.0410156 0.645996
2 0.295898 0.972656 0.0302734 0.0390625 0.642578
13 0.19104 0.881836 0.0224609 0.0742188 0.640625
13 0.882324 0.0883942 0.0205078 0.079071 0.62793
12 0.00898743 0.106323 0.0179138 0.0720215 0.625977
0 0.398682 0.655273 0.0527344 0.0410156 0.624512
7 0.115662 0.437988 0.0596924 0.0615234 0.622559
6 0.529785 0.0273285 0.0371094 0.0412903 0.620605
13 0.246582 0.572266 0.0214844 0.0703125 0.618652
13 0.579102 0.713867 0.0214844 0.0683594 0.615234
13 0.891602 0.947266 0.015625 0.0664062 0.611328
2 0.112488 0.826172 0.0169678 0.0214844 0.607422
14 0.116577 0.731445 0.0175781 0.0625 0.605957
6 0.506836 0.57666 0.0546875 0.0361328 0.600098
11 0.182129 0.107544 0.0585938 0.0627441 0.596191
10 0.714844 0.87207 0.0322266 0.0664062 0.586914
13 0.0109863 0.579102 0.0219116 0.0615234 0.581543
4 0.851562 0.880859 0.0253906 0.046875 0.577637
8 0.372803 0.813477 0.0366211 0.0390625 0.575684
13 0.458984 0.72168 0.0214844 0.0566406 0.571777
4 0.125519 0.508789 0.0297241 0.0390625 0.567871
6 0.378418 0.35083 0.0351562 0.0415039 0.562012
14 0.4375 0.0981445 0.0224609 0.0629883 0.556641
18 0.6875 0.495117 0.0390625 0.0449219 0.552734
6 0.953613 0.881836 0.0595703 0.0410156 0.539062
27 0.0120087 0.443848 0.0238953 0.0585938 0.537109
13 0.891602 0.557129 0.0175781 0.0634766 0.535156
14 0.226318 0.569336 0.0161133 0.0615234 0.527344
1 0.710449 0.267334 0.0371094 0.0561523 0.523438
23 0.0845947 0.821289 0.0297852 0.0410156 0.523438
13 0.189331 0.339355 0.0449219 0.0786133 0.521484
6 0.291016 0.0362854 0.034668 0.0396118 0.519531
2 0.0811157 0.509766 0.0548096 0.0380859 0.515625
13 0.934082 0.708496 0.0175781 0.0683594 0.515625
4 0.162598 0.0312424 0.0664062 0.0617828 0.501953
7 0.0718994 0.206299 0.0402832 0.059082 0.501953
