24 0.175833 0.977253 0.0409189 0.0451376 0.992008
22 0.339561 0.893539 0.0354647 0.0378332 0.962386
2 0.169146 0.888179 0.0288844 0.0364392 0.951177
11 0.380005 0.883781 0.0322727 0.0590159 0.950922
0 0.111221 0.812235 0.0553018 0.0386307 0.94931
7 0.252097 0.82144 0.0387893 0.0530958 0.947577
1 0.354859 0.977974 0.0330631 0.0440524 0.87018
2 0.136917 0.971741 0.0301255 0.0359724 0.848077
9 0.354847 0.8141 0.0327036 0.0373316 0.799567
19 0.525336 0.973399 0.0275762 0.0351918 0.693484
0 0.473384 0.817281 0.0529322 0.0363617 0.691012
13 0.57869 0.727076 0.0195829 0.0614423 0.564646
