18 0.226318 0.845703 0.111816 0.142578 0.990234
1 0.190186 0.293701 0.0874023 0.138672 0.97998
19 0.373779 0.0586548 0.0717773 0.112915 0.962402
23 0.275818 0.0700836 0.0714111 0.0903015 0.960938
19 0.370117 0.873047 0.0654297 0.0898438 0.943359
13 0.308105 0.850586 0.043457 0.140625 0.933105
5 0.448975 0.87207 0.0874023 0.0957031 0.919434
13 0.0773315 0.0626221 0.0411377 0.125244 0.905762
13 0.0415039 0.883789 0.052002 0.224609 0.905762
13 0.205078 0.983398 0.0830078 0.0332031 0.770508
23 0.0284882 0.0632324 0.0568542 0.108398 0.73584
6 0.114197 0.870117 0.0928955 0.0957031 0.654785
6 0.320374 0.271729 0.152222 0.100098 0.602051
