2 0.768296 0.642633 0.0744977 0.0919703 0.962061
0 0.902315 0.644196 0.143485 0.0910344 0.96082
2 0.965975 0.846045 0.0680504 0.0851285 0.944115
2 0.907536 0.0515281 0.0685303 0.0883735 0.936975
0 0.817234 0.44995 0.139503 0.0903174 0.93156
8 0.339945 0.839579 0.0965462 0.0912634 0.928011
0 0.56138 0.844976 0.128476 0.084537 0.92453
2 0.437342 0.843623 0.0783535 0.0892749 0.906575
14 0.840909 0.0493338 0.0445683 0.0986675 0.881225
8 0.973262 0.0511985 0.0532596 0.0908668 0.846266
2 0.681267 0.843855 0.0753217 0.0929009 0.81456
5 0.24181 0.846301 0.0908313 0.0912502 0.6671
1 0.0197321 0.659118 0.0393721 0.1339 0.572431
