18 0.806641 0.71875 0.0419922 0.0605469 0.98291
18 0.945312 0.806641 0.0410156 0.0527344 0.978516
18 0.23999 0.804688 0.0410156 0.0625 0.978027
8 0.929199 0.573242 0.0371094 0.0400391 0.972656
21 0.529297 0.817383 0.0458984 0.0566406 0.966797
18 0.554688 0.95752 0.0429688 0.0634766 0.966309
0 0.749512 0.972168 0.0585938 0.0429688 0.963379
32 0.226318 0.964355 0.041748 0.0712891 0.960938
6 0.161377 0.574219 0.0405273 0.0390625 0.958984
22 0.171631 0.89209 0.0356445 0.0390625 0.958008
2 0.823242 0.891113 0.0292969 0.0390625 0.956543
11 0.850586 0.641602 0.0371094 0.0625 0.950195
9 0.895508 0.812988 0.0371094 0.0400391 0.950195
3 0.65625 0.800781 0.0605469 0.0703125 0.949707
4 0.297363 0.80957 0.0244141 0.0458984 0.949219
5 0.694824 0.573242 0.0351562 0.0429688 0.94873
21 0.545898 0.660645 0.0449219 0.0576172 0.946777
18 0.421387 0.563965 0.0419922 0.0615234 0.945312
8 0.632812 0.734375 0.0351562 0.0380859 0.943848
2 0.389648 0.889648 0.03125 0.0371094 0.942871
10 0.223755 0.724609 0.0351562 0.0673828 0.941895
0 0.549805 0.88916 0.0527344 0.0371094 0.941895
5 0.990234 0.730469 0.0195312 0.0410156 0.941406
0 0.244263 0.575195 0.0524902 0.0371094 0.940918
16 0.198975 0.654297 0.0493164 0.046875 0.931152
4 0.15564 0.73291 0.0217285 0.046875 0.930664
5 0.322998 0.894531 0.034668 0.0390625 0.930664
0 0.45459 0.969727 0.0561523 0.0429688 0.923828
22 0.57373 0.576172 0.0341797 0.0410156 0.917969
14 0.795898 0.881348 0.0166016 0.0605469 0.91748
9 0.214355 0.893555 0.0361328 0.0371094 0.913574
22 0.503906 0.889648 0.0351562 0.0371094 0.913574
5 0.750977 0.814453 0.0371094 0.0429688 0.911133
7 0.791016 0.818359 0.0429688 0.0498047 0.910645
0 0.443359 0.732422 0.0532227 0.0371094 0.908691
10 0.328613 0.723633 0.0332031 0.0664062 0.905273
2 0.259521 0.733398 0.0292969 0.0371094 0.904785
6 0.848145 0.733398 0.0380859 0.0371094 0.903809
6 0.730469 0.573242 0.0371094 0.0390625 0.90332
0 0.608398 0.893555 0.0566406 0.0419922 0.900391
7 0.401855 0.819336 0.0634766 0.0566406 0.899902
2 0.768066 0.652344 0.03125 0.0380859 0.896973
10 0.811523 0.63916 0.0341797 0.0712891 0.896484
6 0.629395 0.655273 0.0273438 0.0361328 0.893066
2 0.714355 0.729492 0.0332031 0.0390625 0.892578
2 0.597656 0.730957 0.0341797 0.0371094 0.891602
13 0.284668 0.562988 0.0307617 0.0644531 0.891113
8 0.439941 0.65625 0.0351562 0.0390625 0.885742
13 0.882324 0.640625 0.0214844 0.0664062 0.880859
22 0.52832 0.730957 0.0351562 0.0390625 0.876465
5 0.896484 0.89209 0.0351562 0.0439453 0.875977
13 0.853516 0.959961 0.0175781 0.0595703 0.875977
0 0.40332 0.96875 0.0390625 0.0390625 0.875977
2 0.350098 0.96875 0.0332031 0.0390625 0.871582
9 0.986328 0.893555 0.0273438 0.0458984 0.868652
13 0.457275 0.560059 0.0234375 0.078125 0.867188
9 0.146729 0.970215 0.0351562 0.0410156 0.862305
13 0.577637 0.646484 0.0175781 0.0712891 0.85498
2 0.0708618 0.814453 0.0340576 0.0429688 0.850098
0 0.442627 0.892578 0.0537109 0.0410156 0.850098
13 0.510742 0.637695 0.0205078 0.078125 0.849121
2 0.491699 0.574707 0.0292969 0.0390625 0.848145
22 0.686523 0.896484 0.0371094 0.0410156 0.847168
5 0.512207 0.968262 0.0361328 0.0439453 0.844727
12 0.362793 0.650391 0.0517578 0.0820312 0.841797
13 0.273926 0.801758 0.0180664 0.0722656 0.838867
9 0.88623 0.733398 0.0361328 0.0390625 0.836426
2 0.796875 0.969727 0.03125 0.0449219 0.835449
6 0.661133 0.97168 0.03125 0.0410156 0.834473
16 0.0722809 0.890625 0.0485535 0.0458984 0.830078
13 0.243408 0.638672 0.0336914 0.0742188 0.830078
2 0.952148 0.971191 0.0292969 0.0390625 0.830078
6 0.112183 0.657227 0.0373535 0.0390625 0.827637
23 0.472656 0.811523 0.0283203 0.0390625 0.824219
6 0.857422 0.810547 0.0371094 0.0371094 0.81543
2 0.405762 0.655273 0.0283203 0.0361328 0.809082
13 0.113342 0.880859 0.0240479 0.0693359 0.796875
2 0.307129 0.970703 0.0332031 0.0390625 0.78125
2 0.969727 0.572266 0.0341797 0.0419922 0.777344
13 0.979004 0.793945 0.0205078 0.0722656 0.774414
6 0.35083 0.734375 0.0327148 0.0351562 0.773438
2 0.0880127 0.73584 0.0535889 0.0371094 0.770508
6 0.184326 0.734375 0.0327148 0.0371094 0.766113
13 0.703613 0.797852 0.0341797 0.0683594 0.760742
13 0.498535 0.791992 0.0195312 0.078125 0.759277
14 0.740234 0.638672 0.0175781 0.0664062 0.754883
9 0.152344 0.655273 0.0366211 0.0410156 0.746094
14 0.719727 0.641113 0.0166016 0.0615234 0.689453
18 0.617188 0.96582 0.0527344 0.0507812 0.675781
13 0.689453 0.705566 0.0146484 0.0615234 0.665527
24 0.984375 0.974121 0.03125 0.0507812 0.660156
10 0.762207 0.720215 0.0400391 0.0625 0.642578
13 0.5625 0.799316 0.0195312 0.0654297 0.633301
2 0.476318 0.654297 0.0317383 0.046875 0.625977
14 0.65625 0.882812 0.0175781 0.0644531 0.600098
7 0.625 0.572266 0.0585938 0.0429688 0.596191
8 0.0675659 0.972656 0.0390625 0.0410156 0.588867
18 0.993652 0.573242 0.0126953 0.046875 0.583008
24 0.104614 0.816406 0.0311279 0.0458984 0.581543
27 0.692383 0.977539 0.0263672 0.0449219 0.560059
13 0.446289 0.797852 0.0219727 0.0683594 0.541016
13 0.918945 0.725586 0.015625 0.0800781 0.539062
4 0.866211 0.572266 0.0537109 0.0429688 0.537109
21 0.572754 0.731445 0.0419922 0.0371094 0.505859
