5 0.0359192 0.848633 0.0366821 0.046875 0.96582
12 0.211914 0.322266 0.0507812 0.0664062 0.956543
7 0.174316 0.249268 0.0454102 0.0600586 0.938477
5 0.0401917 0.0565796 0.0346069 0.0450439 0.931641
5 0.255432 0.153076 0.039917 0.0488281 0.925781
5 0.213379 0.422607 0.0393066 0.0439453 0.923828
18 0.231812 0.581543 0.0671387 0.0644531 0.907227
7 0.119568 0.509766 0.0406494 0.0556641 0.903809
5 0.258301 0.0605469 0.0405273 0.0513916 0.90332
9 0.0748291 0.849609 0.0385742 0.0449219 0.90332
7 0.173462 0.950195 0.0439453 0.0585938 0.900391
2 0.130859 0.323486 0.0317383 0.0439453 0.898438
22 0.166016 0.587891 0.0385742 0.0410156 0.898438
14 0.199951 0.14035 0.0209961 0.0654907 0.875977
0 0.072998 0.33374 0.0601807 0.0478516 0.873047
21 0.0185547 0.945312 0.0368652 0.0654297 0.867188
5 0.217773 0.240723 0.0361328 0.0488281 0.863281
13 0.137329 0.75 0.0195312 0.0683594 0.85791
10 0.0471497 0.486328 0.0357056 0.0625 0.855957
4 0.246094 0.761719 0.0307617 0.0644531 0.841797
10 0.187012 0.411377 0.0361328 0.065918 0.816406
2 0.24292 0.945312 0.0317383 0.0449219 0.799316
4 0.0187035 0.312988 0.0293655 0.0615234 0.796875
2 0.251465 0.683594 0.0317383 0.0546875 0.782715
0 0.0449753 0.755859 0.0579987 0.0507812 0.766113
2 0.0532227 0.938965 0.0310059 0.0498047 0.763672
6 0.172607 0.502808 0.0585938 0.0412598 0.746094
13 0.245605 0.992188 0.0239258 0.015625 0.744629
7 0.136963 0.856445 0.0681152 0.0644531 0.723145
6 0.0140228 0.496094 0.0278931 0.0400391 0.71875
6 0.168335 0.149902 0.0412598 0.046875 0.680664
13 0.219482 0.758301 0.0229492 0.0693359 0.679199
2 0.0500488 0.235107 0.032959 0.0454102 0.645996
22 0.123535 0.0585938 0.0397949 0.0465088 0.631836
5 0.0308228 0.670898 0.0616455 0.0488281 0.629883
18 0.0810547 0.0489807 0.0437012 0.0621948 0.611328
4 0.183594 0.0577393 0.0290527 0.0487061 0.59082
13 0.0767212 0.143036 0.0194092 0.0557251 0.57959
6 0.217529 0.0596924 0.0390625 0.0461426 0.577637
10 0.103516 0.751953 0.0515137 0.0664062 0.575684
4 0.0117874 0.0450134 0.0233612 0.0662231 0.550781
13 0.00883484 0.829102 0.0174866 0.0878906 0.535156
2 0.00482559 0.408203 0.0094223 0.0410156 0.509766
