5 0.199829 0.829102 0.0358887 0.0390625 0.981934
11 0.0413742 0.898438 0.0376129 0.0625 0.972168
12 0.0935669 0.902344 0.0435791 0.0722656 0.965332
21 0.130859 0.757812 0.0507812 0.0605469 0.960449
4 0.198608 0.592773 0.0270996 0.046875 0.943848
9 0.0386353 0.981934 0.0343018 0.0361328 0.942383
14 0.00590515 0.820312 0.0117493 0.0605469 0.932129
2 0.189453 0.671387 0.0327148 0.0380859 0.916016
2 0.0311737 0.833008 0.0325012 0.0390625 0.898926
0 0.194214 0.981445 0.0769043 0.0371094 0.898926
5 0.135986 0.908691 0.034668 0.0390625 0.893066
8 0.171753 0.908691 0.0368652 0.0410156 0.872559
7 0.0876465 0.837891 0.057373 0.0527344 0.858887
4 0.12674 0.592773 0.0272827 0.0507812 0.844727
4 0.0913086 0.67334 0.0244141 0.0458984 0.836426
23 0.130981 0.826172 0.0305176 0.0371094 0.805664
7 0.185669 0.762207 0.0510254 0.0576172 0.749023
6 0.0983887 0.983398 0.0393066 0.0332031 0.744629
2 0.0628662 0.673828 0.0296631 0.0371094 0.743164
2 0.0894775 0.751953 0.029541 0.0390625 0.694336
10 0.172852 0.818359 0.0327148 0.0566406 0.649414
13 0.0980225 0.585938 0.0317383 0.0615234 0.640625
5 0.0333939 0.75293 0.0585785 0.0449219 0.613281
13 0.226074 0.970703 0.0180664 0.0546875 0.602051
2 0.0091095 0.67627 0.018219 0.0400391 0.558105
13 0.133179 0.969238 0.027832 0.0615234 0.521484
