23 0.406738 0.97168 0.0678711 0.0566406 0.982422
4 0.303467 0.78125 0.0600586 0.113281 0.973145
19 0.75 0.96875 0.0644531 0.0625 0.97168
4 0.150879 0.789062 0.0666504 0.105469 0.96875
2 0.45459 0.0193481 0.0688477 0.0385742 0.965332
2 0.371338 0.789062 0.0717773 0.0957031 0.963867
5 0.228027 0.793457 0.0869141 0.0927734 0.959473
2 0.335938 0.970215 0.0703125 0.0595703 0.958496
0 0.559692 0.0210266 0.128662 0.0420532 0.945801
9 0.779297 0.0194702 0.0820312 0.0389404 0.944824
4 0.519043 0.961914 0.0771484 0.0761719 0.943359
7 0.954102 0.966797 0.0917969 0.0664062 0.937988
2 0.0761719 0.400879 0.0690918 0.0947266 0.9375
0 0.424316 0.194336 0.191406 0.102539 0.92041
0 0.599609 0.790039 0.136719 0.09375 0.918457
6 0.959961 0.193604 0.0800781 0.11377 0.908691
23 0.384033 0.0196838 0.0639648 0.0393677 0.884277
23 0.0205383 0.40332 0.0410156 0.0849609 0.869629
6 0.677734 0.015625 0.0898438 0.03125 0.847168
0 0.930176 0.789062 0.139648 0.0917969 0.842773
2 0.283264 0.0212402 0.124878 0.0424805 0.809082
14 0.0130005 0.790039 0.026001 0.166992 0.766113
6 0.277588 0.974609 0.0385742 0.0507812 0.760742
12 0.640625 0.943359 0.142578 0.113281 0.741699
13 0.0686798 0.772949 0.0896912 0.144531 0.684082
8 0.862793 0.379883 0.144531 0.116211 0.607422
18 0.967773 0.367188 0.0644531 0.169922 0.605957
18 0.866211 0.164062 0.106445 0.147461 0.586914
18 0.961426 0.570312 0.0771484 0.125 0.57959
13 0.193115 0.0203857 0.0385742 0.0406494 0.552734
27 0.852539 0.0296173 0.0585938 0.0592346 0.542969
8 0.437012 0.371094 0.0947266 0.137695 0.541016
4 0.205078 0.96875 0.0874023 0.0625 0.505859
13 0.797363 0.751465 0.0605469 0.155273 0.501953
