5 0.0789795 0.18042 0.0405273 0.0454102 0.973145
12 0.016571 0.59668 0.0331421 0.0830078 0.965332
8 0.104492 0.26416 0.0407715 0.0419922 0.960449
5 0.126678 0.679199 0.0430298 0.0488281 0.95752
5 0.132324 0.0197754 0.0395508 0.0391846 0.952637
2 0.0348206 0.676758 0.0324707 0.0458984 0.95166
0 0.117615 0.841797 0.0638428 0.0429688 0.940918
13 0.100708 0.913086 0.0268555 0.0722656 0.935059
5 0.0563965 0.842773 0.0383301 0.0429688 0.934082
8 0.134003 0.760742 0.0366821 0.0429688 0.924805
6 0.119446 0.181519 0.0408936 0.0461426 0.922852
5 0.0643158 0.264587 0.0395813 0.0450439 0.92041
8 0.132935 0.595703 0.036377 0.0410156 0.919434
8 0.182617 0.927734 0.0424805 0.0488281 0.919434
6 0.044281 0.019165 0.0379028 0.038269 0.911133
5 0.0734253 0.678223 0.0413818 0.0449219 0.908203
11 0.067749 0.913574 0.0367432 0.0683594 0.908203
4 0.174194 0.423584 0.0327148 0.0541992 0.905762
9 0.0810547 0.0189514 0.0372314 0.0374146 0.899902
2 0.0996094 0.59375 0.029541 0.0429688 0.88623
2 0.168701 0.762207 0.0322266 0.0410156 0.885742
2 0.0506287 0.59375 0.0292358 0.0429688 0.876465
14 0.0755615 0.585938 0.0202637 0.0683594 0.871582
14 0.0501709 0.170532 0.0195312 0.0671387 0.85791
6 0.036499 0.0992432 0.0426025 0.0412598 0.823242
6 0.0125275 0.0193787 0.0250244 0.0384521 0.820801
2 0.0233154 0.179077 0.0319824 0.0461426 0.81543
5 0.173462 0.592773 0.0397949 0.0585938 0.806641
11 0.0105209 0.418945 0.0210114 0.0673828 0.804199
2 0.013031 0.507812 0.026062 0.0478516 0.779785
18 0.174194 0.0186768 0.0429688 0.0373535 0.751953
11 0.561523 0.984375 0.0664062 0.03125 0.71875
0 0.019928 0.992676 0.039856 0.0146484 0.658203
13 0.178711 0.982422 0.0205078 0.0351562 0.658203
0 0.017868 0.842773 0.0357361 0.0449219 0.620605
22 0.0806274 0.429688 0.0341797 0.0458984 0.618652
10 0.141724 0.915527 0.0358887 0.0664062 0.607422
6 0.111694 0.51123 0.0563965 0.0400391 0.569824
5 0.131134 0.429199 0.0551147 0.0498047 0.567871
13 0.00802612 0.0875397 0.0160217 0.0680847 0.541016
