28 0.648438 0.908691 0.109375 0.177734 0.987305
12 0.536133 0.508789 0.167969 0.147461 0.95752
0 0.773926 0.325195 0.145508 0.0966797 0.956543
11 0.959961 0.696777 0.0800781 0.140625 0.956543
2 0.480713 0.727539 0.065918 0.0917969 0.950195
22 0.227783 0.132202 0.0859375 0.092041 0.939941
4 0.453369 0.0837402 0.128418 0.16748 0.935547
16 0.863281 0.727539 0.0976562 0.0957031 0.931152
4 0.232178 0.922852 0.059082 0.117188 0.927734
2 0.0877838 0.9375 0.0729675 0.101562 0.925293
13 0.541016 0.701172 0.0458984 0.152344 0.92041
16 0.884277 0.533325 0.104492 0.11499 0.885742
4 0.658691 0.0839844 0.0712891 0.163086 0.876465
2 0.44873 0.936523 0.0732422 0.119141 0.851074
27 0.733398 0.937012 0.0585938 0.125 0.848145
8 0.324707 0.126495 0.09375 0.0932007 0.831055
21 0.0417786 0.0928345 0.0835571 0.183716 0.800781
7 0.970215 0.298584 0.0595703 0.22998 0.774414
23 0.161133 0.917969 0.0712891 0.149414 0.700684
2 0.296631 0.923828 0.0698242 0.103516 0.637207
