15 0.847656 0.842773 0.0761719 0.0644531 0.992188
18 0.555664 0.678223 0.0371094 0.0498047 0.976074
8 0.724121 0.936523 0.0429688 0.0449219 0.976074
21 0.223511 0.854492 0.0385742 0.0576172 0.975098
46 0.400879 0.260498 0.0644531 0.0473633 0.974609
18 0.808594 0.183228 0.0371094 0.0539551 0.972168
2 0.309082 0.179199 0.0292969 0.043457 0.96875
6 0.274414 0.260498 0.0400391 0.0415039 0.966309
7 0.0353394 0.185059 0.0384521 0.0605469 0.96582
6 0.899414 0.774414 0.0390625 0.0429688 0.965332
5 0.362305 0.844727 0.0375977 0.0449219 0.965332
0 0.854492 0.272217 0.0605469 0.0483398 0.964355
8 0.101624 0.42627 0.0368652 0.0449219 0.964355
0 0.686523 0.769531 0.0566406 0.0410156 0.963379
8 0.0626831 0.922363 0.0349121 0.0400391 0.963379
8 0.865234 0.936523 0.0410156 0.0449219 0.962891
21 0.603027 0.197266 0.0390625 0.0595703 0.959473
0 0.668945 0.852539 0.0517578 0.0390625 0.959473
2 0.357422 0.511841 0.0292969 0.0407715 0.958984
18 0.209106 0.174561 0.0378418 0.0544434 0.958496
5 0.0117493 0.838867 0.0234375 0.0419922 0.958008
0 0.957031 0.521973 0.0634766 0.046875 0.95752
7 0.083725 0.685547 0.0642395 0.0644531 0.95752
12 0.676758 0.343262 0.0361328 0.0620117 0.956543
8 0.897461 0.605469 0.0371094 0.0390625 0.956543
7 0.498535 0.108398 0.0380859 0.0610352 0.954102
7 0.55957 0.859863 0.0371094 0.0585938 0.954102
9 0.97998 0.0236359 0.0351562 0.0435486 0.952148
5 0.642578 0.184326 0.0351562 0.0405273 0.950195
6 0.68457 0.103149 0.0390625 0.0380859 0.94873
5 0.810547 0.352295 0.0380859 0.043457 0.948242
12 0.883301 0.0938721 0.0371094 0.0622559 0.947754
2 0.87793 0.4375 0.03125 0.0439453 0.947266
0 0.853516 0.521973 0.0546875 0.0449219 0.947266
8 0.129639 0.839355 0.0432129 0.0419922 0.946289
2 0.140503 0.425293 0.0339355 0.046875 0.945312
7 0.57666 0.612305 0.0390625 0.0605469 0.944824
18 0.450439 0.17395 0.0566406 0.0576172 0.944336
6 0.366211 0.345703 0.0400391 0.0410156 0.942383
18 0.284668 0.422363 0.0488281 0.0537109 0.942383
5 0.504883 0.515625 0.0390625 0.0419922 0.942383
0 0.951172 0.771484 0.0595703 0.0429688 0.941895
0 0.377197 0.926758 0.0610352 0.046875 0.940918
6 0.855957 0.689453 0.0390625 0.0410156 0.94043
18 0.465332 0.758789 0.0380859 0.0478516 0.938477
5 0.222656 0.510742 0.0361328 0.0410156 0.937012
7 0.120483 0.266846 0.0620117 0.0629883 0.936523
2 0.0302429 0.917969 0.0303345 0.0419922 0.936523
5 0.5177 0.683594 0.0388184 0.0410156 0.936035
5 0.172363 0.840332 0.0385742 0.0390625 0.936035
5 0.390625 0.0976562 0.0380859 0.0435791 0.935547
5 0.961914 0.354492 0.0390625 0.0419922 0.935059
18 0.194336 0.421387 0.0524902 0.0556641 0.933105
0 0.445312 0.348145 0.0556641 0.0454102 0.933105
2 0.291748 0.0153961 0.0263672 0.0307312 0.932129
5 0.146973 0.0950928 0.0375977 0.0449219 0.932129
10 0.275879 0.166504 0.0419922 0.0644531 0.928711
12 0.727539 0.427979 0.0351562 0.0649414 0.928711
0 0.601562 0.932129 0.0576172 0.0449219 0.928223
13 0.508301 0.917969 0.0253906 0.0732422 0.927734
5 0.977539 0.595215 0.0410156 0.0634766 0.926758
6 0.904297 0.522461 0.0390625 0.0429688 0.925781
11 0.813477 0.760742 0.0546875 0.0625 0.925293
13 0.361572 0.0880737 0.0244141 0.0688477 0.924805
5 0.0992432 0.344482 0.0378418 0.0439453 0.924805
22 0.579102 0.434326 0.0332031 0.0400391 0.923828
7 0.528809 0.777344 0.0625 0.0634766 0.922363
2 0.0664062 0.424072 0.032959 0.0473633 0.921387
9 0.34375 0.678711 0.0351562 0.0449219 0.921387
10 0.454102 0.918457 0.0322266 0.0664062 0.921387
2 0.723633 0.849609 0.0332031 0.0449219 0.918457
7 0.166626 0.0235748 0.0390625 0.0471497 0.91748
23 0.76123 0.35498 0.0351562 0.0405273 0.91748
5 0.423584 0.763672 0.0405273 0.0410156 0.91748
0 0.296875 0.66748 0.0585938 0.0634766 0.916504
5 0.586914 0.100159 0.0351562 0.0462646 0.916016
13 0.241943 0.160126 0.0200195 0.0791626 0.915527
5 0.431152 0.431152 0.0371094 0.0439453 0.914062
6 0.19165 0.924316 0.0405273 0.0419922 0.913574
10 0.240356 0.418701 0.0358887 0.0668945 0.913086
13 0.0124969 0.0758667 0.0249939 0.076416 0.911621
2 0.90625 0.852539 0.0332031 0.0449219 0.911133
9 0.541992 0.929688 0.0351562 0.0449219 0.911133
13 0.945801 0.428223 0.0292969 0.0742188 0.910645
10 0.6875 0.428223 0.0371094 0.0708008 0.90918
9 0.743652 0.189209 0.0371094 0.043457 0.908203
6 0.421875 0.515747 0.0332031 0.0368652 0.907227
0 0.94873 0.935547 0.0566406 0.0488281 0.907227
2 0.0115509 0.592773 0.0231018 0.0410156 0.907227
14 0.0385056 0.412354 0.0183258 0.065918 0.906738
6 0.446289 0.681641 0.0507812 0.0429688 0.904785
0 0.791992 0.686523 0.0605469 0.0488281 0.90332
9 0.231689 0.924805 0.0334473 0.0410156 0.902832
0 0.922852 0.0227051 0.078125 0.0436401 0.896973
5 0.151245 0.923828 0.0361328 0.0449219 0.896973
2 0.512695 0.0195312 0.0458984 0.0390625 0.893066
2 0.978027 0.4375 0.0322266 0.0458984 0.891602
5 0.807129 0.522461 0.0361328 0.0410156 0.891602
6 0.189697 0.760742 0.0385742 0.0410156 0.891602
5 0.636719 0.352539 0.0390625 0.0439453 0.891113
18 0.912109 0.43457 0.0371094 0.0537109 0.889648
4 0.189453 0.672852 0.0595703 0.0507812 0.889648
0 0.918945 0.270264 0.0644531 0.0439453 0.888672
0 0.437988 0.0992432 0.0551758 0.0456543 0.888184
2 0.0970459 0.920898 0.0294189 0.0429688 0.888184
4 0.975586 0.18335 0.03125 0.0498047 0.885742
22 0.804199 0.270264 0.0341797 0.0439453 0.884766
13 0.476074 0.665527 0.0224609 0.0771484 0.883301
5 0.20752 0.0159607 0.0390625 0.0318604 0.882324
9 0.847656 0.601074 0.0351562 0.0439453 0.882324
2 0.754883 0.601074 0.03125 0.0458984 0.878906
0 0.175293 0.51123 0.0571289 0.0429688 0.878418
13 0.320312 0.746094 0.0253906 0.0761719 0.878418
6 0.59668 0.521484 0.0390625 0.0410156 0.877441
6 0.970215 0.106262 0.0439453 0.0418701 0.876465
2 0.571289 0.182495 0.0292969 0.0415039 0.876465
7 0.0787354 0.024292 0.0358887 0.048584 0.872559
27 0.916992 0.366211 0.0224609 0.0576172 0.871582
14 0.0092926 0.660156 0.0183411 0.0664062 0.868164
2 0.903809 0.935547 0.0302734 0.0439453 0.867188
14 0.163818 0.248535 0.019043 0.0654297 0.866211
6 0.704102 0.604004 0.0361328 0.0439453 0.866211
8 0.0866089 0.758301 0.0424805 0.0478516 0.865234
5 0.192017 0.258057 0.0358887 0.0454102 0.864258
13 0.84082 0.178467 0.0253906 0.0744629 0.863281
2 0.0128021 0.422119 0.0255432 0.0454102 0.863281
14 0.446045 0.251709 0.0175781 0.0634766 0.862305
6 0.972656 0.269287 0.0429688 0.0454102 0.86084
7 0.830078 0.445801 0.0605469 0.0644531 0.856934
22 0.895508 0.69043 0.0332031 0.0449219 0.856934
2 0.339355 0.0160675 0.0273438 0.032074 0.855957
7 0.0424881 0.604492 0.0364838 0.0625 0.855957
18 0.622559 0.0195312 0.0537109 0.0390625 0.848145
4 0.0457458 0.986328 0.0598755 0.0273438 0.848145
2 0.777344 0.10321 0.0371094 0.0450439 0.848145
8 0.400879 0.18103 0.0410156 0.0441895 0.847168
14 0.123169 0.913086 0.0202637 0.0664062 0.847168
6 0.477051 0.931641 0.0385742 0.0410156 0.845703
18 0.150391 0.754883 0.034668 0.0517578 0.844727
0 0.955078 0.84668 0.0625 0.0605469 0.842773
14 0.927734 0.676758 0.0195312 0.0664062 0.837402
2 0.180176 0.343262 0.0395508 0.0449219 0.827637
8 0.633789 0.520386 0.0332031 0.0412598 0.825684
13 0.0310669 0.665039 0.0232544 0.0703125 0.820801
13 0.14502 0.977051 0.0205078 0.0458984 0.820801
4 0.670898 0.519409 0.03125 0.045166 0.812988
10 0.143799 0.667969 0.0463867 0.0683594 0.805664
18 0.462891 0.599609 0.0546875 0.0449219 0.79834
1 0.883789 0.361816 0.0390625 0.0654297 0.786621
11 0.428223 0.984375 0.0351562 0.03125 0.764648
4 0.846191 0.34668 0.0322266 0.0546875 0.751953
2 0.0919189 0.592285 0.0541992 0.0449219 0.749023
18 0.0192719 0.253662 0.0383606 0.0537109 0.744629
5 0.0390854 0.758789 0.0509796 0.0429688 0.743164
18 0.245361 0.675293 0.0361328 0.0634766 0.743164
14 0.54541 0.173462 0.0214844 0.0656738 0.733887
21 0.252686 0.983398 0.0629883 0.0332031 0.730957
13 0.254883 0.750488 0.019043 0.0673828 0.720215
13 0.440918 0.0200195 0.0131836 0.039917 0.716797
4 0.280029 0.751953 0.03125 0.0585938 0.713867
23 0.780273 0.0222931 0.0351562 0.0444641 0.708984
6 0.864258 0.0229645 0.0351562 0.0440979 0.708984
10 0.678223 0.262207 0.0380859 0.0683594 0.70752
6 0.542969 0.10022 0.0449219 0.0456543 0.705566
14 0.0681152 0.16272 0.0175781 0.0637207 0.704102
6 0.314453 0.926758 0.0605469 0.0429688 0.694336
10 0.140625 0.335938 0.0454102 0.0664062 0.692871
14 0.725098 0.260742 0.0166016 0.0664062 0.6875
5 0.569336 0.266663 0.0566406 0.0447998 0.686035
6 0.820312 0.605469 0.0175781 0.0380859 0.682617
5 0.14743 0.59082 0.0532837 0.0410156 0.672363
18 0.540039 0.427734 0.0458984 0.0556641 0.665527
6 0.762695 0.520996 0.0449219 0.0449219 0.663574
6 0.110962 0.177124 0.060791 0.0422363 0.660156
0 0.499512 0.849121 0.0478516 0.0449219 0.658203
22 0.810547 0.933594 0.0332031 0.0410156 0.651367
13 0.940918 0.255371 0.0205078 0.0727539 0.638672
13 0.00683594 0.911133 0.0136719 0.078125 0.638672
13 0.463135 0.836914 0.0205078 0.0527344 0.637207
7 0.666016 0.611328 0.0390625 0.0605469 0.622559
18 0.671875 0.931641 0.0517578 0.0449219 0.613281
5 0.36377 0.760742 0.059082 0.0449219 0.609375
35 0.634766 0.68457 0.0527344 0.0410156 0.605957
6 0.734375 0.0213013 0.0566406 0.0424805 0.604004
5 0.389648 0.995117 0.0336914 0.00976562 0.602051
2 0.0509033 0.839355 0.0523682 0.0410156 0.598145
18 0.543945 0.348145 0.0371094 0.0449219 0.592773
7 0.265381 0.509277 0.046875 0.046875 0.59082
11 0.0438309 0.331055 0.0508881 0.0664062 0.588867
22 0.766602 0.436523 0.0332031 0.0439453 0.586914
7 0.111023 0.0244904 0.0250244 0.0479431 0.584961
6 0.476562 0.264099 0.0429688 0.0401611 0.584961
5 0.795898 0.85498 0.0205078 0.0302734 0.584961
23 0.242065 0.0935059 0.0358887 0.0407715 0.581543
8 0.860352 0.773438 0.0351562 0.0439453 0.575684
22 0.696289 0.27124 0.0332031 0.0424805 0.552734
6 0.630859 0.850586 0.0214844 0.0400391 0.548828
4 0.320312 0.838867 0.0410156 0.046875 0.548828
2 0.619141 0.995605 0.0273438 0.00878906 0.515625
18 0.422852 0.844727 0.0517578 0.0439453 0.507812
