5 0.457764 0.0215607 0.0874023 0.0431213 0.966797
8 0.750977 0.198242 0.0966797 0.0957031 0.952148
6 0.933594 0.0211487 0.0917969 0.0422974 0.945312
9 0.551758 0.0210876 0.0839844 0.0421753 0.941895
2 0.0751343 0.0252075 0.065918 0.050415 0.94043
7 0.958984 0.220581 0.0820312 0.12915 0.936523
9 0.154175 0.0219116 0.0891113 0.0438232 0.877441
6 0.358887 0.0213165 0.0981445 0.042572 0.875977
16 0.67334 0.0231018 0.0908203 0.0462036 0.838867
2 0.0170288 0.202148 0.0338135 0.0952148 0.825684
11 0.40625 0.173828 0.149414 0.142578 0.794434
22 0.776367 0.0221405 0.0859375 0.0440979 0.730957
4 0.126221 0.185181 0.0942383 0.131104 0.700684
5 0.0171204 0.0258026 0.0340576 0.051239 0.686035
14 0.853027 0.0213318 0.0507812 0.0426025 0.682617
