1 0.204102 0.021698 0.0371094 0.043396 0.990723
38 0.539062 0.0683746 0.0703125 0.066864 0.98877
8 0.964844 0.465332 0.0371094 0.0400391 0.98877
3 0.879883 0.139526 0.0595703 0.0734863 0.97168
10 0.341064 0.388428 0.0351562 0.0664062 0.967285
6 0.658691 0.389648 0.0371094 0.0380859 0.96582
18 0.662109 0.06427 0.0410156 0.059082 0.964355
9 0.205933 0.404541 0.0375977 0.0415039 0.963867
11 0.144043 0.395508 0.036377 0.0639648 0.961914
10 0.887695 0.216064 0.0351562 0.0678711 0.958984
5 0.963379 0.306885 0.0341797 0.0395508 0.954102
7 0.72168 0.476562 0.0410156 0.0556641 0.953125
11 0.536133 0.226807 0.0371094 0.0639648 0.951172
22 0.87793 0.0703735 0.0371094 0.039917 0.950195
5 0.86377 0.30957 0.0341797 0.0375977 0.94873
8 0.816406 0.467529 0.0390625 0.0424805 0.941406
5 0.755371 0.152344 0.0361328 0.0395508 0.940918
21 0.591797 0.47998 0.0546875 0.0634766 0.94043
0 0.707031 0.154785 0.0546875 0.0385742 0.938965
5 0.123169 0.488281 0.0388184 0.0410156 0.936523
9 0.818359 0.385254 0.0351562 0.0400391 0.936035
8 0.279785 0.484375 0.0375977 0.0419922 0.933594
4 0.257568 0.0866089 0.0263672 0.0429688 0.929199
2 0.779297 0.46875 0.03125 0.0410156 0.927246
22 0.173096 0.17334 0.0371094 0.0405273 0.923828
22 0.581055 0.237305 0.0390625 0.0415039 0.923828
5 0.572266 0.0112 0.0371094 0.0223389 0.922363
9 0.649414 0.154541 0.0332031 0.0410156 0.922363
5 0.533203 0.31543 0.0371094 0.0385742 0.92041
2 0.80957 0.1521 0.03125 0.0395508 0.918945
2 0.855469 0.463867 0.0322266 0.0405273 0.916504
2 0.618164 0.157227 0.0292969 0.0410156 0.914062
5 0.62207 0.392334 0.0371094 0.0419922 0.90918
6 0.264404 0.0149002 0.0351562 0.0297394 0.905273
2 0.124023 0.328613 0.0324707 0.0380859 0.898926
7 0.0571899 0.024704 0.0401611 0.049408 0.896973
5 0.504395 0.475586 0.0371094 0.0429688 0.896484
13 0.174805 0.39502 0.0209961 0.0732422 0.89502
0 0.685547 0.232422 0.0527344 0.0366211 0.894043
5 0.498291 0.239258 0.0375977 0.0419922 0.879883
9 0.973633 0.384277 0.0361328 0.0429688 0.878418
24 0.161133 0.335449 0.0371094 0.0498047 0.875977
9 0.441406 0.238647 0.034668 0.0441895 0.875
14 0.783203 0.140167 0.015625 0.0604858 0.872559
13 0.806152 0.0582886 0.0185547 0.071167 0.869629
6 0.955566 0.229004 0.0322266 0.0371094 0.868652
13 0.350586 0.311035 0.0195312 0.0634766 0.868164
18 0.12384 0.018158 0.0440674 0.0363159 0.853027
2 0.773438 0.0735016 0.03125 0.0409851 0.850098
5 0.0776367 0.171387 0.0369873 0.0405273 0.850098
6 0.234619 0.0156288 0.0227051 0.0310593 0.848145
2 0.297607 0.321289 0.03125 0.0410156 0.84375
14 0.848633 0.0599976 0.0175781 0.0665283 0.84082
9 0.799316 0.309082 0.0341797 0.0395508 0.839844
6 0.116089 0.174072 0.0383301 0.0410156 0.838867
16 0.695312 0.307617 0.0488281 0.0458984 0.836426
7 0.0941162 0.260315 0.0397949 0.0526123 0.834473
14 0.752441 0.455078 0.0195312 0.0615234 0.82666
9 0.419678 0.318848 0.0351562 0.0410156 0.822266
7 0.867188 0.394043 0.0410156 0.0595703 0.820801
13 0.144043 0.240601 0.019043 0.0656738 0.819824
13 0.899414 0.28833 0.0351562 0.081543 0.818848
6 0.265137 0.24585 0.0175781 0.0351562 0.817383
10 0.47998 0.465576 0.0341797 0.0683594 0.813965
2 0.855469 0.236938 0.0175781 0.0195312 0.804199
16 0.358398 0.476562 0.0429688 0.0444336 0.803223
6 0.608398 0.0781097 0.0585938 0.0386047 0.803223
4 0.987305 0.221924 0.0253906 0.0551758 0.801758
18 0.936523 0.0651855 0.0556641 0.0498047 0.800781
4 0.993164 0.459473 0.0136719 0.050293 0.799316
14 0.542969 0.380859 0.0175781 0.0683594 0.791992
14 0.829102 0.0610352 0.015625 0.0632324 0.790527
5 0.0206146 0.410645 0.0381775 0.0380859 0.786621
5 0.762695 0.311768 0.0380859 0.0361328 0.78418
2 0.381836 0.0842285 0.0322266 0.041748 0.774414
13 0.746582 0.377441 0.0166016 0.0605469 0.759277
4 0.300049 0.399902 0.0244141 0.043457 0.751953
4 0.499512 0.159424 0.0263672 0.0498047 0.749023
0 0.730469 0.00837708 0.0429688 0.0166321 0.747559
8 0.638184 0.4729 0.0410156 0.043457 0.744629
13 0.308594 0.470459 0.0214844 0.0610352 0.743164
2 0.675293 0.0089035 0.0283203 0.017807 0.713867
7 0.0144043 0.039856 0.0287476 0.0795898 0.697754
6 0.467773 0.160645 0.0341797 0.0395508 0.695801
19 0.923828 0.227051 0.0292969 0.0390625 0.695801
4 0.161011 0.0170593 0.0266113 0.0341187 0.677246
6 0.938965 0.150391 0.0576172 0.0415039 0.677246
5 0.734863 0.226562 0.0341797 0.0473633 0.677246
10 0.918945 0.452393 0.0527344 0.0668945 0.677246
9 0.613281 0.00868225 0.0371094 0.017334 0.666992
2 0.270996 0.404785 0.0322266 0.0390625 0.663574
2 0.694336 0.388184 0.0283203 0.0380859 0.645996
10 0.346191 0.0765381 0.0527344 0.0644531 0.644043
12 0.449707 0.384277 0.0332031 0.0654297 0.642578
6 0.168823 0.0915527 0.020752 0.0356445 0.624512
11 0.00801849 0.136688 0.0158234 0.0391235 0.624512
18 0.888672 0.00735474 0.0273438 0.0145264 0.611328
13 0.485352 0.357178 0.015625 0.0380859 0.607422
13 0.389404 0.46582 0.015625 0.0644531 0.588867
13 0.563477 0.382568 0.0195312 0.0654297 0.57373
6 0.529785 0.15918 0.0341797 0.0400391 0.565918
2 0.938477 0.386719 0.03125 0.0380859 0.556641
13 0.34668 0.0133362 0.0107422 0.0262451 0.541016
0 0.412842 0.0138855 0.0507812 0.0276489 0.539062
8 0.452637 0.0813599 0.046875 0.0391846 0.529297
6 0.802734 0.232056 0.0175781 0.036377 0.525391
2 0.200073 0.249268 0.0324707 0.0361328 0.511719
