8 0.30579 0.9231 0.0332775 0.0353413 0.960998
12 0.438944 0.912487 0.0392975 0.0616498 0.960761
11 0.0715325 0.762244 0.0352301 0.0593362 0.955395
9 0.152506 0.77215 0.0345455 0.037008 0.949987
5 0.258254 0.925301 0.0342493 0.0370117 0.943727
8 0.193521 0.847362 0.03576 0.034306 0.896628
0 0.0835169 0.925556 0.0576407 0.0383232 0.884984
27 0.733094 0.93313 0.0252715 0.0510967 0.869165
8 0.374825 0.926054 0.0163174 0.0358214 0.866397
14 0.60566 0.910504 0.0117568 0.058291 0.833927
4 0.436958 0.768075 0.0202302 0.0397723 0.805356
5 0.651724 0.844085 0.0341924 0.0373127 0.774203
19 0.490397 0.611846 0.0248055 0.0354171 0.701483
0 0.301397 0.845101 0.0530798 0.0362937 0.675526
9 0.221493 0.992169 0.0335605 0.0156617 0.673671
2 0.407531 0.76811 0.0253576 0.0345951 0.599201
2 0.0982031 0.61463 0.0256733 0.0352156 0.504378
