21 0.0252991 0.399902 0.0501099 0.0585938 0.98584
12 0.19458 0.122253 0.0515137 0.0814209 0.979004
12 0.131592 0.556641 0.0527344 0.0800781 0.977051
20 0.119507 0.473145 0.0710449 0.078125 0.967773
5 0.112305 0.216553 0.0397949 0.0449219 0.950195
10 0.0505371 0.20752 0.0345459 0.0644531 0.94873
13 0.0336227 0.0323792 0.0249176 0.0646362 0.947266
8 0.279785 0.830078 0.0454102 0.046875 0.944824
7 0.144073 0.137451 0.0438843 0.0605469 0.944336
5 0.195801 0.650391 0.0390625 0.0449219 0.941406
11 0.199951 0.90625 0.0390625 0.0625 0.937988
9 0.284912 0.91748 0.0439453 0.0507812 0.936523
5 0.285645 0.212402 0.0410156 0.0463867 0.930664
22 0.10437 0.829102 0.0390625 0.0449219 0.926758
1 0.155273 0.3125 0.0488281 0.0625 0.92627
13 0.231445 0.117188 0.0209961 0.0759277 0.919434
10 0.077652 0.821289 0.0387878 0.0703125 0.914062
5 0.0225372 0.743164 0.0384827 0.0429688 0.911133
9 0.233154 0.738281 0.0400391 0.0488281 0.908691
6 0.241699 0.921875 0.0410156 0.0429688 0.908691
0 0.180542 0.390625 0.0622559 0.0439453 0.903809
22 0.286133 0.125519 0.0429688 0.0477905 0.90332
7 0.280212 0.310059 0.0645752 0.0644531 0.901367
11 0.145996 0.733398 0.0378418 0.0644531 0.887207
7 0.0101318 0.0430908 0.019989 0.0706787 0.878906
13 0.0273132 0.549805 0.0219727 0.0625 0.877441
2 0.285645 0.395996 0.0332031 0.0585938 0.864258
6 0.242432 0.56543 0.0390625 0.046875 0.850098
5 0.164795 0.833008 0.0410156 0.0478516 0.849121
2 0.00990295 0.922852 0.0196533 0.0449219 0.847168
2 0.0407715 0.130737 0.0328979 0.048584 0.831055
2 0.132812 0.391602 0.0322266 0.0449219 0.830078
9 0.0236664 0.830078 0.0394592 0.046875 0.819824
13 0.20874 0.546875 0.0244141 0.0664062 0.817383
2 0.0789795 0.916016 0.0321045 0.0429688 0.812988
14 0.253418 0.118835 0.0219727 0.0714111 0.803223
2 0.109619 0.0403442 0.0373535 0.0543213 0.801758
10 0.0569458 0.907227 0.0350342 0.0644531 0.792969
13 0.171143 0.980469 0.0209961 0.0390625 0.790527
6 0.204834 0.302246 0.0581055 0.0458984 0.779785
9 0.0563354 0.55957 0.038208 0.0410156 0.777344
10 0.0338516 0.29541 0.0366669 0.0654297 0.775879
13 0.172485 0.539185 0.029541 0.079834 0.771973
14 0.134766 0.819336 0.0185547 0.0722656 0.770508
2 0.280273 0.477051 0.0351562 0.0449219 0.750488
10 0.246338 0.385742 0.0410156 0.0761719 0.741699
6 0.188354 0.741211 0.0405273 0.0449219 0.73584
18 0.109497 0.649902 0.0612793 0.0458984 0.694336
8 0.0636597 0.743164 0.0423584 0.0507812 0.689453
5 0.225464 0.821289 0.0598145 0.0664062 0.682617
22 0.28418 0.984863 0.0380859 0.0302734 0.680664
11 0.243164 0.981445 0.0375977 0.0371094 0.673828
12 0.177979 0.214966 0.0439453 0.0710449 0.660156
18 0.106567 0.730469 0.0407715 0.0703125 0.651367
6 0.209229 0.0386963 0.0649414 0.0490723 0.644043
0 0.137329 0.911621 0.0842285 0.0566406 0.613281
5 0.143829 0.0401077 0.0429077 0.052475 0.59082
13 0.231323 0.276367 0.0234375 0.0771484 0.567871
