0 0.838353 0.505536 0.140291 0.0970002 0.977619
1 0.683126 0.919477 0.0865405 0.135606 0.975498
13 0.609619 0.871289 0.0467334 0.13498 0.973751
7 0.909877 0.931879 0.0994124 0.130307 0.972914
14 0.560695 0.87148 0.0456002 0.134932 0.969429
14 0.940628 0.280653 0.0446782 0.138007 0.958797
6 0.207712 0.892293 0.0949889 0.0890146 0.95853
13 0.137255 0.876621 0.045602 0.133687 0.958465
4 0.923393 0.694531 0.0674944 0.103825 0.958076
5 0.986363 0.300687 0.027181 0.0931878 0.920612
8 0.779275 0.919401 0.0829192 0.12655 0.905905
2 0.845978 0.697589 0.0746741 0.101128 0.846579
9 0.0458 0.892924 0.0853009 0.0915643 0.569036
21 0.97052 0.530281 0.0589608 0.134074 0.531044
