12 0.459473 0.921875 0.107422 0.142578 0.996094
18 0.964844 0.930664 0.0703125 0.130859 0.98877
19 0.369141 0.949219 0.0625 0.0986328 0.985352
11 0.81543 0.514648 0.0957031 0.137695 0.970215
0 0.259521 0.950195 0.13623 0.0976562 0.966797
6 0.873047 0.946777 0.0957031 0.0976562 0.962402
8 0.847656 0.739258 0.0996094 0.0986328 0.959961
5 0.68457 0.944336 0.0917969 0.101562 0.955078
5 0.953125 0.742188 0.0898438 0.09375 0.950195
14 0.753906 0.919922 0.0449219 0.144531 0.950195
13 0.887695 0.519043 0.0419922 0.146484 0.943359
13 0.800781 0.921875 0.046875 0.150391 0.933594
13 0.546875 0.923828 0.046875 0.146484 0.932129
14 0.595703 0.921387 0.0488281 0.143555 0.923828
2 0.0940552 0.939453 0.0750732 0.0976562 0.912598
3 0.967773 0.121887 0.0644531 0.184448 0.905273
6 0.180054 0.739746 0.095459 0.0908203 0.885742
6 0.360352 0.34082 0.111328 0.09375 0.805664
11 0.19165 0.117554 0.153809 0.140381 0.801758
2 0.039856 0.336914 0.0797119 0.0947266 0.782715
8 0.578125 0.322266 0.134766 0.138184 0.766113
11 0.888184 0.317627 0.147461 0.141113 0.732422
2 0.0183563 0.563965 0.0366516 0.146484 0.704102
13 0.983398 0.310608 0.0332031 0.155151 0.647949
