3 0.249146 0.879883 0.127197 0.169922 0.989746
7 0.791504 0.124512 0.101562 0.13623 0.962891
5 0.849609 0.302734 0.0908203 0.0927734 0.962891
8 0.75 0.295166 0.09375 0.0981445 0.958496
6 0.692383 0.0998688 0.0878906 0.0966492 0.95752
0 0.865234 0.700684 0.140625 0.104492 0.95752
6 0.384033 0.890625 0.150879 0.09375 0.922363
23 0.679688 0.892578 0.0722656 0.0849609 0.905762
5 0.972656 0.699219 0.0546875 0.09375 0.871582
0 0.916992 0.902344 0.143555 0.101562 0.841797
13 0.547852 0.0704346 0.0634766 0.140137 0.794434
7 0.0341492 0.728516 0.0681763 0.160156 0.615234
4 0.295654 0.0287476 0.0913086 0.0563965 0.602051
4 0.414062 0.425049 0.0859375 0.0512695 0.523438
