18 0.0531006 0.2229 0.106201 0.148438 0.972168
14 0.255432 0.626465 0.0447998 0.145508 0.95752
13 0.302979 0.631348 0.0483398 0.144531 0.918945
7 0.203491 0.874023 0.0979004 0.138672 0.909668
22 0.412109 0.850098 0.0844727 0.0957031 0.893066
4 0.311035 0.842285 0.0986328 0.113281 0.870605
14 0.0747223 0.979004 0.0778503 0.0419922 0.656738
6 0.331055 0.248901 0.0336914 0.0905762 0.631836
6 0.262268 0.241577 0.10437 0.106201 0.625977
11 0.0072403 0.396729 0.0143433 0.190918 0.620605
6 0.129669 0.851562 0.0409546 0.0996094 0.550781
