6 0.874789 0.357297 0.0316451 0.0358031 0.969314
0 0.908476 0.0442429 0.0558829 0.0368038 0.959055
8 0.264829 0.917053 0.0367936 0.0376525 0.958448
6 0.0479411 0.845389 0.0336868 0.0368931 0.950791
9 0.0900838 0.843604 0.0344937 0.0379078 0.944936
0 0.803699 0.747822 0.0557837 0.0407302 0.931316
7 0.03705 0.930689 0.0394722 0.0518981 0.924286
13 0.776659 0.105835 0.0219193 0.081318 0.92155
5 0.814628 0.200278 0.0361304 0.03592 0.916006
18 0.912669 0.35052 0.0412565 0.0520605 0.91422
22 0.300579 0.838385 0.0347263 0.0391471 0.914196
5 0.225399 0.919856 0.0341085 0.0379918 0.906789
18 0.961656 0.655851 0.0412068 0.0584643 0.900268
22 0.397992 0.915269 0.0351708 0.0375357 0.891541
13 0.781047 0.0344056 0.0182922 0.0632579 0.8906
5 0.959196 0.04091 0.0361359 0.0364486 0.885211
14 0.366032 0.903679 0.0172362 0.0600147 0.884507
23 0.413465 0.832068 0.0284272 0.0354429 0.883616
7 0.772028 0.211245 0.0412867 0.0478885 0.868663
14 0.145153 0.911525 0.0158022 0.0573413 0.864895
13 0.0888024 0.755894 0.0212834 0.0632894 0.858578
23 0.289125 0.987695 0.0310084 0.0246093 0.84803
14 0.373223 0.20559 0.0166689 0.061049 0.845105
2 0.773962 0.82298 0.0290018 0.0369771 0.844228
8 0.982648 0.197513 0.0345659 0.0361036 0.842315
5 0.853142 0.742138 0.0349044 0.0371772 0.83518
9 0.566554 0.90625 0.0358335 0.0390568 0.828107
14 0.881058 0.188841 0.0154941 0.0589181 0.826021
6 0.0398267 0.612295 0.0368837 0.0346048 0.807498
12 0.923199 0.266845 0.0389016 0.0698509 0.790273
22 0.364799 0.753644 0.0332596 0.0363419 0.755695
2 0.35039 0.67916 0.0293529 0.0345469 0.741131
21 0.828558 0.441244 0.0808685 0.0554684 0.738481
9 0.852139 0.0445482 0.0340793 0.0375331 0.627174
7 0.337202 0.987693 0.0402808 0.0246148 0.559623
22 0.861406 0.587673 0.0340223 0.0357058 0.543551
14 0.840304 0.111434 0.0152335 0.0595374 0.535428
