18 0.964844 0.180664 0.0703125 0.130371 0.983398
8 0.848145 0.0192261 0.100586 0.0384521 0.974121
0 0.26001 0.200562 0.135254 0.0969238 0.960938
6 0.873047 0.196655 0.0957031 0.0959473 0.958984
5 0.953613 0.0195312 0.0898438 0.0390625 0.955078
14 0.753418 0.17041 0.0458984 0.145752 0.95166
2 0.094223 0.188232 0.0752258 0.0961914 0.944824
13 0.800781 0.171875 0.046875 0.149414 0.935059
13 0.545898 0.174194 0.046875 0.149902 0.93457
14 0.595215 0.170776 0.0488281 0.143311 0.893066
9 0.712402 0.0158997 0.0849609 0.0317993 0.853027
4 0.285889 0.0209503 0.104004 0.0419006 0.850098
6 0.178711 0.0175781 0.0952148 0.0351562 0.803223
13 0.636719 0.0180359 0.0488281 0.0360718 0.600098
