10 0.460449 0.624512 0.0527344 0.0654297 0.98291
18 0.714844 0.541992 0.0429688 0.0654297 0.977051
18 0.25708 0.623047 0.0419922 0.0605469 0.973633
10 0.244141 0.546875 0.034668 0.0761719 0.971191
18 0.878906 0.700195 0.0419922 0.0625 0.969727
24 0.397705 0.719727 0.0415039 0.0507812 0.966309
8 0.935547 0.555664 0.0371094 0.0429688 0.95166
18 0.230591 0.938965 0.0441895 0.0625 0.95166
13 0.912109 0.699707 0.0214844 0.0703125 0.950195
7 0.718262 0.795898 0.0371094 0.0576172 0.949707
2 0.842285 0.708984 0.0302734 0.0410156 0.946777
5 0.214111 0.870605 0.0356445 0.0390625 0.946777
9 0.263916 0.792969 0.0361328 0.0390625 0.945312
9 0.941895 0.709961 0.0380859 0.0449219 0.943848
5 0.521484 0.947266 0.0351562 0.0410156 0.943359
14 0.118774 0.938477 0.017334 0.0625 0.941895
9 0.379395 0.947266 0.0380859 0.0429688 0.941895
2 0.760742 0.94873 0.0332031 0.0390625 0.940918
13 0.290527 0.62207 0.0205078 0.0722656 0.936523
5 0.98877 0.949219 0.0224609 0.0390625 0.936035
24 0.500977 0.560547 0.0390625 0.0546875 0.933594
6 0.741211 0.628906 0.0361328 0.0371094 0.933105
8 0.186768 0.951172 0.036377 0.0371094 0.931641
5 0.504883 0.710938 0.0380859 0.0410156 0.929199
5 0.423584 0.791504 0.0375977 0.0410156 0.927246
7 0.860352 0.958008 0.0625 0.0566406 0.927246
8 0.54834 0.711426 0.0234375 0.0390625 0.925781
5 0.785156 0.789551 0.0380859 0.0419922 0.925781
5 0.14917 0.951172 0.0356445 0.0371094 0.925781
8 0.538574 0.711914 0.0273438 0.0390625 0.923828
1 0.443848 0.953125 0.0351562 0.0507812 0.921875
2 0.501953 0.632812 0.0302734 0.0410156 0.92041
5 0.307129 0.552734 0.0341797 0.0439453 0.918945
8 0.467041 0.869141 0.0366211 0.0429688 0.918945
2 0.975586 0.552246 0.0351562 0.0400391 0.91748
4 0.0795898 0.556641 0.026001 0.0449219 0.916016
0 0.166748 0.713379 0.074707 0.0419922 0.916016
7 0.439453 0.719727 0.0390625 0.0585938 0.915527
2 0.71875 0.867676 0.0302734 0.0390625 0.913574
2 0.554199 0.867676 0.0302734 0.0400391 0.913086
5 0.43042 0.867676 0.034668 0.0400391 0.911621
0 0.470215 0.791016 0.0546875 0.0410156 0.908691
5 0.291016 0.949219 0.0341797 0.0390625 0.908691
7 0.596191 0.646484 0.0634766 0.0664062 0.908203
14 0.550781 0.935059 0.0175781 0.0644531 0.901855
13 0.471436 0.700195 0.0209961 0.0683594 0.901367
8 0.344727 0.554199 0.0371094 0.0400391 0.896484
13 0.232666 0.78418 0.0234375 0.0820312 0.89502
22 0.947266 0.870117 0.0361328 0.0410156 0.89502
0 0.660645 0.870117 0.0761719 0.0449219 0.890137
18 0.668945 0.544922 0.0371094 0.0566406 0.890137
2 0.738281 0.708984 0.0332031 0.0400391 0.884766
0 0.56543 0.555664 0.0703125 0.0429688 0.879883
2 0.668945 0.631836 0.0292969 0.0390625 0.868164
9 0.861328 0.630859 0.0351562 0.0439453 0.867188
13 0.399902 0.854004 0.0185547 0.0703125 0.86084
6 0.482422 0.948242 0.0380859 0.0371094 0.859863
19 0.829102 0.789062 0.0292969 0.0429688 0.85791
22 0.808105 0.948242 0.0351562 0.0410156 0.856934
2 0.777344 0.628906 0.03125 0.0390625 0.854004
7 0.612305 0.793457 0.0429688 0.0605469 0.848145
5 0.11908 0.871094 0.0362549 0.0449219 0.848145
2 0.270752 0.870117 0.0571289 0.0400391 0.848145
13 0.263184 0.936035 0.0234375 0.0673828 0.838867
2 0.681641 0.790039 0.0332031 0.0371094 0.825684
24 0.33252 0.876465 0.0405273 0.0556641 0.820801
13 0.138428 0.689453 0.0224609 0.0644531 0.819824
14 0.978027 0.858887 0.0175781 0.0664062 0.81543
0 0.0950928 0.714844 0.057373 0.0400391 0.796875
9 0.752441 0.866699 0.0341797 0.0410156 0.796875
10 0.927246 0.857422 0.0351562 0.0683594 0.790527
6 0.156494 0.870605 0.0375977 0.0380859 0.790527
6 0.862305 0.790039 0.0351562 0.0449219 0.78418
4 0.356445 0.708008 0.0234375 0.0449219 0.767578
13 0.748047 0.542969 0.0214844 0.0761719 0.766113
2 0.904297 0.950195 0.0234375 0.0380859 0.750488
6 0.507812 0.868164 0.0390625 0.0390625 0.747559
6 0.580566 0.710938 0.0380859 0.0400391 0.743164
22 0.951172 0.788086 0.0351562 0.046875 0.743164
2 0.20813 0.635742 0.057373 0.0390625 0.737305
46 0.11615 0.791992 0.0894775 0.046875 0.732422
8 0.32959 0.949707 0.0390625 0.0371094 0.72168
10 0.730469 0.93457 0.0488281 0.0664062 0.713867
18 0.871094 0.865723 0.0546875 0.0507812 0.710449
10 0.649902 0.620117 0.0332031 0.0683594 0.705566
2 0.38501 0.631836 0.0307617 0.0390625 0.704102
13 0.985352 0.619141 0.0224609 0.0683594 0.690918
7 0.373535 0.87793 0.0336914 0.0546875 0.690918
2 0.689453 0.945801 0.0292969 0.0419922 0.6875
6 0.112366 0.555664 0.038208 0.0429688 0.677246
9 0.777344 0.551758 0.0351562 0.0410156 0.675781
2 0.519531 0.783203 0.03125 0.0527344 0.672363
13 0.123657 0.988281 0.0161133 0.0234375 0.668945
4 0.412109 0.629883 0.0224609 0.0488281 0.662109
24 0.635742 0.946289 0.0595703 0.0429688 0.642578
6 0.967773 0.632812 0.0546875 0.0429688 0.640625
2 0.578125 0.944824 0.0332031 0.0478516 0.625977
2 0.327393 0.711426 0.0297852 0.0419922 0.622559
19 0.0839844 0.873047 0.0317383 0.0390625 0.618652
4 0.326416 0.62207 0.0512695 0.0683594 0.611328
11 0.0858765 0.939941 0.0385742 0.0615234 0.571777
4 0.754395 0.78418 0.0244141 0.0546875 0.558105
2 0.640625 0.708496 0.0566406 0.0410156 0.552734
13 0.895996 0.538086 0.0234375 0.0703125 0.523438
18 0.986816 0.788086 0.0263672 0.0410156 0.519531
13 0.350098 0.933105 0.0209961 0.0742188 0.507812
