10 0.492432 0.258301 0.050293 0.0771484 0.97998
12 0.347412 0.258057 0.0395508 0.0737305 0.969727
10 0.10614 0.169434 0.0372314 0.0705566 0.965332
10 0.426758 0.257324 0.0390625 0.0791016 0.963867
2 0.856445 0.267334 0.0332031 0.050293 0.963379
10 0.436035 0.0809937 0.0322266 0.0682373 0.961914
21 0.571289 0.190918 0.0429688 0.0610352 0.961914
9 0.928223 0.268799 0.0410156 0.0522461 0.961914
10 0.155762 0.169434 0.03125 0.0712891 0.958008
8 0.164062 0.266113 0.0380859 0.0483398 0.958008
6 0.316162 0.0162811 0.0410156 0.0325623 0.954102
2 0.529785 0.015976 0.0302734 0.0319519 0.95166
7 0.206055 0.10199 0.0400391 0.0606689 0.95166
2 0.339844 0.178711 0.0322266 0.0488281 0.94873
6 0.456543 0.0938721 0.0371094 0.0415039 0.946289
2 0.68457 0.0932007 0.03125 0.0456543 0.942383
5 0.82373 0.0169525 0.0410156 0.033905 0.940918
5 0.681641 0.266113 0.0390625 0.0600586 0.938965
11 0.835449 0.0854645 0.0361328 0.070282 0.936523
0 0.270508 0.268311 0.0576172 0.0517578 0.936523
6 0.663574 0.180542 0.0380859 0.0473633 0.932617
5 0.794922 0.0959473 0.0390625 0.0456543 0.926758
6 0.688965 0.0154877 0.0380859 0.0308838 0.915039
4 0.37085 0.174561 0.0327148 0.0532227 0.905273
0 0.730469 0.0955811 0.0625 0.0529785 0.900391
6 0.917969 0.0986938 0.0449219 0.0477295 0.893066
2 0.615234 0.0151825 0.0527344 0.030365 0.88623
12 0.886719 0.168945 0.0351562 0.0654297 0.875
23 0.775391 0.180176 0.0361328 0.0437012 0.873047
14 0.458984 0.166748 0.0166016 0.0688477 0.856934
13 0.693848 0.169189 0.0214844 0.0700684 0.852051
8 0.49707 0.0892334 0.0410156 0.0476074 0.851074
22 0.0670776 0.0187836 0.0400391 0.0375061 0.847168
4 0.923828 0.175781 0.0371094 0.0561523 0.84082
7 0.599609 0.104248 0.0566406 0.0683594 0.831055
6 0.0132294 0.179443 0.0262451 0.0444336 0.808105
4 0.531738 0.0908203 0.0273438 0.0549316 0.782715
6 0.178711 0.180542 0.0375977 0.0429688 0.782715
22 0.386719 0.268555 0.0327148 0.0527344 0.778809
4 0.0419846 0.092041 0.0280914 0.0622559 0.771973
2 0.48291 0.176514 0.0327148 0.048584 0.764648
2 0.772461 0.0166779 0.0390625 0.0332947 0.754883
6 0.41748 0.17749 0.0581055 0.0454102 0.73584
22 0.890137 0.268616 0.0322266 0.0457764 0.73584
6 0.880371 0.0170898 0.0458984 0.0340576 0.730957
2 0.313477 0.268311 0.0253906 0.0512695 0.728027
2 0.0405579 0.178955 0.0288696 0.0463867 0.71875
0 0.457031 0.0144653 0.0537109 0.0288086 0.699219
10 0.309326 0.081543 0.0449219 0.0712891 0.699219
8 0.0125198 0.27002 0.0250397 0.0522461 0.67041
12 0.2854 0.169189 0.0688477 0.0786133 0.645996
6 0.656738 0.0148239 0.0244141 0.0295868 0.615234
4 0.361572 0.0828247 0.0454102 0.06604 0.611328
8 0.0277252 0.0143051 0.0343323 0.0284882 0.544922
9 0.155273 0.0882568 0.0366211 0.0458984 0.541016
2 0.232666 0.0155334 0.0463867 0.0309448 0.519531
8 0.566406 0.0163269 0.0400391 0.0325317 0.505859
2 0.808105 0.269104 0.0410156 0.0565186 0.505859
