20 0.445801 0.0207367 0.0791016 0.0414734 0.992188
18 0.961914 0.153687 0.0390625 0.0534668 0.980469
21 0.411621 0.0950928 0.0722656 0.0637207 0.96875
9 0.634766 0.0820312 0.0410156 0.0499268 0.960449
6 0.787598 0.078476 0.0400391 0.0456848 0.956055
10 0.507324 0.155731 0.0390625 0.0669556 0.95166
8 0.400635 0.16748 0.0395508 0.0415039 0.949707
13 0.575684 0.241333 0.0214844 0.0715332 0.945801
7 0.453613 0.175659 0.0644531 0.0661621 0.943359
13 0.858887 0.0651245 0.0214844 0.0670166 0.931152
0 0.0774994 0.0877686 0.0576477 0.0446777 0.92627
9 0.20166 0.255859 0.0371094 0.0493164 0.921387
11 0.812012 0.149933 0.0380859 0.0678101 0.911621
4 0.0538406 0.169434 0.0593109 0.0522461 0.902832
8 0.175415 0.172363 0.0415039 0.0498047 0.900391
13 0.243652 0.158691 0.0214844 0.0654297 0.898926
8 0.773926 0.16272 0.0371094 0.0466309 0.891113
13 0.172363 0.24585 0.0214844 0.0708008 0.889648
6 0.342773 0.256348 0.0351562 0.0493164 0.889648
9 0.887695 0.0736694 0.0371094 0.043335 0.884766
9 0.273926 0.171875 0.0366211 0.0512695 0.870605
2 0.738281 0.160156 0.03125 0.0463867 0.864258
21 0.21521 0.18335 0.0383301 0.0603027 0.862305
2 0.383789 0.0112762 0.0244141 0.0225525 0.859863
22 0.321289 0.085083 0.0371094 0.0456543 0.851074
13 0.879883 0.149414 0.0205078 0.0717773 0.837402
2 0.230591 0.0108948 0.027832 0.0217896 0.834473
5 0.557617 0.164795 0.0585938 0.046875 0.831055
7 0.143829 0.266663 0.0385132 0.0672607 0.800781
22 0.350586 0.168213 0.0541992 0.046875 0.795898
13 0.371094 0.23938 0.0263672 0.0871582 0.78418
6 0.17334 0.0123291 0.0522461 0.0245361 0.777344
22 0.134888 0.170532 0.0344238 0.0441895 0.769043
5 0.029068 0.0859375 0.0389099 0.048584 0.743164
13 0.990723 0.14978 0.0185547 0.0710449 0.708984
4 0.00946808 0.172119 0.0189362 0.03125 0.70752
13 0.750977 0.237549 0.0253906 0.0776367 0.702637
18 0.71875 0.246704 0.0371094 0.0559082 0.699219
9 0.604492 0.251892 0.0351562 0.0518799 0.699219
5 0.283936 0.0105362 0.0366211 0.0209808 0.697754
7 0.902344 0.257812 0.0390625 0.0683594 0.697754
12 0.782227 0.240723 0.0371094 0.0722656 0.686035
6 0.340088 0.0120392 0.0483398 0.0239563 0.666992
9 0.908203 0.158447 0.0371094 0.0473633 0.662109
9 0.652832 0.00722122 0.0507812 0.0143967 0.658203
18 0.248169 0.0875244 0.0358887 0.0441895 0.656738
4 0.277832 0.256104 0.0292969 0.050293 0.647949
46 0.697266 0.0807953 0.0605469 0.0517883 0.644043
9 0.984375 0.246094 0.03125 0.0522461 0.644043
13 0.654297 0.164917 0.0136719 0.0488281 0.642578
12 0.595703 0.0672607 0.0380859 0.0710449 0.62793
5 0.740234 0.00776672 0.0351562 0.0154266 0.624512
14 0.208008 0.0108185 0.0141602 0.0214539 0.605957
7 0.607422 0.0110779 0.0351562 0.0221558 0.554688
8 0.747559 0.0784912 0.0400391 0.0512695 0.546875
12 0.419434 0.255127 0.0664062 0.0927734 0.541016
