18 0.117798 0.792969 0.0446777 0.0605469 0.991211
9 0.0696411 0.342285 0.03479 0.0410156 0.952148
9 0.215576 0.0246429 0.0371094 0.0416565 0.947754
7 0.143311 0.578125 0.0407715 0.0566406 0.946777
0 0.0684814 0.649414 0.0786133 0.0429688 0.942383
18 0.0980225 0.0930786 0.0458984 0.0614014 0.939941
5 0.0133591 0.886719 0.026535 0.0390625 0.935547
13 0.200562 0.869629 0.0168457 0.0683594 0.928711
21 0.0102692 0.350586 0.0205383 0.0537109 0.928711
0 0.22876 0.725586 0.0571289 0.0449219 0.925293
0 0.116699 0.0263062 0.0778809 0.043457 0.923828
5 0.0202942 0.42041 0.0367432 0.0410156 0.913574
9 0.227783 0.879395 0.0368652 0.0390625 0.912598
13 0.232788 0.169312 0.0202637 0.0686035 0.910645
24 0.0955811 0.501953 0.0400391 0.0507812 0.909668
2 0.179932 0.179932 0.0314941 0.0397949 0.908203
2 0.0365601 0.342285 0.0288696 0.0380859 0.903809
24 0.0553589 0.0342331 0.0405273 0.0560455 0.898926
18 0.119263 0.33374 0.0422363 0.050293 0.898926
22 0.204102 0.100342 0.0361328 0.0412598 0.888672
8 0.0739746 0.805664 0.0354004 0.0410156 0.881836
2 0.0644531 0.571289 0.0289307 0.0371094 0.879883
22 0.0741119 0.262451 0.0341492 0.0390625 0.876465
18 0.157471 0.100281 0.0527344 0.0484619 0.875977
7 0.103088 0.969727 0.0375977 0.0556641 0.871582
8 0.189697 0.802734 0.0385742 0.0429688 0.869629
13 0.152344 0.790039 0.0241699 0.0683594 0.866211
22 0.225342 0.646484 0.0383301 0.0429688 0.859863
9 0.125854 0.726074 0.0378418 0.0410156 0.854004
0 0.158325 0.492676 0.0773926 0.0410156 0.837402
6 0.0427246 0.107788 0.0563965 0.0368652 0.82666
12 0.00579071 0.492188 0.0114136 0.0673828 0.820801
13 0.0222626 0.15686 0.0139771 0.0246582 0.811523
20 0.906738 0.0848389 0.104492 0.169678 0.792969
9 0.0925293 0.883789 0.0349121 0.0390625 0.749023
10 0.141235 0.172729 0.0395508 0.0612793 0.708984
13 0.0223694 0.169556 0.0157166 0.0495605 0.695801
6 0.0610352 0.185791 0.0244141 0.0356445 0.618652
2 0.214722 0.958008 0.0361328 0.0410156 0.598145
18 0.00637054 0.0280457 0.0126953 0.0525513 0.575684
2 0.22583 0.254639 0.0576172 0.0498047 0.554688
6 0.112732 0.262268 0.0401611 0.039917 0.539062
12 0.0124054 0.717285 0.0246277 0.0644531 0.511719
