18 0.516602 0.655273 0.112305 0.177734 0.991211
4 0.65918 0.86084 0.0722656 0.109375 0.97998
1 0.805664 0.0829468 0.0917969 0.139771 0.978027
2 0.791992 0.259705 0.0732422 0.0919189 0.972656
19 0.548828 0.868164 0.0625 0.0917969 0.956055
5 0.876953 0.258301 0.0859375 0.0932617 0.951172
14 0.921387 0.636719 0.0517578 0.146484 0.944824
6 0.929688 0.0618591 0.140625 0.106995 0.939941
4 0.336914 0.462891 0.0634766 0.103516 0.92041
13 0.601074 0.847168 0.0419922 0.139648 0.912598
22 0.228027 0.882812 0.0849609 0.09375 0.908691
21 0.223877 0.48877 0.133789 0.144531 0.908203
7 0.0742798 0.113708 0.14856 0.22644 0.878418
4 0.450684 0.81543 0.12207 0.205078 0.851074
4 0.203003 0.0611572 0.0959473 0.120361 0.835449
8 0.128418 0.878906 0.097168 0.0986328 0.830078
6 0.299377 0.270996 0.151245 0.097168 0.820801
21 0.028183 0.848633 0.0562439 0.193359 0.820801
13 0.452393 0.450439 0.0473633 0.149902 0.806641
6 0.799805 0.454102 0.0976562 0.0927734 0.79834
5 0.978516 0.229736 0.0429688 0.150391 0.775879
8 0.324707 0.876953 0.09375 0.0927734 0.775879
9 0.978516 0.446777 0.0429688 0.165039 0.766113
7 0.567383 0.46582 0.176758 0.181641 0.760742
13 0.018158 0.634277 0.0363159 0.214844 0.529297
