10 0.878418 0.787109 0.0410156 0.0654297 0.987793
5 0.37793 0.171509 0.0380859 0.0466309 0.981934
18 0.606445 0.78125 0.0410156 0.0576172 0.967285
12 0.634766 0.256592 0.0742188 0.0805664 0.966309
7 0.960938 0.0158386 0.0439453 0.0316162 0.962891
1 0.910645 0.44873 0.0419922 0.0634766 0.962891
5 0.458496 0.16748 0.0390625 0.0488281 0.961426
0 0.818848 0.260498 0.0615234 0.0429688 0.959961
7 0.523438 0.623047 0.0449219 0.0605469 0.958984
6 0.951172 0.796875 0.0390625 0.0429688 0.958984
18 0.578125 0.427246 0.0410156 0.0576172 0.95752
5 0.631836 0.172485 0.0390625 0.0444336 0.952637
5 0.971191 0.259033 0.0390625 0.0429688 0.95166
7 0.839844 0.0916138 0.0429688 0.0614014 0.950684
10 0.606934 0.161621 0.0351562 0.0678711 0.946777
0 0.52063 0.348633 0.0603027 0.0498047 0.946777
10 0.912109 0.959961 0.0390625 0.0664062 0.946777
14 0.454346 0.776855 0.0214844 0.0654297 0.945312
4 0.975586 0.614258 0.0332031 0.0507812 0.944824
5 0.676758 0.440186 0.0371094 0.0473633 0.944336
4 0.639648 0.431396 0.03125 0.0498047 0.944336
2 0.513672 0.258301 0.0302734 0.0458984 0.943848
6 0.884277 0.0838013 0.0429688 0.0438232 0.941895
4 0.920898 0.0771484 0.0292969 0.0498047 0.941895
9 0.863281 0.970703 0.0410156 0.046875 0.937988
9 0.875977 0.349609 0.0390625 0.0458984 0.937012
0 0.570312 0.874023 0.0595703 0.0458984 0.937012
5 0.62793 0.346191 0.0371094 0.0449219 0.935059
13 0.705078 0.959961 0.0195312 0.0664062 0.93457
13 0.578125 0.605469 0.0214844 0.0683594 0.934082
1 0.86377 0.625977 0.0400391 0.0644531 0.930176
5 0.42334 0.787109 0.0390625 0.0449219 0.930176
2 0.802246 0.0812378 0.0302734 0.0443115 0.929199
20 0.912598 0.879395 0.0673828 0.0810547 0.928711
8 0.674805 0.17041 0.0410156 0.0480957 0.926758
6 0.969238 0.882812 0.0429688 0.046875 0.925781
6 0.788574 0.793945 0.0380859 0.0410156 0.924316
22 0.811523 0.438477 0.0390625 0.0415039 0.923828
5 0.414062 0.875977 0.0644531 0.0488281 0.921387
5 0.619141 0.875977 0.0371094 0.0458984 0.92041
7 0.750977 0.890625 0.0449219 0.0605469 0.918945
5 0.792969 0.882812 0.0371094 0.0449219 0.912598
5 0.65332 0.968262 0.0351562 0.0449219 0.911621
5 0.868652 0.260803 0.0341797 0.0418701 0.90918
5 0.9375 0.970215 0.0429688 0.0458984 0.905762
2 0.710938 0.617188 0.0332031 0.0449219 0.904785
13 0.794922 0.34082 0.0214844 0.0678711 0.898926
4 0.658203 0.604492 0.0332031 0.0625 0.898926
14 0.61084 0.958008 0.0244141 0.0664062 0.898438
13 0.499023 0.953125 0.0263672 0.0742188 0.897461
2 0.385986 0.783691 0.0322266 0.046875 0.896973
9 0.853516 0.436523 0.0410156 0.0488281 0.894043
1 0.928711 0.35791 0.0429688 0.0664062 0.893066
21 0.931641 0.719238 0.0410156 0.0634766 0.893066
6 0.764648 0.439941 0.0429688 0.0439453 0.891602
22 0.74707 0.617188 0.0361328 0.0429688 0.891602
2 0.573242 0.345703 0.0332031 0.0449219 0.888672
1 0.882812 0.0147858 0.0380859 0.0295105 0.881836
2 0.949219 0.079361 0.0292969 0.0448914 0.881836
0 0.746094 0.248291 0.0605469 0.065918 0.879883
14 0.424316 0.0692749 0.0234375 0.0646973 0.878906
4 0.619141 0.0774994 0.0263672 0.0534973 0.878906
0 0.371094 0.0796509 0.0820312 0.0528564 0.878418
0 0.478516 0.0809174 0.0800781 0.0488586 0.870605
14 0.599609 0.33667 0.0205078 0.0634766 0.869629
6 0.973633 0.349854 0.046875 0.0458984 0.868652
22 0.403809 0.258789 0.0380859 0.0439453 0.868164
14 0.698242 0.696289 0.0234375 0.0683594 0.865234
7 0.973145 0.538086 0.046875 0.0625 0.858887
5 0.539551 0.0805817 0.0390625 0.047821 0.85791
13 0.72168 0.697266 0.0214844 0.0664062 0.85498
5 0.750977 0.706055 0.0380859 0.0449219 0.853027
13 0.612305 0.429199 0.0234375 0.0722656 0.84375
10 0.416504 0.509888 0.0380859 0.0661621 0.839844
10 0.839844 0.608398 0.0390625 0.0703125 0.839844
2 0.82959 0.709961 0.0253906 0.0449219 0.838867
18 0.499756 0.0155182 0.0424805 0.0310364 0.836426
2 0.525879 0.787109 0.0283203 0.046875 0.835449
4 0.344238 0.166382 0.0322266 0.0610352 0.831055
0 0.918945 0.257568 0.0615234 0.0483398 0.831055
4 0.98584 0.703125 0.0283203 0.0585938 0.830078
0 0.986328 0.796875 0.0273438 0.0449219 0.825684
4 0.349609 0.786133 0.0371094 0.0507812 0.824219
13 0.941406 0.24707 0.0214844 0.0654297 0.823242
0 0.600586 0.702148 0.0644531 0.046875 0.820801
23 0.799805 0.708008 0.03125 0.0449219 0.817383
18 0.678711 0.876953 0.0625 0.0449219 0.816406
4 0.880371 0.16333 0.0253906 0.0620117 0.81543
0 0.833496 0.172485 0.0595703 0.0454102 0.804199
2 0.847656 0.00698853 0.0195312 0.0139771 0.803223
23 0.557129 0.788086 0.03125 0.0439453 0.801758
14 0.446533 0.600586 0.0185547 0.0644531 0.788086
2 0.645996 0.789551 0.0292969 0.0458984 0.788086
13 0.842773 0.873047 0.0214844 0.0664062 0.786621
4 0.619141 0.510864 0.03125 0.0739746 0.785156
6 0.791504 0.618164 0.0439453 0.0439453 0.78418
6 0.441895 0.521484 0.0429688 0.046875 0.782715
13 0.474609 0.777344 0.0214844 0.0644531 0.764648
23 0.941406 0.166748 0.03125 0.0429688 0.763672
1 0.789551 0.017807 0.0419922 0.035614 0.760742
7 0.714844 0.0926514 0.0605469 0.0600586 0.746094
23 0.775391 0.169678 0.0341797 0.046875 0.743164
12 0.803711 0.959473 0.0410156 0.0654297 0.741699
8 0.979492 0.969727 0.0410156 0.0478516 0.733887
6 0.935547 0.618652 0.0429688 0.0449219 0.728027
14 0.557129 0.603516 0.0205078 0.0683594 0.725098
2 0.910156 0.170654 0.03125 0.0480957 0.720215
14 0.822266 0.873047 0.0214844 0.0644531 0.710449
4 0.498535 0.782227 0.0263672 0.0566406 0.704102
6 0.415527 0.609375 0.0400391 0.0390625 0.689453
4 0.757812 0.527344 0.0273438 0.0410156 0.6875
18 0.988281 0.429199 0.0234375 0.0576172 0.686035
5 0.808594 0.525391 0.0664062 0.046875 0.665527
6 0.458008 0.249634 0.0673828 0.0627441 0.649414
0 0.985352 0.0792236 0.0292969 0.046875 0.640625
46 0.556641 0.967773 0.0722656 0.0488281 0.605957
21 0.364746 0.962891 0.0654297 0.0742188 0.598145
13 0.409668 0.681152 0.0146484 0.0722656 0.57959
9 0.424805 0.435547 0.0424805 0.0439453 0.575684
18 0.832031 0.349121 0.046875 0.0498047 0.567871
27 0.946289 0.444824 0.0234375 0.0605469 0.554688
19 0.706055 0.351074 0.03125 0.0429688 0.548828
27 0.917969 0.0149002 0.0273438 0.0298004 0.546875
7 0.535156 0.691895 0.0341797 0.0585938 0.541016
14 0.772461 0.339844 0.0214844 0.0664062 0.529297
18 0.833496 0.788086 0.0458984 0.0566406 0.529297
18 0.908691 0.525391 0.0380859 0.0439453 0.507812
