1 0.75321 0.468709 0.0896852 0.134346 0.990276
0 0.352692 0.83552 0.139675 0.0948236 0.982325
11 0.900903 0.622062 0.0914356 0.135196 0.979045
14 0.546831 0.816769 0.046174 0.140542 0.977068
6 0.799265 0.645681 0.0960245 0.0860294 0.970663
2 0.732492 0.841498 0.0691872 0.0907032 0.959199
6 0.624122 0.840227 0.0924218 0.089075 0.954242
13 0.971182 0.627312 0.0419691 0.142241 0.929759
6 0.857892 0.44562 0.0939796 0.0877217 0.914505
2 0.957156 0.449895 0.0744023 0.0940509 0.899552
13 0.0173014 0.819511 0.0346028 0.143946 0.759943
2 0.962184 0.849404 0.0756319 0.0897617 0.682639
4 0.437503 0.989469 0.0677034 0.0210619 0.550689
