8 0.325508 0.640054 0.0331533 0.0349221 0.953586
1 0.617242 0.87882 0.0344598 0.0513195 0.952325
9 0.93955 0.171502 0.0347192 0.0371972 0.946742
22 0.35406 0.794917 0.0345831 0.0353733 0.945983
0 0.873996 0.637641 0.0516247 0.0337248 0.938706
8 0.0699404 0.798956 0.0369627 0.0376821 0.93229
9 0.791473 0.0922792 0.034578 0.0384048 0.922747
29 0.90321 0.556566 0.0558038 0.0738375 0.922237
8 0.892541 0.0156503 0.034593 0.0313007 0.918441
3 0.913469 0.0807511 0.0594306 0.0663045 0.916852
6 0.749891 0.0925175 0.0354518 0.0369599 0.910435
13 0.828757 0.384782 0.0165143 0.0759152 0.894283
22 0.347763 0.174157 0.0351955 0.0377133 0.893416
1 0.501089 0.880647 0.0338461 0.0517046 0.888674
6 0.900148 0.171955 0.0347346 0.035526 0.875175
13 0.687365 0.784954 0.0181713 0.0802031 0.859282
8 0.313138 0.79646 0.0334833 0.0349429 0.855407
5 0.707433 0.868188 0.0340027 0.0364828 0.836476
22 0.387766 0.87272 0.0334528 0.0360863 0.809668
8 0.898811 0.252012 0.0348797 0.0357716 0.786017
0 0.849174 0.328588 0.0542669 0.0373862 0.730044
8 0.33824 0.253749 0.0353716 0.0358667 0.717312
3 0.793859 0.163366 0.0526907 0.0661711 0.716154
13 0.181937 0.166823 0.0194448 0.0629486 0.662212
9 0.152608 0.0222076 0.0341153 0.0373779 0.584933
2 0.109943 0.794321 0.0295092 0.0352077 0.53301
13 0.8016 0.857352 0.0178303 0.0647912 0.524218
9 0.993086 0.401905 0.0138284 0.0356576 0.523136
