1 0.921875 0.551636 0.0888672 0.133057 0.98291
9 0.768555 0.725586 0.0878906 0.0957031 0.979492
9 0.767578 0.129669 0.0898438 0.0946655 0.979004
0 0.753906 0.328369 0.140625 0.0922852 0.978516
2 0.84375 0.930176 0.0761719 0.102539 0.973633
16 0.932129 0.32666 0.104492 0.0908203 0.972168
0 0.919922 0.729492 0.160156 0.0957031 0.967773
0 0.799805 0.531738 0.135742 0.0908203 0.962891
8 0.360352 0.927734 0.0927734 0.0996094 0.961914
2 0.689453 0.724609 0.0683594 0.0976562 0.956543
5 0.451172 0.93457 0.0839844 0.101562 0.94043
27 0.504395 0.12207 0.0546875 0.102783 0.925293
0 0.948242 0.134155 0.103516 0.097168 0.895508
5 0.740723 0.926758 0.0908203 0.0859375 0.838867
6 0.98584 0.526367 0.0283203 0.09375 0.733887
23 0.671387 0.927734 0.0693359 0.0878906 0.697754
6 0.564941 0.930664 0.131836 0.109375 0.692871
8 0.526855 0.722656 0.0966797 0.0996094 0.654785
