18 0.289472 0.854031 0.0420121 0.0566978 0.967923
5 0.25905 0.249075 0.0333484 0.0359355 0.93794
2 0.222185 0.0887856 0.0300964 0.0369397 0.875351
22 0.246194 0.868122 0.034927 0.0371287 0.860501
6 0.142967 0.250757 0.0343245 0.0350921 0.850114
22 0.171444 0.0931979 0.0356621 0.0364153 0.830686
13 0.427692 0.856552 0.0187597 0.067205 0.76991
7 0.343032 0.874006 0.0630156 0.0549681 0.769574
6 0.456033 0.632208 0.0307924 0.0355666 0.769219
2 0.420825 0.247188 0.0293864 0.0357727 0.768186
5 0.417802 0.94439 0.0335252 0.0362871 0.763295
5 0.0289941 0.477607 0.0348211 0.0339669 0.595466
