28 0.325195 0.780762 0.0488281 0.0693359 0.994629
18 0.409912 0.777344 0.043457 0.0605469 0.983887
18 0.315918 0.708984 0.0429688 0.0507812 0.97998
18 0.508789 0.388184 0.0410156 0.0634766 0.974609
5 0.105835 0.0149307 0.0351562 0.0297699 0.96582
10 0.529297 0.155396 0.0351562 0.0656738 0.963867
4 0.621094 0.858398 0.0273438 0.0449219 0.961914
4 0.497559 0.86377 0.0253906 0.0488281 0.960938
5 0.16748 0.480957 0.0327148 0.0371094 0.958984
11 0.0668335 0.470703 0.0355225 0.0595703 0.953613
5 0.465576 0.865723 0.0341797 0.0400391 0.953125
13 0.19751 0.776367 0.0195312 0.0761719 0.95166
13 0.15625 0.390625 0.0234375 0.0673828 0.950195
13 0.496582 0.231201 0.0166016 0.0688477 0.949219
0 0.555176 0.789062 0.0556641 0.0439453 0.94873
5 0.518066 0.322754 0.0361328 0.0380859 0.946289
0 0.348633 0.0153046 0.0576172 0.0305481 0.945312
2 0.26709 0.713867 0.0288086 0.0371094 0.942871
6 0.244507 0.0148926 0.0324707 0.0297852 0.938477
0 0.25 0.563477 0.0556641 0.0429688 0.938477
2 0.506836 0.0146942 0.0351562 0.0293884 0.9375
7 0.152588 0.955566 0.0393066 0.0566406 0.937012
5 0.549805 0.863281 0.0351562 0.0390625 0.936035
0 0.103027 0.945312 0.0541992 0.0410156 0.936035
7 0.359863 0.48584 0.0410156 0.0615234 0.933105
13 0.0518799 0.855469 0.0200195 0.0693359 0.933105
18 0.424805 0.854492 0.0424805 0.0644531 0.931152
5 0.0269318 0.560059 0.035675 0.0380859 0.930664
2 0.388428 0.864258 0.0297852 0.0371094 0.927734
1 0.306641 0.950684 0.0371094 0.0585938 0.927734
7 0.540039 0.644043 0.0380859 0.0546875 0.921875
8 0.195312 0.947266 0.0356445 0.0410156 0.920898
6 0.537109 0.558105 0.0371094 0.0380859 0.92041
11 0.0207367 0.85791 0.0353699 0.0625 0.919434
9 0.28125 0.0152817 0.0361328 0.0302277 0.914062
7 0.320312 0.178467 0.0556641 0.0546875 0.910645
4 0.428711 0.401367 0.0273438 0.0429688 0.906738
5 0.418457 0.560059 0.0351562 0.0380859 0.905762
14 0.0436096 0.625977 0.0162354 0.0585938 0.905762
0 0.238403 0.247681 0.0632324 0.0378418 0.905273
5 0.202881 0.561523 0.0356445 0.0390625 0.902832
19 0.202148 0.482422 0.0288086 0.0371094 0.901855
2 0.324951 0.868164 0.0302734 0.0400391 0.901855
2 0.543945 0.481445 0.0292969 0.0390625 0.898438
2 0.270996 0.325928 0.0292969 0.0375977 0.895508
2 0.598633 0.399902 0.0292969 0.0390625 0.891602
2 0.604492 0.784668 0.0332031 0.0390625 0.88623
4 0.076416 0.865234 0.0251465 0.0488281 0.884277
22 0.10907 0.788086 0.0355225 0.0390625 0.884277
10 0.154907 0.315186 0.0351562 0.0605469 0.883301
0 0.246216 0.169556 0.0554199 0.036377 0.882324
0 0.362305 0.0921631 0.0527344 0.0385742 0.878418
2 0.500488 0.787109 0.0322266 0.0410156 0.876465
5 0.212646 0.868164 0.0361328 0.0390625 0.875977
9 0.307129 0.0956421 0.0361328 0.0452881 0.874023
0 0.0427551 0.404785 0.0523071 0.0380859 0.873047
0 0.581055 0.710938 0.078125 0.0410156 0.872559
2 0.090271 0.560547 0.0305176 0.0390625 0.871582
2 0.453125 0.634766 0.0322266 0.0371094 0.862305
29 0.473633 0.708008 0.0654297 0.0742188 0.862305
2 0.578613 0.559082 0.0332031 0.0458984 0.856934
2 0.371582 0.791992 0.0302734 0.0390625 0.855957
3 0.349121 0.318848 0.0615234 0.0761719 0.85498
13 0.00894165 0.625 0.0178223 0.0644531 0.85498
10 0.419434 0.934082 0.0361328 0.0654297 0.852051
2 0.287598 0.480469 0.0292969 0.0375977 0.845703
2 0.189453 0.247559 0.0307617 0.0390625 0.844727
6 0.278076 0.638184 0.0166016 0.0361328 0.84375
46 0.030304 0.710938 0.0606079 0.0449219 0.835449
5 0.481689 0.943359 0.0366211 0.0410156 0.834473
13 0.546387 0.383789 0.0234375 0.0771484 0.833496
4 0.285889 0.865234 0.0268555 0.046875 0.831055
13 0.491943 0.310547 0.0180664 0.0664062 0.825684
10 0.141113 0.468262 0.0322266 0.0595703 0.825684
10 0.524414 0.466309 0.0332031 0.0654297 0.824219
0 0.157715 0.789551 0.0527344 0.0380859 0.822266
13 0.421387 0.308594 0.0195312 0.0732422 0.820801
13 0.149902 0.702148 0.0219727 0.0654297 0.812988
22 0.43042 0.481445 0.0356445 0.0390625 0.810547
4 0.522461 0.245117 0.0273438 0.043457 0.809082
13 0.614746 0.697266 0.0185547 0.0615234 0.792969
4 0.31543 0.479004 0.0244141 0.046875 0.790527
23 0.356445 0.868164 0.0297852 0.0390625 0.789062
8 0.459717 0.790039 0.0366211 0.0400391 0.771973
2 0.0689697 0.638672 0.0291748 0.0351562 0.770508
6 0.345703 0.947266 0.0341797 0.0390625 0.766113
10 0.347168 0.624512 0.0351562 0.0605469 0.751953
6 0.586914 0.864258 0.0351562 0.0390625 0.737305
7 0.544922 0.947754 0.0644531 0.0556641 0.729492
22 0.553711 0.171387 0.0371094 0.0405273 0.726562
6 0.350098 0.560547 0.0400391 0.0371094 0.708984
18 0.474121 0.0148849 0.0263672 0.0296173 0.702637
6 0.186523 0.712891 0.0229492 0.0351562 0.702637
9 0.583008 0.0153503 0.0371094 0.0305481 0.686035
13 0.378418 0.541992 0.0214844 0.0722656 0.682617
7 0.436035 0.097229 0.0571289 0.0579834 0.665527
2 0.130005 0.868164 0.0273438 0.0419922 0.656738
13 0.241089 0.989258 0.0178223 0.0214844 0.656738
13 0.111328 0.237305 0.0247803 0.0649414 0.649414
2 0.100464 0.711914 0.0620117 0.0390625 0.644043
13 0.416992 0.0158081 0.00976562 0.0314331 0.625977
13 0.26709 0.93457 0.0209961 0.0654297 0.624512
23 0.240723 0.325195 0.0302734 0.0361328 0.615234
13 0.583008 0.156982 0.0195312 0.0615234 0.607422
14 0.446777 0.546875 0.0166016 0.0625 0.604004
13 0.00801849 0.162354 0.016037 0.0620117 0.604004
6 0.0249023 0.0155258 0.0439453 0.0310516 0.602051
13 0.275146 0.236572 0.0205078 0.059082 0.59082
6 0.270996 0.0915527 0.0322266 0.0393066 0.586914
13 0.0179749 0.260498 0.0169983 0.0400391 0.581543
6 0.214355 0.0925293 0.0390625 0.0371094 0.569824
13 0.376709 0.931641 0.0244141 0.0683594 0.567871
2 0.176758 0.327393 0.0317383 0.0351562 0.562012
19 0.572754 0.478516 0.0244141 0.0390625 0.554688
13 0.468506 0.54834 0.0234375 0.0654297 0.544922
2 0.23645 0.935547 0.0344238 0.0664062 0.537109
12 0.00417709 0.321777 0.00835419 0.0712891 0.519531
18 0.601562 0.943359 0.0449219 0.0449219 0.515625
22 0.337402 0.402344 0.0332031 0.0380859 0.507812
11 0.00730896 0.463623 0.0145874 0.0795898 0.507812
13 0.616211 0.0141754 0.0166016 0.026062 0.505859
2 0.171387 0.634766 0.0302734 0.0390625 0.505859
24 0.499023 0.638672 0.0400391 0.0566406 0.505859
