10 0.311523 0.572266 0.0307617 0.0703125 0.990723
21 0.834961 0.340332 0.0371094 0.0585938 0.987305
21 0.975586 0.0856323 0.0410156 0.0592041 0.985352
18 0.570801 0.98291 0.0380859 0.0341797 0.985352
10 0.902344 0.398926 0.0351562 0.0722656 0.977051
5 0.459473 0.498535 0.0366211 0.0478516 0.975586
21 0.393555 0.765625 0.0419922 0.0605469 0.972656
21 0.897461 0.833984 0.0390625 0.0693359 0.972656
0 0.63623 0.161865 0.0615234 0.0463867 0.969238
5 0.661133 0.834473 0.0371094 0.0449219 0.96875
12 0.523926 0.246826 0.0361328 0.0874023 0.967773
0 0.749512 0.32959 0.0556641 0.0400391 0.966309
8 0.31665 0.921875 0.0385742 0.0449219 0.966309
7 0.760742 0.920898 0.0371094 0.0595703 0.964355
5 0.93457 0.827637 0.0292969 0.0380859 0.962891
32 0.757812 0.830078 0.0371094 0.0820312 0.961426
18 0.728516 0.660156 0.0371094 0.0517578 0.959961
18 0.588867 0.0756683 0.0390625 0.0527649 0.957031
5 0.62793 0.912598 0.0380859 0.0439453 0.956543
18 0.404785 0.986816 0.0400391 0.0263672 0.956543
4 0.458496 0.161255 0.0317383 0.0493164 0.953125
5 0.865234 0.242432 0.0351562 0.0449219 0.952637
6 0.820801 0.910645 0.0351562 0.0410156 0.949219
5 0.535645 0.834473 0.0400391 0.046875 0.947754
8 0.494629 0.916016 0.0449219 0.0449219 0.947266
0 0.872559 0.910156 0.0644531 0.0488281 0.944824
10 0.931641 0.480469 0.0371094 0.0673828 0.943848
0 0.571289 0.497803 0.0585938 0.0444336 0.943848
8 0.415527 0.914551 0.0400391 0.0429688 0.943848
2 0.439941 0.0106049 0.0263672 0.0210876 0.943359
5 0.822266 0.746094 0.0371094 0.0429688 0.942871
2 0.547363 0.915039 0.0341797 0.0429688 0.941406
6 0.865723 0.157959 0.0410156 0.0405273 0.940918
5 0.917969 0.322754 0.0390625 0.0449219 0.939941
0 0.905273 0.57959 0.0625 0.0488281 0.939941
7 0.6875 0.173096 0.0410156 0.0571289 0.933594
2 0.350586 0.919922 0.0263672 0.0371094 0.933105
2 0.859375 0.411377 0.0292969 0.0444336 0.932617
5 0.881836 0.984375 0.0341797 0.03125 0.932129
2 0.664062 0.246094 0.0322266 0.0444336 0.931641
0 0.328125 0.835938 0.0615234 0.046875 0.931641
7 0.894531 0.0809937 0.0400391 0.064209 0.929199
5 0.320801 0.752441 0.0410156 0.0478516 0.928711
8 0.725586 0.75 0.0390625 0.0439453 0.927734
9 0.567871 0.330566 0.0380859 0.046875 0.927246
5 0.446289 0.333984 0.0351562 0.0439453 0.927246
6 0.619141 0.497559 0.0371094 0.0419922 0.92627
5 0.798828 0.324707 0.0371094 0.0400391 0.924805
0 0.677734 0.912109 0.0625 0.0449219 0.922852
5 0.525391 0.666504 0.0371094 0.0410156 0.921875
6 0.576172 0.833496 0.0410156 0.0419922 0.921387
5 0.34082 0.498047 0.0400391 0.0488281 0.918457
0 0.697266 0.412598 0.0585938 0.0473633 0.916504
2 0.628906 0.985352 0.0302734 0.0292969 0.916016
4 0.651367 0.072876 0.0292969 0.0531006 0.914062
5 0.973633 0.983398 0.0351562 0.0332031 0.913574
6 0.409668 0.585449 0.0449219 0.0449219 0.909668
5 0.805176 0.241455 0.0390625 0.0463867 0.908691
2 0.910156 0.663574 0.0273438 0.0419922 0.906738
2 0.950195 0.241211 0.0322266 0.046875 0.905762
5 0.85791 0.829102 0.0371094 0.0439453 0.904785
9 0.400879 0.666016 0.0356445 0.046875 0.901367
8 0.803711 0.830078 0.0429688 0.0449219 0.900391
7 0.823242 0.166016 0.0439453 0.0634766 0.899902
8 0.461914 0.835938 0.0429688 0.046875 0.898438
5 0.320312 0.98877 0.0380859 0.0224609 0.898438
13 0.995605 0.56543 0.00878906 0.0605469 0.897461
18 0.732422 0.0720825 0.0546875 0.0533447 0.895508
22 0.507324 0.0789795 0.0341797 0.0406494 0.895508
10 0.511841 0.824707 0.032959 0.0693359 0.895508
0 0.801758 0.490967 0.0605469 0.050293 0.89502
21 0.927734 0.168457 0.078125 0.0610352 0.890137
24 0.666992 0.591309 0.0410156 0.0625 0.888672
2 0.400879 0.416016 0.0322266 0.0449219 0.88623
0 0.974609 0.826172 0.0507812 0.0429688 0.885742
4 0.696289 0.828125 0.03125 0.0507812 0.884766
10 0.313965 0.489746 0.0317383 0.0654297 0.882324
9 0.75293 0.242798 0.0371094 0.0466309 0.881836
6 0.935547 0.0723724 0.0390625 0.0439758 0.878906
14 0.554199 0.653809 0.0214844 0.0664062 0.878906
4 0.741699 0.408691 0.0292969 0.0507812 0.878906
6 0.379883 0.502441 0.0390625 0.0429688 0.873047
13 0.729492 0.907715 0.0244141 0.0771484 0.871582
6 0.851562 0.582031 0.0429688 0.0488281 0.868652
7 0.464355 0.0928955 0.0449219 0.0612793 0.867188
24 0.878906 0.670898 0.0341797 0.0625 0.863281
6 0.587402 0.412109 0.0605469 0.0498047 0.861328
1 0.365234 0.595703 0.0380859 0.0625 0.861328
6 0.378662 0.251953 0.0419922 0.0424805 0.86084
6 0.361328 0.669434 0.0400391 0.0419922 0.858887
7 0.530273 0.760742 0.0410156 0.0566406 0.856934
5 0.786133 0.412598 0.0546875 0.0449219 0.85498
2 0.583984 0.666016 0.0332031 0.0449219 0.852051
13 0.602539 0.978516 0.0195312 0.0429688 0.841797
4 0.89502 0.489746 0.0341797 0.0498047 0.836426
13 0.984375 0.396484 0.0185547 0.0654297 0.834473
6 0.756836 0.988281 0.0371094 0.0234375 0.832031
2 0.333496 0.585938 0.0263672 0.046875 0.827637
18 0.969727 0.571777 0.0390625 0.0537109 0.823242
6 0.444336 0.751465 0.0546875 0.0429688 0.820801
14 0.648438 0.485107 0.0214844 0.065918 0.818848
5 0.652344 0.661621 0.0351562 0.0507812 0.809082
9 0.770508 0.15625 0.0371094 0.0493164 0.808105
6 0.688477 0.749023 0.0351562 0.0429688 0.799316
4 0.693359 0.32666 0.0332031 0.0546875 0.794434
8 0.548828 0.0778809 0.0449219 0.0510254 0.792969
0 0.727539 0.00804901 0.0585938 0.0160065 0.790527
8 0.837891 0.984375 0.0390625 0.03125 0.788086
4 0.525879 0.981445 0.0332031 0.0351562 0.78418
8 0.71582 0.987305 0.0410156 0.0253906 0.782715
2 0.84668 0.662109 0.0332031 0.0449219 0.777344
18 0.706543 0.241211 0.0507812 0.0488281 0.774414
4 0.357178 0.751953 0.0307617 0.0449219 0.770508
10 0.65918 0.320801 0.0390625 0.0644531 0.763672
2 0.922363 0.408936 0.0322266 0.0419922 0.760742
18 0.646973 0.742188 0.0605469 0.0507812 0.760742
10 0.796875 0.901855 0.0273438 0.0625 0.756348
5 0.958984 0.905273 0.0390625 0.046875 0.737305
12 0.36084 0.980469 0.0361328 0.0390625 0.732422
22 0.381836 0.334473 0.0341797 0.0439453 0.729492
13 0.439453 0.575195 0.0214844 0.0664062 0.728027
21 0.792969 0.017395 0.0410156 0.03479 0.720215
23 0.94043 0.662109 0.0332031 0.0429688 0.713867
2 0.376709 0.836914 0.0297852 0.046875 0.702637
18 0.535645 0.414307 0.0410156 0.0454102 0.700684
13 0.835449 0.224976 0.0224609 0.0803223 0.697754
22 0.490723 0.988281 0.0351562 0.0234375 0.697754
11 0.78418 0.067749 0.0507812 0.0620117 0.690918
13 0.459961 0.975586 0.0185547 0.0488281 0.690918
18 0.979492 0.660156 0.0410156 0.0527344 0.689453
13 0.419189 0.722656 0.0166016 0.0292969 0.679199
2 0.982422 0.153931 0.0292969 0.0527344 0.668945
22 0.45459 0.91748 0.034668 0.0400391 0.665527
14 0.835449 0.402832 0.0224609 0.0625 0.642578
7 0.445312 0.425293 0.0595703 0.0654297 0.631836
22 0.594727 0.75293 0.0341797 0.046875 0.625977
4 0.762695 0.746094 0.0263672 0.0449219 0.625977
27 0.355469 0.427734 0.0244141 0.0595703 0.624512
23 0.525879 0.582031 0.0341797 0.0419922 0.602051
7 0.981934 0.247681 0.0341797 0.0559082 0.600098
7 0.614746 0.675781 0.0400391 0.0625 0.594727
2 0.588379 0.161743 0.03125 0.0458984 0.584961
18 0.415039 0.83252 0.0498047 0.0488281 0.583008
23 0.982422 0.743164 0.0351562 0.0449219 0.581543
2 0.947266 0.486572 0.0332031 0.0551758 0.571777
6 0.989746 0.907227 0.0205078 0.0429688 0.567871
2 0.347656 0.334473 0.0322266 0.0449219 0.565918
22 0.793945 0.662109 0.0332031 0.0449219 0.563965
6 0.766113 0.987793 0.0166016 0.0244141 0.558105
8 0.875977 0.324219 0.0429688 0.0429688 0.552734
22 0.52832 0.333008 0.0332031 0.0473633 0.544922
6 0.313477 0.0114746 0.0566406 0.0229492 0.539062
22 0.359619 0.0832672 0.0366211 0.0436707 0.535156
18 0.599609 0.00751114 0.0244141 0.0149155 0.53125
13 0.763672 0.655273 0.0292969 0.0625 0.513672
6 0.317383 0.666992 0.0400391 0.0546875 0.513672
4 0.921875 0.973145 0.0429688 0.0537109 0.513672
18 0.675781 0.00788116 0.0390625 0.0156403 0.503906
