1 0.855855 0.260452 0.038036 0.0647609 0.981781
13 0.395409 0.83508 0.0213088 0.0673213 0.957529
6 0.109989 0.756235 0.0435398 0.0408893 0.957394
13 0.930799 0.24591 0.025445 0.0698285 0.952996
5 0.866676 0.592331 0.0386627 0.0414313 0.946041
9 0.517928 0.925596 0.0347691 0.0433731 0.942284
0 0.908048 0.337627 0.0630972 0.0474926 0.939188
8 0.0281519 0.758168 0.0336673 0.0385966 0.931113
12 0.0739617 0.839076 0.0344191 0.0821911 0.911666
8 0.827402 0.591902 0.0343101 0.0396986 0.894318
14 0.0170422 0.83167 0.0195367 0.0647967 0.88864
11 0.806063 0.49287 0.0381351 0.0646005 0.872468
13 0.348372 0.746652 0.0245748 0.0692341 0.853718
6 0.0218449 0.084113 0.0382863 0.0407652 0.84728
5 0.27506 0.759184 0.0386843 0.0453191 0.844837
5 0.845293 0.506302 0.0362803 0.0411201 0.647763
13 0.930652 0.0767878 0.0244529 0.0650182 0.591646
8 0.776039 0.674479 0.0396101 0.0413537 0.590392
8 0.565828 0.75795 0.039753 0.0437534 0.580805
