12 0.87793 0.840332 0.0371094 0.0830078 0.98291
0 0.785156 0.584473 0.0625 0.0488281 0.976562
7 0.387695 0.676758 0.0400391 0.0605469 0.967773
5 0.895508 0.499512 0.0390625 0.046875 0.965332
5 0.660156 0.837891 0.0371094 0.0429688 0.965332
1 0.363281 0.757812 0.0419922 0.0664062 0.964844
18 0.693359 0.750977 0.0371094 0.0527344 0.964355
8 0.87793 0.922852 0.0429688 0.0429688 0.960449
5 0.433594 0.834961 0.0390625 0.0488281 0.958008
0 0.948242 0.585938 0.0605469 0.046875 0.949707
2 0.734375 0.837891 0.03125 0.0449219 0.949707
7 0.763672 0.508667 0.0410156 0.0627441 0.94873
0 0.621094 0.580566 0.0585938 0.0546875 0.947754
0 0.822754 0.669922 0.0625 0.0498047 0.946777
0 0.424805 0.49707 0.0576172 0.0449219 0.945801
5 0.807617 0.835938 0.0371094 0.046875 0.945801
5 0.616699 0.751953 0.0400391 0.0449219 0.942871
8 0.393066 0.834961 0.0419922 0.0488281 0.941895
18 0.531738 0.581055 0.0400391 0.0527344 0.941406
0 0.688477 0.498291 0.0625 0.0483398 0.939941
13 0.603516 0.911133 0.0205078 0.0683594 0.939941
12 0.487549 0.742188 0.0366211 0.0683594 0.939453
2 0.640137 0.92334 0.0488281 0.0449219 0.939453
13 0.877441 0.980957 0.0166016 0.0380859 0.939453
2 0.425049 0.989258 0.0351562 0.0214844 0.939453
13 0.418945 0.657227 0.0224609 0.0742188 0.9375
8 0.65625 0.755859 0.0400391 0.046875 0.936035
2 0.915039 0.838867 0.03125 0.0488281 0.935059
5 0.794922 0.756836 0.0361328 0.046875 0.933594
13 0.944336 0.660156 0.0253906 0.0712891 0.932617
10 0.676758 0.575195 0.0351562 0.0683594 0.932129
4 0.751953 0.664062 0.0585938 0.0527344 0.931641
0 0.90918 0.755371 0.0625 0.0507812 0.931152
10 0.615723 0.489746 0.0332031 0.0722656 0.930176
6 0.63623 0.666992 0.0410156 0.0429688 0.928711
5 0.450195 0.751465 0.0375977 0.0478516 0.922852
15 0.347656 0.575195 0.078125 0.0703125 0.918945
10 0.872559 0.574219 0.0332031 0.0703125 0.918457
0 0.5625 0.921387 0.0605469 0.0439453 0.915527
5 0.347168 0.990234 0.0322266 0.0195312 0.915527
6 0.406738 0.751953 0.0429688 0.0458984 0.910645
2 0.416992 0.40918 0.0317383 0.0546875 0.908203
8 0.853516 0.500977 0.0429688 0.0498047 0.906738
0 0.964844 0.838867 0.0625 0.0429688 0.900391
0 0.697266 0.919922 0.0625 0.046875 0.900391
22 0.416992 0.916992 0.0336914 0.0429688 0.896973
14 0.630859 0.825684 0.0195312 0.0664062 0.890137
22 0.874023 0.669922 0.0332031 0.0410156 0.884277
22 0.490723 0.667969 0.0371094 0.0449219 0.879883
9 0.748047 0.92334 0.0351562 0.0458984 0.876465
2 0.322754 0.749512 0.0332031 0.0498047 0.876465
6 0.961914 0.924316 0.046875 0.0478516 0.867188
5 0.735352 0.746094 0.0410156 0.0644531 0.864258
11 0.90918 0.980469 0.0371094 0.0390625 0.864258
6 0.725586 0.413086 0.0390625 0.0478516 0.862305
0 0.861816 0.40918 0.0634766 0.0571289 0.84375
22 0.834961 0.584961 0.0351562 0.046875 0.838867
5 0.919922 0.92041 0.0380859 0.0507812 0.818848
5 0.62207 0.990234 0.0292969 0.0195312 0.804199
19 0.603516 0.836914 0.03125 0.0449219 0.803223
13 0.970703 0.399902 0.0273438 0.0742188 0.796875
14 0.314941 0.977539 0.0205078 0.0449219 0.78125
13 0.836914 0.980957 0.0175781 0.0380859 0.779785
18 0.938477 0.406738 0.0371094 0.0600586 0.767578
5 0.895508 0.583496 0.0410156 0.0498047 0.757812
22 0.958984 0.756348 0.0351562 0.0458984 0.729492
14 0.450684 0.65625 0.0361328 0.0644531 0.723145
5 0.336426 0.667969 0.0610352 0.0488281 0.705566
6 0.419434 0.578125 0.0546875 0.0566406 0.702637
18 0.336426 0.915039 0.0615234 0.0488281 0.699219
13 0.741211 0.574219 0.0234375 0.0693359 0.699219
13 0.991211 0.913086 0.0175781 0.0683594 0.695801
24 0.501099 0.928711 0.0368652 0.0644531 0.6875
10 0.991699 0.658203 0.0166016 0.0683594 0.682617
6 0.377441 0.989258 0.0195312 0.0214844 0.675781
6 0.641602 0.41333 0.0742188 0.0444336 0.673828
13 0.938477 0.976562 0.0195312 0.046875 0.645996
0 0.987305 0.500488 0.0253906 0.0478516 0.635254
22 0.501099 0.412598 0.0349121 0.046875 0.629883
13 0.583008 0.727539 0.0175781 0.0634766 0.615234
14 0.996094 0.74707 0.0078125 0.0605469 0.602051
18 0.570801 0.979004 0.0585938 0.0419922 0.588867
8 0.844727 0.755859 0.0644531 0.0527344 0.583008
2 0.468262 0.916992 0.0302734 0.0458984 0.57959
23 0.383789 0.917969 0.0332031 0.0429688 0.57373
10 0.703125 0.828613 0.046875 0.0664062 0.571777
6 0.396484 0.989746 0.0185547 0.0205078 0.569824
4 0.841797 0.834473 0.03125 0.0537109 0.565918
5 0.989258 0.583984 0.0214844 0.0273438 0.562012
13 0.500977 0.572754 0.0175781 0.0693359 0.558105
10 0.695312 0.402344 0.0341797 0.0698242 0.535156
0 0.775391 0.405029 0.0585938 0.0639648 0.527344
6 0.636719 0.498047 0.0390625 0.0517578 0.525391
18 0.339355 0.834961 0.0625 0.0488281 0.505859
