15 0.921387 0.814941 0.0761719 0.0673828 0.996582
10 0.314941 0.81543 0.043457 0.0683594 0.988281
12 0.78418 0.568359 0.0371094 0.0859375 0.970703
20 0.642578 0.47998 0.0839844 0.0869141 0.969727
2 0.855469 0.740234 0.0292969 0.046875 0.96582
7 0.395996 0.664062 0.0410156 0.0625 0.958008
11 0.710938 0.814453 0.0371094 0.0644531 0.957031
7 0.524414 0.920898 0.0410156 0.0625 0.950684
5 0.657227 0.984375 0.0390625 0.03125 0.950195
0 0.481445 0.56543 0.0683594 0.0585938 0.947754
4 0.663086 0.562988 0.0332031 0.0566406 0.946777
4 0.925293 0.733398 0.0302734 0.0546875 0.943359
4 0.398926 0.478516 0.034668 0.0576172 0.939941
5 0.878906 0.652344 0.0410156 0.0498047 0.9375
5 0.340576 0.910156 0.0390625 0.0488281 0.9375
9 0.827148 0.47998 0.0351562 0.0449219 0.935059
13 0.574219 0.384766 0.0214844 0.0742188 0.933594
4 0.476562 0.980469 0.0341797 0.0390625 0.933594
14 0.729492 0.470703 0.0205078 0.0683594 0.931641
8 0.905273 0.90918 0.0410156 0.0429688 0.930176
5 0.447266 0.481445 0.0395508 0.0517578 0.924805
2 0.983398 0.822754 0.03125 0.0439453 0.923828
8 0.806641 0.910645 0.0429688 0.0507812 0.920898
13 0.623535 0.810547 0.0253906 0.0683594 0.92041
13 0.637695 0.385254 0.0263672 0.0742188 0.918457
8 0.819824 0.985352 0.0400391 0.0292969 0.918457
18 0.75 0.387695 0.0546875 0.0712891 0.916504
8 0.915039 0.39209 0.0419922 0.0585938 0.916016
4 0.722656 0.5625 0.0595703 0.0566406 0.915039
4 0.84375 0.904297 0.0322266 0.0585938 0.914062
8 0.393066 0.738281 0.0419922 0.0507812 0.912598
2 0.786133 0.738281 0.03125 0.0488281 0.911133
18 0.664551 0.817871 0.0507812 0.0556641 0.909668
10 0.624023 0.645508 0.03125 0.0722656 0.90918
8 0.890625 0.741211 0.0390625 0.0429688 0.90918
6 0.84082 0.393066 0.0449219 0.0517578 0.89502
5 0.863281 0.984375 0.0380859 0.03125 0.893066
2 0.523438 0.984375 0.03125 0.03125 0.889648
9 0.355469 0.824219 0.0371094 0.046875 0.888672
5 0.791016 0.480957 0.0332031 0.0410156 0.887207
0 0.4375 0.984375 0.0400391 0.03125 0.884277
2 0.955078 0.394775 0.03125 0.0546875 0.883301
0 0.338867 0.55957 0.0869141 0.0683594 0.883301
7 0.414795 0.57666 0.065918 0.0703125 0.880859
0 0.930176 0.652832 0.0625 0.0458984 0.878418
2 0.476074 0.908203 0.0327148 0.0478516 0.875977
1 0.499023 0.74707 0.0351562 0.0644531 0.875
13 0.305664 0.896484 0.0283203 0.0800781 0.875
22 0.45752 0.652832 0.0371094 0.046875 0.873047
0 0.981445 0.652344 0.0371094 0.0429688 0.868164
18 0.541504 0.729492 0.0390625 0.0664062 0.867188
12 0.734863 0.733398 0.0439453 0.0605469 0.866211
5 0.750488 0.82373 0.0371094 0.0478516 0.861328
4 0.817383 0.648438 0.0351562 0.0546875 0.844727
7 0.589844 0.826172 0.0390625 0.0507812 0.839844
8 0.438477 0.909668 0.0415039 0.0517578 0.823242
18 0.767578 0.983398 0.0361328 0.0332031 0.822266
10 0.504395 0.647461 0.0498047 0.0761719 0.809082
22 0.944336 0.910156 0.0332031 0.0449219 0.801758
4 0.984863 0.383057 0.0302734 0.0717773 0.794434
5 0.540039 0.816406 0.0332031 0.0605469 0.794434
1 0.985352 0.486816 0.0292969 0.0683594 0.786621
2 0.757812 0.481201 0.03125 0.0532227 0.779785
5 0.747559 0.655273 0.0234375 0.03125 0.766113
8 0.798828 0.391602 0.0410156 0.0585938 0.763672
6 0.766602 0.911621 0.0371094 0.0488281 0.763672
18 0.602539 0.740234 0.0556641 0.0488281 0.760742
13 0.706055 0.897461 0.0253906 0.0761719 0.756348
14 0.369141 0.973633 0.0175781 0.0527344 0.756348
18 0.879883 0.38916 0.03125 0.0605469 0.753418
4 0.720703 0.648438 0.03125 0.0546875 0.71875
21 0.516724 0.494629 0.0427246 0.0615234 0.710449
18 0.991699 0.561035 0.0166016 0.0615234 0.705566
18 0.465332 0.818359 0.0478516 0.0615234 0.702637
6 0.5625 0.565918 0.0683594 0.0507812 0.6875
18 0.584961 0.905273 0.0341797 0.0507812 0.686035
18 0.675293 0.902344 0.0380859 0.0693359 0.686035
10 0.823242 0.731445 0.0429688 0.0683594 0.656738
23 0.84668 0.823242 0.0332031 0.0439453 0.631836
13 0.426025 0.653809 0.019043 0.0488281 0.613281
8 0.981445 0.911133 0.0371094 0.0429688 0.604004
24 0.934082 0.491455 0.0390625 0.0629883 0.602051
2 0.582031 0.47168 0.0253906 0.0268555 0.594727
21 0.730469 0.987305 0.0371094 0.0253906 0.57959
1 0.556641 0.984375 0.0332031 0.03125 0.544922
6 0.911133 0.985352 0.0234375 0.0292969 0.535156
0 0.338379 0.483398 0.0878906 0.0517578 0.527344
6 0.388428 0.985352 0.019043 0.0292969 0.527344
18 0.680176 0.391602 0.0556641 0.0605469 0.505859
