10 0.0944824 0.283691 0.0251465 0.0664062 0.978027
12 0.0383606 0.62793 0.03479 0.0820312 0.973633
8 0.438965 0.96582 0.0400391 0.046875 0.96875
12 0.493164 0.124023 0.0351562 0.0632324 0.966797
18 0.208862 0.876953 0.0378418 0.0527344 0.966797
10 0.328369 0.536133 0.0380859 0.0654297 0.963867
0 0.556641 0.382812 0.0644531 0.046875 0.959961
9 0.240356 0.964355 0.0368652 0.0439453 0.954102
5 0.580566 0.132599 0.0410156 0.0453491 0.953125
5 0.468506 0.212891 0.0371094 0.043457 0.950195
5 0.277832 0.547852 0.0375977 0.0429688 0.950195
2 0.195557 0.546875 0.0317383 0.0449219 0.949707
6 0.563477 0.214355 0.0390625 0.0424805 0.949219
7 0.276367 0.810547 0.0380859 0.0605469 0.947754
0 0.425293 0.800781 0.0595703 0.0429688 0.946777
10 0.136017 0.452881 0.0370483 0.0649414 0.946289
2 0.300781 0.967285 0.0322266 0.0449219 0.944824
5 0.535645 0.297363 0.0390625 0.0449219 0.941895
2 0.0640869 0.960938 0.0317383 0.0449219 0.941406
11 0.316406 0.702637 0.0380859 0.0644531 0.936523
4 0.573242 0.299316 0.0351562 0.046875 0.935547
6 0.385498 0.882812 0.0419922 0.0449219 0.933105
5 0.316406 0.799805 0.0400391 0.046875 0.931641
6 0.0794678 0.630859 0.0407715 0.0449219 0.929199
5 0.555176 0.718262 0.0361328 0.0429688 0.928711
6 0.261963 0.716797 0.0292969 0.0371094 0.928223
8 0.284912 0.297852 0.0361328 0.0429688 0.927734
4 0.592773 0.714844 0.0410156 0.0556641 0.927734
9 0.45166 0.0537109 0.0351562 0.0445557 0.925293
13 0.149658 0.368652 0.0224609 0.065918 0.925293
13 0.54541 0.621094 0.0253906 0.0703125 0.925293
9 0.549805 0.799805 0.0361328 0.0449219 0.924316
5 0.256104 0.0497437 0.0366211 0.0423584 0.922852
0 0.514648 0.0549316 0.0585938 0.0458984 0.922363
4 0.335449 0.208496 0.03125 0.0517578 0.921387
10 0.178467 0.620605 0.0288086 0.0654297 0.920898
5 0.172852 0.881836 0.0371094 0.0429688 0.92041
2 0.477051 0.966797 0.0317383 0.0429688 0.92041
10 0.369629 0.120239 0.0297852 0.0644531 0.919434
2 0.324219 0.296875 0.0322266 0.046875 0.916016
18 0.153809 0.708008 0.0375977 0.0507812 0.916016
5 0.375 0.797363 0.0341797 0.0439453 0.915527
5 0.0843506 0.792969 0.0368652 0.0429688 0.914062
8 0.385254 0.549805 0.0400391 0.0419922 0.912598
11 0.517578 0.706055 0.0361328 0.0664062 0.912598
7 0.385254 0.97168 0.0644531 0.0566406 0.910645
0 0.283447 0.883789 0.0800781 0.046875 0.908203
5 0.275391 0.463379 0.0371094 0.0439453 0.906738
7 0.311035 0.475098 0.0371094 0.0625 0.905762
13 0.0125046 0.199463 0.024765 0.0722656 0.90332
24 0.332031 0.973145 0.0322266 0.0527344 0.901367
2 0.432617 0.466797 0.0341797 0.0454102 0.901367
13 0.208496 0.955078 0.0258789 0.0625 0.900391
4 0.229248 0.794922 0.03125 0.0546875 0.89502
2 0.469971 0.802734 0.0268555 0.0410156 0.892578
13 0.295898 0.621094 0.0273438 0.0644531 0.890137
6 0.570312 0.551758 0.0410156 0.0410156 0.882324
10 0.577148 0.623047 0.0332031 0.0664062 0.879883
2 0.179932 0.127441 0.0302734 0.0456543 0.873047
10 0.534668 0.540039 0.0322266 0.0693359 0.871582
7 0.23877 0.219238 0.0527344 0.0639648 0.859863
0 0.37207 0.465088 0.0810547 0.0444336 0.855957
6 0.261475 0.381348 0.0395508 0.0458984 0.85498
5 0.0578918 0.460449 0.039978 0.0439453 0.85498
10 0.0308838 0.53418 0.0345459 0.0683594 0.851074
0 0.478516 0.381348 0.0405273 0.0439453 0.845703
2 0.444824 0.381592 0.0273438 0.0444336 0.836426
4 0.0534058 0.371826 0.0303955 0.0522461 0.833496
5 0.224487 0.128174 0.0559082 0.048584 0.833496
7 0.48999 0.55127 0.0532227 0.046875 0.833496
6 0.192871 0.212524 0.0390625 0.0424805 0.831055
2 0.0515747 0.209229 0.0490723 0.0429688 0.830078
6 0.496338 0.467285 0.0620117 0.0410156 0.824219
22 0.263916 0.632812 0.0322266 0.0429688 0.823242
9 0.460449 0.630859 0.034668 0.0449219 0.811523
6 0.298584 0.047966 0.0424805 0.0490875 0.809082
14 0.346191 0.786133 0.0185547 0.0625 0.808105
13 0.0086441 0.78125 0.0171967 0.0683594 0.799316
0 0.052742 0.126343 0.0623627 0.0466309 0.799316
2 0.0472412 0.547363 0.0313721 0.0458984 0.790527
4 0.15918 0.209839 0.0292969 0.048584 0.788086
4 0.171265 0.45752 0.03125 0.0517578 0.779785
14 0.0183868 0.702148 0.0176697 0.0625 0.777344
18 0.506958 0.793945 0.0466309 0.0527344 0.777344
7 0.44043 0.139526 0.0595703 0.0625 0.754883
2 0.11676 0.294189 0.0289307 0.0439453 0.733887
18 0.133789 0.790039 0.052002 0.0537109 0.730957
6 0.135529 0.629883 0.0355835 0.0410156 0.728027
13 0.24292 0.703125 0.019043 0.0644531 0.72168
4 0.493164 0.883789 0.0410156 0.046875 0.702637
1 0.105957 0.0551758 0.0375977 0.0654297 0.690918
4 0.0861206 0.872559 0.0334473 0.0517578 0.682617
0 0.1073 0.380371 0.0571289 0.0439453 0.665527
13 0.0294189 0.115051 0.0212402 0.0643311 0.658203
7 0.125854 0.13916 0.046875 0.0632324 0.65332
6 0.390625 0.132568 0.0380859 0.045166 0.638672
13 0.0299377 0.363281 0.0179443 0.0625 0.633301
10 0.360352 0.62207 0.0332031 0.0664062 0.62793
2 0.0296783 0.0324173 0.04953 0.0616302 0.622559
13 0.329834 0.623535 0.0244141 0.0634766 0.616699
18 0.471191 0.709961 0.0498047 0.0527344 0.586914
2 0.0411682 0.708496 0.0289917 0.0488281 0.571777
18 0.349609 0.0449295 0.0566406 0.0505219 0.552734
13 0.110352 0.618164 0.0209961 0.0634766 0.539062
18 0.40332 0.376953 0.0576172 0.0541992 0.537109
22 0.177734 0.963867 0.0336914 0.0429688 0.533203
6 0.0314407 0.876465 0.0522308 0.0400391 0.517578
13 0.124023 0.871094 0.0390625 0.0605469 0.513672
0 0.0228882 0.95166 0.0455933 0.0693359 0.509766
8 0.535156 0.885742 0.0410156 0.0410156 0.505859
