12 0.931152 0.867188 0.136719 0.142578 0.986328
19 0.654297 0.89209 0.0673828 0.0917969 0.976074
4 0.666992 0.488037 0.0703125 0.109863 0.974609
8 0.141479 0.507812 0.0959473 0.0957031 0.973145
8 0.80957 0.493652 0.0917969 0.101562 0.97168
7 0.782227 0.314026 0.101562 0.145386 0.96875
14 0.243652 0.280273 0.0429688 0.138672 0.968262
5 0.569824 0.890625 0.0878906 0.09375 0.966309
5 0.174072 0.308594 0.0898438 0.0927734 0.961914
2 0.22937 0.898438 0.0700684 0.0986328 0.961914
2 0.568848 0.498535 0.121094 0.09375 0.959473
7 0.789062 0.920898 0.104492 0.138672 0.958984
6 0.139679 0.900391 0.0917358 0.0927734 0.958008
13 0.758789 0.0753174 0.0507812 0.150635 0.941895
1 0.0126114 0.328857 0.0252228 0.14209 0.936523
18 0.853516 0.0743408 0.123047 0.138428 0.932129
13 0.921875 0.26709 0.046875 0.148438 0.928711
1 0.640625 0.318359 0.140625 0.146973 0.928711
13 0.0692139 0.883301 0.0444336 0.15918 0.915039
1 0.422363 0.72168 0.138672 0.142578 0.911133
4 0.0190735 0.515503 0.0380249 0.136963 0.903809
13 0.0186768 0.689941 0.0373535 0.155273 0.878906
22 0.904297 0.490723 0.0859375 0.0957031 0.854004
6 0.0891113 0.706055 0.0930176 0.0878906 0.837402
27 0.43457 0.893555 0.0556641 0.0966797 0.834473
27 0.732422 0.49707 0.0605469 0.0986328 0.804199
6 0.783203 0.69043 0.138672 0.107422 0.773438
6 0.396973 0.305664 0.149414 0.0976562 0.684082
13 0.314697 0.0739746 0.0615234 0.147949 0.665527
2 0.0666504 0.507324 0.0386963 0.0478516 0.625977
22 0.960449 0.0896606 0.078125 0.0943604 0.615234
6 0.14621 0.1026 0.13678 0.0950928 0.581543
13 0.619629 0.697266 0.0107422 0.0947266 0.503906
