21 0.700195 0.685547 0.0429688 0.0585938 0.972168
21 0.46875 0.929688 0.0449219 0.0585938 0.971191
0 0.888672 0.421387 0.0566406 0.0532227 0.964355
46 0.893555 0.677246 0.0644531 0.0439453 0.961914
0 0.706055 0.756836 0.0566406 0.046875 0.960449
11 0.518066 0.825684 0.0371094 0.0654297 0.960449
9 0.628906 0.502808 0.0371094 0.0471191 0.959961
8 0.594727 0.92041 0.0371094 0.0400391 0.959473
18 0.690918 0.833496 0.0371094 0.0517578 0.95752
0 0.741211 0.420654 0.0625 0.0512695 0.957031
6 0.75293 0.590332 0.0371094 0.0400391 0.956543
4 0.628418 0.414062 0.0322266 0.0537109 0.95459
13 0.991211 0.911133 0.0175781 0.0761719 0.954102
11 0.549805 0.657227 0.0371094 0.0644531 0.952637
2 0.662109 0.756836 0.0332031 0.046875 0.952637
11 0.857422 0.829102 0.0371094 0.0625 0.950195
7 0.828125 0.769043 0.0371094 0.0595703 0.94873
2 0.827148 0.50769 0.0253906 0.0432129 0.947754
9 0.90918 0.925293 0.0351562 0.0458984 0.946777
0 0.96582 0.509766 0.0595703 0.0449219 0.941895
12 0.544922 0.912109 0.0371094 0.0664062 0.939453
5 0.957031 0.759277 0.0390625 0.0439453 0.936523
18 0.768555 0.988281 0.0390625 0.0234375 0.936523
5 0.973633 0.592773 0.0380859 0.0429688 0.93457
7 0.785156 0.93457 0.0390625 0.0605469 0.934082
8 0.623535 0.757812 0.0390625 0.0449219 0.927246
9 0.599609 0.836426 0.0361328 0.0449219 0.927246
6 0.547363 0.501953 0.0410156 0.0429688 0.92627
10 0.733887 0.576172 0.0332031 0.0664062 0.922852
0 0.817383 0.420898 0.0625 0.0473633 0.921387
14 0.9375 0.666016 0.0195312 0.0664062 0.920898
2 0.45459 0.666504 0.0302734 0.0449219 0.918945
6 0.560547 0.836426 0.0429688 0.0419922 0.918457
18 0.773438 0.496582 0.0390625 0.0625 0.915039
5 0.897461 0.844727 0.0371094 0.0449219 0.914062
5 0.589844 0.503052 0.0390625 0.0446777 0.911621
0 0.921875 0.592285 0.0634766 0.0439453 0.911621
7 0.450684 0.84375 0.0390625 0.0644531 0.911133
18 0.958984 0.924805 0.0371094 0.0546875 0.909668
0 0.743164 0.839844 0.0625 0.0419922 0.907227
6 0.505371 0.918457 0.0361328 0.0380859 0.905762
5 0.653809 0.838867 0.0390625 0.0429688 0.904785
1 0.503906 0.507935 0.0380859 0.0681152 0.901855
13 0.484863 0.821289 0.0273438 0.0742188 0.901367
8 0.479492 0.751953 0.0410156 0.0439453 0.898926
5 0.590332 0.672852 0.0390625 0.0507812 0.898438
5 0.688477 0.92334 0.0390625 0.0458984 0.897461
6 0.499023 0.671387 0.0576172 0.0439453 0.896973
0 0.754883 0.671875 0.0625 0.0449219 0.894043
13 0.587891 0.580078 0.0273438 0.0800781 0.891602
0 0.736328 0.923828 0.0576172 0.046875 0.880859
18 0.93457 0.422363 0.0332031 0.0498047 0.874023
2 0.811035 0.588379 0.03125 0.0458984 0.864258
14 0.78418 0.577148 0.0185547 0.0664062 0.852051
2 0.887207 0.762695 0.0302734 0.0527344 0.841797
18 0.972656 0.418701 0.0410156 0.0629883 0.84082
18 0.635742 0.911621 0.0351562 0.0566406 0.837402
14 0.996094 0.753418 0.0078125 0.0634766 0.831055
13 0.415039 0.575195 0.0292969 0.0732422 0.823242
18 0.652344 0.672363 0.0537109 0.0507812 0.81543
14 0.860352 0.748047 0.0195312 0.0644531 0.788086
10 0.520996 0.57373 0.0371094 0.0644531 0.782715
11 0.557129 0.574219 0.0341797 0.0644531 0.771973
18 0.411133 0.833008 0.0361328 0.046875 0.771973
7 0.588867 0.418701 0.0400391 0.0600586 0.762207
23 0.85791 0.506836 0.0341797 0.0429688 0.759277
6 0.860352 0.92627 0.0546875 0.0429688 0.759277
0 0.676758 0.418945 0.0625 0.0454102 0.73584
0 0.870117 0.993164 0.0605469 0.0136719 0.728027
18 0.682617 0.502441 0.0371094 0.0449219 0.725098
14 0.818359 0.913086 0.0175781 0.0644531 0.723145
0 0.994141 0.677734 0.0117188 0.0390625 0.715332
18 0.530273 0.745117 0.0585938 0.0556641 0.70752
18 0.77832 0.749023 0.0566406 0.0644531 0.695801
0 0.570312 0.990234 0.0546875 0.0195312 0.692871
2 0.450439 0.988281 0.0317383 0.0234375 0.680664
6 0.454834 0.499512 0.0415039 0.0429688 0.672363
18 0.484863 0.987305 0.0390625 0.0253906 0.654785
5 0.817383 0.673828 0.0566406 0.046875 0.625977
6 0.966797 0.678711 0.0390625 0.0429688 0.618652
6 0.426758 0.749023 0.0595703 0.0507812 0.592773
24 0.92041 0.763672 0.0341797 0.0605469 0.586914
18 0.522339 0.409668 0.0686035 0.0576172 0.548828
5 0.460449 0.585449 0.0585938 0.0488281 0.533203
21 0.617188 0.980469 0.0351562 0.0390625 0.529297
