0 0.483561 0.796052 0.0591919 0.0415207 0.976274
22 0.704558 0.712534 0.0365753 0.0403409 0.958813
8 0.149079 0.881244 0.0417224 0.0402534 0.957955
2 0.189457 0.878924 0.0308347 0.0427855 0.952276
22 0.913117 0.631733 0.0366619 0.0389132 0.950994
8 0.219383 0.793218 0.0427219 0.0410558 0.950627
2 0.615744 0.887151 0.0321025 0.0406916 0.939751
8 0.945267 0.104458 0.0398707 0.0444641 0.933773
13 0.701427 0.879128 0.0234609 0.0605979 0.92275
0 0.742871 0.978825 0.0609037 0.040915 0.92202
1 0.536936 0.807777 0.0385693 0.0607839 0.920206
9 0.87353 0.277214 0.0377777 0.0427312 0.914545
6 0.832057 0.276858 0.0351992 0.0405478 0.865233
0 0.844711 0.364964 0.0565715 0.0387856 0.854021
16 0.915312 0.716905 0.0443667 0.0370972 0.829485
5 0.895201 0.367966 0.0365191 0.040658 0.716358
5 0.947484 0.371956 0.0379682 0.0387954 0.71104
5 0.785488 0.0984665 0.0355871 0.0423221 0.706187
7 0.0452761 0.090857 0.0417083 0.0582468 0.663266
0 0.781185 0.360026 0.0581605 0.0402275 0.517634
19 0.0148054 0.791038 0.0296107 0.0416241 0.510412
9 0.324108 0.00797834 0.0377512 0.0158807 0.508801
23 0.76286 0.626561 0.0358247 0.0414147 0.500946
