1 0.849514 0.6257 0.0901914 0.133943 0.992166
1 0.366676 0.818448 0.0851417 0.129601 0.984896
14 0.118311 0.771323 0.0387653 0.132829 0.967275
2 0.237316 0.79275 0.0745129 0.0893011 0.966944
8 0.793723 0.406272 0.0921242 0.0897371 0.966132
14 0.167211 0.769034 0.0439225 0.129817 0.962151
0 0.225787 0.974211 0.13597 0.0515776 0.957257
13 0.0650146 0.769066 0.045033 0.141364 0.944092
2 0.341672 0.974126 0.0714376 0.0517482 0.937414
14 0.840695 0.782391 0.0447304 0.132884 0.90694
13 0.690925 0.0263515 0.0455817 0.0527031 0.797916
2 0.907387 0.801606 0.0689236 0.088304 0.698175
5 0.98502 0.406022 0.0299597 0.0892155 0.694057
