8 0.910156 0.671875 0.0917969 0.09375 0.980957
4 0.296875 0.875 0.0722656 0.116211 0.978027
18 0.860352 0.463867 0.0917969 0.126953 0.964844
8 0.599609 0.285706 0.107422 0.0975342 0.964355
22 0.597656 0.883301 0.0820312 0.0849609 0.960938
5 0.023407 0.889648 0.046814 0.0917969 0.960449
23 0.799805 0.280273 0.0722656 0.0947266 0.957031
2 0.518066 0.881836 0.0742188 0.0917969 0.956543
18 0.662109 0.467773 0.132812 0.120117 0.955566
18 0.0239716 0.666016 0.0478821 0.138672 0.946289
13 0.932129 0.455566 0.0439453 0.141602 0.931641
6 0.796875 0.676758 0.0927734 0.0839844 0.930664
18 0.97168 0.268066 0.0566406 0.121094 0.907227
46 0.878906 0.854492 0.175781 0.162109 0.891602
6 0.513672 0.486816 0.147461 0.0908203 0.884277
14 0.987305 0.858398 0.0253906 0.150391 0.884277
1 0.168823 0.510742 0.0969238 0.134766 0.871582
18 0.985352 0.4646 0.0292969 0.117676 0.841797
27 0.753906 0.504395 0.0537109 0.137695 0.831055
18 0.929688 0.0696411 0.140625 0.130249 0.795898
6 0.103333 0.888672 0.106323 0.0917969 0.732422
8 0.813477 0.0735931 0.0957031 0.120392 0.708984
7 0.617188 0.0220947 0.111328 0.0440063 0.544922
8 0.887695 0.257874 0.0986328 0.142456 0.505859
