2 0.0523682 0.243408 0.03125 0.0395508 0.970703
18 0.176514 0.845703 0.043457 0.0634766 0.970703
18 0.165771 0.612305 0.0410156 0.0585938 0.968262
5 0.206543 0.231567 0.0361328 0.0383301 0.956055
7 0.142944 0.243286 0.0400391 0.0529785 0.947754
5 0.0133667 0.47876 0.0267334 0.034668 0.946777
11 0.0498047 0.0764008 0.0377197 0.0617981 0.935059
5 0.195435 0.544922 0.0339355 0.0390625 0.933594
2 0.215332 0.935547 0.0327148 0.0400391 0.930664
0 0.0799561 0.86377 0.0534668 0.0410156 0.925781
22 0.131134 0.862305 0.0365601 0.0390625 0.922852
21 0.0873413 0.712891 0.071167 0.0566406 0.906738
0 0.180542 0.312988 0.0559082 0.0400391 0.89502
0 0.156006 0.699219 0.0551758 0.0380859 0.892578
13 0.114563 0.540039 0.0194092 0.0664062 0.875977
22 0.102173 0.240234 0.0378418 0.0395508 0.856934
10 0.106384 0.928711 0.038208 0.0644531 0.85498
5 0.0462646 0.784668 0.0366211 0.0410156 0.820801
2 0.138672 0.545898 0.0253906 0.0351562 0.81543
10 0.0909424 0.0799561 0.032959 0.0742188 0.811523
2 0.03479 0.942383 0.0297241 0.0390625 0.809082
0 0.159912 0.78418 0.0566406 0.0429688 0.78125
5 0.160645 0.0812378 0.0332031 0.0393066 0.771973
13 0.14209 0.929688 0.0205078 0.0722656 0.747559
13 0.20166 0.608398 0.0222168 0.0722656 0.746094
2 0.0787354 0.320312 0.0289307 0.0390625 0.740234
6 0.124329 0.0829468 0.0362549 0.0394287 0.725098
13 0.202637 0.983887 0.0175781 0.0322266 0.72168
12 0.0262299 0.311768 0.0434265 0.0717773 0.715332
2 0.0633545 0.632324 0.0299072 0.0371094 0.708984
6 0.0227356 0.0157013 0.0377808 0.0313416 0.686035
9 0.210327 0.779785 0.0395508 0.0400391 0.666992
13 0.223999 0.984863 0.0158691 0.0302734 0.662109
4 0.165283 0.544434 0.0224609 0.0390625 0.649414
20 0.907227 0.0861816 0.102539 0.172363 0.594727
13 0.180664 0.764648 0.019043 0.0625 0.550781
