18 0.49707 0.696289 0.0439453 0.0625 0.98291
18 0.732422 0.691406 0.0390625 0.0546875 0.975098
5 0.978516 0.767578 0.0341797 0.0371094 0.970703
18 0.611328 0.924805 0.0429688 0.0625 0.958008
2 0.541016 0.78125 0.0332031 0.0390625 0.95459
0 0.420654 0.787109 0.0576172 0.0410156 0.953613
10 0.95166 0.756836 0.0322266 0.0625 0.953125
2 0.860352 0.61377 0.0400391 0.0400391 0.95166
18 0.675293 0.770508 0.0429688 0.0546875 0.947754
18 0.919922 0.919434 0.0410156 0.0507812 0.941406
11 0.956543 0.835938 0.0351562 0.0625 0.940918
0 0.969727 0.920898 0.0517578 0.0351562 0.940918
7 0.539551 0.634766 0.0458984 0.0566406 0.94043
9 0.817383 0.697266 0.0371094 0.0429688 0.94043
13 0.833008 0.839844 0.0214844 0.0683594 0.939941
6 0.691406 0.621582 0.0380859 0.0371094 0.935547
18 0.527832 0.847656 0.0429688 0.0566406 0.93457
7 0.652344 0.862305 0.0410156 0.0546875 0.931152
5 0.785645 0.931641 0.0361328 0.0410156 0.929199
7 0.801758 0.860352 0.0390625 0.0556641 0.928711
2 0.567383 0.857422 0.0302734 0.0371094 0.923828
13 0.575195 0.925781 0.0214844 0.0703125 0.904785
13 0.987305 0.833984 0.0195312 0.0683594 0.903809
6 0.848145 0.773926 0.0380859 0.0390625 0.90332
13 0.594727 0.767578 0.0175781 0.0625 0.902832
7 0.783203 0.629883 0.0644531 0.0673828 0.901855
4 0.621094 0.699707 0.0273438 0.046875 0.898438
13 0.751953 0.763672 0.0234375 0.0703125 0.896973
1 0.806641 0.780273 0.0371094 0.0546875 0.888184
13 0.806152 0.980957 0.0107422 0.0380859 0.88623
9 0.623535 0.78125 0.0361328 0.0429688 0.875
13 0.875977 0.756836 0.0234375 0.0712891 0.859863
7 0.979492 0.698242 0.0400391 0.0546875 0.858887
22 0.94043 0.614258 0.0625 0.0410156 0.85791
14 0.664062 0.609375 0.0175781 0.0644531 0.855957
14 0.453125 0.929688 0.0175781 0.0625 0.850098
5 0.589355 0.702148 0.0351562 0.0410156 0.848145
22 0.938477 0.691406 0.0371094 0.0390625 0.839844
14 0.643555 0.61084 0.015625 0.0644531 0.832031
2 0.481934 0.941406 0.0341797 0.0410156 0.816406
5 0.777832 0.985352 0.0576172 0.0292969 0.810547
5 0.90625 0.771484 0.0351562 0.0410156 0.785156
13 0.623047 0.610352 0.0214844 0.0664062 0.782715
2 0.720703 0.854004 0.0273438 0.0400391 0.770508
2 0.650879 0.936523 0.0292969 0.0390625 0.764648
0 0.87793 0.694336 0.0546875 0.0410156 0.705566
10 0.52002 0.987305 0.03125 0.0253906 0.679199
16 0.539062 0.937012 0.0458984 0.0429688 0.673828
32 0.483643 0.858398 0.0405273 0.0800781 0.666992
22 0.600586 0.85791 0.0341797 0.0400391 0.665527
14 0.876953 0.604004 0.0146484 0.0654297 0.660156
21 0.931152 0.97998 0.0566406 0.0400391 0.654785
4 0.571777 0.780762 0.0273438 0.0380859 0.633301
18 0.491943 0.628418 0.0463867 0.0410156 0.586914
8 0.774414 0.693359 0.0371094 0.0527344 0.577637
6 0.708984 0.931641 0.0332031 0.0410156 0.558105
13 0.975586 0.975098 0.0234375 0.0498047 0.556641
18 0.759277 0.847656 0.0439453 0.0546875 0.554688
14 0.834961 0.605469 0.03125 0.0722656 0.539062
