18 0.601562 0.868164 0.0390625 0.0585938 0.995117
18 0.754883 0.782227 0.0410156 0.0585938 0.988281
9 0.833984 0.878418 0.0371094 0.0507812 0.984375
2 0.90625 0.704102 0.03125 0.0429688 0.97998
11 0.661621 0.956543 0.0400391 0.0644531 0.979492
11 0.920898 0.869141 0.0410156 0.0664062 0.977539
9 0.597656 0.52002 0.0410156 0.0498047 0.975098
11 0.404297 0.68457 0.0400391 0.0625 0.974609
10 0.0561523 0.587891 0.0380859 0.0722656 0.970703
5 0.492188 0.96875 0.0371094 0.0429688 0.970215
18 0.289062 0.50293 0.0488281 0.0683594 0.968262
2 0.96582 0.791016 0.0283203 0.0419922 0.963379
5 0.693359 0.878418 0.0371094 0.0478516 0.961914
22 0.399414 0.966797 0.0385742 0.0439453 0.958496
7 0.378906 0.615723 0.0449219 0.0595703 0.957031
0 0.857422 0.703125 0.0605469 0.0449219 0.953125
0 0.516602 0.876953 0.0615234 0.0507812 0.952148
11 0.64209 0.779297 0.0400391 0.0644531 0.949707
10 0.395996 0.505371 0.0419922 0.0693359 0.94873
9 0.378418 0.871582 0.0400391 0.0439453 0.94873
2 0.309082 0.605469 0.03125 0.046875 0.947266
5 0.773438 0.525391 0.0390625 0.046875 0.944824
6 0.533203 0.96875 0.0390625 0.0449219 0.944336
5 0.365479 0.695312 0.0366211 0.0429688 0.943359
5 0.797852 0.791016 0.0371094 0.0449219 0.942383
13 0.859375 0.77832 0.0205078 0.0703125 0.942383
22 0.315918 0.87207 0.0371094 0.0410156 0.941895
4 0.88623 0.611816 0.0273438 0.0566406 0.94043
2 0.122192 0.865723 0.0515137 0.0458984 0.935059
5 0.853516 0.616211 0.0351562 0.0449219 0.933105
18 0.282715 0.687012 0.0410156 0.0615234 0.933105
13 0.989746 0.950195 0.0185547 0.0859375 0.932617
18 0.228271 0.773438 0.0595703 0.0585938 0.927246
11 0.75293 0.690918 0.0390625 0.0595703 0.921387
9 0.809082 0.964844 0.0410156 0.0449219 0.921387
13 0.163818 0.854492 0.0214844 0.0722656 0.920898
13 0.802734 0.871582 0.0234375 0.0693359 0.92041
13 0.632812 0.862305 0.0205078 0.0820312 0.91748
7 0.601562 0.79834 0.0410156 0.0605469 0.916016
0 0.126709 0.78125 0.0620117 0.046875 0.913574
5 0.574707 0.96875 0.0390625 0.0439453 0.913086
9 0.0340271 0.685547 0.0379639 0.0478516 0.907227
18 0.956055 0.958984 0.0410156 0.0605469 0.905273
1 0.349609 0.516602 0.0439453 0.0898438 0.898926
22 0.175903 0.77832 0.0373535 0.0410156 0.898926
21 0.8125 0.623047 0.0439453 0.0625 0.896973
13 0.895508 0.781738 0.0273438 0.0693359 0.892578
6 0.706543 0.967773 0.0419922 0.0449219 0.890137
13 0.347168 0.862305 0.0234375 0.0664062 0.887207
24 0.458496 0.875977 0.0361328 0.0546875 0.885742
22 0.348633 0.962402 0.0400391 0.0439453 0.881836
4 0.658691 0.870605 0.0292969 0.0566406 0.878906
13 0.0856323 0.853516 0.0206299 0.0722656 0.875977
13 0.672852 0.775391 0.0185547 0.0742188 0.873047
2 0.103027 0.597656 0.0585938 0.0507812 0.871582
4 0.509766 0.514648 0.0273438 0.0605469 0.867188
6 0.233643 0.868164 0.0361328 0.0429688 0.864258
4 0.933594 0.791016 0.0332031 0.0449219 0.86084
13 0.00757599 0.673828 0.0149689 0.0703125 0.85791
2 0.919922 0.968262 0.0292969 0.0429688 0.855957
2 0.250549 0.51062 0.0321045 0.0432129 0.85498
5 0.623047 0.96875 0.0361328 0.0429688 0.85498
13 0.315186 0.683594 0.0205078 0.0683594 0.853027
13 0.577148 0.678711 0.0273438 0.078125 0.851074
2 0.42627 0.87207 0.0322266 0.0478516 0.850098
18 0.182495 0.95459 0.0551758 0.0595703 0.848145
22 0.867188 0.523438 0.0410156 0.0498047 0.841797
2 0.564941 0.875 0.0302734 0.0449219 0.833496
14 0.185791 0.853516 0.0212402 0.0683594 0.829102
2 0.430908 0.518555 0.0292969 0.0488281 0.82666
5 0.881836 0.879883 0.0380859 0.0507812 0.825684
5 0.705078 0.783203 0.0410156 0.0585938 0.818848
13 0.0834961 0.764648 0.0227051 0.0683594 0.808105
10 0.276855 0.85791 0.0419922 0.0654297 0.803223
14 0.20459 0.856934 0.0170898 0.0664062 0.803223
0 0.871582 0.966797 0.0585938 0.0478516 0.800781
10 0.537109 0.77832 0.0332031 0.0625 0.796875
6 0.981445 0.616211 0.0361328 0.046875 0.779785
6 0.195801 0.602051 0.0395508 0.0439453 0.771973
1 0.153687 0.608887 0.0402832 0.0644531 0.766113
6 0.763672 0.96582 0.0478516 0.0429688 0.756348
10 0.92041 0.514526 0.0439453 0.0686035 0.741699
4 0.159912 0.506836 0.0339355 0.0527344 0.737305
18 0.303223 0.958984 0.0478516 0.0605469 0.73584
5 0.243896 0.964844 0.0629883 0.0429688 0.732422
6 0.794922 0.694336 0.0449219 0.0625 0.730957
18 0.344727 0.771973 0.0429688 0.0673828 0.730957
16 0.618164 0.603516 0.046875 0.0625 0.72168
6 0.560547 0.786133 0.0371094 0.046875 0.677246
22 0.122314 0.506714 0.0380859 0.0490723 0.663574
4 0.469971 0.51123 0.0463867 0.0664062 0.663574
7 0.990723 0.800781 0.0185547 0.0625 0.651367
10 0.65918 0.521362 0.0527344 0.0842285 0.635254
11 0.0116272 0.774414 0.0231018 0.0449219 0.620605
13 0.336914 0.683594 0.0205078 0.0654297 0.607422
14 0.93457 0.698242 0.0234375 0.0683594 0.600098
22 0.771484 0.879883 0.0351562 0.046875 0.584961
1 0.554688 0.5177 0.0410156 0.079834 0.581543
5 0.965332 0.696289 0.0371094 0.0644531 0.558105
4 0.0429688 0.76123 0.0341187 0.0712891 0.529297
10 0.0265656 0.495605 0.052948 0.0722656 0.521484
23 0.714355 0.701172 0.0332031 0.0429688 0.515625
