18 0.176758 0.287598 0.0410156 0.0605469 0.994629
18 0.30835 0.832031 0.0405273 0.0566406 0.982422
18 0.426025 0.445312 0.0419922 0.0595703 0.981934
10 0.246582 0.907715 0.0317383 0.0664062 0.975586
46 0.238037 0.532227 0.078125 0.0488281 0.975098
10 0.121704 0.285156 0.0332031 0.0664062 0.972656
1 0.356934 0.769531 0.0361328 0.0527344 0.971191
18 0.551758 0.759766 0.0410156 0.0585938 0.970215
8 0.150635 0.455078 0.034668 0.0400391 0.96582
1 0.41748 0.543457 0.0351562 0.0546875 0.965332
11 0.300293 0.524414 0.0361328 0.0654297 0.963867
2 0.0434875 0.453613 0.0304565 0.0375977 0.959961
13 0.637695 0.979004 0.0175781 0.0419922 0.959961
10 0.561523 0.446777 0.0351562 0.0654297 0.959473
12 0.0355835 0.523926 0.059082 0.0703125 0.958984
8 0.175171 0.917969 0.0366211 0.0390625 0.956543
5 0.427002 0.06604 0.0361328 0.0389404 0.953613
4 0.630371 0.691895 0.03125 0.0488281 0.952148
5 0.109009 0.530273 0.0361328 0.0371094 0.95166
10 0.553711 0.289551 0.03125 0.0673828 0.94873
22 0.191895 0.45459 0.0349121 0.0424805 0.948242
7 0.308105 0.925293 0.0405273 0.0537109 0.948242
11 0.231934 0.750977 0.0351562 0.0605469 0.946777
6 0.398926 0.766113 0.0395508 0.0351562 0.944824
0 0.065979 0.299316 0.0541992 0.0390625 0.942383
0 0.0525436 0.987793 0.0545807 0.0244141 0.941895
6 0.270996 0.762207 0.0366211 0.0390625 0.937988
9 0.489258 0.989258 0.0390625 0.0214844 0.9375
0 0.0554123 0.839844 0.0570221 0.0390625 0.936523
2 0.344238 0.91748 0.0263672 0.0371094 0.935547
10 0.21875 0.601074 0.034668 0.0644531 0.935059
1 0.385986 0.62207 0.034668 0.0507812 0.93457
24 0.602539 0.229858 0.0410156 0.0510254 0.933105
22 0.116211 0.762695 0.0349121 0.0371094 0.931152
23 0.486084 0.457031 0.0297852 0.0375977 0.928711
2 0.573242 0.300293 0.0292969 0.0390625 0.928223
2 0.631836 0.0698242 0.03125 0.0410156 0.927246
0 0.500854 0.925293 0.0568848 0.0478516 0.926758
5 0.604492 0.92627 0.03125 0.0380859 0.926758
2 0.486328 0.298584 0.0283203 0.0366211 0.92627
6 0.354492 0.686523 0.0351562 0.0332031 0.924316
16 0.465088 0.768066 0.0493164 0.0537109 0.920898
5 0.0643311 0.0586853 0.0373535 0.0410767 0.917969
5 0.549805 0.924805 0.0341797 0.0371094 0.91748
5 0.510864 0.769531 0.0349121 0.0390625 0.916016
2 0.121094 0.139435 0.0327148 0.0375366 0.915527
13 0.242188 0.444092 0.0180664 0.0649414 0.912598
8 0.498047 0.381104 0.0351562 0.043457 0.910645
1 0.117798 0.845215 0.0358887 0.0507812 0.910645
4 0.0788574 0.532227 0.0222168 0.0410156 0.909668
4 0.632812 0.617676 0.0273438 0.0458984 0.906738
4 0.00520706 0.0587158 0.0102463 0.0372314 0.905762
13 0.459473 0.442627 0.0185547 0.0688477 0.905762
5 0.264648 0.839844 0.0375977 0.0410156 0.90332
4 0.626465 0.770508 0.0244141 0.0390625 0.897461
9 0.310547 0.763672 0.0371094 0.0390625 0.89502
14 0.385742 0.680664 0.0166016 0.0605469 0.894043
2 0.380371 0.98877 0.03125 0.0224609 0.891113
2 0.602051 0.617188 0.0283203 0.0390625 0.885742
2 0.138306 0.916992 0.0285645 0.0380859 0.882324
13 0.243774 0.977051 0.017334 0.0458984 0.878906
2 0.56543 0.222534 0.03125 0.0368652 0.878418
2 0.293457 0.376465 0.0302734 0.0375977 0.878418
0 0.414551 0.84375 0.0585938 0.0410156 0.875977
2 0.62793 0.847656 0.0332031 0.0390625 0.874023
0 0.0932617 0.918945 0.0550537 0.0390625 0.874023
0 0.184326 0.0637817 0.0668945 0.0406494 0.873047
14 0.35083 0.977539 0.0166016 0.0449219 0.872559
13 0.616211 0.368164 0.0205078 0.0673828 0.870605
4 0.507812 0.688477 0.0253906 0.0449219 0.868652
24 0.535156 0.848633 0.0302734 0.0410156 0.868652
7 0.480713 0.151367 0.0385742 0.0512695 0.863281
13 0.460938 0.978516 0.0166016 0.0429688 0.86084
2 0.0163727 0.376465 0.0294495 0.0410156 0.854004
13 0.203491 0.75 0.017334 0.0703125 0.84082
9 0.354492 0.064682 0.034668 0.040802 0.835449
13 0.341797 0.829102 0.0205078 0.0722656 0.832031
14 0.602051 0.0580444 0.0175781 0.0686035 0.831055
22 0.498535 0.537598 0.0380859 0.0400391 0.824219
6 0.169434 0.839844 0.0498047 0.0390625 0.823242
2 0.0548096 0.76123 0.0354004 0.0390625 0.810547
6 0.455811 0.535156 0.0375977 0.0371094 0.791992
5 0.204102 0.377441 0.0449219 0.0400391 0.789062
2 0.471436 0.84375 0.03125 0.0390625 0.788086
2 0.583496 0.461426 0.0283203 0.0410156 0.782715
6 0.265869 0.919922 0.0332031 0.0351562 0.779785
5 0.595215 0.536133 0.0341797 0.0371094 0.778809
13 0.280029 0.978516 0.0205078 0.0429688 0.771973
1 0.604004 0.980469 0.0458984 0.0390625 0.770508
2 0.577148 0.0674438 0.0302734 0.0393066 0.759277
2 0.409912 0.6875 0.0273438 0.0371094 0.754883
2 0.459229 0.304199 0.015625 0.0209961 0.751953
13 0.218506 0.21167 0.0166016 0.0615234 0.750488
2 0.447266 0.141815 0.0297852 0.0420532 0.750488
14 0.580078 0.918945 0.0136719 0.0585938 0.743164
46 0.567383 0.691406 0.0820312 0.046875 0.726562
13 0.426514 0.753418 0.0209961 0.0634766 0.720215
13 0.202881 0.645508 0.0175781 0.0263672 0.710449
6 0.631836 0.303711 0.0332031 0.0400391 0.708984
24 0.234375 0.142609 0.0302734 0.0375366 0.705566
6 0.148926 0.839355 0.019043 0.0371094 0.699219
4 0.158691 0.374023 0.0224609 0.0390625 0.697754
23 0.377441 0.919922 0.03125 0.0400391 0.695801
7 0.536621 0.0144653 0.0380859 0.0286255 0.684082
9 0.305176 0.222168 0.0361328 0.0410156 0.668945
13 0.567383 0.505859 0.0146484 0.0234375 0.665527
13 0.0368347 0.206055 0.0213013 0.0654297 0.662109
13 0.00686646 0.450195 0.0136261 0.0585938 0.658203
21 0.0788727 0.216675 0.0568542 0.0388184 0.656738
6 0.402832 0.22583 0.0566406 0.0424805 0.649414
2 0.432129 0.922852 0.0595703 0.0410156 0.638672
4 0.512695 0.298828 0.0214844 0.0517578 0.637207
5 0.663086 0.69873 0.0273438 0.0429688 0.637207
4 0.207642 0.910645 0.0256348 0.0595703 0.633301
14 0.23877 0.208984 0.0178223 0.0649414 0.624512
14 0.257812 0.208862 0.0141602 0.0610352 0.624512
5 0.389893 0.537109 0.0151367 0.0214844 0.613281
4 0.616211 0.146729 0.0273438 0.0437012 0.611328
16 0.220825 0.836914 0.0473633 0.0449219 0.605957
13 0.111816 0.901855 0.0197754 0.0693359 0.602051
13 0.00733948 0.602539 0.014679 0.0800781 0.571777
12 0.474121 0.216431 0.0673828 0.0681152 0.562012
7 0.201416 0.141479 0.0322266 0.0375977 0.562012
22 0.107056 0.989258 0.0388184 0.0214844 0.560059
6 0.218628 0.298828 0.0378418 0.046875 0.558105
4 0.396484 0.06604 0.0244141 0.0653076 0.542969
4 0.0342407 0.0575256 0.0253906 0.043396 0.537109
14 0.22168 0.441895 0.0170898 0.0595703 0.537109
13 0.0649567 0.67334 0.0168152 0.0644531 0.535156
12 0.00553894 0.753418 0.0108337 0.078125 0.535156
22 0.0541458 0.608887 0.0590668 0.0361328 0.519531
9 0.358887 0.533203 0.0361328 0.046875 0.511719
2 0.283203 0.454346 0.0585938 0.0380859 0.507812
12 0.63623 0.012558 0.0302734 0.0250854 0.505859
2 0.27301 0.300293 0.0604248 0.0371094 0.501953
