1 0.959961 0.0930023 0.0410156 0.0620422 0.990234
12 0.70752 0.783203 0.0732422 0.0742188 0.988281
21 0.679688 0.53418 0.0429688 0.0605469 0.985352
21 0.454346 0.793945 0.0419922 0.0585938 0.985352
21 0.897461 0.799316 0.0429688 0.0585938 0.983398
10 0.328125 0.161011 0.0566406 0.065918 0.979004
2 0.594727 0.702148 0.0332031 0.0419922 0.979004
5 0.550781 0.349854 0.0410156 0.0454102 0.976074
18 0.489746 0.158936 0.0458984 0.0651855 0.975586
5 0.816895 0.525391 0.0390625 0.0429688 0.975586
21 0.922852 0.360352 0.0429688 0.0595703 0.974121
10 0.3125 0.953613 0.0356445 0.0693359 0.974121
18 0.548828 0.249512 0.0429688 0.0610352 0.973633
21 0.506836 0.359619 0.0429688 0.0581055 0.973145
21 0.796875 0.177979 0.0449219 0.0615234 0.967773
11 0.835938 0.339844 0.0390625 0.0634766 0.967773
18 0.904297 0.165405 0.0585938 0.0603027 0.966309
21 0.791016 0.446777 0.0449219 0.0644531 0.964355
7 0.892578 0.0913696 0.0576172 0.064209 0.963867
18 0.551758 0.693359 0.0390625 0.0546875 0.960938
5 0.508301 0.870605 0.0341797 0.0419922 0.960449
8 0.898438 0.881348 0.0429688 0.0478516 0.95752
4 0.551758 0.166504 0.0273438 0.046875 0.955078
11 0.36377 0.776367 0.0410156 0.0644531 0.954102
6 0.348145 0.612793 0.0390625 0.0439453 0.953613
0 0.329346 0.875 0.0668945 0.0507812 0.953125
8 0.736816 0.962891 0.0429688 0.046875 0.95166
6 0.817871 0.707031 0.0380859 0.046875 0.947754
6 0.366699 0.698242 0.0405273 0.0390625 0.945801
18 0.767578 0.607422 0.0419922 0.0625 0.944336
10 0.608398 0.77832 0.0400391 0.0625 0.942871
1 0.946289 0.0152206 0.0390625 0.0303802 0.941895
5 0.424316 0.0819702 0.0390625 0.0476074 0.941406
8 0.704102 0.25824 0.0429688 0.0469971 0.939453
1 0.504883 0.969727 0.0400391 0.0585938 0.939453
4 0.642578 0.785156 0.0292969 0.0488281 0.938477
1 0.833984 0.97168 0.0410156 0.0566406 0.9375
18 0.435547 0.161377 0.0605469 0.0537109 0.937012
14 0.75 0.338623 0.0214844 0.0654297 0.934082
9 0.925293 0.617188 0.0410156 0.046875 0.933594
0 0.866211 0.699219 0.0605469 0.0410156 0.933105
22 0.857422 0.877441 0.0351562 0.0419922 0.932617
1 0.504395 0.270935 0.0419922 0.0616455 0.931641
22 0.883789 0.616211 0.0351562 0.0429688 0.931152
1 0.97998 0.625 0.0390625 0.0595703 0.927246
5 0.385742 0.611328 0.0332031 0.0410156 0.925781
22 0.383301 0.874512 0.0371094 0.0439453 0.924805
22 0.793945 0.350098 0.0390625 0.0429688 0.923828
7 0.770508 0.885254 0.0429688 0.0595703 0.921387
13 0.421875 0.77832 0.0214844 0.0693359 0.915527
7 0.792969 0.0896606 0.0429688 0.0631104 0.915039
13 0.964844 0.249634 0.0234375 0.0666504 0.914062
2 0.728516 0.168335 0.0332031 0.0480957 0.913086
5 0.834961 0.082016 0.0371094 0.0429993 0.911621
22 0.839844 0.168945 0.0371094 0.0395508 0.911133
5 0.78418 0.259277 0.0351562 0.0424805 0.909668
0 0.887695 0.962891 0.0664062 0.0488281 0.90918
5 0.664062 0.260742 0.0390625 0.0424805 0.905273
8 0.916016 0.438477 0.0429688 0.046875 0.903809
13 0.643555 0.693359 0.0234375 0.0820312 0.90332
13 0.520508 0.687988 0.0214844 0.0791016 0.902832
4 0.541504 0.869141 0.0292969 0.0449219 0.900391
13 0.812988 0.605469 0.0224609 0.0703125 0.896484
6 0.373535 0.964355 0.0400391 0.0429688 0.896484
13 0.524902 0.158691 0.0224609 0.0744629 0.894043
2 0.3479 0.260986 0.0302734 0.0415039 0.894043
7 0.383545 0.270264 0.0410156 0.0585938 0.893066
10 0.96582 0.955078 0.0419922 0.0644531 0.893066
10 0.426758 0.864746 0.0419922 0.0693359 0.891113
8 0.96875 0.792969 0.0439453 0.0429688 0.887207
14 0.371094 0.0736237 0.0205078 0.0737 0.88623
2 0.617676 0.434814 0.0322266 0.0439453 0.885742
2 0.47583 0.0838776 0.0317383 0.0468445 0.882324
13 0.306641 0.336426 0.0244141 0.0898438 0.880859
13 0.990234 0.422119 0.0195312 0.0854492 0.877441
2 0.734863 0.875 0.0292969 0.0429688 0.877441
8 0.46875 0.874023 0.0429688 0.0488281 0.875
46 0.707031 0.351074 0.0625 0.0449219 0.874023
0 0.947266 0.705566 0.0800781 0.046875 0.872559
22 0.318359 0.784668 0.0439453 0.0429688 0.872559
22 0.695312 0.963867 0.0361328 0.0419922 0.870605
10 0.983398 0.868164 0.0332031 0.0625 0.868164
6 0.645508 0.873047 0.0429688 0.0390625 0.864258
22 0.951172 0.172852 0.0351562 0.0424805 0.862305
4 0.314453 0.607422 0.0268555 0.0517578 0.856934
4 0.646484 0.613281 0.0273438 0.0498047 0.851074
2 0.938477 0.877441 0.03125 0.0478516 0.849121
14 0.854004 0.607422 0.0214844 0.0644531 0.847168
19 0.316162 0.262939 0.0327148 0.0405273 0.842773
2 0.932617 0.791504 0.0253906 0.0429688 0.832031
10 0.611816 0.953125 0.0439453 0.0683594 0.831055
18 0.929688 0.250488 0.046875 0.0625 0.829102
0 0.983398 0.530273 0.0332031 0.0449219 0.82666
2 0.952148 0.522339 0.0292969 0.0490723 0.825684
2 0.67627 0.616211 0.03125 0.0458984 0.825684
0 0.624512 0.522461 0.0585938 0.0507812 0.820801
13 0.868164 0.248779 0.0214844 0.0673828 0.813965
6 0.555664 0.436523 0.0605469 0.0429688 0.811523
13 0.888672 0.334717 0.0224609 0.0761719 0.809082
18 0.814941 0.866211 0.0449219 0.0644531 0.804199
4 0.782227 0.520386 0.0292969 0.0529785 0.795898
19 0.682129 0.167236 0.03125 0.0444336 0.785156
14 0.867188 0.339844 0.0195312 0.0683594 0.785156
21 0.961914 0.351562 0.0371094 0.0556641 0.777344
2 0.776367 0.964844 0.0332031 0.0449219 0.775879
24 0.843262 0.797852 0.0341797 0.0488281 0.774414
2 0.783203 0.70459 0.0302734 0.0458984 0.769043
2 0.810547 0.790039 0.0322266 0.0449219 0.769043
6 0.557129 0.962402 0.0595703 0.0498047 0.763672
5 0.493652 0.78418 0.0371094 0.0449219 0.762207
4 0.615234 0.614258 0.03125 0.0449219 0.757812
0 0.729492 0.4375 0.0605469 0.0498047 0.753418
14 0.39917 0.77832 0.0214844 0.0664062 0.743164
10 0.628906 0.862305 0.0410156 0.0585938 0.740234
22 0.959961 0.440674 0.0390625 0.0478516 0.737305
5 0.735352 0.524414 0.0605469 0.0429688 0.737305
2 0.583008 0.615234 0.0302734 0.0429688 0.737305
6 0.578125 0.865234 0.0390625 0.0546875 0.737305
4 0.991211 0.342773 0.0175781 0.0595703 0.729492
14 0.833496 0.605469 0.0175781 0.0664062 0.729492
13 0.393555 0.0737915 0.0214844 0.0687256 0.728027
2 0.33667 0.961914 0.03125 0.0449219 0.715332
22 0.464111 0.350586 0.0380859 0.0439453 0.705566
11 0.453613 0.00935364 0.03125 0.0185242 0.695801
22 0.75293 0.0801392 0.0410156 0.041626 0.677246
5 0.733887 0.00709915 0.0410156 0.0141525 0.658203
19 0.763184 0.789062 0.0332031 0.0449219 0.658203
4 0.993164 0.250732 0.0136719 0.0756836 0.651367
9 0.508911 0.00816345 0.0310059 0.0162659 0.647949
0 0.397461 0.435303 0.0585938 0.043457 0.642578
4 0.376465 0.167725 0.0410156 0.0810547 0.642578
10 0.610352 0.0702515 0.0361328 0.0622559 0.640625
22 0.398438 0.524414 0.0527344 0.0449219 0.640625
6 0.46582 0.527344 0.0351562 0.0410156 0.611328
10 0.685059 0.866211 0.0371094 0.0703125 0.602051
5 0.356445 0.00791931 0.0292969 0.0156555 0.584961
22 0.855469 0.00737 0.0292969 0.014679 0.571777
6 0.985352 0.00829315 0.0292969 0.0164948 0.571777
23 0.356445 0.522461 0.03125 0.0429688 0.560059
6 0.991211 0.0835114 0.0175781 0.0429382 0.527344
10 0.383789 0.34375 0.0439453 0.0751953 0.527344
18 0.620605 0.1604 0.0546875 0.064209 0.525391
