18 0.537109 0.883789 0.0400391 0.0498047 0.983398
12 0.618164 0.960938 0.0351562 0.0625 0.983398
18 0.507812 0.548828 0.0400391 0.0527344 0.970703
12 0.172363 0.900391 0.0351562 0.078125 0.970703
10 0.35791 0.630371 0.0283203 0.0673828 0.969238
0 0.614746 0.633301 0.0615234 0.0458984 0.969238
12 0.225586 0.968262 0.0341797 0.0634766 0.967773
5 0.483887 0.380127 0.0341797 0.0478516 0.966309
5 0.270996 0.895508 0.0371094 0.0458984 0.963867
7 0.0947266 0.982422 0.0388184 0.0351562 0.961426
21 0.559082 0.39209 0.0419922 0.0625 0.960938
21 0.448242 0.902344 0.043457 0.0625 0.959473
0 0.641602 0.377441 0.0625 0.0546875 0.955078
5 0.0953369 0.391602 0.0395508 0.0478516 0.954102
22 0.654297 0.71875 0.0390625 0.0449219 0.952637
2 0.245605 0.473877 0.027832 0.0458984 0.94873
2 0.611816 0.463867 0.0322266 0.0439453 0.946777
8 0.174805 0.562012 0.0393066 0.0429688 0.944824
4 0.422852 0.805664 0.03125 0.0449219 0.944824
5 0.376465 0.892578 0.0361328 0.0488281 0.944824
14 0.0114975 0.970703 0.0150604 0.0585938 0.942871
6 0.572754 0.720703 0.0419922 0.0419922 0.94043
10 0.658203 0.875 0.0410156 0.0654297 0.938477
7 0.0681763 0.741211 0.0405273 0.0625 0.936035
5 0.577148 0.884766 0.0351562 0.0410156 0.934082
11 0.110962 0.80957 0.0375977 0.0664062 0.933105
2 0.496582 0.720703 0.0322266 0.0449219 0.931641
14 0.0732422 0.88916 0.0205078 0.0673828 0.925781
9 0.658203 0.96875 0.0429688 0.0458984 0.925781
5 0.568359 0.806641 0.0390625 0.0449219 0.922852
5 0.366699 0.471191 0.0351562 0.0424805 0.92041
2 0.47168 0.973633 0.0317383 0.046875 0.919434
5 0.153931 0.816406 0.0393066 0.0488281 0.917969
2 0.410156 0.723633 0.0302734 0.046875 0.916016
7 0.431396 0.977539 0.0385742 0.0429688 0.915527
13 0.602051 0.540527 0.0253906 0.0722656 0.914062
2 0.107056 0.733398 0.0302734 0.046875 0.910645
4 0.0362854 0.391602 0.0299683 0.0566406 0.90918
10 0.544434 0.625488 0.0351562 0.0664062 0.901855
7 0.306885 0.391357 0.0395508 0.0708008 0.901367
22 0.157593 0.391113 0.0314941 0.0419922 0.898926
6 0.0785065 0.56543 0.0402527 0.0449219 0.896973
6 0.139404 0.981445 0.043457 0.0371094 0.895508
14 0.346191 0.880371 0.019043 0.0664062 0.891602
6 0.0559082 0.820312 0.0461426 0.0429688 0.88623
6 0.0419388 0.900391 0.0384369 0.0429688 0.878418
12 0.3479 0.37207 0.0390625 0.0703125 0.872559
6 0.22998 0.646484 0.0375977 0.0449219 0.872559
8 0.344238 0.810547 0.0410156 0.0458984 0.872559
18 0.126831 0.558105 0.050293 0.0546875 0.869629
14 0.240479 0.884766 0.0214844 0.0664062 0.861328
12 0.295898 0.801758 0.0537109 0.0673828 0.859863
22 0.331543 0.556641 0.0351562 0.0419922 0.849121
2 0.378906 0.810059 0.0283203 0.0410156 0.841797
4 0.211792 0.37793 0.0390625 0.0742188 0.839844
21 0.404785 0.483643 0.0419922 0.0600586 0.838867
13 0.475586 0.790039 0.0200195 0.0761719 0.833496
0 0.259033 0.383545 0.0522461 0.046875 0.825684
4 0.519531 0.379883 0.0351562 0.0458984 0.823242
14 0.454102 0.369629 0.0224609 0.0712891 0.816406
2 0.273438 0.476807 0.0244141 0.0297852 0.803223
6 0.299805 0.726562 0.0410156 0.0488281 0.794434
6 0.0426559 0.981445 0.0416412 0.0371094 0.792969
13 0.408691 0.371582 0.0214844 0.0693359 0.771973
6 0.561523 0.553711 0.0585938 0.0449219 0.769043
0 0.132843 0.647461 0.0682983 0.0458984 0.764648
7 0.614746 0.896484 0.0390625 0.0585938 0.762207
6 0.489746 0.466797 0.0429688 0.0419922 0.744629
22 0.299316 0.977539 0.0351562 0.0439453 0.741699
5 0.660156 0.631836 0.0292969 0.0253906 0.741699
10 0.190186 0.635742 0.0444336 0.0683594 0.686035
13 0.211182 0.725586 0.0214844 0.0576172 0.682617
10 0.2771 0.717773 0.0302734 0.0683594 0.663574
18 0.182861 0.730469 0.0317383 0.0429688 0.663574
13 0.042511 0.806641 0.0245972 0.0683594 0.658203
12 0.210815 0.905273 0.0334473 0.0576172 0.656738
22 0.503418 0.634766 0.0341797 0.0410156 0.656738
7 0.0100479 0.394043 0.0198822 0.0537109 0.647949
18 0.241699 0.728516 0.034668 0.0429688 0.647949
6 0.487305 0.888672 0.0400391 0.0419922 0.645996
10 0.504761 0.797363 0.0314941 0.0683594 0.625977
13 0.126923 0.384277 0.0274048 0.0737305 0.598145
7 0.524414 0.811523 0.0429688 0.0693359 0.59082
8 0.445801 0.473389 0.0400391 0.0507812 0.577637
22 0.518555 0.972656 0.0361328 0.046875 0.57373
6 0.113403 0.898926 0.0541992 0.0478516 0.556641
23 0.262146 0.977539 0.0343018 0.0410156 0.550781
18 0.361084 0.726562 0.0561523 0.0449219 0.546875
18 0.0757446 0.479492 0.055542 0.0507812 0.527344
14 0.172852 0.96875 0.0214844 0.0625 0.527344
11 0.0102539 0.896484 0.0204468 0.0585938 0.507812
