19 0.927734 0.195679 0.0566406 0.0866699 0.981934
2 0.62207 0.972656 0.0703125 0.0546875 0.980957
9 0.819336 0.192017 0.0800781 0.0935059 0.978027
1 0.945312 0.414062 0.0800781 0.135254 0.977539
7 0.659668 0.812988 0.0966797 0.141602 0.972168
23 0.831055 0.390137 0.0673828 0.0878906 0.969727
4 0.699707 0.380371 0.0683594 0.113281 0.969238
2 0.86377 0.96875 0.0693359 0.0625 0.964355
8 0.954102 0.96875 0.0820312 0.0625 0.962891
2 0.761719 0.390625 0.0585938 0.0869141 0.961914
22 0.813477 0.788086 0.078125 0.0859375 0.961426
8 0.921875 0.0210266 0.0820312 0.0420532 0.960449
6 0.730957 0.196777 0.0869141 0.0893555 0.960449
5 0.835938 0.0213013 0.0742188 0.0426025 0.95752
5 0.619141 0.0211487 0.0800781 0.0422974 0.956543
11 0.901855 0.765625 0.0810547 0.136719 0.954102
8 0.213623 0.0216064 0.0888672 0.0430908 0.952148
23 0.742188 0.789551 0.0664062 0.0898438 0.944824
0 0.726562 0.0195007 0.123047 0.0390015 0.943848
1 0.253418 0.972656 0.0825195 0.0546875 0.942871
0 0.9375 0.591797 0.119141 0.0957031 0.939453
7 0.555664 0.813477 0.0996094 0.139648 0.929199
5 0.459473 0.793945 0.0820312 0.09375 0.924805
5 0.972656 0.785156 0.0546875 0.09375 0.894043
23 0.980469 0.19165 0.0390625 0.0830078 0.891602
13 0.526367 0.551636 0.0488281 0.170166 0.888672
8 0.530396 0.972168 0.0876465 0.0556641 0.888672
4 0.14856 0.969727 0.088623 0.0605469 0.848145
5 0.491211 0.0212555 0.107422 0.042511 0.824219
9 0.02005 0.591797 0.0400391 0.110352 0.811523
16 0.0480957 0.974609 0.0959473 0.0507812 0.782715
2 0.387207 0.801758 0.0341797 0.0449219 0.762207
4 0.306152 0.024231 0.0791016 0.0483398 0.760742
5 0.0892334 0.0236511 0.145752 0.0473022 0.710449
21 0.16394 0.200806 0.116943 0.0922852 0.660156
2 0.98584 0.021347 0.0283203 0.0426941 0.607422
10 0.722656 0.947266 0.0859375 0.105469 0.607422
