35 0.477051 0.482666 0.0585938 0.065918 0.991699
18 0.403076 0.407227 0.0400391 0.0595703 0.986816
18 0.885742 0.87793 0.0429688 0.0546875 0.980957
12 0.613281 0.0960083 0.0390625 0.0684814 0.975586
18 0.674316 0.792969 0.0439453 0.0625 0.974121
10 0.218262 0.791992 0.0322266 0.0625 0.973633
12 0.856445 0.796875 0.0664062 0.0703125 0.972168
21 0.427734 0.270935 0.0527344 0.0587158 0.960449
5 0.665039 0.569336 0.0351562 0.0410156 0.958984
18 0.608398 0.479004 0.0439453 0.0585938 0.958496
1 0.759277 0.890625 0.0390625 0.0566406 0.957031
2 0.760254 0.104126 0.03125 0.0395508 0.956543
2 0.803223 0.262451 0.0322266 0.0361328 0.956543
24 0.49585 0.652832 0.0375977 0.0498047 0.956543
2 0.483887 0.804688 0.0302734 0.0390625 0.956543
6 0.798828 0.883301 0.0380859 0.0449219 0.956543
10 0.26001 0.483643 0.0307617 0.0649414 0.955566
21 0.973633 0.655273 0.0507812 0.0605469 0.95459
7 0.556152 0.890137 0.0419922 0.0576172 0.95166
1 0.0821381 0.970703 0.040802 0.0566406 0.951172
5 0.865723 0.338623 0.0361328 0.0400391 0.949219
2 0.689453 0.646484 0.03125 0.0410156 0.949219
4 0.176025 0.803711 0.0256348 0.046875 0.94873
0 0.970703 0.0245056 0.0585938 0.0424194 0.946289
5 0.709961 0.962891 0.0361328 0.0429688 0.946289
2 0.631836 0.257324 0.03125 0.0395508 0.944824
8 0.911621 0.807129 0.0371094 0.0410156 0.943359
22 0.583008 0.416992 0.0351562 0.0380859 0.942383
5 0.569824 0.262939 0.0322266 0.0385742 0.941406
18 0.217285 0.0919037 0.043457 0.0652161 0.94043
18 0.844727 0.951172 0.0449219 0.0634766 0.939941
18 0.0714722 0.56543 0.0438232 0.0527344 0.937012
18 0.0764771 0.877441 0.0396729 0.0537109 0.937012
18 0.355225 0.0986328 0.0512695 0.0515137 0.936523
8 0.151367 0.260986 0.0336914 0.0410156 0.935547
5 0.459473 0.103882 0.0361328 0.0405273 0.934082
13 0.645508 0.0908356 0.0195312 0.070282 0.932617
24 0.579102 0.188477 0.0371094 0.0512695 0.932617
4 0.373535 0.0236969 0.03125 0.0398254 0.932129
2 0.710938 0.882812 0.0332031 0.0449219 0.932129
22 0.770508 0.491699 0.0371094 0.0400391 0.931152
22 0.944336 0.571289 0.0371094 0.0410156 0.930664
5 0.759766 0.805176 0.0371094 0.0419922 0.930664
2 0.861816 0.41748 0.03125 0.0351562 0.929199
5 0.541992 0.962891 0.0332031 0.046875 0.925781
5 0.946289 0.184448 0.0371094 0.0400391 0.923828
2 0.218506 0.41626 0.0270996 0.0375977 0.923828
2 0.953125 0.413818 0.03125 0.0385742 0.922852
2 0.361328 0.34082 0.0302734 0.0361328 0.921875
0 0.830078 0.728027 0.0566406 0.0410156 0.921875
2 0.775391 0.727539 0.0332031 0.0410156 0.921875
7 0.706055 0.19104 0.0410156 0.0532227 0.921387
4 0.822266 0.0237122 0.03125 0.0472412 0.921387
0 0.427734 0.804688 0.0546875 0.0410156 0.920898
6 0.862305 0.107422 0.0371094 0.045166 0.918945
6 0.71875 0.805664 0.0371094 0.0429688 0.916016
21 0.182373 0.422852 0.046875 0.0576172 0.915527
22 0.289062 0.419922 0.0371094 0.0371094 0.914062
9 0.496094 0.105225 0.0351562 0.0388184 0.913086
9 0.368408 0.725098 0.0375977 0.0419922 0.909668
2 0.613281 0.182373 0.03125 0.0393066 0.90918
11 0.113647 0.170776 0.0383301 0.0639648 0.908691
6 0.117188 0.885742 0.0349121 0.0380859 0.908691
2 0.160767 0.960938 0.0332031 0.0400391 0.907227
9 0.795898 0.803711 0.0361328 0.0390625 0.905273
0 0.819824 0.340332 0.0507812 0.0390625 0.904785
7 0.315918 0.8125 0.0478516 0.0546875 0.903809
2 0.152344 0.880859 0.0322266 0.0449219 0.903809
5 0.854004 0.649902 0.0361328 0.0410156 0.902832
5 0.987305 0.182129 0.0253906 0.0444336 0.901367
18 0.713867 0.334961 0.0546875 0.0507812 0.901367
5 0.470215 0.958984 0.0371094 0.0400391 0.901367
5 0.90332 0.10553 0.0371094 0.0394287 0.898438
1 0.820312 0.110291 0.0351562 0.0535889 0.898438
9 0.112061 0.727051 0.0356445 0.0419922 0.897461
4 0.400635 0.49292 0.0268555 0.043457 0.896973
8 0.736328 0.726562 0.0371094 0.0429688 0.896973
9 0.487061 0.570312 0.0356445 0.0410156 0.894043
18 0.213379 0.723633 0.0517578 0.0488281 0.894043
2 0.188232 0.259705 0.03125 0.038208 0.893066
13 0.265625 0.714844 0.0195312 0.0683594 0.888672
6 0.122925 0.964844 0.0395508 0.0390625 0.888672
7 0.814941 0.575195 0.0429688 0.078125 0.887207
13 0.0828857 0.714844 0.0227051 0.0703125 0.887207
10 0.0775146 0.794922 0.0366211 0.0664062 0.88623
22 0.654785 0.339844 0.0371094 0.0390625 0.884766
18 0.538574 0.415039 0.0527344 0.0449219 0.883301
2 0.251404 0.566406 0.0362549 0.0390625 0.881836
13 0.916504 0.17041 0.0195312 0.0693359 0.879883
2 0.281494 0.491455 0.0322266 0.0375977 0.878418
21 0.640625 0.0236206 0.0527344 0.0469971 0.876465
4 0.515625 0.878418 0.0253906 0.0507812 0.876465
6 0.444824 0.41748 0.0380859 0.0385742 0.875
22 0.0714111 0.0236816 0.0360107 0.0413818 0.874023
13 0.923828 0.403809 0.0195312 0.0654297 0.870605
2 0.244385 0.18103 0.034668 0.0393066 0.868652
13 0.640137 0.791992 0.0224609 0.0722656 0.864258
2 0.419922 0.881348 0.0341797 0.0429688 0.864258
18 0.215332 0.488281 0.0556641 0.046875 0.859863
13 0.920898 0.871094 0.0195312 0.0703125 0.858887
2 0.54541 0.103027 0.03125 0.0388184 0.85791
14 0.0620728 0.716797 0.0167236 0.0644531 0.854004
13 0.166748 0.0233154 0.0224609 0.0454102 0.852051
13 0.259033 0.405762 0.0185547 0.0703125 0.851074
6 0.384033 0.806152 0.0297852 0.0371094 0.849121
14 0.938477 0.479492 0.015625 0.0625 0.844727
2 0.835938 0.878906 0.0322266 0.046875 0.841797
32 0.328125 0.880859 0.043457 0.0820312 0.84082
13 0.374756 0.481689 0.0200195 0.0629883 0.838867
22 0.886719 0.963379 0.0371094 0.0439453 0.838867
13 0.958984 0.480713 0.0195312 0.065918 0.837402
6 0.803711 0.647461 0.0390625 0.0410156 0.836426
4 0.634766 0.569336 0.0253906 0.0449219 0.831055
2 0.480957 0.024765 0.0371094 0.0416565 0.829102
13 0.387207 0.248901 0.0234375 0.0710449 0.827637
4 0.926758 0.646484 0.0253906 0.046875 0.82666
14 0.740234 0.171143 0.0136719 0.0627441 0.823242
7 0.124512 0.0311279 0.0629883 0.0581055 0.822266
2 0.771484 0.0266724 0.0292969 0.0418091 0.819824
4 0.507324 0.181641 0.0234375 0.0458984 0.819824
21 0.0782471 0.278809 0.0532227 0.0761719 0.817383
16 0.601562 0.800781 0.0488281 0.0449219 0.804199
4 0.890625 0.414551 0.0244141 0.0419922 0.799316
9 0.293701 0.647461 0.0356445 0.0390625 0.792969
12 0.98877 0.95459 0.0214844 0.0664062 0.789062
11 0.683105 0.093811 0.0537109 0.0628662 0.782715
2 0.0667725 0.412598 0.0354004 0.0478516 0.78125
24 0.577148 0.112671 0.0332031 0.0517578 0.778809
10 0.22229 0.327148 0.0505371 0.0654297 0.771973
19 0.291992 0.723633 0.0292969 0.0429688 0.762207
2 0.545898 0.18396 0.0332031 0.041748 0.741699
2 0.761719 0.961914 0.0605469 0.0429688 0.740234
2 0.613281 0.725586 0.03125 0.0390625 0.73584
1 0.972656 0.347656 0.0390625 0.0546875 0.733887
8 0.577148 0.962891 0.0351562 0.0429688 0.733887
6 0.356445 0.495605 0.0546875 0.0371094 0.732422
12 0.195312 0.871094 0.0280762 0.0683594 0.732422
10 0.235596 0.800781 0.0273438 0.0449219 0.730957
12 0.463379 0.871582 0.0351562 0.0693359 0.729492
4 0.417969 0.0255432 0.0322266 0.0447388 0.715332
24 0.963867 0.803711 0.0546875 0.0429688 0.713867
0 0.65918 0.884277 0.0605469 0.0400391 0.713867
14 0.795898 0.0238953 0.015625 0.0476685 0.712402
2 0.280273 0.177856 0.0332031 0.0441895 0.710449
2 0.65625 0.726074 0.0566406 0.0410156 0.705566
2 0.539062 0.261963 0.0244141 0.0400391 0.705566
0 0.296875 0.024353 0.0371094 0.0427246 0.694336
2 0.117798 0.259033 0.0288086 0.0385742 0.694336
1 0.820312 0.496338 0.0380859 0.0551758 0.694336
23 0.729492 0.105042 0.0292969 0.0386963 0.689453
8 0.330078 0.964844 0.0361328 0.0410156 0.679199
4 0.894043 0.182251 0.0283203 0.0402832 0.677246
0 0.309082 0.260986 0.0429688 0.0375977 0.677246
14 0.517578 0.481201 0.015625 0.0620117 0.673828
12 0.804688 0.410645 0.0625 0.0712891 0.668945
22 0.340332 0.646484 0.0390625 0.0410156 0.666992
4 0.0640869 0.49292 0.0263672 0.043457 0.665527
24 0.267578 0.806641 0.027832 0.0410156 0.665527
7 0.53418 0.345703 0.0371094 0.0629883 0.662109
6 0.336426 0.0256195 0.0380859 0.0401917 0.660156
4 0.365479 0.961426 0.0288086 0.0449219 0.651367
2 0.292725 0.340332 0.0639648 0.0390625 0.645996
4 0.252441 0.880859 0.0239258 0.0478516 0.645996
22 0.986328 0.491699 0.0273438 0.0429688 0.645996
12 0.982422 0.724609 0.0351562 0.0742188 0.642578
2 0.877441 0.0227356 0.0302734 0.0437622 0.62793
18 0.337646 0.567383 0.0649414 0.0498047 0.62793
13 0.571777 0.569336 0.00488281 0.0371094 0.625977
7 0.379883 0.193115 0.0649414 0.0634766 0.618652
18 0.88916 0.726074 0.0566406 0.0410156 0.611328
13 0.907227 0.556641 0.0244141 0.0664062 0.609375
4 0.514648 0.960938 0.0234375 0.0449219 0.609375
0 0.87793 0.567383 0.0761719 0.0410156 0.607422
6 0.216797 0.961914 0.0566406 0.0410156 0.604004
18 0.987793 0.56543 0.0244141 0.0585938 0.602051
18 0.964844 0.873047 0.0546875 0.0625 0.598145
22 0.853027 0.26001 0.0625 0.0449219 0.57959
0 0.604492 0.337646 0.0546875 0.0419922 0.577637
4 0.355957 0.803711 0.0283203 0.0449219 0.569824
23 0.42627 0.963379 0.0322266 0.0390625 0.567871
1 0.434082 0.732422 0.0390625 0.0595703 0.565918
24 0.72168 0.646484 0.03125 0.0410156 0.550781
6 0.09375 0.495117 0.0332031 0.0419922 0.535156
13 0.996094 0.333984 0.0078125 0.0712891 0.525391
13 0.22522 0.870117 0.0241699 0.0683594 0.523438
13 0.624023 0.321533 0.0263672 0.074707 0.521484
14 0.248291 0.71582 0.015625 0.0644531 0.513672
21 0.466797 0.181641 0.0566406 0.0424805 0.509766
13 0.995117 0.786133 0.00976562 0.0722656 0.509766
18 0.140106 0.560547 0.0464478 0.0644531 0.503906
13 0.979492 0.0843506 0.0273438 0.0646973 0.501953
4 0.155029 0.728516 0.0461426 0.0400391 0.501953
