8 0.233972 0.911032 0.0399582 0.0403323 0.970656
13 0.322973 0.898262 0.0285567 0.0675035 0.946805
14 0.440821 0.729037 0.0180465 0.0648389 0.935395
8 0.516909 0.91149 0.0369982 0.0372672 0.906314
13 0.38597 0.555252 0.0234154 0.0742897 0.885585
8 0.156077 0.909102 0.0402266 0.0409784 0.884772
14 0.289712 0.975766 0.0214019 0.0484688 0.883811
15 0.17257 0.815282 0.073207 0.06585 0.881114
2 0.690092 0.910552 0.0290867 0.0439938 0.753637
5 0.113999 0.984951 0.0363249 0.0300977 0.725379
8 0.0722572 0.986068 0.0403695 0.0278645 0.655869
2 0.0367087 0.738059 0.0284603 0.0454075 0.65215
