11 0.823242 0.932617 0.0917969 0.133789 0.987793
12 0.949707 0.539917 0.100586 0.144775 0.978516
9 0.849609 0.362549 0.0957031 0.101074 0.977539
4 0.560547 0.557617 0.0683594 0.116211 0.977051
18 0.353271 0.939453 0.0952148 0.121094 0.973145
0 0.581055 0.763672 0.144531 0.09375 0.970215
2 0.738281 0.958496 0.0703125 0.0830078 0.96875
1 0.250427 0.960938 0.0899658 0.078125 0.967773
18 0.851074 0.745605 0.0947266 0.128906 0.967285
0 0.0551758 0.961914 0.109985 0.0761719 0.963379
18 0.40625 0.735352 0.155273 0.152344 0.959961
5 0.92041 0.95752 0.0878906 0.0849609 0.95166
16 0.487305 0.961426 0.103516 0.0771484 0.947754
14 0.670898 0.935059 0.0449219 0.129883 0.945801
5 0.637695 0.566895 0.0878906 0.102539 0.937012
4 0.836426 0.557617 0.0722656 0.103516 0.911621
4 0.823242 0.160889 0.0722656 0.115723 0.901367
46 0.938477 0.160614 0.123047 0.106018 0.898926
8 0.0440063 0.770996 0.0880127 0.101562 0.880859
5 0.978027 0.731934 0.0439453 0.143555 0.863281
8 0.960938 0.352051 0.078125 0.134766 0.85498
5 0.0171661 0.378418 0.0342102 0.0869141 0.824219
7 0.730957 0.782227 0.145508 0.130859 0.770508
4 0.983398 0.932617 0.0332031 0.134766 0.766113
21 0.939453 0.0305176 0.119141 0.0609741 0.744629
13 0.931641 0.731445 0.0400391 0.195312 0.737305
4 0.357178 0.107361 0.0825195 0.0579834 0.686035
0 0.51123 0.00949097 0.145508 0.0189819 0.644043
8 0.265869 0.0121918 0.0898438 0.0243225 0.541016
