10 0.664551 0.538086 0.0283203 0.0742188 0.992676
21 0.302734 0.818359 0.0395508 0.0585938 0.989258
21 0.870117 0.469971 0.0410156 0.0620117 0.986328
10 0.762695 0.788574 0.0371094 0.0703125 0.984863
8 0.423828 0.971191 0.0361328 0.0400391 0.982422
21 0.652344 0.641602 0.0390625 0.0595703 0.981445
35 0.197266 0.720703 0.0546875 0.078125 0.974609
7 0.48584 0.895508 0.0546875 0.0625 0.96875
21 0.26416 0.481445 0.0366211 0.0595703 0.965332
7 0.283936 0.563965 0.0385742 0.0615234 0.963867
8 0.36377 0.890137 0.0410156 0.046875 0.963379
6 0.864746 0.961914 0.0390625 0.0429688 0.961914
4 0.728516 0.541016 0.0273438 0.0449219 0.958496
6 0.146973 0.976562 0.0366211 0.0410156 0.956055
6 0.325684 0.554688 0.0390625 0.0439453 0.953125
9 0.36377 0.552734 0.0371094 0.046875 0.953125
6 0.862305 0.792969 0.0390625 0.0410156 0.952637
2 0.834961 0.709473 0.03125 0.0517578 0.951172
12 0.275391 0.723633 0.0341797 0.0839844 0.94873
6 0.564453 0.802734 0.0371094 0.0429688 0.948242
7 0.786133 0.470947 0.0371094 0.0600586 0.947266
18 0.753906 0.706543 0.0400391 0.0546875 0.944824
5 0.227783 0.807617 0.0405273 0.0478516 0.941895
4 0.535156 0.543945 0.0332031 0.0527344 0.941895
18 0.169922 0.383301 0.0395508 0.0507812 0.939453
0 0.935547 0.625977 0.0625 0.0537109 0.938477
7 0.789062 0.550781 0.0351562 0.0556641 0.936523
0 0.0631104 0.562012 0.0581055 0.0498047 0.936035
7 0.791016 0.887695 0.0546875 0.0605469 0.936035
13 0.399414 0.794922 0.0258789 0.0703125 0.93457
2 0.401855 0.63916 0.0263672 0.0429688 0.933594
2 0.0641022 0.896484 0.0314636 0.0449219 0.931152
0 0.811523 0.794434 0.0605469 0.0488281 0.930176
9 0.185303 0.975586 0.0366211 0.046875 0.930176
13 0.0717773 0.802734 0.019043 0.0664062 0.927246
5 0.808594 0.374512 0.0390625 0.0507812 0.926758
18 0.155273 0.636719 0.0371094 0.0556641 0.926758
0 0.178345 0.473633 0.0583496 0.0527344 0.925293
5 0.580566 0.546875 0.0537109 0.0449219 0.922363
13 0.0246277 0.548828 0.0182495 0.0644531 0.920898
7 0.645508 0.385742 0.0380859 0.0634766 0.919434
18 0.38916 0.376953 0.0410156 0.0634766 0.919434
0 0.598145 0.713867 0.0654297 0.0449219 0.918457
9 0.433105 0.804688 0.0375977 0.0449219 0.917969
8 0.382812 0.970703 0.0415039 0.046875 0.917969
2 0.511841 0.969238 0.032959 0.046875 0.917969
4 0.699219 0.960938 0.0332031 0.0546875 0.914062
16 0.460938 0.71875 0.0390625 0.0507812 0.913574
2 0.0116348 0.814453 0.0232697 0.0488281 0.913574
2 0.473389 0.548828 0.0244141 0.0488281 0.911133
13 0.928711 0.858398 0.0234375 0.0761719 0.911133
0 0.482666 0.635742 0.0629883 0.0449219 0.910645
5 0.951172 0.958984 0.0351562 0.0488281 0.910645
22 0.0649414 0.978027 0.0302734 0.0390625 0.910645
13 0.65625 0.44873 0.0185547 0.0688477 0.909668
0 0.496582 0.803711 0.0585938 0.0498047 0.909668
5 0.822266 0.962891 0.0410156 0.0488281 0.90918
4 0.950195 0.704102 0.0351562 0.0605469 0.905273
4 0.948242 0.534668 0.03125 0.0537109 0.904785
5 0.945801 0.459473 0.0380859 0.0488281 0.902832
13 0.497314 0.539062 0.0219727 0.078125 0.901367
4 0.530273 0.62793 0.0341797 0.0566406 0.897461
21 0.850586 0.638184 0.0410156 0.0585938 0.896973
9 0.336426 0.381348 0.0351562 0.0498047 0.895508
2 0.571289 0.884766 0.0263672 0.0449219 0.895508
7 0.634766 0.972168 0.0371094 0.0556641 0.891113
4 0.00985718 0.976074 0.0195007 0.0458984 0.891113
18 0.887695 0.541992 0.0390625 0.0585938 0.888672
9 0.404541 0.721191 0.0361328 0.046875 0.888184
6 0.82666 0.459717 0.0400391 0.0483398 0.879883
0 0.248291 0.893555 0.0786133 0.046875 0.878906
5 0.887695 0.625 0.0332031 0.0449219 0.877441
5 0.340332 0.470459 0.0390625 0.0522461 0.875977
8 0.0977783 0.72998 0.0366211 0.0419922 0.875
8 0.302002 0.471191 0.0366211 0.0483398 0.871582
2 0.671875 0.882812 0.0283203 0.0429688 0.868652
10 0.783203 0.618164 0.0292969 0.0722656 0.867188
22 0.035675 0.478516 0.0328369 0.0410156 0.866211
6 0.812012 0.628906 0.0390625 0.0488281 0.866211
5 0.229126 0.470215 0.034668 0.0429688 0.865234
8 0.0300598 0.896973 0.0340576 0.0449219 0.863281
13 0.920898 0.530273 0.0273438 0.0703125 0.86084
10 0.0855713 0.466309 0.0356445 0.0639648 0.854004
0 0.132538 0.895996 0.0811157 0.0458984 0.84082
8 0.638184 0.881836 0.0341797 0.0439453 0.835449
13 0.161377 0.883301 0.0239258 0.0673828 0.830078
8 0.907227 0.455566 0.0351562 0.0419922 0.825684
14 0.594727 0.791016 0.0214844 0.0722656 0.820801
4 0.120239 0.469238 0.0339355 0.0566406 0.816406
14 0.893066 0.779297 0.0205078 0.0673828 0.81543
2 0.174805 0.811523 0.0336914 0.046875 0.813965
21 0.728516 0.386963 0.0351562 0.0595703 0.812988
2 0.303467 0.379395 0.0292969 0.0581055 0.806641
24 0.737793 0.462891 0.0380859 0.0537109 0.805664
18 0.460938 0.96875 0.0361328 0.0449219 0.804199
18 0.313965 0.884766 0.0527344 0.0605469 0.790527
13 0.669922 0.954102 0.0263672 0.0722656 0.790527
18 0.896484 0.874023 0.0371094 0.0585938 0.786621
2 0.371094 0.720703 0.0273438 0.046875 0.785156
8 0.0429153 0.727539 0.057724 0.0458984 0.777344
9 0.437988 0.884766 0.0356445 0.0449219 0.773438
5 0.635254 0.800781 0.0595703 0.0537109 0.771973
2 0.403564 0.890137 0.03125 0.0537109 0.770508
4 0.910156 0.706543 0.0429688 0.0576172 0.763672
18 0.455566 0.459473 0.0507812 0.050293 0.762207
13 0.305664 0.710938 0.0195312 0.0742188 0.759277
13 0.742676 0.614258 0.0253906 0.0800781 0.757812
13 0.188721 0.629883 0.0244141 0.0693359 0.751953
4 0.216309 0.630859 0.0332031 0.0605469 0.751953
4 0.14209 0.722656 0.0512695 0.0527344 0.73584
18 0.932617 0.372314 0.0634766 0.0507812 0.713867
14 0.118164 0.966797 0.0195312 0.0625 0.70752
0 0.584473 0.373047 0.0566406 0.0644531 0.705566
13 0.923828 0.947266 0.0214844 0.0683594 0.700684
18 0.479492 0.380615 0.0498047 0.0439453 0.699219
19 0.241699 0.723633 0.0292969 0.046875 0.6875
13 0.540039 0.792969 0.0263672 0.0644531 0.686035
22 0.0786133 0.390869 0.0355225 0.0493164 0.658203
10 0.797363 0.952148 0.0292969 0.0683594 0.645996
8 0.29834 0.974121 0.0361328 0.0429688 0.631836
13 0.615234 0.679688 0.0136719 0.0234375 0.625977
18 0.59082 0.965332 0.0507812 0.0410156 0.624512
1 0.921875 0.799805 0.0371094 0.0546875 0.616699
22 0.848633 0.544922 0.0332031 0.0488281 0.596191
23 0.602539 0.883301 0.0351562 0.0449219 0.581543
0 0.856934 0.366455 0.0576172 0.059082 0.57959
4 0.953125 0.871094 0.0332031 0.0664062 0.577637
18 0.247681 0.973633 0.0544434 0.0488281 0.577637
8 0.767578 0.375977 0.0429688 0.0522461 0.575684
6 0.429932 0.379883 0.0395508 0.0561523 0.575684
2 0.108276 0.811523 0.0544434 0.0527344 0.571777
5 0.755371 0.54541 0.0234375 0.0322266 0.552734
6 0.700684 0.628906 0.0546875 0.0410156 0.537109
13 0.2771 0.877441 0.0234375 0.0771484 0.517578
22 0.326416 0.636719 0.0351562 0.0429688 0.501953
