3 0.811523 0.472656 0.121094 0.174805 0.985352
4 0.892578 0.273438 0.0722656 0.119141 0.979492
9 0.768555 0.879883 0.0898438 0.0957031 0.978516
14 0.974121 0.664062 0.046875 0.134766 0.977539
8 0.663574 0.875488 0.0957031 0.0986328 0.976562
8 0.801758 0.676758 0.0996094 0.0996094 0.972656
11 0.758789 0.257812 0.0878906 0.133301 0.96875
19 0.353516 0.870605 0.0634766 0.09375 0.965332
2 0.576172 0.879883 0.0761719 0.0996094 0.964355
5 0.429199 0.873047 0.0839844 0.0996094 0.956543
2 0.585938 0.0822754 0.0732422 0.104004 0.955566
7 0.938477 0.504028 0.103516 0.130615 0.949219
0 0.948242 0.884277 0.103516 0.0986328 0.909668
6 0.900391 0.678223 0.0917969 0.0908203 0.905762
6 0.494141 0.0778961 0.0859375 0.0917664 0.904785
13 0.826172 0.270264 0.0410156 0.164551 0.897461
13 0.984375 0.0657959 0.03125 0.131104 0.818848
8 0.687012 0.0634766 0.0888672 0.126709 0.720215
