28 0.159058 0.650391 0.114502 0.21582 0.993164
18 0.35791 0.0531311 0.111328 0.106262 0.988281
28 0.828125 0.0731201 0.107422 0.14624 0.980957
18 0.553589 0.828125 0.109619 0.138672 0.980957
27 0.913086 0.0825195 0.0546875 0.135742 0.979004
8 0.813477 0.254395 0.0996094 0.0908203 0.979004
9 0.408936 0.646484 0.0839844 0.0976562 0.979004
1 0.528198 0.673828 0.0900879 0.125 0.969238
18 0.95752 0.444824 0.0849609 0.120117 0.968262
2 0.840332 0.848145 0.0751953 0.0947266 0.966309
18 0.959961 0.639648 0.0800781 0.123047 0.962891
2 0.725586 0.650879 0.0722656 0.0957031 0.959961
1 0.294006 0.875 0.0887451 0.134766 0.958496
5 0.916504 0.258545 0.0869141 0.0913086 0.955078
16 0.805176 0.453857 0.100586 0.0893555 0.949219
7 0.29126 0.673828 0.149414 0.144531 0.946777
9 0.135376 0.849121 0.0895996 0.0957031 0.931152
6 0.62793 0.650391 0.0996094 0.09375 0.925781
13 0.891602 0.633789 0.0478516 0.152344 0.915039
16 0.813477 0.648438 0.101562 0.0966797 0.908203
13 0.885742 0.432861 0.0488281 0.14209 0.898926
7 0.745117 0.870117 0.09375 0.132812 0.876465
6 0.0338745 0.0548401 0.067749 0.0958862 0.824219
6 0.415039 0.852539 0.150879 0.0986328 0.775879
13 0.0592346 0.833984 0.0518188 0.144531 0.686035
2 0.991211 0.260254 0.0175781 0.0810547 0.682617
23 0.195679 0.0511475 0.0705566 0.100342 0.569824
