18 0.646484 0.344727 0.0429688 0.0595703 0.983398
18 0.66748 0.734375 0.0419922 0.0605469 0.975586
10 0.795898 0.263123 0.0292969 0.0655518 0.964355
9 0.947266 0.426514 0.0371094 0.0395508 0.963379
0 0.980469 0.891602 0.0371094 0.0351562 0.961914
0 0.716797 0.821289 0.0556641 0.0429688 0.961426
8 0.788574 0.355469 0.0332031 0.0400391 0.959961
5 0.602051 0.124146 0.0351562 0.0378418 0.954102
21 0.713867 0.362305 0.0517578 0.0595703 0.953125
6 0.750977 0.0441818 0.0361328 0.0385895 0.951172
14 0.573242 0.887695 0.0175781 0.0625 0.950684
2 0.755371 0.354736 0.03125 0.0380859 0.94873
5 0.626953 0.746582 0.0351562 0.0371094 0.948242
9 0.506348 0.901367 0.0371094 0.0390625 0.948242
13 0.517578 0.108398 0.0224609 0.0739746 0.946777
7 0.831055 0.901367 0.0390625 0.0546875 0.946777
13 0.838379 0.416016 0.0214844 0.0751953 0.946289
5 0.810547 0.666992 0.0371094 0.0371094 0.942383
5 0.724609 0.433105 0.0351562 0.0390625 0.941895
2 0.871582 0.115479 0.03125 0.0395508 0.94043
22 0.64209 0.979004 0.0351562 0.0380859 0.94043
8 0.824219 0.589844 0.0380859 0.0410156 0.939453
18 0.488281 0.813477 0.0410156 0.0605469 0.936523
5 0.76416 0.743652 0.0371094 0.0390625 0.935547
13 0.520996 0.80957 0.0205078 0.0722656 0.932129
0 0.921875 0.586914 0.0566406 0.0429688 0.928711
5 0.988281 0.190186 0.0234375 0.0415039 0.928223
13 0.748047 0.496094 0.0214844 0.0634766 0.927734
7 0.485352 0.130493 0.0380859 0.0539551 0.91748
13 0.678711 0.341309 0.0214844 0.0673828 0.91748
6 0.661621 0.668945 0.0390625 0.0390625 0.91748
9 0.518066 0.277344 0.0351562 0.0390625 0.915527
2 0.411377 0.358643 0.0317383 0.0380859 0.915039
5 0.774414 0.589844 0.0371094 0.0410156 0.90918
10 0.765625 0.109131 0.0292969 0.0654297 0.90332
1 0.839844 0.201294 0.0371094 0.0541992 0.90332
1 0.916016 0.280273 0.0390625 0.0576172 0.899902
4 0.543945 0.357422 0.0253906 0.0400391 0.899902
23 0.758789 0.668457 0.03125 0.0380859 0.897461
0 0.594238 0.35791 0.0517578 0.0371094 0.897461
5 0.828125 0.0385818 0.0351562 0.0449066 0.896973
9 0.65625 0.433105 0.0351562 0.0400391 0.896973
13 0.703125 0.734375 0.0214844 0.0693359 0.896973
0 0.648926 0.512573 0.0556641 0.0373535 0.896973
1 0.946289 0.356934 0.0351562 0.0517578 0.895508
2 0.545898 0.123291 0.0273438 0.0388184 0.884277
0 0.541016 0.748047 0.0517578 0.0361328 0.883301
6 0.90918 0.427002 0.0390625 0.0405273 0.881836
22 0.459961 0.589844 0.0351562 0.0380859 0.881836
5 0.67627 0.591797 0.0351562 0.0380859 0.878906
6 0.803711 0.509766 0.0273438 0.0390625 0.877441
4 0.726562 0.742676 0.0253906 0.0429688 0.875977
13 0.572266 0.964844 0.0205078 0.0703125 0.874023
5 0.905273 0.972656 0.0371094 0.0371094 0.870605
2 0.535156 0.979492 0.0322266 0.0390625 0.870605
11 0.868164 0.419922 0.0361328 0.0625 0.869629
6 0.724121 0.666992 0.0322266 0.0390625 0.868164
7 0.952148 0.19873 0.0390625 0.0541992 0.866211
13 0.446777 0.501465 0.0170898 0.0634766 0.866211
14 0.511719 0.422607 0.015625 0.0629883 0.85498
9 0.886719 0.351807 0.0351562 0.043457 0.854004
13 0.923828 0.101318 0.015625 0.0710449 0.853027
2 0.713867 0.197266 0.0273438 0.0395508 0.851074
0 0.636719 0.199463 0.0761719 0.0410156 0.851074
14 0.61377 0.966797 0.0166016 0.0625 0.850098
14 0.942383 0.0288696 0.015625 0.0576782 0.844727
13 0.77002 0.258545 0.0185547 0.0766602 0.844727
0 0.516602 0.0447922 0.0566406 0.0382233 0.841797
13 0.53418 0.42041 0.0244141 0.0683594 0.841797
19 0.845703 0.663574 0.0292969 0.0371094 0.84082
7 0.703125 0.978516 0.0644531 0.0429688 0.84082
13 0.612305 0.886719 0.0205078 0.0664062 0.836426
7 0.983398 0.666016 0.0332031 0.0517578 0.833496
11 0.772949 0.42041 0.0625 0.0654297 0.829102
5 0.481445 0.281006 0.0341797 0.0390625 0.827637
4 0.578125 0.200806 0.0253906 0.0495605 0.823242
5 0.916992 0.73877 0.0351562 0.0380859 0.818848
2 0.399658 0.050415 0.0297852 0.0389404 0.817383
8 0.422852 0.904297 0.0380859 0.0361328 0.813965
13 0.551758 0.188965 0.0175781 0.0688477 0.810547
18 0.646484 0.888184 0.0449219 0.0644531 0.801758
0 0.422607 0.12915 0.0800781 0.0437012 0.79834
22 0.543457 0.669922 0.0400391 0.0390625 0.796875
14 0.746094 0.963867 0.0166016 0.0664062 0.796875
14 0.592773 0.888672 0.0195312 0.0625 0.794434
6 0.791016 0.974609 0.0341797 0.0371094 0.788086
7 0.943359 0.822266 0.0625 0.0566406 0.78418
5 0.972656 0.0336227 0.0351562 0.0443268 0.782715
14 0.845215 0.106995 0.0185547 0.0609131 0.770508
13 0.546875 0.885742 0.0292969 0.0693359 0.770508
2 0.408203 0.282959 0.0341797 0.0419922 0.769043
2 0.708496 0.509766 0.0556641 0.0410156 0.750488
6 0.964844 0.271484 0.0566406 0.0419922 0.737305
6 0.894531 0.89502 0.0351562 0.0419922 0.737305
18 0.996094 0.0306091 0.0078125 0.057312 0.73584
0 0.518433 0.205566 0.0432129 0.0415039 0.732422
18 0.421631 0.433594 0.0566406 0.0488281 0.730957
2 0.837891 0.351807 0.0585938 0.0415039 0.728027
2 0.839844 0.739258 0.03125 0.0371094 0.70752
10 0.418457 0.737305 0.0444336 0.0664062 0.705566
8 0.875977 0.740234 0.0371094 0.0390625 0.700684
13 0.811523 0.729492 0.0214844 0.0664062 0.697754
18 0.995605 0.727539 0.00878906 0.0537109 0.682617
10 0.697754 0.186157 0.0351562 0.0639648 0.673828
18 0.702637 0.900391 0.0615234 0.0429688 0.673828
14 0.765137 0.964844 0.0166016 0.0644531 0.67041
14 0.59375 0.966797 0.015625 0.0605469 0.649414
14 0.780273 0.032196 0.0195312 0.0620728 0.647949
6 0.893066 0.505981 0.0439453 0.0388184 0.640625
22 0.986328 0.503784 0.0273438 0.0412598 0.633301
9 0.682617 0.121582 0.0361328 0.0395508 0.629883
14 0.694336 0.422119 0.0175781 0.0605469 0.62793
8 0.70166 0.0435181 0.0205078 0.0384521 0.625977
14 0.792969 0.731934 0.0166016 0.0615234 0.613281
4 0.545898 0.816406 0.0263672 0.0546875 0.611328
2 0.661133 0.821777 0.0527344 0.0400391 0.607422
18 0.863281 0.576172 0.0351562 0.0625 0.604004
19 0.520996 0.591797 0.0263672 0.0371094 0.602051
12 0.990723 0.958008 0.0185547 0.0703125 0.588867
6 0.557129 0.592285 0.0439453 0.0361328 0.586914
5 0.783203 0.897461 0.0566406 0.0390625 0.569824
2 0.450684 0.826172 0.0322266 0.0361328 0.560059
14 0.79834 0.0310669 0.0195312 0.0609741 0.546875
6 0.544922 0.592773 0.0195312 0.0351562 0.542969
4 0.858398 0.268066 0.0253906 0.0541992 0.521484
13 0.571777 0.423584 0.0195312 0.0600586 0.521484
18 0.507812 0.353027 0.0439453 0.046875 0.505859
