21 0.655273 0.398926 0.0527344 0.0605469 0.986328
11 0.98584 0.125946 0.0283203 0.0606079 0.97998
2 0.88623 0.380615 0.0302734 0.0356445 0.979004
5 0.606445 0.0770874 0.03125 0.0379639 0.974609
5 0.942871 0.0624084 0.0341797 0.0388794 0.964844
10 0.719727 0.140167 0.0292969 0.0717163 0.961426
5 0.952637 0.138916 0.0361328 0.0378418 0.958984
18 0.657715 0.14798 0.0429688 0.0507202 0.95752
21 0.768066 0.240479 0.046875 0.0712891 0.956543
4 0.856934 0.143341 0.0253906 0.043396 0.956055
2 0.829102 0.146484 0.0273438 0.0375977 0.950195
2 0.489746 0.0814209 0.03125 0.0393066 0.946777
23 0.562988 0.238281 0.0322266 0.0385742 0.946777
10 0.868652 0.368164 0.0302734 0.0634766 0.946289
21 0.620117 0.320312 0.0507812 0.0620117 0.945312
29 0.833496 0.460449 0.0625 0.0800781 0.940918
8 0.488037 0.398926 0.0356445 0.0415039 0.939453
2 0.530762 0.239258 0.0292969 0.0380859 0.936523
4 0.770508 0.465332 0.0253906 0.0458984 0.936523
6 0.728516 0.0715332 0.0390625 0.0402832 0.933105
13 0.801758 0.292969 0.0214844 0.0708008 0.92627
4 0.864258 0.0620728 0.0253906 0.041748 0.925781
2 0.524414 0.158691 0.03125 0.0380859 0.923828
2 0.434082 0.480713 0.0332031 0.0405273 0.923828
11 0.977539 0.206665 0.0410156 0.0644531 0.92041
10 0.963379 0.287109 0.0302734 0.0664062 0.909668
2 0.947754 0.375977 0.0302734 0.0380859 0.908691
13 0.690918 0.139404 0.0185547 0.0715332 0.896973
5 0.609375 0.15332 0.0351562 0.0397949 0.892578
7 0.644531 0.0821533 0.0390625 0.0532227 0.891602
5 0.896484 0.219727 0.0371094 0.0400391 0.887207
9 0.835938 0.304688 0.0351562 0.0410156 0.880859
8 0.791016 0.38623 0.0351562 0.0380859 0.879883
7 0.980469 0.0676422 0.0390625 0.0549011 0.864258
22 0.921875 0.460938 0.0351562 0.0410156 0.864258
2 0.756836 0.147461 0.0644531 0.0419922 0.854004
24 0.475098 0.48877 0.0517578 0.0527344 0.825684
13 0.580566 0.146454 0.0166016 0.0703735 0.818848
0 0.883789 0.302734 0.0371094 0.0419922 0.808105
10 0.505371 0.227905 0.0302734 0.067627 0.804199
8 0.630859 0.474854 0.0410156 0.0395508 0.799316
14 0.92334 0.129425 0.0166016 0.0599976 0.778809
2 0.613281 0.391113 0.0302734 0.0390625 0.773438
13 0.676758 0.301025 0.0234375 0.0585938 0.767578
10 0.502441 0.148071 0.0302734 0.0646973 0.762207
6 0.545898 0.47583 0.0371094 0.0415039 0.749023
0 0.42627 0.243164 0.0400391 0.0395508 0.73584
2 0.981445 0.296387 0.03125 0.0371094 0.713867
46 0.552734 0.0109177 0.0605469 0.0217438 0.6875
6 0.768555 0.0666351 0.0371094 0.0393372 0.680664
13 0.494629 0.464355 0.0166016 0.0712891 0.656738
6 0.84082 0.0662231 0.0185547 0.0385742 0.637207
13 0.828613 0.211548 0.0185547 0.064209 0.635254
13 0.475586 0.147949 0.0170898 0.0632324 0.629883
8 0.465332 0.241455 0.0380859 0.0395508 0.629883
12 0.976562 0.445801 0.0371094 0.0683594 0.618652
0 0.849609 0.224609 0.0488281 0.0412598 0.609375
2 0.420898 0.0863037 0.03125 0.041748 0.607422
13 0.475098 0.224609 0.0224609 0.0751953 0.521484
10 0.459229 0.0736084 0.0478516 0.0700684 0.515625
