12 0.614258 0.878418 0.160156 0.154297 0.995605
9 0.786133 0.694336 0.0869141 0.101562 0.97998
9 0.796875 0.89209 0.0878906 0.0947266 0.976074
5 0.691895 0.700195 0.0849609 0.0957031 0.967773
19 0.692383 0.309326 0.0615234 0.090332 0.966309
8 0.902344 0.697754 0.09375 0.09375 0.96582
18 0.794922 0.291748 0.0917969 0.126465 0.965332
4 0.619629 0.697266 0.0625 0.103516 0.962891
2 0.865234 0.109619 0.0693359 0.0913086 0.958496
23 0.348877 0.311035 0.0712891 0.0986328 0.958008
8 0.947754 0.107544 0.09375 0.0939941 0.944824
13 0.725586 0.879395 0.0517578 0.154297 0.939941
18 0.950684 0.48877 0.0986328 0.128906 0.925781
13 0.634277 0.291016 0.0498047 0.143555 0.925293
13 0.886719 0.876465 0.046875 0.138672 0.922852
13 0.868164 0.27594 0.0429688 0.161987 0.903809
22 0.791016 0.501465 0.0878906 0.0917969 0.89502
6 0.954102 0.891602 0.0917969 0.0917969 0.861328
12 0.645508 0.0800781 0.132812 0.15332 0.770508
13 0.44458 0.090271 0.050293 0.13562 0.689453
13 0.467773 0.878906 0.0888672 0.144531 0.642578
2 0.378906 0.705078 0.120117 0.0957031 0.546875
13 0.428711 0.283936 0.0878906 0.151855 0.521484
18 0.974609 0.671387 0.0507812 0.140625 0.509766
