11 0.413086 0.76709 0.0361328 0.0595703 0.975098
0 0.855469 0.986328 0.0566406 0.0273438 0.973633
18 0.629395 0.832031 0.0419922 0.0566406 0.973145
2 0.477539 0.617188 0.0332031 0.0371094 0.972656
18 0.446777 0.923828 0.0439453 0.0546875 0.969727
2 0.904297 0.985352 0.0302734 0.0292969 0.969727
5 0.396484 0.930664 0.0380859 0.0429688 0.965332
18 0.936523 0.902344 0.0410156 0.0644531 0.961426
18 0.516113 0.604492 0.0429688 0.0634766 0.958984
9 0.489014 0.771973 0.0336914 0.0400391 0.954102
0 0.377441 0.856934 0.0585938 0.0400391 0.953125
29 0.801758 0.755859 0.0566406 0.078125 0.949707
18 0.473633 0.982422 0.0410156 0.0351562 0.944824
5 0.491211 0.928711 0.0351562 0.0390625 0.943848
22 0.943359 0.835938 0.0371094 0.0410156 0.941406
6 0.982422 0.833008 0.0351562 0.0371094 0.937988
2 0.79541 0.98584 0.0322266 0.0283203 0.937012
13 0.83252 0.824707 0.0195312 0.0664062 0.932617
13 0.482422 0.84082 0.0180664 0.0644531 0.932129
22 0.856445 0.759766 0.0371094 0.0390625 0.929199
4 0.857422 0.835938 0.0253906 0.0449219 0.929199
13 0.548828 0.600586 0.0185547 0.0625 0.927246
4 0.364258 0.932129 0.0273438 0.0419922 0.915039
0 0.760742 0.606445 0.0556641 0.0371094 0.911621
2 0.897949 0.755859 0.0332031 0.0410156 0.911133
0 0.841309 0.916016 0.0546875 0.0429688 0.905762
13 0.386719 0.763672 0.0170898 0.0654297 0.90332
13 0.537109 0.981445 0.0175781 0.0371094 0.902832
5 0.889648 0.599609 0.0351562 0.0410156 0.900391
2 0.555664 0.926758 0.0273438 0.0390625 0.887207
14 0.917969 0.585938 0.0175781 0.0634766 0.879883
5 0.572754 0.767578 0.0361328 0.0429688 0.878906
22 0.850098 0.679688 0.0351562 0.0390625 0.875977
7 0.786133 0.69043 0.0380859 0.0527344 0.867188
13 0.720215 0.97168 0.0175781 0.0566406 0.862305
13 0.994141 0.660156 0.0117188 0.0683594 0.839844
22 0.979492 0.911133 0.0371094 0.0410156 0.837402
13 0.766602 0.974609 0.015625 0.0507812 0.837402
1 0.583496 0.853516 0.0400391 0.0527344 0.831055
13 0.762695 0.82666 0.015625 0.0615234 0.823242
7 0.680664 0.850098 0.0390625 0.0546875 0.813965
2 0.424072 0.851562 0.0292969 0.0439453 0.812988
6 0.615234 0.925781 0.0253906 0.0390625 0.800781
16 0.918945 0.674805 0.0498047 0.0449219 0.794434
14 0.821289 0.669922 0.0195312 0.0644531 0.764648
23 0.360352 0.777344 0.0307617 0.0390625 0.759277
6 0.453613 0.770508 0.0390625 0.0478516 0.740234
4 0.860352 0.601074 0.0214844 0.046875 0.726562
13 0.958008 0.976074 0.0185547 0.0478516 0.700684
5 0.530762 0.695801 0.0390625 0.0410156 0.689453
23 0.646484 0.919922 0.0322266 0.0371094 0.689453
18 0.818848 0.602539 0.0556641 0.0410156 0.662109
22 0.576172 0.610352 0.0332031 0.0390625 0.660156
13 0.630859 0.748047 0.0195312 0.0703125 0.633301
18 0.79541 0.833008 0.0498047 0.0507812 0.620605
2 0.536133 0.77002 0.0292969 0.0380859 0.577637
6 0.947266 0.598633 0.0371094 0.0390625 0.544922
8 0.96582 0.673828 0.0390625 0.0400391 0.544922
6 0.889648 0.90625 0.0380859 0.0576172 0.542969
13 0.755859 0.975586 0.0371094 0.0488281 0.537109
22 0.768555 0.916016 0.0585938 0.0390625 0.517578
13 0.607422 0.977539 0.0234375 0.0449219 0.511719
4 0.502075 0.850586 0.0231934 0.0429688 0.503906
