4 0.812988 0.891602 0.0654297 0.105469 0.979492
9 0.873047 0.292725 0.0839844 0.0957031 0.978516
14 0.662598 0.270935 0.0439453 0.139771 0.973633
4 0.793945 0.685547 0.0683594 0.117188 0.964355
22 0.773438 0.295654 0.0839844 0.0893555 0.958008
14 0.935547 0.47168 0.0449219 0.139648 0.956543
19 0.709961 0.897461 0.0566406 0.0859375 0.952637
14 0.762207 0.0701904 0.0449219 0.138672 0.95166
13 0.707031 0.271973 0.0429688 0.140625 0.936523
8 0.77832 0.492676 0.0898438 0.09375 0.934082
4 0.960449 0.0693359 0.0693359 0.138672 0.928223
6 0.857422 0.092514 0.136719 0.0952454 0.902832
2 0.981934 0.470215 0.0361328 0.12207 0.897461
1 0.933594 0.92334 0.09375 0.144531 0.89502
13 0.756836 0.872559 0.0351562 0.131836 0.891602
1 0.942871 0.71875 0.114258 0.140625 0.805664
4 0.62207 0.878906 0.117188 0.142578 0.577637
