2 0.0525818 0.986816 0.0310669 0.0263672 0.958984
2 0.0525513 0.601562 0.0291748 0.0361328 0.95166
4 0.172119 0.360352 0.0283203 0.0439453 0.949219
11 0.0497742 0.826172 0.0376587 0.0605469 0.928223
0 0.0464172 0.0583191 0.0532837 0.038269 0.925781
5 0.207275 0.980957 0.0375977 0.0371094 0.925293
7 0.142944 0.98291 0.0407715 0.0332031 0.921875
9 0.145264 0.286865 0.0366211 0.0429688 0.901855
1 0.112549 0.921875 0.0361328 0.0546875 0.898438
6 0.0204163 0.761719 0.0360718 0.0400391 0.879883
8 0.0706177 0.677734 0.0366211 0.0410156 0.842773
6 0.028595 0.216431 0.0166626 0.0354004 0.82666
16 0.124512 0.0479202 0.0495605 0.0428314 0.81543
2 0.106445 0.753906 0.0314941 0.0371094 0.81543
22 0.102478 0.985352 0.0394287 0.0292969 0.801758
13 0.115295 0.274658 0.0203857 0.0649414 0.79834
5 0.0772858 0.212524 0.0361023 0.0371094 0.788086
5 0.160889 0.831055 0.0336914 0.0390625 0.786621
6 0.137329 0.36377 0.0390625 0.0371094 0.777344
10 0.0908203 0.830078 0.032959 0.0742188 0.754883
22 0.0480423 0.916016 0.0600433 0.0390625 0.746094
6 0.124268 0.833008 0.036377 0.0390625 0.72168
6 0.149658 0.909668 0.0390625 0.0390625 0.692871
0 0.0736084 0.29126 0.0562744 0.0405273 0.651367
2 0.186768 0.901367 0.0327148 0.0410156 0.575684
13 0.175537 0.980957 0.0249023 0.0380859 0.53125
