18 0.638184 0.624023 0.0419922 0.0605469 0.984863
5 0.725586 0.712402 0.0351562 0.0400391 0.959473
22 0.951172 0.706055 0.0351562 0.0390625 0.956543
5 0.602051 0.874023 0.0351562 0.0390625 0.954102
6 0.750977 0.793945 0.0361328 0.0390625 0.950195
13 0.517578 0.85791 0.0224609 0.0742188 0.946777
7 0.405029 0.961914 0.0419922 0.0566406 0.944824
1 0.871582 0.71875 0.0380859 0.0546875 0.938477
13 0.518555 0.631348 0.0195312 0.0722656 0.9375
2 0.871582 0.865234 0.03125 0.0390625 0.932129
10 0.765625 0.859375 0.0292969 0.0644531 0.927246
6 0.664062 0.713867 0.0351562 0.0371094 0.921875
7 0.485352 0.879883 0.0380859 0.0527344 0.921875
5 0.498047 0.714844 0.0341797 0.0390625 0.916504
1 0.839844 0.951172 0.0371094 0.0546875 0.916504
5 0.988281 0.94043 0.0234375 0.0410156 0.916016
1 0.582031 0.801758 0.0371094 0.0537109 0.914062
22 0.663086 0.791992 0.0351562 0.0390625 0.913086
5 0.828613 0.789062 0.0351562 0.0429688 0.908691
0 0.80957 0.712891 0.0546875 0.0429688 0.894043
2 0.545898 0.873535 0.0283203 0.0380859 0.890137
8 0.710938 0.792969 0.0390625 0.0400391 0.887207
2 0.957031 0.62793 0.0332031 0.0410156 0.884277
13 0.672363 0.623535 0.0214844 0.0712891 0.878418
0 0.637695 0.94873 0.078125 0.0410156 0.877441
2 0.399658 0.800293 0.0297852 0.0390625 0.875977
7 0.952148 0.94873 0.0390625 0.0546875 0.872559
5 0.972656 0.785156 0.0351562 0.0419922 0.868164
6 0.622559 0.794922 0.0351562 0.0371094 0.858887
13 0.923828 0.851562 0.015625 0.0703125 0.85791
10 0.760742 0.70166 0.0322266 0.0673828 0.856934
2 0.713867 0.947266 0.0273438 0.0390625 0.848145
0 0.409668 0.642578 0.0717773 0.0419922 0.845703
0 0.516602 0.794922 0.0576172 0.0371094 0.841797
13 0.770508 0.984863 0.0175781 0.0302734 0.805664
6 0.911133 0.708496 0.0371094 0.0400391 0.804199
14 0.77832 0.780273 0.0195312 0.0664062 0.790527
13 0.551758 0.936523 0.0175781 0.0742188 0.790527
4 0.694824 0.712402 0.0244141 0.0439453 0.778809
0 0.422363 0.878906 0.0800781 0.0429688 0.777344
14 0.845215 0.857422 0.0185547 0.0625 0.774414
13 0.880859 0.62207 0.0175781 0.0683594 0.773438
10 0.949707 0.773438 0.0292969 0.0664062 0.773438
4 0.578125 0.949219 0.0253906 0.0517578 0.762207
18 0.914062 0.629883 0.046875 0.0410156 0.740234
10 0.697266 0.936523 0.0341797 0.0644531 0.730957
6 0.790039 0.632812 0.0566406 0.0390625 0.723145
13 0.770508 0.621094 0.0195312 0.0654297 0.72168
0 0.518555 0.955078 0.0429688 0.0410156 0.71875
24 0.399658 0.725586 0.0375977 0.0507812 0.716797
13 0.444092 0.623047 0.0180664 0.0742188 0.677246
14 0.799316 0.779785 0.015625 0.0664062 0.672363
2 0.69873 0.633301 0.03125 0.0488281 0.613281
9 0.682617 0.871094 0.0361328 0.0390625 0.613281
13 0.985352 0.982422 0.0195312 0.03125 0.592773
18 0.995117 0.623047 0.00976562 0.0546875 0.558105
18 0.641113 0.869141 0.0380859 0.046875 0.544922
10 0.473877 0.630371 0.03125 0.0683594 0.542969
18 0.996094 0.780273 0.0078125 0.0566406 0.539062
2 0.492188 0.63916 0.0273438 0.0361328 0.53125
