10 0.403809 0.174194 0.0380859 0.0661621 0.989746
10 0.702148 0.0848236 0.0371094 0.0659485 0.979492
18 0.0998535 0.0976562 0.0373535 0.0507812 0.978027
7 0.37207 0.0291443 0.0556641 0.0582886 0.958984
9 0.208252 0.0999756 0.0361328 0.045166 0.958984
0 0.261719 0.358643 0.0634766 0.0522461 0.958984
9 0.896973 0.0889893 0.0400391 0.0446777 0.94873
0 0.896973 0.258057 0.0654297 0.0507812 0.948242
6 0.12323 0.35791 0.0413818 0.0444336 0.945801
21 0.180664 0.030426 0.0375977 0.0571899 0.94043
2 0.604492 0.262146 0.03125 0.0450439 0.938965
0 0.135864 0.269531 0.0671387 0.0527344 0.9375
0 0.280273 0.186279 0.0610352 0.0471191 0.937012
0 0.907227 0.339355 0.0585938 0.0605469 0.937012
13 0.130646 0.0868073 0.0233765 0.0756531 0.934082
18 0.464355 0.260254 0.0380859 0.0595703 0.933105
5 0.848633 0.25592 0.0332031 0.0438232 0.932129
7 0.247192 0.27887 0.0622559 0.0662842 0.931152
11 0.399902 0.0898285 0.0380859 0.066925 0.930664
21 0.532227 0.282227 0.0400391 0.0664062 0.928223
2 0.915039 0.173096 0.0351562 0.0517578 0.927734
6 0.440186 0.0986328 0.0390625 0.0400391 0.927246
6 0.814941 0.0906982 0.0371094 0.0410156 0.926758
6 0.566406 0.349365 0.0371094 0.0493164 0.923828
5 0.781738 0.345703 0.0390625 0.0507812 0.922363
23 0.0991821 0.187012 0.032959 0.043457 0.915039
13 0.0240822 0.177246 0.0230637 0.0698242 0.913574
5 0.652344 0.260254 0.0390625 0.0454102 0.913574
13 0.545898 0.168579 0.0273438 0.0742188 0.913086
0 0.539062 0.100952 0.0605469 0.0471191 0.908691
13 0.865234 0.0803223 0.0253906 0.0648193 0.903809
8 0.874512 0.174438 0.0419922 0.0510254 0.90332
0 0.416992 0.269043 0.0581055 0.0458984 0.891602
13 0.749023 0.331055 0.0292969 0.078125 0.890137
6 0.192139 0.182373 0.0400391 0.0449219 0.889648
7 0.363037 0.195068 0.0375977 0.0600586 0.889648
5 0.588867 0.097229 0.0371094 0.0424805 0.888672
0 0.750977 0.257568 0.0820312 0.0483398 0.884766
18 0.349854 0.35498 0.0395508 0.0673828 0.883301
13 0.333496 0.17334 0.0224609 0.0620117 0.882324
5 0.698242 0.347168 0.0390625 0.0507812 0.874023
5 0.230713 0.18457 0.0351562 0.043457 0.872559
21 0.779297 0.103149 0.0410156 0.0581055 0.870605
8 0.420898 0.0199432 0.0419922 0.0398865 0.865234
14 0.619141 0.085144 0.0195312 0.0662842 0.85498
10 0.815918 0.246704 0.0439453 0.067627 0.844727
6 0.220215 0.0194702 0.0385742 0.0388184 0.841797
0 0.0245667 0.356934 0.0490112 0.0625 0.838867
1 0.150024 0.193115 0.041748 0.065918 0.813965
22 0.0229645 0.272949 0.0371399 0.0449219 0.810547
4 0.203857 0.354492 0.0332031 0.0478516 0.799316
8 0.740234 0.0936279 0.0371094 0.0410156 0.795898
13 0.370117 0.0859375 0.0205078 0.0755615 0.782715
14 0.727051 0.33252 0.0205078 0.0712891 0.775879
18 0.632812 0.0175171 0.046875 0.0348511 0.766113
0 0.768555 0.015625 0.0546875 0.03125 0.757812
6 0.899902 0.0152283 0.0615234 0.0303955 0.704102
18 0.8125 0.168457 0.0742188 0.0532227 0.692871
6 0.650391 0.0875244 0.0429688 0.064209 0.65332
6 0.668457 0.0162354 0.0195312 0.0324707 0.651367
6 0.720703 0.0167542 0.0341797 0.0335083 0.640625
18 0.586914 0.175781 0.0546875 0.0534668 0.62793
13 0.271484 0.0233765 0.0224609 0.0441895 0.620605
18 0.0206757 0.104553 0.0409241 0.0472412 0.602051
18 0.320801 0.10144 0.0332031 0.0439453 0.600098
18 0.312012 0.352539 0.034668 0.0507812 0.598145
14 0.596191 0.336914 0.0205078 0.0722656 0.586914
23 0.0786133 0.0209503 0.0361328 0.0419006 0.565918
14 0.844727 0.079483 0.0175781 0.0636902 0.556641
13 0.780273 0.244141 0.0253906 0.0712891 0.554688
12 0.696777 0.174072 0.0576172 0.0541992 0.546875
6 0.0337524 0.0237427 0.0578613 0.0471802 0.525391
11 0.538086 0.0213928 0.0585938 0.0427856 0.507812
