18 0.594298 0.795229 0.0419178 0.0578381 0.982161
7 0.361326 0.895113 0.0423714 0.0526413 0.97448
7 0.269924 0.816928 0.0661389 0.0542924 0.973844
9 0.215625 0.80975 0.0346368 0.0363091 0.960455
8 0.550523 0.808578 0.0346754 0.0361664 0.951036
0 0.298801 0.887673 0.0538105 0.0371876 0.949757
8 0.234595 0.96652 0.0331625 0.0360429 0.941637
4 0.220483 0.885123 0.0236458 0.0407097 0.936347
22 0.276322 0.962468 0.0341226 0.0357797 0.923035
2 0.180821 0.807339 0.0297583 0.0372789 0.92217
9 0.177567 0.886209 0.0347506 0.0376992 0.913856
0 0.926397 0.73335 0.0527515 0.0364482 0.889548
8 0.648466 0.887988 0.0348463 0.0360209 0.881464
9 0.533573 0.888146 0.0344583 0.0375831 0.872208
2 0.185947 0.964568 0.030464 0.03776 0.872153
13 0.570078 0.884302 0.0190842 0.0775357 0.841763
2 0.635187 0.809883 0.0294006 0.0362804 0.803754
0 0.478194 0.966905 0.0518864 0.0353835 0.792501
13 0.721809 0.794947 0.020419 0.073333 0.724855
14 0.821594 0.721641 0.0122113 0.0583189 0.568969
10 0.898183 0.719951 0.0320772 0.0619063 0.555806
7 0.854228 0.585275 0.0422254 0.0527318 0.537742
