5 0.950195 0.0794678 0.0351562 0.0383301 0.980957
12 0.51416 0.0823822 0.0654297 0.0698547 0.980469
18 0.226562 0.78418 0.0424805 0.0585938 0.975586
0 0.948242 0.467773 0.0585938 0.0419922 0.974121
18 0.25293 0.705078 0.0429688 0.0585938 0.973145
9 0.878906 0.700195 0.0351562 0.0371094 0.969727
18 0.740234 0.0700836 0.0449219 0.0600281 0.969238
12 0.84375 0.151733 0.0429688 0.0720215 0.969238
18 0.742188 0.778809 0.0410156 0.0527344 0.968262
5 0.228271 0.0183411 0.0354004 0.0366821 0.96582
11 0.835449 0.611328 0.0361328 0.0605469 0.96582
5 0.477051 0.866211 0.0341797 0.0429688 0.964844
11 0.791016 0.148682 0.0371094 0.0629883 0.964355
18 0.568359 0.932617 0.0429688 0.0605469 0.964355
24 0.460205 0.327881 0.0400391 0.0493164 0.963379
6 0.322266 0.0167847 0.0385742 0.0333252 0.961914
22 0.640625 0.78418 0.0371094 0.0429688 0.959961
5 0.87793 0.621582 0.0371094 0.0400391 0.955078
13 0.772949 0.76709 0.0195312 0.0664062 0.953613
5 0.31665 0.869141 0.0375977 0.0390625 0.953125
9 0.789062 0.234619 0.0351562 0.0415039 0.95166
21 0.43457 0.875 0.0458984 0.0576172 0.951172
22 0.27002 0.172119 0.0341797 0.0405273 0.94873
4 0.70166 0.859375 0.0224609 0.0429688 0.94873
2 0.343994 0.635254 0.0292969 0.0361328 0.948242
18 0.848145 0.842773 0.0458984 0.0605469 0.946289
5 0.208008 0.952148 0.0361328 0.0390625 0.943359
7 0.91748 0.397461 0.0419922 0.0546875 0.942383
0 0.939453 0.23291 0.0664062 0.0380859 0.939941
11 0.714844 0.927734 0.0371094 0.0605469 0.939941
9 0.841797 0.93457 0.0351562 0.0390625 0.939453
2 0.78125 0.0827637 0.0332031 0.0390625 0.938965
18 0.169434 0.169312 0.0405273 0.0510254 0.937988
7 0.5 0.639648 0.0410156 0.0546875 0.936035
5 0.519043 0.0157471 0.0400391 0.0314331 0.93457
9 0.0838013 0.259277 0.0343018 0.0410156 0.933105
2 0.937988 0.543945 0.0292969 0.0390625 0.932617
5 0.75293 0.39502 0.0371094 0.0380859 0.932129
0 0.219971 0.171143 0.052002 0.0358887 0.932129
4 0.359375 0.948242 0.0263672 0.0390625 0.931641
1 0.561035 0.79248 0.0380859 0.0546875 0.929199
2 0.930664 0.930176 0.0332031 0.0400391 0.927246
2 0.53418 0.244141 0.03125 0.0380859 0.926758
7 0.148438 0.961914 0.0385742 0.0546875 0.92627
38 0.751953 0.474121 0.0722656 0.0888672 0.925293
5 0.780273 0.546875 0.0351562 0.0371094 0.923828
13 0.757812 0.304199 0.0214844 0.0712891 0.922363
6 0.397949 0.169434 0.0332031 0.0371094 0.921875
18 0.0738525 0.712891 0.045166 0.0576172 0.921387
11 0.207275 0.0852051 0.0366211 0.0612793 0.920898
10 0.251892 0.475098 0.0509033 0.0664062 0.920898
5 0.849609 0.469971 0.0371094 0.0395508 0.92041
18 0.68457 0.773438 0.0400391 0.0625 0.919434
5 0.961914 0.387695 0.0371094 0.0390625 0.91748
0 0.725586 0.705566 0.0537109 0.0410156 0.91748
5 0.538574 0.477295 0.0371094 0.0395508 0.915527
6 0.439697 0.480957 0.0395508 0.0410156 0.914062
5 0.832031 0.393799 0.0371094 0.0424805 0.913574
10 0.501953 0.233398 0.0517578 0.0639648 0.913086
2 0.496826 0.320801 0.0327148 0.0400391 0.913086
5 0.303711 0.792969 0.0332031 0.0380859 0.912598
7 0.782715 0.631836 0.0634766 0.0566406 0.911621
7 0.0312881 0.96582 0.0380096 0.0546875 0.911133
1 0.741211 0.863281 0.0371094 0.0585938 0.908691
46 0.942871 0.696289 0.0791016 0.046875 0.907227
5 0.793457 0.012207 0.0380859 0.0244141 0.905762
5 0.306152 0.560547 0.0351562 0.0380859 0.905762
9 0.96582 0.774902 0.0371094 0.0419922 0.905762
13 0.583496 0.539062 0.0205078 0.0683594 0.905273
8 0.695801 0.0869141 0.0341797 0.0412598 0.904785
4 0.848633 0.310791 0.0253906 0.0454102 0.904785
6 0.601074 0.789062 0.0371094 0.0410156 0.903809
4 0.869141 0.542969 0.0244141 0.0449219 0.902832
22 0.876953 0.389404 0.0351562 0.0400391 0.901855
5 0.679199 0.706055 0.0380859 0.0390625 0.901367
5 0.0614014 0.876953 0.032959 0.0380859 0.901367
0 0.598633 0.243652 0.0742188 0.0415039 0.900391
18 0.907227 0.850586 0.0527344 0.0478516 0.899902
11 0.553711 0.544922 0.0351562 0.0605469 0.898926
10 0.41333 0.236206 0.0327148 0.0612793 0.898438
2 0.902344 0.466309 0.0273438 0.0366211 0.898438
7 0.601562 0.171875 0.0703125 0.059082 0.896973
6 0.818359 0.314453 0.0332031 0.0400391 0.896973
5 0.885742 0.158569 0.0351562 0.0393066 0.896484
13 0.187012 0.783203 0.0195312 0.0703125 0.896484
2 0.270508 0.792969 0.0292969 0.0371094 0.89502
2 0.678711 0.936523 0.0292969 0.0351562 0.893066
6 0.4375 0.24585 0.0341797 0.0375977 0.892578
22 0.954102 0.850586 0.0361328 0.0410156 0.892578
2 0.289062 0.330078 0.0292969 0.0405273 0.891113
2 0.423584 0.325684 0.03125 0.0366211 0.889648
14 0.878418 0.457031 0.0146484 0.0605469 0.888184
1 0.464355 0.948242 0.0371094 0.0527344 0.887207
7 0.0334473 0.65918 0.0386353 0.0546875 0.88623
13 0.0642242 0.637695 0.0187683 0.0742188 0.884766
10 0.891602 0.922852 0.0390625 0.0615234 0.884766
13 0.98291 0.918945 0.0195312 0.0703125 0.884766
14 0.619141 0.309326 0.015625 0.0629883 0.883301
4 0.910156 0.620117 0.0253906 0.0390625 0.881836
7 0.368164 0.413086 0.0678711 0.0556641 0.878906
0 0.526367 0.862793 0.0527344 0.0380859 0.878906
2 0.512573 0.787109 0.0314941 0.0400391 0.878418
5 0.0398254 0.799805 0.0376587 0.0390625 0.878418
19 0.567383 0.0881958 0.0292969 0.038208 0.876465
4 0.608398 0.552734 0.0234375 0.0419922 0.873047
13 0.359131 0.854492 0.0224609 0.0703125 0.871582
13 0.33374 0.935547 0.0209961 0.0683594 0.868652
8 0.921875 0.158447 0.0371094 0.0405273 0.868164
0 0.866699 0.777832 0.0751953 0.0400391 0.866211
2 0.1604 0.719727 0.0324707 0.0371094 0.866211
11 0.0933228 0.634766 0.036499 0.0625 0.863281
5 0.557617 0.708984 0.0371094 0.0449219 0.863281
2 0.306641 0.946777 0.0302734 0.0380859 0.863281
10 0.885742 0.300293 0.03125 0.0654297 0.861328
7 0.837402 0.0872955 0.0576172 0.0524597 0.859863
24 0.805664 0.786133 0.0390625 0.0507812 0.859863
2 0.406494 0.632324 0.0297852 0.0371094 0.85791
13 0.222656 0.238647 0.0185547 0.0778809 0.853027
9 0.728516 0.62793 0.0351562 0.0390625 0.853027
22 0.749512 0.159424 0.0361328 0.0380859 0.852051
6 0.543457 0.399902 0.0224609 0.0380859 0.850098
6 0.344727 0.326172 0.0351562 0.0371094 0.847168
22 0.617188 0.476074 0.0380859 0.0410156 0.842773
2 0.785156 0.700195 0.0292969 0.0371094 0.84082
4 0.284668 0.869141 0.0244141 0.0410156 0.838867
2 0.011528 0.881348 0.022934 0.0390625 0.831055
6 0.848633 0.236816 0.0390625 0.0405273 0.82666
7 0.588867 0.328125 0.0390625 0.0527344 0.825684
2 0.441406 0.788086 0.0307617 0.0410156 0.824219
4 0.259033 0.330078 0.0297852 0.0449219 0.824219
14 0.9375 0.983887 0.015625 0.0322266 0.823242
6 0.312012 0.24707 0.0351562 0.0400391 0.819824
2 0.0207214 0.572754 0.0316162 0.0400391 0.818848
7 0.251709 0.880371 0.0375977 0.0546875 0.817383
6 0.574219 0.863281 0.0371094 0.0380859 0.816406
13 0.464111 0.62207 0.0200195 0.0644531 0.81543
9 0.612305 0.862305 0.0351562 0.0410156 0.812988
6 0.413086 0.558594 0.0385742 0.0371094 0.811523
2 0.674316 0.241211 0.0322266 0.0410156 0.810547
7 0.630859 0.406982 0.0585938 0.0571289 0.808105
23 0.880859 0.076355 0.03125 0.0373535 0.806641
22 0.648926 0.320312 0.0361328 0.0429688 0.806641
21 0.875488 0.0191193 0.0400391 0.0382385 0.800781
14 0.78125 0.379883 0.0185547 0.0673828 0.800781
10 0.0250092 0.328125 0.0328064 0.0654297 0.799316
2 0.244751 0.40332 0.0334473 0.0400391 0.799316
14 0.178833 0.939453 0.017334 0.0585938 0.791992
6 0.792969 0.857422 0.0566406 0.0371094 0.790527
6 0.272949 0.951172 0.0336914 0.0371094 0.786621
10 0.0640259 0.55957 0.0531006 0.0644531 0.785156
12 0.425049 0.0753174 0.0361328 0.0668945 0.767578
4 0.967285 0.540527 0.0253906 0.0449219 0.766113
14 0.532227 0.617676 0.015625 0.0605469 0.754883
13 0.957031 0.298584 0.0195312 0.0634766 0.754883
6 0.498535 0.943359 0.0253906 0.0361328 0.740234
4 0.507935 0.398438 0.0251465 0.0439453 0.732422
13 0.441895 0.0162201 0.00976562 0.032135 0.72168
6 0.465088 0.246094 0.0195312 0.0380859 0.716797
23 0.971191 0.621094 0.0322266 0.0410156 0.715332
12 0.102051 0.786133 0.0354004 0.0566406 0.708984
6 0.508911 0.167725 0.032959 0.0405273 0.704102
6 0.55957 0.629883 0.0371094 0.0390625 0.700684
13 0.473633 0.386475 0.0214844 0.0712891 0.695801
8 0.123779 0.722656 0.0378418 0.0410156 0.695801
7 0.0528564 0.0980835 0.0415039 0.0826416 0.692871
13 0.802734 0.382324 0.0214844 0.0703125 0.692871
6 0.378662 0.0169525 0.0424805 0.033905 0.689453
6 0.810547 0.935547 0.0234375 0.0351562 0.689453
2 0.643555 0.865234 0.0175781 0.0214844 0.689453
6 0.0329514 0.494629 0.0556793 0.0380859 0.686035
10 0.197632 0.0180817 0.0266113 0.0361023 0.680664
8 0.750977 0.012146 0.0429688 0.024292 0.680664
6 0.515137 0.942383 0.0556641 0.0371094 0.680664
13 0.0257874 0.0291443 0.0240479 0.0582886 0.673828
23 0.353027 0.0932617 0.03125 0.041748 0.649414
28 0.719727 0.309326 0.0488281 0.0722656 0.649414
13 0.581055 0.0148926 0.0117188 0.0296631 0.647949
13 0.736328 0.228271 0.0214844 0.0688477 0.644043
4 0.315918 0.328613 0.0224609 0.0458984 0.640625
2 0.82666 0.996094 0.0263672 0.0078125 0.631836
2 0.672363 0.862305 0.0283203 0.0419922 0.631836
6 0.820312 0.701172 0.0371094 0.0371094 0.62793
13 0.772949 0.925781 0.0166016 0.0625 0.616699
13 0.836914 0.765625 0.0205078 0.0634766 0.607422
6 0.119934 0.413086 0.0552979 0.0371094 0.605957
7 0.934082 0.020874 0.0634766 0.041748 0.604004
5 0.978516 0.303223 0.0253906 0.0400391 0.604004
2 0.904297 0.312744 0.0292969 0.0375977 0.604004
13 0.810547 0.6875 0.015625 0.0605469 0.604004
13 0.862305 0.97998 0.0332031 0.0400391 0.604004
2 0.475586 0.160645 0.0292969 0.0463867 0.600098
5 0.992676 0.222168 0.0146484 0.046875 0.598145
13 0.0330811 0.866211 0.022522 0.0644531 0.598145
0 0.651367 0.634766 0.0742188 0.046875 0.598145
4 0.633789 0.550781 0.0273438 0.0400391 0.592773
6 0.0968628 0.0223846 0.0404053 0.0414124 0.59082
10 0.922852 0.0687408 0.0332031 0.0568542 0.59082
5 0.993164 0.6875 0.0136719 0.0371094 0.59082
13 0.224976 0.552734 0.0180664 0.0673828 0.588867
24 0.375488 0.63623 0.0302734 0.0380859 0.57959
10 0.658203 0.228516 0.0332031 0.0644531 0.577637
24 0.103149 0.883789 0.0466309 0.0546875 0.575684
18 0.166992 0.0960693 0.0405273 0.0507812 0.569824
10 0.48291 0.777832 0.0517578 0.0693359 0.565918
46 0.158203 0.566406 0.0812988 0.0488281 0.556641
13 0.629883 0.228394 0.0195312 0.0686035 0.546875
6 0.936523 0.621094 0.0332031 0.0390625 0.546875
13 0.814941 0.223877 0.0195312 0.0615234 0.539062
14 0.207642 0.556641 0.0158691 0.0683594 0.539062
7 0.152832 0.880859 0.0390625 0.0605469 0.533203
2 0.697266 0.480957 0.0175781 0.0224609 0.529297
13 0.641602 0.981445 0.015625 0.0371094 0.529297
10 0.512695 0.698242 0.046875 0.0654297 0.517578
2 0.211426 0.48584 0.0297852 0.0371094 0.513672
18 0.354004 0.561523 0.0585938 0.0410156 0.507812
