10 0.0611572 0.395752 0.0308838 0.0678711 0.961914
2 0.19043 0.0160217 0.034668 0.0319214 0.959961
7 0.0210571 0.966309 0.0419312 0.0625 0.958008
0 0.158203 0.793457 0.0581055 0.0390625 0.94873
5 0.0632935 0.949219 0.0367432 0.0371094 0.943848
5 0.177734 0.87207 0.034668 0.0390625 0.940918
5 0.0607605 0.793457 0.0368042 0.0371094 0.933105
9 0.21582 0.871582 0.0361328 0.0390625 0.929199
5 0.206055 0.47998 0.0361328 0.0395508 0.924805
0 0.0376663 0.486572 0.0550385 0.0395508 0.920898
9 0.101746 0.794434 0.0357666 0.0390625 0.92041
5 0.155518 0.169678 0.0361328 0.0366211 0.918457
14 0.0892334 0.86084 0.0183105 0.0605469 0.91748
7 0.177734 0.0975342 0.0400391 0.0554199 0.915039
5 0.117554 0.873047 0.0349121 0.0371094 0.913086
5 0.196533 0.946777 0.0332031 0.0380859 0.911621
22 0.137909 0.0942383 0.0371704 0.0407715 0.911133
2 0.0854492 0.482178 0.0322266 0.0366211 0.910645
2 0.0133514 0.0158386 0.0265808 0.0316772 0.908691
5 0.0187988 0.564453 0.0370483 0.0410156 0.908691
1 0.0453796 0.0258179 0.0354614 0.0516357 0.908203
5 0.208496 0.791016 0.0361328 0.0400391 0.905762
9 0.199951 0.244385 0.0361328 0.0395508 0.896484
2 0.203613 0.555664 0.0322266 0.0410156 0.896484
22 0.158447 0.94873 0.0366211 0.0400391 0.874023
14 0.129913 0.9375 0.0175171 0.0625 0.865234
18 0.147461 0.0199585 0.0476074 0.039917 0.855957
11 0.127441 0.629883 0.0383301 0.0664062 0.850098
13 0.0256653 0.85791 0.0211792 0.0771484 0.835449
4 0.0125122 0.172363 0.0248413 0.0488281 0.834473
9 0.136353 0.325195 0.0344238 0.0380859 0.833496
13 0.108521 0.316406 0.0183105 0.0683594 0.825684
6 0.10144 0.0182343 0.0397949 0.0364685 0.820801
14 0.176514 0.547852 0.0151367 0.0605469 0.796875
18 0.0610352 0.710449 0.0534668 0.0478516 0.790527
13 0.0310516 0.78125 0.018219 0.0664062 0.789062
6 0.102783 0.250244 0.0339355 0.0390625 0.769043
2 0.0826416 0.40625 0.0302734 0.0390625 0.757812
10 0.103027 0.548828 0.0324707 0.0625 0.751953
2 0.246582 0.874023 0.0175781 0.0214844 0.749023
6 0.100159 0.950684 0.0360107 0.0371094 0.728027
13 0.208008 0.148682 0.0290527 0.0761719 0.70752
1 0.0855713 0.103699 0.0385742 0.053833 0.684082
22 0.0580139 0.871094 0.0369263 0.0390625 0.680664
6 0.0722656 0.0181885 0.0205078 0.036377 0.673828
2 0.167236 0.246094 0.027832 0.0390625 0.663574
2 0.155029 0.558594 0.0305176 0.0351562 0.642578
14 0.182373 0.157715 0.0200195 0.0644531 0.633301
9 0.0237122 0.0946655 0.0357056 0.041626 0.552734
13 0.0992432 0.625 0.0183105 0.0644531 0.548828
13 0.168579 0.321289 0.0202637 0.0678711 0.544922
11 0.15979 0.990234 0.015625 0.0195312 0.523438
