21 0.598633 0.424561 0.0419922 0.059082 0.98291
18 0.44458 0.826172 0.0366211 0.0507812 0.979492
8 0.261963 0.749023 0.0385742 0.0429688 0.978027
11 0.127197 0.153687 0.0385742 0.0651855 0.96875
21 0.259766 0.84375 0.0390625 0.0605469 0.96582
7 0.176392 0.842773 0.0395508 0.0605469 0.961914
6 0.219238 0.831055 0.0410156 0.0390625 0.956543
6 0.147217 0.0816803 0.0344238 0.0417175 0.949707
0 0.433594 0.161011 0.0585938 0.0402832 0.94873
18 0.444336 0.322998 0.0400391 0.0527344 0.94873
5 0.32666 0.0808716 0.0390625 0.0422363 0.946777
2 0.29834 0.746094 0.0302734 0.0419922 0.945312
9 0.598633 0.581055 0.0390625 0.0449219 0.943359
5 0.256348 0.496338 0.0405273 0.043457 0.942871
0 0.549316 0.0802002 0.0595703 0.0446777 0.941895
5 0.600586 0.0802155 0.0410156 0.0456238 0.941895
4 0.4646 0.909668 0.0322266 0.0537109 0.941406
2 0.228516 0.746582 0.0263672 0.0410156 0.9375
7 0.397461 0.84375 0.0546875 0.0605469 0.937012
8 0.263916 0.916016 0.0410156 0.0439453 0.935547
7 0.257874 0.339355 0.0369873 0.0576172 0.935059
7 0.513184 0.420898 0.0400391 0.0634766 0.931152
2 0.521484 0.493652 0.0332031 0.0429688 0.930176
7 0.403076 0.252686 0.0610352 0.0625 0.929199
5 0.052124 0.750488 0.0371094 0.0429688 0.928711
2 0.299805 0.914062 0.0292969 0.0449219 0.92627
13 0.304199 0.977539 0.0195312 0.0449219 0.924316
2 0.554199 0.0101089 0.03125 0.0201874 0.921387
8 0.433594 0.666016 0.0322266 0.0410156 0.920898
4 0.601562 0.156006 0.0332031 0.0512695 0.918457
18 0.464844 0.574219 0.0390625 0.0488281 0.918457
13 0.450439 0.482422 0.0234375 0.0722656 0.914062
4 0.568359 0.65918 0.0292969 0.0478516 0.911133
5 0.351807 0.747559 0.0341797 0.0429688 0.910645
13 0.17041 0.156494 0.0212402 0.0771484 0.90918
14 0.449463 0.233398 0.019043 0.0664062 0.908691
2 0.0904541 0.0104752 0.0300293 0.0209503 0.908203
13 0.131714 0.828125 0.0266113 0.0722656 0.904785
2 0.0709229 0.916016 0.0313721 0.0449219 0.898926
7 0.558105 0.922852 0.0517578 0.0605469 0.895508
18 0.449219 0.0757446 0.0517578 0.0523682 0.89502
5 0.108765 0.494629 0.0368652 0.0419922 0.891602
6 0.490723 0.666992 0.0361328 0.0410156 0.888672
14 0.32373 0.738281 0.0185547 0.0644531 0.888184
4 0.35376 0.911133 0.0292969 0.0527344 0.88623
5 0.335693 0.825195 0.0395508 0.0566406 0.879883
13 0.228516 0.312256 0.0212402 0.0742188 0.877441
5 0.295898 0.664062 0.0322266 0.0449219 0.877441
2 0.0326843 0.324463 0.0316162 0.0581055 0.875977
2 0.518066 0.163208 0.0263672 0.0427246 0.875
19 0.603027 0.494141 0.03125 0.0429688 0.870605
2 0.0712891 0.0808716 0.0273438 0.0419922 0.869629
9 0.424316 0.750488 0.0332031 0.0458984 0.868652
18 0.20105 0.156494 0.0371094 0.0488281 0.868652
13 0.078125 0.654297 0.0192871 0.0664062 0.865234
7 0.426514 0.413574 0.0546875 0.046875 0.864258
24 0.179443 0.421875 0.0380859 0.0654297 0.863281
2 0.494629 0.327637 0.03125 0.0478516 0.862305
2 0.102478 0.664062 0.0294189 0.0429688 0.861328
2 0.506958 0.00984192 0.0310059 0.0196228 0.86084
2 0.291016 0.325439 0.0263672 0.0410156 0.856934
10 0.496826 0.152069 0.0239258 0.0640259 0.848145
23 0.605469 0.911133 0.0390625 0.0429688 0.84082
5 0.402832 0.328613 0.0361328 0.0424805 0.839844
21 0.414062 0.913086 0.0419922 0.0800781 0.835449
6 0.482422 0.833008 0.0361328 0.0458984 0.834473
6 0.505005 0.580566 0.0388184 0.0429688 0.832031
7 0.230713 0.418457 0.0610352 0.0673828 0.819824
13 0.0810547 0.484375 0.0205078 0.0722656 0.813965
13 0.00705719 0.0325928 0.0139465 0.0651855 0.809082
13 0.541016 0.65332 0.0195312 0.0664062 0.806641
10 0.469238 0.65332 0.0302734 0.0664062 0.803223
4 0.0875854 0.737793 0.0368652 0.0673828 0.79834
18 0.0978394 0.978516 0.0280762 0.0429688 0.789062
0 0.022644 0.246338 0.0452271 0.0429688 0.785156
2 0.43457 0.0098114 0.0263672 0.0196228 0.782715
2 0.0301819 0.916016 0.0273438 0.0439453 0.782715
2 0.530273 0.245239 0.03125 0.0432129 0.778809
18 0.201416 0.657227 0.0524902 0.0566406 0.777344
4 0.579102 0.822754 0.03125 0.0488281 0.775879
13 0.470947 0.236206 0.0229492 0.0734863 0.759277
8 0.296875 0.832031 0.0341797 0.0390625 0.759277
4 0.387695 0.495117 0.0292969 0.0429688 0.733887
9 0.187012 0.0809326 0.0351562 0.0415039 0.730957
22 0.270508 0.243408 0.0341797 0.0419922 0.725098
5 0.079834 0.580078 0.03125 0.0390625 0.71875
18 0.248291 0.580078 0.0361328 0.0439453 0.695801
2 0.553711 0.580566 0.0488281 0.0410156 0.689453
18 0.38623 0.663086 0.0546875 0.0488281 0.684082
10 0.198364 0.904297 0.0305176 0.0703125 0.682617
14 0.480469 0.48291 0.03125 0.0644531 0.677246
13 0.471924 0.149414 0.0200195 0.0615234 0.672363
10 0.0144501 0.907227 0.0288696 0.0625 0.658203
2 0.147705 0.410889 0.0288086 0.0483398 0.658203
2 0.123047 0.0103226 0.0275879 0.020462 0.649414
4 0.520508 0.829102 0.03125 0.046875 0.649414
2 0.148438 0.0100098 0.0239258 0.0200195 0.644043
2 0.171387 0.580078 0.0307617 0.0546875 0.644043
4 0.583008 0.980469 0.0332031 0.0390625 0.642578
5 0.223389 0.914062 0.0380859 0.046875 0.637207
46 0.59082 0.326172 0.0625 0.0546875 0.633301
9 0.411865 0.581055 0.0336914 0.0419922 0.625977
6 0.322754 0.412109 0.0371094 0.0478516 0.620605
13 0.394287 0.731445 0.0234375 0.0703125 0.620605
21 0.0425415 0.598633 0.0426025 0.0664062 0.616699
0 0.236938 0.985352 0.0505371 0.0292969 0.604004
18 0.439941 0.98584 0.034668 0.0283203 0.602051
12 0.109192 0.239868 0.0460205 0.0510254 0.598145
12 0.0237732 0.143829 0.0475464 0.0800171 0.596191
12 0.0111847 0.558594 0.0223694 0.0830078 0.586914
6 0.387695 0.74707 0.0341797 0.0390625 0.569824
18 0.530762 0.979492 0.0292969 0.0410156 0.550781
14 0.474365 0.977539 0.0317383 0.0449219 0.53125
5 0.380615 0.920898 0.0214844 0.0283203 0.517578
