6 0.0942993 0.723633 0.0384521 0.0429688 0.954102
2 0.0838623 0.639648 0.0302734 0.0449219 0.943359
21 0.134766 0.735352 0.0400391 0.0625 0.938965
0 0.161377 0.798828 0.0664062 0.0625 0.936523
8 0.0823364 0.979492 0.0386963 0.0410156 0.935547
0 0.157593 0.552734 0.0617676 0.0429688 0.932617
0 0.0546875 0.894043 0.0610352 0.0458984 0.932617
5 0.0853271 0.384766 0.0424805 0.0566406 0.913086
13 0.0749359 0.790039 0.0281067 0.0859375 0.905762
4 0.11792 0.970703 0.032959 0.0517578 0.903809
2 0.11084 0.554199 0.0314941 0.0458984 0.885742
2 0.101074 0.895508 0.0305176 0.0507812 0.877441
5 0.108398 0.806641 0.0395508 0.0439453 0.875977
8 0.137421 0.896484 0.0425415 0.0527344 0.870605
12 0.130157 0.460938 0.0370483 0.0644531 0.822266
12 0.110962 0.62793 0.0241699 0.0683594 0.733887
8 0.0505981 0.642578 0.036499 0.0419922 0.716797
4 0.0119781 0.725586 0.0237427 0.0449219 0.694336
13 0.113098 0.36792 0.0218506 0.0786133 0.654785
2 0.0181427 0.640625 0.0271912 0.0449219 0.640625
0 0.163208 0.974609 0.0539551 0.046875 0.616699
6 0.172974 0.720703 0.0390625 0.0517578 0.605957
7 0.0247192 0.386719 0.0494385 0.046875 0.513672
