19 0.875977 0.806641 0.0683594 0.0927734 0.961914
18 0.974121 0.189941 0.0517578 0.123047 0.954102
2 0.201172 0.810547 0.0751953 0.09375 0.95166
8 0.439453 0.810547 0.0991211 0.09375 0.94873
0 0.662598 0.984375 0.134766 0.03125 0.935059
13 0.360352 0.602539 0.0458984 0.169922 0.889648
2 0.104919 0.417969 0.0675049 0.0917969 0.884766
6 0.905762 0.97998 0.0908203 0.0400391 0.884766
18 0.529175 0.964844 0.12915 0.0703125 0.883301
1 0.0234985 0.829102 0.046936 0.142578 0.877441
23 0.913086 0.213135 0.0703125 0.0913086 0.873047
0 0.0803223 0.985352 0.143799 0.0292969 0.841797
19 0.266357 0.811523 0.0600586 0.0917969 0.837402
13 0.854492 0.199341 0.0410156 0.14917 0.820801
6 0.733398 0.40332 0.138672 0.104004 0.792969
1 0.807617 0.979492 0.0898438 0.0410156 0.789062
18 0.240967 0.204956 0.137207 0.137451 0.762207
6 0.107773 0.813477 0.0947571 0.102539 0.744629
5 0.980469 0.971191 0.0390625 0.0576172 0.744629
6 0.199219 0.982422 0.0925293 0.0351562 0.708984
14 0.986328 0.59375 0.0273438 0.146484 0.690918
27 0.302002 0.594727 0.0576172 0.132812 0.679199
19 0.407715 0.955078 0.0898438 0.0898438 0.654785
7 0.254883 0.472656 0.14502 0.19043 0.615234
7 0.483887 0.603027 0.171875 0.195312 0.527344
27 0.837402 0.405762 0.0537109 0.103516 0.513672
