1 0.0840071 0.982258 0.0873215 0.0352559 0.971648
0 0.947624 0.636939 0.104751 0.0876824 0.9534
2 0.807621 0.829675 0.0689015 0.087224 0.95157
23 0.606282 0.824478 0.0676306 0.0800618 0.944018
23 0.531065 0.82456 0.0670758 0.081527 0.918068
22 0.604146 0.990053 0.0817585 0.019895 0.906644
6 0.967248 0.437361 0.0653752 0.086745 0.878036
14 0.0531498 0.791536 0.0449201 0.136796 0.867017
8 0.505005 0.985946 0.0988626 0.028109 0.812092
2 0.733208 0.98774 0.0727296 0.0245203 0.761806
0 0.815675 0.989538 0.0720282 0.0209248 0.672532
2 0.454226 0.81975 0.0723686 0.0933027 0.659882
6 0.175127 0.816303 0.0934877 0.0847838 0.600979
0 0.317796 0.816928 0.138371 0.0896357 0.595838
