4 0.894531 0.638672 0.0693359 0.121094 0.972168
19 0.789551 0.841797 0.0673828 0.0898438 0.969238
8 0.817871 0.249023 0.0986328 0.0888672 0.968262
4 0.983398 0.243164 0.0332031 0.107422 0.963379
4 0.14856 0.631836 0.0703125 0.117188 0.961914
2 0.964844 0.642578 0.0703125 0.0996094 0.960449
5 0.914062 0.245972 0.0859375 0.0979004 0.95752
0 0.317871 0.847656 0.188965 0.0976562 0.954102
2 0.218262 0.641113 0.0712891 0.0957031 0.953125
2 0.71582 0.841797 0.0712891 0.09375 0.953125
27 0.934082 0.0501099 0.0566406 0.0994873 0.952148
4 0.458008 0.819336 0.0830078 0.140625 0.949219
8 0.621094 0.839844 0.101562 0.0976562 0.946777
13 0.723633 0.226807 0.0566406 0.141113 0.945312
13 0.864746 0.825684 0.0449219 0.146484 0.934082
13 0.835938 0.623047 0.0449219 0.144531 0.925293
6 0.0314331 0.245728 0.0628662 0.109619 0.923828
7 0.755859 0.666504 0.0996094 0.134766 0.915527
6 0.0332031 0.642578 0.0664062 0.0927734 0.910645
2 0.69043 0.0473938 0.0742188 0.0944214 0.905762
13 0.465332 0.229248 0.0576172 0.14209 0.892578
7 0.939453 0.869141 0.105469 0.138672 0.878906
23 0.619141 0.0466919 0.0742188 0.0919189 0.868652
19 0.785156 0.973145 0.0585938 0.0537109 0.849121
7 0.38623 0.467773 0.173828 0.130859 0.845703
8 0.283447 0.0526428 0.140625 0.104431 0.834473
38 0.373535 0.245483 0.123047 0.171631 0.819824
14 0.922363 0.975098 0.0517578 0.0498047 0.81543
11 0.0311584 0.974121 0.0623169 0.0517578 0.775879
1 0.579102 0.974609 0.136719 0.0507812 0.769043
13 0.102173 0.973633 0.0449219 0.0527344 0.763672
4 0.982422 0.0532532 0.0351562 0.1026 0.720215
4 0.69043 0.985352 0.0644531 0.0292969 0.638672
13 0.84375 0.42334 0.0966797 0.147461 0.633301
6 0.823242 0.0476685 0.140625 0.0925293 0.544922
8 0.153687 0.825195 0.13501 0.136719 0.535156
