18 0.0870361 0.0254822 0.0371094 0.0496826 0.984375
10 0.385986 0.945801 0.0380859 0.0673828 0.983887
10 0.299316 0.442871 0.0371094 0.0654297 0.977051
12 0.69873 0.618652 0.0361328 0.0654297 0.97168
18 0.727539 0.203857 0.0390625 0.0527344 0.969238
18 0.958984 0.877441 0.0390625 0.0537109 0.966309
5 0.739258 0.710938 0.0371094 0.0449219 0.96582
18 0.513184 0.705078 0.0390625 0.0537109 0.96582
7 0.562012 0.216553 0.0419922 0.0610352 0.965332
2 0.246094 0.366211 0.0307617 0.0449219 0.963867
13 0.897461 0.368408 0.0195312 0.0654297 0.962891
7 0.0927734 0.962402 0.0351562 0.0615234 0.961426
7 0.980957 0.219116 0.0380859 0.064209 0.955566
10 0.0179443 0.68457 0.0357666 0.0654297 0.955566
6 0.390381 0.45752 0.0380859 0.0429688 0.955078
12 0.788086 0.62793 0.0341797 0.0820312 0.955078
10 0.202148 0.775391 0.0349121 0.0644531 0.955078
5 0.44873 0.456055 0.0361328 0.0463867 0.953125
2 0.0136185 0.782227 0.0270538 0.0449219 0.95166
8 0.760742 0.292236 0.0371094 0.0419922 0.950195
5 0.176636 0.949219 0.0380859 0.0429688 0.94873
0 0.967285 0.632812 0.0537109 0.0429688 0.942871
13 0.958496 0.95459 0.0253906 0.0615234 0.941895
5 0.380859 0.704102 0.0380859 0.0449219 0.941406
5 0.447266 0.374512 0.0410156 0.046875 0.939941
5 0.55127 0.626465 0.0380859 0.0439453 0.938477
18 0.904297 0.708984 0.0371094 0.0507812 0.937988
9 0.105347 0.368164 0.0367432 0.0449219 0.9375
0 0.509644 0.0334167 0.0588379 0.0581665 0.936523
5 0.737305 0.626953 0.0390625 0.0449219 0.935547
13 0.116821 0.0276184 0.0229492 0.0552368 0.93457
0 0.0371094 0.0274963 0.0644531 0.0525513 0.933594
5 0.389404 0.371338 0.0375977 0.0419922 0.933594
21 0.465576 0.970703 0.0390625 0.0576172 0.932617
2 0.589844 0.791992 0.03125 0.0429688 0.931641
0 0.948242 0.299316 0.0585938 0.0517578 0.930664
6 0.829102 0.630859 0.0410156 0.0449219 0.930664
0 0.973633 0.462646 0.0527344 0.0429688 0.929199
8 0.165771 0.867188 0.043457 0.046875 0.929199
5 0.864746 0.707031 0.0390625 0.0556641 0.928711
18 0.0914307 0.441406 0.0524902 0.0546875 0.928223
13 0.761719 0.19873 0.0273438 0.0722656 0.927246
9 0.319824 0.702637 0.0351562 0.0458984 0.926758
13 0.914062 0.535645 0.0273438 0.0693359 0.925781
8 0.699219 0.541992 0.0410156 0.0449219 0.925781
5 0.474609 0.708008 0.0390625 0.0458984 0.925781
11 0.161621 0.10553 0.0375977 0.0633545 0.925293
18 0.516113 0.114502 0.0537109 0.0541992 0.925293
1 0.688965 0.468262 0.0400391 0.0654297 0.925293
10 0.780273 0.534058 0.0351562 0.0686035 0.925293
13 0.754883 0.779297 0.0253906 0.0703125 0.925293
4 0.379395 0.200439 0.0317383 0.0524902 0.925293
2 0.540039 0.375 0.0322266 0.0449219 0.924316
5 0.278809 0.703125 0.0375977 0.0449219 0.923828
5 0.11969 0.11377 0.0406494 0.0461426 0.922363
0 0.344727 0.45459 0.0537109 0.0454102 0.921875
5 0.922852 0.881836 0.0371094 0.0429688 0.920898
9 0.799316 0.290283 0.0361328 0.0444336 0.92041
14 0.232178 0.605469 0.0202637 0.0664062 0.92041
2 0.814453 0.960938 0.03125 0.0449219 0.92041
2 0.946289 0.546875 0.03125 0.0449219 0.918457
5 0.834473 0.792969 0.0371094 0.0429688 0.918457
11 0.847168 0.451172 0.0361328 0.0644531 0.917969
6 0.0652466 0.365723 0.0427246 0.0429688 0.91748
6 0.417969 0.118225 0.0410156 0.0443115 0.916016
21 0.736328 0.972656 0.0429688 0.0546875 0.915527
6 0.446289 0.792969 0.0390625 0.0390625 0.913574
12 0.615234 0.114502 0.0351562 0.0668945 0.911133
7 0.349609 0.38208 0.0390625 0.0615234 0.908203
4 0.156982 0.783203 0.0322266 0.0585938 0.906738
18 0.990234 0.288086 0.0195312 0.0629883 0.904785
4 0.264648 0.530273 0.0327148 0.0546875 0.90332
6 0.900391 0.0483093 0.0410156 0.0394897 0.902832
2 0.492432 0.539062 0.0317383 0.0449219 0.902832
6 0.942871 0.212524 0.0390625 0.0427246 0.901855
4 0.45459 0.870117 0.0317383 0.0546875 0.901367
6 0.577148 0.461914 0.0410156 0.0429688 0.898926
0 0.436523 0.0404663 0.0625 0.0441895 0.898438
2 0.117126 0.867188 0.0321045 0.0458984 0.896484
4 0.921875 0.458496 0.0332031 0.0527344 0.892578
11 0.880859 0.536133 0.0371094 0.0683594 0.892578
0 0.530273 0.790527 0.0605469 0.0488281 0.888184
4 0.265076 0.946777 0.0333252 0.0537109 0.888184
0 0.325928 0.114807 0.0654297 0.0496826 0.884277
13 0.208496 0.603516 0.0249023 0.0742188 0.884277
0 0.654297 0.374268 0.0576172 0.0458984 0.884277
0 0.802734 0.126709 0.0644531 0.0458984 0.881836
6 0.26001 0.619629 0.034668 0.0439453 0.878418
0 0.25 0.452637 0.0571289 0.0449219 0.877441
2 0.0494995 0.532715 0.0281982 0.0419922 0.872559
6 0.73584 0.459961 0.046875 0.0458984 0.869629
7 0.153839 0.540527 0.0634155 0.0644531 0.869629
5 0.659668 0.626465 0.0390625 0.0439453 0.868164
22 0.699219 0.123352 0.0332031 0.0421143 0.866211
21 0.27832 0.797852 0.0429688 0.0615234 0.865234
4 0.803711 0.37085 0.03125 0.0537109 0.864258
13 0.0514221 0.437012 0.0254517 0.0717773 0.859863
5 0.299805 0.618164 0.0371094 0.0449219 0.859863
13 0.991699 0.703125 0.0166016 0.0644531 0.858887
6 0.312012 0.788574 0.0336914 0.0429688 0.855957
13 0.115295 0.188232 0.026001 0.0773926 0.85498
13 0.36084 0.77832 0.0273438 0.0703125 0.854004
2 0.801758 0.208984 0.0488281 0.0427246 0.853027
6 0.247314 0.868164 0.0385742 0.0410156 0.852051
8 0.134888 0.950195 0.0422363 0.046875 0.851074
2 0.592773 0.708008 0.03125 0.046875 0.844727
6 0.970703 0.380127 0.0390625 0.0473633 0.84375
8 0.239258 0.788086 0.034668 0.0410156 0.838867
13 0.625 0.948242 0.0205078 0.0703125 0.838867
14 0.338379 0.777344 0.0180664 0.0664062 0.836426
8 0.62793 0.709473 0.0390625 0.0488281 0.834473
6 0.709961 0.878906 0.0361328 0.0449219 0.831055
2 0.930176 0.127319 0.0302734 0.0456543 0.830078
2 0.865234 0.294434 0.0253906 0.0439453 0.829102
12 0.416992 0.610352 0.0664062 0.0644531 0.827637
14 0.767578 0.702148 0.0175781 0.0654297 0.82666
10 0.844238 0.284668 0.0253906 0.0683594 0.825684
18 0.584473 0.369629 0.0546875 0.0576172 0.824219
6 0.756836 0.375488 0.0556641 0.0458984 0.824219
7 0.71582 0.301025 0.0566406 0.0654297 0.823242
10 0.88623 0.453369 0.0371094 0.0654297 0.81543
6 0.333496 0.286377 0.0605469 0.0483398 0.813965
2 0.797363 0.547363 0.03125 0.0458984 0.811523
0 0.0585022 0.774902 0.059021 0.0673828 0.806641
13 0.476562 0.777344 0.0200195 0.0742188 0.801758
6 0.419922 0.874023 0.0361328 0.0410156 0.800781
10 0.928711 0.621094 0.0273438 0.0664062 0.796875
9 0.45752 0.118652 0.0356445 0.045166 0.790527
22 0.739258 0.544922 0.0332031 0.0458984 0.790527
0 0.595703 0.960938 0.078125 0.0488281 0.789062
4 0.979492 0.794434 0.03125 0.0566406 0.786621
6 0.882812 0.630859 0.0527344 0.0410156 0.78125
18 0.980957 0.540527 0.0380859 0.0585938 0.779785
2 0.282471 0.869141 0.0273438 0.0419922 0.779785
6 0.623047 0.206909 0.0419922 0.0473633 0.778809
4 0.90918 0.209961 0.0292969 0.0488281 0.774414
0 0.442383 0.284668 0.0566406 0.0546875 0.762207
6 0.435547 0.208618 0.0576172 0.0495605 0.757812
6 0.593262 0.290039 0.0654297 0.046875 0.751953
13 0.779297 0.114624 0.0214844 0.0639648 0.746094
7 0.875 0.139191 0.0449219 0.0629272 0.744629
5 0.669922 0.209106 0.0507812 0.0480957 0.744629
5 0.806641 0.460205 0.0371094 0.0444336 0.744629
4 0.835938 0.87207 0.0332031 0.0507812 0.728027
18 0.0135345 0.865234 0.026947 0.0488281 0.716797
4 0.71875 0.0386887 0.0380859 0.0485992 0.712402
8 0.424805 0.958008 0.0419922 0.0488281 0.704102
6 0.118835 0.783203 0.0426025 0.0429688 0.700684
6 0.568848 0.0423279 0.0546875 0.0409546 0.699219
22 0.942383 0.047821 0.0351562 0.0426636 0.692871
10 0.0286102 0.183838 0.0480042 0.0703125 0.684082
21 0.081192 0.607422 0.054657 0.0683594 0.679199
2 0.0269775 0.695312 0.0376587 0.0429688 0.673828
10 0.705078 0.78418 0.0351562 0.0654297 0.673828
4 0.369873 0.870117 0.0351562 0.0527344 0.673828
4 0.500977 0.626953 0.0302734 0.0478516 0.672363
18 0.0977783 0.281738 0.0639648 0.0585938 0.665527
24 0.824219 0.720703 0.0390625 0.0625 0.665527
22 0.205566 0.867676 0.0327148 0.0429688 0.658203
5 0.972656 0.127441 0.0527344 0.0473633 0.656738
23 0.896484 0.297363 0.03125 0.0419922 0.65332
13 0.667969 0.525391 0.0205078 0.0761719 0.65332
2 0.791504 0.708984 0.0283203 0.0488281 0.65332
7 0.019043 0.453125 0.0379639 0.078125 0.651367
12 0.769531 0.873535 0.0332031 0.0478516 0.651367
9 0.737305 0.123901 0.0351562 0.0444336 0.640625
6 0.156738 0.199219 0.0556641 0.0424805 0.625977
11 0.0836182 0.18689 0.0354004 0.0695801 0.625977
21 0.150146 0.0435791 0.0429688 0.0605469 0.624512
1 0.855469 0.0547485 0.0371094 0.0653076 0.624512
22 0.23584 0.196533 0.0307617 0.0419922 0.620605
18 0.158936 0.995605 0.0336914 0.00878906 0.609375
4 0.357422 0.535156 0.0458984 0.0527344 0.604004
18 0.883789 0.790039 0.0527344 0.0537109 0.604004
22 0.216064 0.11615 0.0375977 0.0455322 0.602051
12 0.512573 0.873047 0.0568848 0.0507812 0.600098
22 0.927734 0.963867 0.0332031 0.0429688 0.600098
6 0.146118 0.449219 0.0561523 0.0449219 0.598145
5 0.525391 0.952637 0.0371094 0.0654297 0.596191
2 0.387695 0.0367432 0.0332031 0.0665283 0.596191
1 0.929199 0.389893 0.0380859 0.065918 0.594727
9 0.986328 0.963867 0.0273438 0.0429688 0.594727
13 0.389648 0.530762 0.0117188 0.0712891 0.584961
0 0.857422 0.378418 0.0566406 0.0429688 0.581543
18 0.6875 0.957031 0.0351562 0.0507812 0.57959
21 0.0484543 0.942871 0.0537262 0.0615234 0.57373
22 0.312256 0.037178 0.0371094 0.0445404 0.569824
13 0.766113 0.447998 0.0224609 0.0722656 0.562012
23 0.0458069 0.868164 0.0342407 0.0410156 0.558105
5 0.370605 0.621094 0.0244141 0.0292969 0.548828
13 0.346191 0.100342 0.0244141 0.0771484 0.537109
13 0.780273 0.359375 0.0175781 0.0546875 0.53125
18 0.661133 0.117676 0.0449219 0.057373 0.529297
14 0.741211 0.865234 0.0175781 0.0664062 0.525391
2 0.471191 0.623047 0.0292969 0.046875 0.521484
0 0.673828 0.0400391 0.0507812 0.0431519 0.515625
10 0.282227 0.357178 0.0380859 0.0688477 0.509766
18 0.271973 0.0310974 0.0419922 0.0557861 0.505859
10 0.0180206 0.524414 0.0359802 0.0751953 0.501953
