18 0.368652 0.0759888 0.0371094 0.0528564 0.981445
21 0.36377 0.176636 0.0439453 0.0598145 0.978516
5 0.72168 0.256104 0.0390625 0.0439453 0.963867
12 0.682617 0.163086 0.0332031 0.0668945 0.963379
11 0.536133 0.243042 0.0380859 0.0656738 0.963379
9 0.784668 0.0883789 0.0361328 0.043457 0.960938
2 0.602539 0.338623 0.03125 0.0444336 0.956543
2 0.451172 0.250244 0.0283203 0.0429688 0.954102
14 0.624023 0.244263 0.0195312 0.0656738 0.946777
18 0.761719 0.254395 0.0371094 0.0517578 0.946777
6 0.415039 0.249512 0.0410156 0.0395508 0.944824
2 0.649414 0.25531 0.03125 0.0440674 0.941895
5 0.641602 0.172729 0.0390625 0.0461426 0.941406
6 0.584961 0.088623 0.0390625 0.0427246 0.940918
18 0.900391 0.25592 0.0546875 0.0526123 0.94043
9 0.944336 0.0909424 0.0351562 0.0424805 0.939453
10 0.569336 0.332031 0.0449219 0.0703125 0.937012
5 0.834961 0.0912476 0.0351562 0.0411377 0.934082
4 0.673828 0.336914 0.03125 0.0585938 0.933105
18 0.881348 0.0847168 0.0449219 0.0535889 0.930176
6 0.549805 0.17334 0.0390625 0.0419922 0.927246
5 0.450195 0.169189 0.0380859 0.0439453 0.927246
2 0.644531 0.0138016 0.03125 0.0275421 0.922852
5 0.591797 0.255615 0.0371094 0.0429688 0.918457
1 0.369141 0.25531 0.0429688 0.0665283 0.916504
22 0.871582 0.0138168 0.0341797 0.0276337 0.916016
16 0.990234 0.0939331 0.0195312 0.0428467 0.912598
0 0.387207 0.331543 0.0869141 0.0546875 0.911621
4 0.901367 0.339844 0.0332031 0.0595703 0.908203
8 0.952148 0.258057 0.0410156 0.0463867 0.901367
8 0.832031 0.0148544 0.0429688 0.0297089 0.898926
2 0.875 0.174316 0.0332031 0.046875 0.888184
13 0.914062 0.0785522 0.0195312 0.0708008 0.868652
1 0.505859 0.17749 0.0410156 0.0661621 0.868164
5 0.717285 0.0134964 0.0380859 0.0268402 0.867188
18 0.503418 0.0819092 0.0371094 0.0512695 0.862305
6 0.855957 0.343262 0.0546875 0.0439453 0.859863
5 0.589355 0.164185 0.0390625 0.0622559 0.850098
5 0.48584 0.333984 0.0351562 0.0478516 0.847168
13 0.793945 0.160522 0.0195312 0.0673828 0.844727
1 0.720703 0.184204 0.0400391 0.0686035 0.84375
5 0.496582 0.253418 0.0380859 0.0449219 0.833496
2 0.593262 0.0121307 0.0273438 0.0240173 0.831055
10 0.455078 0.325684 0.0449219 0.0693359 0.824219
24 0.683105 0.266602 0.0380859 0.0629883 0.805664
18 0.824219 0.172119 0.0371094 0.0478516 0.801758
8 0.962891 0.016449 0.0371094 0.0328979 0.788086
4 0.987305 0.257568 0.0253906 0.0507812 0.788086
0 0.766602 0.0131989 0.0546875 0.0262146 0.786621
18 0.974609 0.179077 0.0507812 0.0454102 0.78418
13 0.398193 0.0679779 0.0200195 0.073761 0.782715
6 0.767578 0.173828 0.0449219 0.0410156 0.763672
8 0.637695 0.343506 0.0410156 0.0512695 0.760742
2 0.46875 0.0859985 0.0302734 0.0457764 0.750488
13 0.749023 0.0818939 0.0332031 0.0881653 0.747559
4 0.623535 0.0822601 0.0371094 0.0539856 0.726562
6 0.543945 0.0791626 0.0419922 0.0588379 0.694336
13 0.537598 0.0201111 0.015625 0.0401001 0.662109
11 0.985352 0.34668 0.0292969 0.09375 0.637207
23 0.799805 0.256287 0.0371094 0.0469971 0.625977
2 0.532227 0.337646 0.0273438 0.046875 0.602051
18 0.376465 0.0104523 0.0537109 0.0208435 0.541016
24 0.90625 0.185547 0.0351562 0.0576172 0.533203
24 0.805176 0.353516 0.0419922 0.0683594 0.515625
14 0.619141 0.0137329 0.0175781 0.0273743 0.513672
