1 0.483643 0.918457 0.0913086 0.141602 0.98584
18 0.741211 0.882324 0.0917969 0.125 0.983398
14 0.849609 0.278748 0.0488281 0.141724 0.974609
18 0.49707 0.480957 0.0898438 0.129883 0.973633
2 0.754883 0.696289 0.0742188 0.0966797 0.973633
2 0.187012 0.895508 0.074707 0.09375 0.970703
8 0.873535 0.501953 0.0996094 0.09375 0.966797
5 0.288513 0.893555 0.0948486 0.0976562 0.96582
14 0.359863 0.878906 0.0473633 0.148438 0.95752
0 0.271973 0.5 0.198242 0.0986328 0.957031
14 0.802246 0.280823 0.0458984 0.145386 0.955566
11 0.924805 0.683594 0.148438 0.142578 0.943848
13 0.407227 0.878906 0.0478516 0.146484 0.936523
6 0.961914 0.507324 0.0761719 0.0917969 0.931641
6 0.0411377 0.893066 0.0820312 0.0927734 0.930176
11 0.743652 0.475098 0.147461 0.144531 0.924805
2 0.212402 0.0998383 0.0795898 0.0952454 0.924316
22 0.594727 0.498047 0.0878906 0.09375 0.898438
27 0.247314 0.696289 0.0625 0.09375 0.884766
13 0.816406 0.67627 0.0449219 0.146484 0.884277
22 0.923828 0.302734 0.0839844 0.0898438 0.880859
2 0.00881958 0.0668793 0.0175781 0.124542 0.866211
6 0.615234 0.898438 0.144531 0.0957031 0.850098
13 0.271484 0.0726929 0.0419922 0.144165 0.831055
13 0.663086 0.875977 0.0527344 0.142578 0.82666
8 0.489014 0.275879 0.0991211 0.136719 0.790527
23 0.703125 0.102722 0.0732422 0.0943604 0.771973
13 0.984863 0.275146 0.0302734 0.160645 0.766113
6 0.853516 0.100342 0.09375 0.100098 0.744629
0 0.979492 0.915039 0.0410156 0.108398 0.737305
7 0.95166 0.123047 0.0947266 0.140137 0.729492
23 0.850586 0.907227 0.0664062 0.0898438 0.658203
7 0.0141373 0.725586 0.028244 0.173828 0.604004
6 0.146118 0.691406 0.140625 0.105469 0.542969
