18 0.949219 0.817383 0.0996094 0.144531 0.98291
19 0.717773 0.837891 0.0644531 0.0917969 0.980469
2 0.491211 0.834961 0.0703125 0.0976562 0.975098
2 0.106201 0.634766 0.0759277 0.0957031 0.973145
4 0.421143 0.832031 0.0688477 0.117188 0.97168
21 0.586426 0.265076 0.0996094 0.140747 0.96875
0 0.75293 0.641602 0.141602 0.0966797 0.966797
4 0.833008 0.4375 0.09375 0.101562 0.965332
23 0.272461 0.240112 0.0683594 0.095459 0.958008
0 0.215851 0.836914 0.191833 0.0957031 0.95752
13 0.653809 0.218506 0.0390625 0.145996 0.956543
2 0.87207 0.639648 0.0742188 0.0957031 0.956543
13 0.652344 0.419434 0.046875 0.145508 0.955078
2 0.859375 0.841797 0.078125 0.103516 0.95166
2 0.345215 0.240112 0.0751953 0.101318 0.94873
4 0.349365 0.832031 0.074707 0.117188 0.9375
12 0.973633 0.177246 0.0527344 0.227539 0.932617
14 0.923828 0.221924 0.046875 0.142578 0.924316
6 0.0341797 0.232422 0.0683594 0.09375 0.922363
14 0.602051 0.419678 0.0507812 0.145508 0.920898
2 0.631836 0.836914 0.0742188 0.0976562 0.822266
9 0.865234 0.972656 0.0800781 0.0546875 0.743164
8 0.955566 0.671875 0.0888672 0.154297 0.690918
23 0.785156 0.831543 0.0683594 0.100586 0.618652
12 0.82959 0.217041 0.144531 0.143555 0.594727
6 0.481201 0.243408 0.0932617 0.0952148 0.577637
