28 0.975586 0.699707 0.046875 0.0664062 0.99707
10 0.246826 0.701172 0.0351562 0.0683594 0.991211
18 0.242432 0.780273 0.0410156 0.0605469 0.98291
18 0.881836 0.158691 0.0410156 0.0595703 0.979004
10 0.951172 0.935547 0.0351562 0.0644531 0.977051
5 0.219727 0.870117 0.0344238 0.0371094 0.966797
4 0.851562 0.477051 0.0253906 0.0429688 0.966797
8 0.81543 0.94873 0.0371094 0.0410156 0.96582
1 0.058075 0.956543 0.0371704 0.0537109 0.964355
2 0.621582 0.481445 0.0332031 0.0341797 0.963379
0 0.366699 0.946289 0.0561523 0.0390625 0.963379
18 0.671875 0.62207 0.0410156 0.0625 0.962402
9 0.985352 0.402588 0.0292969 0.0341797 0.959961
5 0.104431 0.171387 0.036499 0.0400391 0.95752
4 0.291016 0.867676 0.0263672 0.0439453 0.95752
0 0.894531 0.710938 0.0527344 0.0400391 0.956543
5 0.671875 0.711426 0.03125 0.0390625 0.955078
24 0.883789 0.794434 0.0380859 0.0488281 0.955078
7 0.910156 0.5625 0.0722656 0.0566406 0.949707
6 0.253662 0.482422 0.0371094 0.0351562 0.94873
13 0.540527 0.779785 0.0195312 0.0703125 0.947266
5 0.695312 0.790039 0.0332031 0.0390625 0.947266
5 0.685059 0.945312 0.0361328 0.0410156 0.946777
9 0.776367 0.016571 0.0351562 0.0331421 0.946289
8 0.439941 0.869629 0.0371094 0.0410156 0.945801
1 0.322754 0.644531 0.0361328 0.0517578 0.943359
5 0.139282 0.947754 0.0354004 0.0400391 0.942871
7 0.949707 0.486816 0.0400391 0.0507812 0.942383
0 0.833008 0.330078 0.0537109 0.0429688 0.939941
9 0.445801 0.786133 0.0351562 0.0390625 0.938477
1 0.917969 0.876953 0.0351562 0.0507812 0.938477
5 0.926758 0.172485 0.0371094 0.041748 0.937988
13 0.200195 0.239502 0.0200195 0.0703125 0.9375
7 0.577148 0.56543 0.0410156 0.0527344 0.9375
0 0.132568 0.481934 0.0510254 0.0351562 0.936035
8 0.980469 0.0163269 0.0371094 0.0325317 0.935547
8 0.839355 0.171631 0.0361328 0.0390625 0.934082
5 0.743652 0.870117 0.0341797 0.0390625 0.933594
8 0.280762 0.950195 0.0351562 0.0380859 0.933594
6 0.364258 0.635742 0.0380859 0.0390625 0.932617
7 0.548828 0.0990601 0.0625 0.0535889 0.932129
22 0.318115 0.790039 0.0361328 0.0410156 0.931641
2 0.760742 0.633789 0.03125 0.0351562 0.931152
13 0.414551 0.777344 0.0205078 0.0664062 0.931152
7 0.966797 0.256104 0.0429688 0.0532227 0.930664
5 0.269775 0.325684 0.0395508 0.0390625 0.930664
1 0.45459 0.0254822 0.0351562 0.0505981 0.92627
8 0.509766 0.402344 0.0361328 0.0390625 0.92627
5 0.463379 0.169556 0.0351562 0.0373535 0.925781
2 0.849121 0.785156 0.0302734 0.0371094 0.925293
0 0.255615 0.632812 0.0532227 0.0449219 0.922852
2 0.874023 0.865234 0.0332031 0.0390625 0.922852
2 0.663086 0.248291 0.0292969 0.0375977 0.920898
5 0.279297 0.557617 0.0371094 0.0429688 0.920898
2 0.588867 0.711426 0.0292969 0.0390625 0.918457
4 0.196167 0.0894775 0.0231934 0.0427246 0.917969
4 0.832031 0.631836 0.0273438 0.0449219 0.917969
5 0.143311 0.636719 0.0351562 0.0371094 0.916016
10 0.40918 0.235352 0.0361328 0.0634766 0.914062
7 0.956055 0.632812 0.0400391 0.0664062 0.914062
6 0.956055 0.865234 0.0371094 0.0390625 0.914062
10 0.365234 0.779297 0.0351562 0.0683594 0.913086
7 0.683105 0.87207 0.0390625 0.0507812 0.913086
6 0.81543 0.480957 0.0371094 0.0400391 0.912598
5 0.725098 0.558105 0.0341797 0.0380859 0.912598
6 0.630859 0.634766 0.0390625 0.0400391 0.911621
2 0.0756836 0.712891 0.0307617 0.0371094 0.911133
22 0.920898 0.0924683 0.0371094 0.0385742 0.909668
2 0.284668 0.790527 0.0302734 0.0380859 0.909668
0 0.516724 0.947266 0.0739746 0.0429688 0.909668
0 0.702148 0.328125 0.0527344 0.0371094 0.907227
6 0.612305 0.791992 0.0332031 0.0371094 0.907227
5 0.104309 0.55957 0.0361328 0.0390625 0.906738
28 0.820312 0.0849609 0.0527344 0.0742188 0.905762
2 0.852539 0.552734 0.0292969 0.0410156 0.905762
13 0.70459 0.621094 0.0205078 0.0712891 0.905273
8 0.257874 0.868164 0.0350342 0.0419922 0.90332
7 0.82666 0.0249329 0.0410156 0.0498657 0.901367
5 0.777344 0.476074 0.0361328 0.0410156 0.900391
6 0.440918 0.557617 0.0380859 0.0351562 0.898926
10 0.828613 0.544922 0.0302734 0.0644531 0.896973
14 0.103149 0.858887 0.0135498 0.0605469 0.896973
8 0.795898 0.633789 0.0361328 0.0390625 0.896484
2 0.372559 0.169678 0.03125 0.0371094 0.894043
4 0.740234 0.477539 0.0234375 0.0410156 0.894043
23 0.487793 0.24707 0.03125 0.0380859 0.893066
2 0.669922 0.168945 0.0332031 0.0361328 0.892578
5 0.582031 0.329346 0.0351562 0.0380859 0.891113
13 0.611328 0.544922 0.0214844 0.0693359 0.891113
7 0.634766 0.72168 0.0400391 0.0546875 0.889648
2 0.633789 0.866211 0.03125 0.0371094 0.889648
7 0.154297 0.0994873 0.0551758 0.0556641 0.888184
6 0.436768 0.480957 0.0341797 0.0356445 0.887207
5 0.993164 0.172729 0.0136719 0.0368652 0.884766
5 0.201538 0.790039 0.0361328 0.0390625 0.884766
4 0.649414 0.322754 0.0253906 0.0458984 0.884277
14 0.680664 0.0803223 0.015625 0.0612793 0.882324
0 0.485107 0.326904 0.0512695 0.0371094 0.881836
8 0.609375 0.945312 0.0371094 0.0410156 0.879883
4 0.0753784 0.16626 0.0239258 0.0439453 0.878906
13 0.0510254 0.158691 0.020752 0.0722656 0.878906
13 0.29541 0.15036 0.0185547 0.0728149 0.875977
7 0.0721436 0.335205 0.065918 0.0556641 0.875977
2 0.573242 0.944824 0.0292969 0.0410156 0.875
5 0.537109 0.173828 0.0351562 0.0395508 0.874023
4 0.92627 0.244507 0.0263672 0.0490723 0.872559
6 0.882324 0.633789 0.0371094 0.0410156 0.871582
21 0.23645 0.568359 0.0466309 0.0605469 0.871582
2 0.19165 0.169678 0.0327148 0.0356445 0.869629
5 0.241211 0.0917969 0.0400391 0.036377 0.868652
13 0.519531 0.700195 0.0195312 0.0683594 0.865234
6 0.493652 0.015358 0.0361328 0.0307159 0.864258
2 0.970703 0.0880737 0.0292969 0.0391846 0.864258
10 0.110229 0.779297 0.0319824 0.0664062 0.864258
2 0.0556641 0.635742 0.0341797 0.0400391 0.863281
0 0.0965576 0.404297 0.0493164 0.0361328 0.861328
4 0.989258 0.550781 0.0214844 0.0488281 0.861328
0 0.80957 0.403564 0.078125 0.0375977 0.86084
21 0.177124 0.874512 0.0527344 0.0576172 0.86084
9 0.763672 0.946289 0.0351562 0.0400391 0.86084
14 0.714844 0.855957 0.015625 0.0634766 0.853027
0 0.316406 0.404053 0.0537109 0.0361328 0.852051
6 0.265564 0.715332 0.0343018 0.0380859 0.852051
16 0.931641 0.323486 0.0488281 0.0429688 0.851074
5 0.709961 0.0927734 0.0351562 0.0383301 0.839844
2 0.62207 0.017868 0.03125 0.035553 0.838867
2 0.698242 0.403809 0.0371094 0.0341797 0.835449
1 0.572266 0.79541 0.0351562 0.0566406 0.834473
10 0.606445 0.858398 0.0527344 0.0683594 0.830078
2 0.80957 0.869141 0.0332031 0.0390625 0.829102
6 0.804688 0.171143 0.0292969 0.0366211 0.825684
13 0.80957 0.988281 0.0136719 0.0214844 0.825684
18 0.868164 0.398438 0.0341797 0.0449219 0.81543
10 0.548828 0.469238 0.0527344 0.0585938 0.813965
4 0.527344 0.32373 0.0253906 0.0429688 0.811523
10 0.633789 0.237793 0.0507812 0.0654297 0.806641
0 0.699219 0.480469 0.0527344 0.0351562 0.806641
6 0.617188 0.330078 0.0351562 0.0400391 0.79834
22 0.391113 0.868164 0.0361328 0.0429688 0.796875
14 0.696289 0.541016 0.015625 0.0703125 0.794434
4 0.915527 0.628906 0.0244141 0.0566406 0.792969
6 0.320312 0.946777 0.0322266 0.0351562 0.792969
4 0.409668 0.479492 0.0205078 0.0380859 0.791992
9 0.291016 0.25 0.0351562 0.0405273 0.788086
4 0.262634 0.403809 0.0255127 0.0478516 0.788086
4 0.350586 0.555664 0.0263672 0.0429688 0.786621
23 0.0881958 0.481445 0.0308838 0.0351562 0.785156
10 0.328613 0.471191 0.0356445 0.0585938 0.778809
4 0.114258 0.633301 0.0256348 0.0439453 0.778809
13 0.262695 0.238037 0.0214844 0.0664062 0.769043
18 0.459717 0.628906 0.0532227 0.0488281 0.767578
9 0.932617 0.0163574 0.0332031 0.0324707 0.762207
10 0.467529 0.702148 0.0371094 0.0625 0.759277
8 0.895508 0.945312 0.0390625 0.0410156 0.757812
6 0.739258 0.0161133 0.0322266 0.0322266 0.756348
22 0.855469 0.943848 0.0351562 0.0429688 0.754883
10 0.75293 0.319824 0.0371094 0.0605469 0.753418
13 0.966309 0.313232 0.0195312 0.0620117 0.753418
23 0.107361 0.713867 0.0294189 0.0371094 0.747559
7 0.543457 0.875 0.0625 0.0566406 0.744629
2 0.949219 0.790527 0.03125 0.0371094 0.730957
19 0.59082 0.480957 0.0292969 0.0341797 0.728027
13 0.595703 0.157471 0.0175781 0.0639648 0.71875
13 0.800293 0.677734 0.0146484 0.0351562 0.710449
2 0.406738 0.327637 0.0332031 0.0351562 0.70752
6 0.358398 0.483398 0.0205078 0.0361328 0.705566
14 0.222412 0.237793 0.0151367 0.0634766 0.704102
6 0.227295 0.404785 0.0341797 0.0361328 0.704102
2 0.835938 0.714844 0.0566406 0.0566406 0.704102
5 0.854492 0.250977 0.0351562 0.0400391 0.700684
10 0.560059 0.701172 0.0527344 0.0644531 0.694336
18 0.875 0.0861206 0.0449219 0.0501709 0.692871
13 0.642578 0.155975 0.0175781 0.0713501 0.684082
14 0.241943 0.236694 0.0175781 0.0612793 0.680664
4 0.984375 0.941406 0.0253906 0.0507812 0.673828
10 0.178955 0.935547 0.0361328 0.0644531 0.67041
5 0.900391 0.480469 0.0585938 0.0371094 0.668945
18 0.345703 0.864258 0.0517578 0.0488281 0.658203
13 0.679688 0.468506 0.015625 0.0600586 0.656738
2 0.138428 0.32666 0.0551758 0.0380859 0.645996
8 0.186523 0.32959 0.0371094 0.0410156 0.645996
4 0.137695 0.403809 0.0234375 0.0478516 0.644043
7 0.44043 0.25415 0.0576172 0.0546875 0.635254
0 0.988281 0.32666 0.0234375 0.0351562 0.62793
2 0.774414 0.555664 0.0585938 0.0410156 0.624512
6 0.496582 0.714355 0.0214844 0.0380859 0.624512
14 0.120483 0.856445 0.0163574 0.0625 0.622559
22 0.989258 0.867188 0.0214844 0.0429688 0.622559
4 0.675781 0.402832 0.0253906 0.0380859 0.620605
6 0.362305 0.711914 0.0371094 0.0410156 0.620605
2 0.961426 0.558594 0.0263672 0.0371094 0.618652
4 0.0818481 0.635254 0.0229492 0.0410156 0.615234
13 0.602051 0.621094 0.0253906 0.0683594 0.613281
13 0.466797 0.296387 0.0136719 0.0205078 0.605957
0 0.500488 0.790527 0.0546875 0.0439453 0.600098
12 0.788086 0.784668 0.0625 0.0810547 0.600098
2 0.898926 0.0156555 0.0332031 0.031311 0.598145
7 0.794922 0.256897 0.0595703 0.055542 0.596191
2 0.473145 0.404785 0.0341797 0.0361328 0.588867
13 0.995605 0.236328 0.00878906 0.0703125 0.586914
13 0.169678 0.546875 0.015625 0.0644531 0.586914
0 0.0836792 0.0949707 0.0783691 0.0422363 0.581543
18 0.141479 0.0164795 0.0412598 0.032959 0.57959
13 0.495605 0.626953 0.015625 0.0585938 0.567871
16 0.234375 0.946289 0.0449219 0.0429688 0.544922
6 0.0595703 0.249756 0.0394287 0.0400391 0.544922
4 0.637207 0.552246 0.0253906 0.0449219 0.53125
2 0.561523 0.403809 0.0546875 0.0366211 0.517578
13 0.466309 0.314453 0.0146484 0.0566406 0.507812
