18 0.595654 0.929881 0.107009 0.138537 0.97797
8 0.720748 0.949898 0.09273 0.0888232 0.976223
22 0.480885 0.955831 0.0861634 0.0869715 0.968069
9 0.918288 0.947122 0.0865198 0.0946954 0.956788
22 0.821039 0.948969 0.0827773 0.0899684 0.951269
2 0.660571 0.753263 0.0684791 0.0899324 0.93518
6 0.0580462 0.959727 0.0861421 0.0805461 0.924047
0 0.970049 0.754513 0.0599029 0.0857201 0.891889
1 0.0178549 0.183743 0.0355761 0.127967 0.877662
19 0.727482 0.754089 0.05651 0.0842652 0.869668
8 0.961454 0.152433 0.0770922 0.0857824 0.650807
