12 0.17981 0.896484 0.0344238 0.0820312 0.988281
7 0.048645 0.90918 0.0410156 0.0644531 0.974121
0 0.227295 0.979492 0.0610352 0.0410156 0.959961
5 0.118774 0.386719 0.0373535 0.0478516 0.95459
2 0.23877 0.560547 0.0239258 0.0390625 0.951172
7 0.231201 0.742188 0.0415039 0.0585938 0.937988
0 0.0966187 0.817383 0.0614014 0.046875 0.932617
6 0.0908203 0.897461 0.0405273 0.0449219 0.929199
0 0.21106 0.474609 0.0778809 0.0458984 0.924805
2 0.0408325 0.980469 0.0301514 0.0390625 0.91748
6 0.0329666 0.561523 0.0424652 0.0429688 0.911621
2 0.234619 0.814941 0.0317383 0.0478516 0.911621
8 0.0786133 0.391113 0.0421143 0.0512695 0.90332
2 0.180786 0.977539 0.0317383 0.0449219 0.896484
14 0.0156708 0.464111 0.0206299 0.0688477 0.871582
18 0.0810547 0.973633 0.0463867 0.0507812 0.837402
4 0.0165253 0.383301 0.0330505 0.0615234 0.834473
21 0.133759 0.981445 0.0557251 0.0371094 0.817383
10 0.150879 0.463867 0.0385742 0.0683594 0.812988
13 0.0281372 0.635742 0.022583 0.0839844 0.770508
35 0.405029 0.864258 0.0493164 0.0625 0.741699
14 0.121704 0.890625 0.0214844 0.0722656 0.726562
22 0.189941 0.732422 0.034668 0.0429688 0.71875
6 0.0965576 0.476074 0.0458984 0.0458984 0.713867
12 0.0924072 0.633789 0.0280762 0.0722656 0.577637
35 0.331787 0.882812 0.0454102 0.0449219 0.571777
18 0.01017 0.964844 0.0203094 0.0703125 0.567871
18 0.184326 0.815918 0.0585938 0.046875 0.529297
18 0.239014 0.901367 0.0385742 0.0449219 0.517578
12 0.0600281 0.635254 0.0369263 0.0673828 0.515625
