15 0.770508 0.745117 0.0761719 0.0703125 0.992188
10 0.262207 0.745117 0.0361328 0.0673828 0.989746
8 0.273682 0.585449 0.0375977 0.0410156 0.987305
10 0.249756 0.65918 0.0317383 0.0664062 0.98584
12 0.128174 0.840332 0.0373535 0.0830078 0.98291
0 0.0345459 0.583984 0.0644531 0.0488281 0.978516
21 0.72168 0.852539 0.0410156 0.0595703 0.976074
18 0.84375 0.583008 0.0390625 0.0527344 0.96875
8 0.833984 0.502441 0.0351562 0.0410156 0.968262
4 0.01548 0.664062 0.030838 0.0527344 0.96582
7 0.36084 0.766602 0.0380859 0.0605469 0.964355
2 0.496094 0.498535 0.0253906 0.0449219 0.961426
5 0.578125 0.585938 0.0351562 0.0458984 0.961426
0 0.388672 0.990723 0.0581055 0.0185547 0.960449
5 0.628906 0.754883 0.0380859 0.0488281 0.958984
0 0.502441 0.922852 0.0615234 0.0439453 0.958984
11 0.272461 0.911621 0.0375977 0.0673828 0.95752
0 0.930664 0.503906 0.0595703 0.046875 0.956543
8 0.127899 0.922852 0.0425415 0.0429688 0.956543
5 0.405518 0.583496 0.0375977 0.0429688 0.955566
14 0.554688 0.980957 0.015625 0.0380859 0.955078
6 0.610352 0.671875 0.0400391 0.0419922 0.953125
7 0.308105 0.679199 0.0361328 0.0605469 0.95166
0 0.54248 0.499512 0.0634766 0.0478516 0.950195
0 0.197998 0.585449 0.0610352 0.046875 0.949707
5 0.0578613 0.835938 0.036499 0.046875 0.94873
8 0.468262 0.839844 0.0361328 0.0390625 0.94873
12 0.402832 0.744629 0.0371094 0.0634766 0.943848
8 0.899902 0.923828 0.0429688 0.0449219 0.941895
13 0.127472 0.980957 0.0170288 0.0380859 0.938965
6 0.450684 0.923828 0.0390625 0.0410156 0.936523
0 0.629883 0.499268 0.0585938 0.0463867 0.936523
2 0.165283 0.838867 0.0317383 0.0488281 0.935547
5 0.0448914 0.755859 0.036438 0.046875 0.93457
0 0.253906 0.500488 0.059082 0.0478516 0.934082
13 0.194336 0.660156 0.0253906 0.0722656 0.933594
0 0.683594 0.754883 0.0742188 0.0507812 0.933594
5 0.761719 0.837402 0.0371094 0.0449219 0.933105
0 0.158691 0.754883 0.0620117 0.0507812 0.931152
8 0.803223 0.585938 0.0400391 0.046875 0.930664
2 0.435791 0.838379 0.027832 0.0419922 0.92627
8 0.104004 0.499023 0.0444336 0.0488281 0.925293
0 0.810547 0.838867 0.0605469 0.0449219 0.923828
0 0.112061 0.408936 0.0634766 0.0571289 0.918945
18 0.433594 0.489746 0.0507812 0.0546875 0.918945
2 0.549805 0.924805 0.03125 0.046875 0.91748
2 0.798828 0.503418 0.03125 0.0498047 0.915527
2 0.937988 0.921875 0.0332031 0.0449219 0.915527
8 0.894531 0.837891 0.0419922 0.0488281 0.913574
9 0.265137 0.837891 0.0351562 0.0449219 0.913086
7 0.560547 0.763672 0.0410156 0.0605469 0.912598
9 0.354492 0.922852 0.0380859 0.0488281 0.912598
0 0.214355 0.838867 0.0627441 0.0439453 0.90918
18 0.90332 0.583984 0.0371094 0.0527344 0.906738
13 0.221191 0.400391 0.0273438 0.074707 0.905273
14 0.47168 0.48877 0.0205078 0.0693359 0.90332
9 0.00778198 0.924316 0.0155182 0.0458984 0.897461
35 0.671875 0.836426 0.0556641 0.0859375 0.894043
7 0.325439 0.847656 0.0561523 0.0644531 0.889648
6 0.270264 0.670898 0.0366211 0.0410156 0.887207
0 0.311768 0.756836 0.0561523 0.046875 0.887207
9 0.712402 0.67041 0.0361328 0.0488281 0.885742
14 0.825195 0.981934 0.0195312 0.0361328 0.882324
4 0.324951 0.499512 0.0292969 0.046875 0.874023
6 0.313477 0.925781 0.0410156 0.046875 0.868652
10 0.122559 0.574219 0.0336914 0.0703125 0.866211
11 0.159302 0.980469 0.0373535 0.0390625 0.863281
7 0.0167999 0.509277 0.0334167 0.0644531 0.861328
4 0.598633 0.838867 0.0283203 0.0507812 0.858887
0 0.874023 0.751953 0.0566406 0.0546875 0.852051
5 0.423584 0.411621 0.0375977 0.0507812 0.850098
2 0.501465 0.838867 0.0302734 0.0429688 0.84375
22 0.314209 0.583496 0.0366211 0.0478516 0.842773
4 0.285156 0.408691 0.0273438 0.0576172 0.837402
5 0.942871 0.587891 0.0410156 0.0488281 0.832031
22 0.12439 0.669922 0.0339355 0.0429688 0.831055
8 0.395752 0.92627 0.0185547 0.0488281 0.827637
13 0.804688 0.402832 0.0253906 0.0722656 0.825684
8 0.943848 0.418945 0.0498047 0.0546875 0.811523
4 0.682129 0.922363 0.0351562 0.0654297 0.809082
7 0.693848 0.412842 0.0644531 0.0859375 0.803223
18 0.838379 0.411865 0.0351562 0.0488281 0.800781
5 0.169922 0.919434 0.0378418 0.0527344 0.796875
18 0.188721 0.406738 0.0366211 0.0595703 0.789062
6 0.402832 0.838867 0.0351562 0.0429688 0.78125
13 0.327148 0.979004 0.0205078 0.0419922 0.775879
22 0.085144 0.584961 0.0343018 0.0458984 0.773438
2 0.863281 0.924805 0.0283203 0.0507812 0.763672
13 0.347656 0.980957 0.0175781 0.0380859 0.753418
5 0.685059 0.586426 0.0527344 0.0458984 0.740234
13 0.0871582 0.981445 0.017334 0.0371094 0.737305
5 0.755371 0.585938 0.0546875 0.046875 0.73584
5 0.14563 0.583984 0.0412598 0.0488281 0.733887
0 0.484131 0.992188 0.0668945 0.015625 0.712402
12 0.470459 0.401367 0.0532227 0.0722656 0.6875
8 0.417969 0.927734 0.0253906 0.0507812 0.6875
13 0.00842285 0.746094 0.016571 0.0664062 0.684082
18 0.931641 0.748047 0.0585938 0.0605469 0.673828
22 0.25293 0.412842 0.0341797 0.0463867 0.665527
13 0.874023 0.578613 0.0214844 0.0615234 0.665527
7 0.87207 0.679688 0.0664062 0.0664062 0.662109
5 0.52832 0.410156 0.0537109 0.0532227 0.656738
18 0.610352 0.408936 0.0546875 0.0576172 0.656738
8 0.0944824 0.755859 0.0634766 0.0517578 0.615234
13 0.233398 0.827637 0.0244141 0.0634766 0.609375
18 0.759766 0.502441 0.0390625 0.0488281 0.600098
11 0.764648 0.982422 0.03125 0.0351562 0.584961
13 0.611328 0.490723 0.0214844 0.0664062 0.583008
13 0.188721 0.976562 0.019043 0.046875 0.57959
6 0.219971 0.923828 0.0620117 0.0488281 0.569824
2 0.82666 0.748047 0.03125 0.0625 0.569824
23 0.368652 0.840332 0.0317383 0.0410156 0.550781
6 0.626953 0.583984 0.0585938 0.0488281 0.548828
23 0.58252 0.925781 0.0341797 0.0449219 0.548828
22 0.208984 0.755859 0.0356445 0.046875 0.546875
4 0.0919189 0.834473 0.0310059 0.0537109 0.541016
24 0.729004 0.934082 0.0585938 0.0634766 0.535156
21 0.938477 0.830078 0.0429688 0.0664062 0.515625
9 0.240234 0.990723 0.0366211 0.0185547 0.507812
