1 0.832122 0.282082 0.0883392 0.134561 0.979317
7 0.578107 0.873161 0.101898 0.137259 0.967335
13 0.785065 0.437726 0.0442201 0.137447 0.967187
13 0.852058 0.054154 0.0416939 0.108308 0.966069
14 0.802862 0.0548673 0.0451807 0.109735 0.962307
6 0.925433 0.0659849 0.0932072 0.0855657 0.958025
5 0.680141 0.852511 0.081455 0.0910051 0.949709
6 0.896869 0.6571 0.0884528 0.088626 0.904674
8 0.983125 0.656906 0.0337497 0.0916169 0.793774
14 0.418365 0.983858 0.035211 0.0322831 0.712767
13 0.121249 0.983539 0.0387681 0.032922 0.712375
