0 0.846651 0.0662605 0.0609446 0.0404358 0.952391
8 0.834343 0.653254 0.0400112 0.0401165 0.945881
7 0.799849 0.159778 0.0391796 0.0600586 0.937384
14 0.956044 0.640348 0.017863 0.06389 0.935338
9 0.345176 0.903826 0.0354548 0.0401945 0.917696
0 0.113373 0.913468 0.0618133 0.0432923 0.912376
6 0.876649 0.652085 0.0421382 0.0397055 0.911638
5 0.983558 0.568707 0.0328838 0.0410795 0.909061
7 0.943398 0.576676 0.0383799 0.0609088 0.897978
2 0.790369 0.233706 0.0273122 0.0418049 0.886367
14 0.872084 0.139411 0.0204992 0.0640852 0.872091
0 0.943524 0.317591 0.0624902 0.0413589 0.862677
7 0.396955 0.914075 0.039766 0.0549607 0.859667
11 0.412194 0.480979 0.0354102 0.0626622 0.836883
14 0.135238 0.821457 0.0193165 0.0618846 0.809081
6 0.679228 0.821347 0.0387241 0.0369842 0.754219
8 0.208615 0.986683 0.0373701 0.026634 0.701498
12 0.920901 0.736708 0.0337191 0.079607 0.697783
0 0.0130416 0.75101 0.02586 0.043714 0.691609
0 0.456458 0.823894 0.060748 0.0424542 0.642621
9 0.498493 0.489209 0.0348979 0.0431154 0.627236
14 0.83261 0.556426 0.0175021 0.0622963 0.621082
11 0.801034 0.308545 0.0340033 0.0622342 0.581589
2 0.985016 0.0655225 0.0295367 0.0442882 0.529014
2 0.983792 0.650281 0.0308795 0.043715 0.505837
