18 0.103882 0.619141 0.0402832 0.0585938 0.984863
18 0.164551 0.884277 0.0400391 0.0615234 0.978027
7 0.173462 0.201416 0.0446777 0.0603027 0.967285
5 0.223267 0.980469 0.0402832 0.0390625 0.961914
21 0.0665436 0.980957 0.0436707 0.0380859 0.954102
5 0.0905151 0.539062 0.0360107 0.046875 0.939941
5 0.0369568 0.713867 0.0375977 0.0429688 0.939453
11 0.214233 0.273926 0.0378418 0.0634766 0.9375
4 0.0889893 0.882812 0.027832 0.0585938 0.931152
22 0.173462 0.545898 0.0383301 0.0419922 0.922852
13 0.0357361 0.526489 0.0214233 0.0700684 0.915527
2 0.2052 0.71875 0.03125 0.0410156 0.914062
13 0.197998 0.880859 0.0229492 0.0683594 0.911133
0 0.0460281 0.0157166 0.0595551 0.0314331 0.90918
2 0.226074 0.893066 0.0336914 0.0488281 0.901855
13 0.246582 0.27002 0.0244141 0.0810547 0.884766
5 0.0617676 0.628906 0.038208 0.0449219 0.884277
10 0.0253296 0.791016 0.043396 0.0664062 0.883301
14 0.203125 0.79248 0.0209961 0.0673828 0.877441
2 0.177246 0.805176 0.0297852 0.0458984 0.871582
4 0.245605 0.0218658 0.0307617 0.0436707 0.862305
0 0.0317993 0.360352 0.0631104 0.0429688 0.86084
21 0.0185242 0.196411 0.0368042 0.0661621 0.855957
2 0.0983887 0.804199 0.0336914 0.0429688 0.853027
13 0.248047 0.361328 0.0224609 0.0693359 0.849121
2 0.0532837 0.189819 0.0310059 0.0512695 0.848145
5 0.121277 0.979004 0.0643311 0.0410156 0.823242
18 0.0381775 0.268555 0.0492554 0.0576172 0.800781
2 0.243164 0.196289 0.0317383 0.0463867 0.762207
2 0.0728912 0.44873 0.0282898 0.0429688 0.757812
18 0.178833 0.96875 0.0461426 0.0605469 0.756348
10 0.173218 0.272461 0.0419922 0.0664062 0.747559
13 0.00502014 0.874023 0.00987244 0.0761719 0.746094
7 0.13797 0.10791 0.0717163 0.0610352 0.71875
23 0.0161591 0.624023 0.0322571 0.0507812 0.692871
14 0.227051 0.363525 0.0192871 0.0644531 0.6875
10 0.0439453 0.881836 0.0628662 0.0703125 0.684082
11 0.0108948 0.522583 0.0217285 0.0778809 0.663574
21 0.00972748 0.72168 0.019455 0.0625 0.649414
14 0.234497 0.70166 0.0270996 0.0664062 0.647949
10 0.120117 0.438477 0.0612793 0.0634766 0.594727
2 0.230469 0.801758 0.0310059 0.0458984 0.588867
13 0.0543213 0.335693 0.0186768 0.0678711 0.57959
0 0.0288391 0.427734 0.0576172 0.0810547 0.575684
13 0.170166 0.37085 0.0131836 0.0439453 0.571777
6 0.174561 0.0195923 0.0515137 0.0391846 0.527344
4 0.13327 0.531738 0.0454712 0.0615234 0.523438
21 0.0164185 0.249023 0.0313721 0.050293 0.505859
