12 0.539062 0.489014 0.0390625 0.0688477 0.98877
10 0.55957 0.09729 0.0341797 0.0666504 0.98584
18 0.135986 0.87793 0.0437012 0.0546875 0.981445
12 0.479492 0.958984 0.0380859 0.0722656 0.981445
18 0.503052 0.176636 0.0427246 0.0620117 0.974121
21 0.321289 0.578125 0.0458984 0.0595703 0.972168
0 0.568359 0.970703 0.0546875 0.0439453 0.970215
12 0.106201 0.795898 0.0668945 0.0722656 0.966309
2 0.535156 0.810547 0.03125 0.0380859 0.963379
1 0.0143967 0.890625 0.0287933 0.0585938 0.960938
2 0.0533447 0.262451 0.0322266 0.0361328 0.958984
14 0.514648 0.0258484 0.0185547 0.0516968 0.95752
11 0.395508 0.0945435 0.0390625 0.0596924 0.953125
5 0.115723 0.338623 0.0358887 0.0400391 0.950195
2 0.113098 0.417236 0.0338135 0.0361328 0.948242
8 0.161621 0.807129 0.0375977 0.0410156 0.945312
2 0.615234 0.731445 0.0332031 0.0390625 0.944824
1 0.30957 0.815918 0.0351562 0.0537109 0.944824
9 0.344727 0.104126 0.0366211 0.0393066 0.942383
2 0.262634 0.645508 0.0294189 0.0410156 0.941895
13 0.166992 0.17041 0.019043 0.0703125 0.938965
18 0.0943604 0.951172 0.0446777 0.0634766 0.938965
6 0.0487671 0.883789 0.038208 0.0449219 0.937988
5 0.418945 0.49707 0.0537109 0.0390625 0.937012
4 0.0726471 0.0237122 0.0307312 0.0471191 0.935547
5 0.0140915 0.805664 0.0279388 0.0439453 0.935059
10 0.600586 0.261719 0.0546875 0.0703125 0.934082
2 0.522949 0.572266 0.0332031 0.0410156 0.933105
5 0.310303 0.730469 0.0361328 0.0390625 0.932617
5 0.196289 0.184326 0.0366211 0.0400391 0.930664
5 0.293457 0.024704 0.0371094 0.0413513 0.930176
0 0.231567 0.0246887 0.0788574 0.0429688 0.929199
2 0.0214844 0.962891 0.0425415 0.0429688 0.929199
21 0.108948 0.480957 0.0391846 0.0644531 0.927246
7 0.416992 0.27301 0.0439453 0.0545654 0.921875
0 0.480957 0.654297 0.0566406 0.0371094 0.921387
2 0.0132599 0.104126 0.0264587 0.0390625 0.92041
7 0.574219 0.662109 0.0390625 0.0527344 0.919434
5 0.262634 0.805664 0.038208 0.0429688 0.918457
2 0.537109 0.886719 0.0292969 0.0419922 0.91748
6 0.113464 0.104553 0.0396729 0.0389404 0.915527
13 0.0103302 0.4021 0.0206604 0.0761719 0.914062
16 0.580566 0.811523 0.0488281 0.0488281 0.913574
2 0.595703 0.891602 0.0292969 0.0410156 0.912598
0 0.0699463 0.340332 0.0507812 0.0390625 0.908203
5 0.483887 0.0299225 0.0351562 0.0378113 0.898926
1 0.325195 0.271484 0.0341797 0.0527344 0.898438
9 0.0459595 0.804199 0.0362549 0.0410156 0.898438
2 0.203125 0.413818 0.0307617 0.0385742 0.891113
13 0.617188 0.799805 0.0214844 0.0693359 0.887207
13 0.174072 0.403564 0.019043 0.0654297 0.88623
13 0.472656 0.17334 0.0185547 0.0673828 0.884766
2 0.363037 0.884766 0.0322266 0.0429688 0.880859
2 0.361816 0.963867 0.03125 0.0410156 0.878906
5 0.62207 0.577148 0.0361328 0.0410156 0.875977
2 0.384033 0.805664 0.03125 0.0429688 0.875977
13 0.316895 0.0926514 0.0195312 0.0646973 0.867188
1 0.222656 0.348145 0.0385742 0.0566406 0.864258
13 0.209473 0.480713 0.0192871 0.0678711 0.86084
13 0.170654 0.871094 0.0195312 0.0712891 0.856934
18 0.365234 0.249939 0.0371094 0.0587158 0.853027
2 0.0860596 0.878906 0.0319824 0.046875 0.845703
13 0.413574 0.330078 0.0214844 0.0664062 0.841797
5 0.583496 0.188477 0.0351562 0.0380859 0.832031
23 0.577148 0.498779 0.0332031 0.0385742 0.832031
2 0.537598 0.654297 0.0322266 0.0390625 0.831055
22 0.136963 0.963379 0.036377 0.0439453 0.831055
2 0.542969 0.0307465 0.0371094 0.0405579 0.829102
22 0.239746 0.490234 0.0341797 0.0410156 0.82666
10 0.470215 0.252441 0.0537109 0.0629883 0.806641
46 0.445801 0.80957 0.0830078 0.0527344 0.801758
0 0.125488 0.567383 0.0715332 0.0390625 0.792969
22 0.617676 0.969727 0.0341797 0.0410156 0.789062
8 0.237183 0.262451 0.0358887 0.0385742 0.78418
6 0.611816 0.655762 0.0351562 0.0390625 0.782715
23 0.318359 0.884766 0.0341797 0.0410156 0.78125
2 0.359863 0.0241089 0.0302734 0.0426025 0.771973
14 0.188477 0.479492 0.0158691 0.0625 0.769043
6 0.369141 0.495117 0.0341797 0.0380859 0.764648
2 0.361816 0.183594 0.0341797 0.0371094 0.763672
2 0.397705 0.183716 0.0322266 0.0371094 0.740234
6 0.347412 0.803711 0.0371094 0.0498047 0.733887
13 0.0258026 0.617676 0.0126038 0.0351562 0.723145
2 0.452881 0.729492 0.0429688 0.0410156 0.720215
2 0.283203 0.491699 0.046875 0.0458984 0.70752
12 0.591309 0.573242 0.0283203 0.046875 0.702637
14 0.451172 0.32959 0.0166016 0.0625 0.690918
16 0.437256 0.182861 0.0454102 0.0449219 0.689453
13 0.158936 0.555664 0.0200195 0.0654297 0.684082
13 0.346924 0.412598 0.0297852 0.0791016 0.680664
6 0.0533447 0.647461 0.0388184 0.0410156 0.675781
4 0.143921 0.182373 0.0280762 0.0400391 0.672363
6 0.546387 0.187866 0.0380859 0.0395508 0.67041
23 0.0203819 0.261963 0.0306473 0.0395508 0.663574
12 0.0551453 0.411133 0.0614624 0.0722656 0.663574
0 0.312012 0.337646 0.0458984 0.043457 0.645996
4 0.176514 0.646484 0.0253906 0.0478516 0.645996
6 0.249146 0.416504 0.0559082 0.0361328 0.640625
4 0.259338 0.882324 0.0291748 0.0439453 0.62793
18 0.189697 0.72168 0.0405273 0.0546875 0.62793
6 0.27832 0.256775 0.0390625 0.0499268 0.624512
8 0.29541 0.645508 0.0341797 0.0390625 0.624512
4 0.650879 0.273438 0.0273438 0.0429688 0.624512
8 0.363525 0.573242 0.0341797 0.0390625 0.618652
6 0.500488 0.345215 0.0439453 0.0400391 0.607422
2 0.0218964 0.0266418 0.0293274 0.0425415 0.605957
12 0.26178 0.955078 0.0672607 0.0703125 0.596191
0 0.298828 0.415039 0.0390625 0.0390625 0.586914
13 0.0455017 0.486816 0.0146484 0.0585938 0.581543
22 0.102905 0.26001 0.0625 0.0449219 0.57373
23 0.504395 0.80957 0.0302734 0.0410156 0.569824
18 0.139038 0.726074 0.0566406 0.0419922 0.523438
10 0.157837 0.482422 0.0385742 0.0615234 0.517578
12 0.233887 0.726562 0.0371094 0.0800781 0.515625
18 0.27832 0.0958252 0.0595703 0.0605469 0.507812
14 0.432617 0.330811 0.0170898 0.0668945 0.501953
