1 0.65918 0.866699 0.0898438 0.136719 0.979492
8 0.942383 0.439941 0.101562 0.09375 0.972656
4 0.317139 0.644531 0.0756836 0.117188 0.970703
18 0.905273 0.821289 0.0908203 0.125 0.96875
23 0.394531 0.648438 0.0654297 0.0878906 0.966797
23 0.486816 0.845215 0.0761719 0.0908203 0.964355
19 0.352539 0.449463 0.0644531 0.0922852 0.962402
2 0.285156 0.052948 0.0698242 0.0917358 0.961426
2 0.154572 0.844727 0.071228 0.09375 0.951172
6 0.0626221 0.845215 0.0964355 0.0898438 0.941406
7 0.677246 0.071167 0.154297 0.134033 0.94043
2 0.284119 0.450195 0.0684814 0.0917969 0.939453
13 0.286865 0.822266 0.0405273 0.139648 0.938477
2 0.673828 0.25 0.0761719 0.0927734 0.934082
16 0.794434 0.247192 0.102539 0.092041 0.922852
6 0.477051 0.646484 0.0957031 0.0908203 0.912598
8 0.970215 0.635742 0.0595703 0.09375 0.897461
1 0.743164 0.666504 0.134766 0.132812 0.891113
23 0.232666 0.848633 0.0717773 0.0917969 0.887207
4 0.330078 0.241455 0.0688477 0.115723 0.876465
4 0.902344 0.241211 0.0976562 0.104492 0.84082
8 0.193726 0.449219 0.0974121 0.0917969 0.805664
4 0.954102 0.0455322 0.0917969 0.0910645 0.792969
14 0.665039 0.976562 0.0410156 0.046875 0.788086
13 0.342285 0.0513916 0.0380859 0.102783 0.723145
6 0.78418 0.842773 0.144531 0.0927734 0.694336
6 0.378662 0.838379 0.13623 0.106445 0.624512
8 0.842773 0.416992 0.0878906 0.139648 0.569824
12 0.0093689 0.668945 0.0187378 0.166016 0.558105
18 0.166748 0.981445 0.100586 0.0371094 0.542969
13 0.704102 0.958008 0.0410156 0.0820312 0.503906
