10 0.782227 0.90625 0.0341797 0.0664062 0.988281
4 0.851562 0.681641 0.0273438 0.0410156 0.977051
12 0.692383 0.595703 0.0390625 0.0664062 0.973145
6 0.942383 0.84082 0.0351562 0.0371094 0.97168
2 0.823242 0.216553 0.03125 0.0371094 0.970703
5 0.450684 0.840332 0.0332031 0.0380859 0.970703
6 0.740234 0.683105 0.0371094 0.0371094 0.967773
5 0.213135 0.841797 0.0336914 0.0390625 0.967285
12 0.78418 0.208496 0.0390625 0.0703125 0.964355
8 0.902832 0.29541 0.0361328 0.0371094 0.964355
18 0.226807 0.908203 0.0419922 0.0625 0.964355
0 0.526367 0.21582 0.0576172 0.0400391 0.961426
0 0.798828 0.134888 0.0585938 0.0412598 0.959473
7 0.900391 0.849121 0.0429688 0.0527344 0.959473
18 0.782227 0.672363 0.0410156 0.0556641 0.95752
5 0.700195 0.988281 0.0332031 0.0234375 0.956543
10 0.132202 0.444092 0.0373535 0.0654297 0.955078
9 0.910156 0.918457 0.0371094 0.0410156 0.95459
12 0.165527 0.522583 0.034668 0.0661621 0.953125
21 0.482422 0.619141 0.0556641 0.0693359 0.952148
21 0.713867 0.223755 0.0449219 0.0568848 0.95166
22 0.942383 0.294922 0.0351562 0.0371094 0.95166
9 0.482422 0.76123 0.0332031 0.0380859 0.950195
5 0.500488 0.374756 0.0332031 0.0351562 0.94873
0 0.452148 0.377197 0.0537109 0.0395508 0.946777
6 0.918945 0.138062 0.0351562 0.0380859 0.945801
2 0.765625 0.989258 0.03125 0.0214844 0.944824
0 0.140747 0.84375 0.0578613 0.0400391 0.944824
18 0.96582 0.752441 0.0410156 0.0556641 0.944336
6 0.349609 0.218262 0.0400391 0.0383301 0.943359
22 0.182739 0.918457 0.0366211 0.0361328 0.941895
0 0.773926 0.294922 0.0517578 0.0361328 0.94043
18 0.137085 0.29541 0.0427246 0.0683594 0.938965
8 0.881836 0.138184 0.0351562 0.0383301 0.937988
22 0.629883 0.916992 0.0351562 0.0390625 0.937988
5 0.780762 0.529297 0.0332031 0.0371094 0.936523
5 0.289551 0.920898 0.0351562 0.0390625 0.936523
8 0.744141 0.452637 0.0371094 0.0361328 0.935547
2 0.890625 0.68457 0.03125 0.0351562 0.934082
5 0.819336 0.684082 0.03125 0.0371094 0.932129
8 0.383789 0.84375 0.0351562 0.0390625 0.927246
13 0.361816 0.12561 0.0175781 0.0632324 0.920898
5 0.846191 0.137085 0.0351562 0.0366211 0.920898
8 0.898438 0.216064 0.0371094 0.0375977 0.92041
13 0.200195 0.51355 0.0273438 0.0744629 0.918945
2 0.480957 0.216064 0.03125 0.0388184 0.916504
5 0.438477 0.605469 0.0351562 0.0371094 0.916504
5 0.92334 0.761719 0.0351562 0.0371094 0.916016
8 0.59082 0.917969 0.0371094 0.0390625 0.916016
9 0.586426 0.296387 0.0361328 0.0419922 0.915527
5 0.463867 0.68457 0.0361328 0.0390625 0.913086
7 0.465332 0.538574 0.0380859 0.0498047 0.912598
18 0.294922 0.597656 0.0439453 0.0566406 0.911621
8 0.838867 0.760254 0.0390625 0.0419922 0.910645
9 0.733398 0.914062 0.0332031 0.0449219 0.90918
2 0.415283 0.761719 0.0537109 0.0390625 0.901855
5 0.728027 0.295898 0.0361328 0.0371094 0.899902
13 0.260254 0.908203 0.0200195 0.0664062 0.899902
8 0.386719 0.0643463 0.0371094 0.039032 0.898926
8 0.980957 0.215698 0.0371094 0.0371094 0.898926
2 0.586914 0.13623 0.03125 0.0388184 0.897461
24 0.661133 0.68457 0.0390625 0.0429688 0.893066
14 0.262451 0.978516 0.0180664 0.0429688 0.893066
8 0.647461 0.0585632 0.0351562 0.0397339 0.888184
16 0.84375 0.915039 0.0507812 0.0429688 0.888184
13 0.879883 0.905762 0.0185547 0.0634766 0.887207
4 0.597656 0.0534973 0.0273438 0.0473022 0.88623
2 0.575195 0.986816 0.0292969 0.0263672 0.885742
5 0.342529 0.68457 0.0336914 0.0371094 0.884766
5 0.820801 0.29541 0.0351562 0.0371094 0.884277
10 0.517578 0.670898 0.0371094 0.0644531 0.884277
2 0.624512 0.681152 0.0302734 0.0371094 0.882324
22 0.57373 0.684082 0.0361328 0.0400391 0.882324
13 0.456299 0.75 0.0195312 0.0683594 0.882324
4 0.481934 0.837891 0.0253906 0.0410156 0.879883
21 0.269043 0.228271 0.0463867 0.0556641 0.878906
5 0.492188 0.297852 0.0361328 0.0410156 0.878418
2 0.750488 0.215576 0.0253906 0.0366211 0.874023
0 0.249756 0.0622253 0.0576172 0.036438 0.872559
0 0.54248 0.917969 0.0537109 0.0390625 0.871582
9 0.650391 0.215942 0.0351562 0.0388184 0.869629
9 0.542969 0.604492 0.0332031 0.0371094 0.869629
4 0.319336 0.916992 0.0239258 0.0449219 0.869629
2 0.938965 0.218506 0.0322266 0.0385742 0.868652
7 0.842773 0.460938 0.0664062 0.0556641 0.868652
13 0.465088 0.969727 0.0209961 0.0605469 0.868652
14 0.52832 0.362549 0.0166016 0.0668945 0.865234
2 0.335205 0.839844 0.0571289 0.0390625 0.863281
19 0.957031 0.918457 0.0253906 0.0371094 0.863281
4 0.854492 0.293457 0.0292969 0.0498047 0.862305
13 0.575684 0.0487595 0.0195312 0.0623932 0.861328
5 0.223877 0.766113 0.0532227 0.0390625 0.861328
6 0.75 0.138062 0.0371094 0.0380859 0.859863
1 0.913086 0.540039 0.0371094 0.0507812 0.85498
13 0.579102 0.748047 0.0195312 0.0693359 0.854004
5 0.790039 0.759766 0.0341797 0.0390625 0.854004
13 0.629395 0.82373 0.0185547 0.0673828 0.853027
13 0.751953 0.515137 0.0234375 0.0771484 0.847168
14 0.712891 0.672852 0.0136719 0.0576172 0.847168
9 0.390625 0.137451 0.034668 0.0390625 0.845703
0 0.878906 0.374023 0.0605469 0.0380859 0.84082
7 0.792969 0.0671387 0.0644531 0.0541992 0.832031
4 0.18335 0.760742 0.0227051 0.0488281 0.831055
22 0.481689 0.917969 0.03125 0.0380859 0.831055
13 0.922363 0.356689 0.0234375 0.0727539 0.827637
7 0.293457 0.774414 0.0566406 0.0585938 0.82666
5 0.705078 0.838867 0.0361328 0.0390625 0.824219
22 0.861328 0.532227 0.0400391 0.0429688 0.824219
13 0.717773 0.360352 0.0253906 0.0654297 0.822266
8 0.816406 0.53125 0.0361328 0.0371094 0.822266
7 0.188843 0.0682983 0.057373 0.0516357 0.819824
9 0.394287 0.378662 0.0361328 0.0410156 0.818848
2 0.318359 0.297852 0.0283203 0.0380859 0.816406
10 0.535156 0.749023 0.0390625 0.0644531 0.81543
18 0.179688 0.606445 0.0517578 0.0449219 0.805664
22 0.691406 0.0638428 0.0390625 0.0472412 0.79834
13 0.723633 0.594727 0.0185547 0.0625 0.796875
18 0.264099 0.45459 0.0635986 0.0507812 0.795898
19 0.948242 0.371582 0.0292969 0.0390625 0.791992
8 0.858887 0.221924 0.0351562 0.0454102 0.789062
0 0.140594 0.763672 0.0557251 0.0371094 0.78125
14 0.522461 0.28418 0.0205078 0.0654297 0.778809
2 0.686523 0.916992 0.0566406 0.0371094 0.777344
6 0.224609 0.378174 0.0561523 0.0390625 0.775879
12 0.154327 0.206299 0.0668335 0.0625 0.760742
13 0.398438 0.520386 0.0185547 0.0549316 0.757812
7 0.993652 0.140106 0.0126953 0.0640259 0.753418
13 0.55957 0.443604 0.0214844 0.0708008 0.753418
10 0.607422 0.367432 0.0361328 0.0732422 0.751953
19 0.693359 0.681641 0.0234375 0.0332031 0.749023
13 0.389404 0.667969 0.0205078 0.078125 0.749023
10 0.472656 0.443359 0.0371094 0.0585938 0.747559
10 0.529297 0.128418 0.0390625 0.0639648 0.746094
13 0.248413 0.125519 0.0246582 0.0653687 0.741699
14 0.496582 0.518066 0.0166016 0.0615234 0.740234
4 0.742188 0.368896 0.0273438 0.0439453 0.73877
0 0.802734 0.373047 0.0517578 0.0371094 0.733887
4 0.962891 0.0545959 0.0292969 0.041687 0.726562
13 0.162231 0.818359 0.0183105 0.0458984 0.71875
2 0.71875 0.759766 0.0283203 0.0390625 0.715332
13 0.677734 0.824219 0.015625 0.0683594 0.712402
4 0.55127 0.0568237 0.0283203 0.0397949 0.70752
6 0.784668 0.84082 0.0332031 0.0429688 0.702637
13 0.171875 0.284729 0.0229492 0.0760498 0.700684
9 0.497314 0.98584 0.0375977 0.0283203 0.699219
2 0.6875 0.375488 0.0332031 0.0332031 0.680664
6 0.954102 0.532227 0.0390625 0.0429688 0.680664
4 0.662109 0.133575 0.0253906 0.0473022 0.654785
8 0.981445 0.297119 0.0351562 0.0439453 0.647949
10 0.600586 0.827148 0.0546875 0.0664062 0.642578
6 0.560547 0.13855 0.0175781 0.0361328 0.638672
6 0.339355 0.14035 0.0488281 0.0366821 0.637207
6 0.539551 0.839844 0.0527344 0.0390625 0.635254
13 0.634277 0.0089798 0.015625 0.0178375 0.631836
9 0.951172 0.609375 0.0361328 0.0371094 0.631836
7 0.210938 0.00568008 0.0366211 0.0113602 0.620605
2 0.519531 0.059906 0.03125 0.0344849 0.596191
21 0.619629 0.986816 0.0478516 0.0263672 0.594727
18 0.78418 0.439941 0.0351562 0.0576172 0.594727
22 0.34668 0.0611572 0.0366211 0.0384521 0.584961
13 0.262695 0.6875 0.0102539 0.0390625 0.581543
2 0.53125 0.454346 0.03125 0.0405273 0.577637
6 0.532227 0.530762 0.0488281 0.0351562 0.577637
12 0.75 0.833496 0.0341797 0.0703125 0.577637
10 0.446777 0.0449219 0.0546875 0.0672607 0.57373
46 0.228271 0.990234 0.0424805 0.0195312 0.565918
18 0.858398 0.607422 0.0585938 0.0429688 0.560059
18 0.420166 0.682129 0.0439453 0.0410156 0.554688
1 0.78418 0.615234 0.0566406 0.0507812 0.548828
4 0.994141 0.837891 0.0117188 0.0429688 0.544922
24 0.88916 0.98877 0.0390625 0.0224609 0.539062
2 0.288574 0.990234 0.0268555 0.0195312 0.533203
4 0.18396 0.838867 0.0227051 0.0429688 0.53125
13 0.516113 0.517456 0.0195312 0.0627441 0.527344
13 0.994141 0.751953 0.0117188 0.0566406 0.519531
6 0.34082 0.379883 0.0566406 0.0449219 0.515625
2 0.819336 0.836914 0.0292969 0.0429688 0.515625
