38 0.160645 0.884277 0.0708008 0.0810547 0.98291
12 0.78418 0.958984 0.0390625 0.0703125 0.979004
21 0.713867 0.972656 0.046875 0.0546875 0.977539
1 0.723633 0.660156 0.0332031 0.0527344 0.976074
12 0.709961 0.878906 0.0390625 0.0703125 0.973633
10 0.305664 0.641113 0.0341797 0.0634766 0.972656
5 0.704102 0.571289 0.0332031 0.0419922 0.965332
0 0.524902 0.966309 0.0546875 0.0410156 0.959961
7 0.384277 0.581543 0.0400391 0.0546875 0.958984
0 0.798828 0.884766 0.0585938 0.0410156 0.958984
1 0.624512 0.739258 0.0332031 0.0566406 0.958008
10 0.966797 0.556641 0.0351562 0.0683594 0.955078
6 0.337646 0.890625 0.0458984 0.0371094 0.953125
2 0.823242 0.966797 0.03125 0.0371094 0.950684
18 0.665527 0.558594 0.0419922 0.0625 0.94873
8 0.440918 0.88623 0.0371094 0.0410156 0.94873
1 0.29541 0.900391 0.0322266 0.0527344 0.947754
6 0.348389 0.96875 0.0375977 0.0390625 0.946289
5 0.479492 0.65332 0.0302734 0.0371094 0.945312
8 0.784668 0.570801 0.0371094 0.0419922 0.941895
21 0.269104 0.975098 0.0467529 0.0498047 0.940918
6 0.918945 0.888184 0.0351562 0.0380859 0.94043
8 0.881836 0.888184 0.0351562 0.0380859 0.939941
5 0.447266 0.574219 0.0351562 0.0390625 0.937012
9 0.725586 0.726562 0.0371094 0.0429688 0.935059
0 0.868652 0.572266 0.0546875 0.0410156 0.934082
9 0.390625 0.887207 0.0351562 0.0390625 0.934082
22 0.689941 0.811523 0.0371094 0.0410156 0.932129
22 0.917969 0.570312 0.0351562 0.0410156 0.932129
6 0.662109 0.729492 0.0380859 0.0390625 0.930664
9 0.818848 0.648926 0.0361328 0.0429688 0.925781
5 0.84668 0.887207 0.0351562 0.0371094 0.925293
8 0.647461 0.808105 0.0351562 0.0400391 0.922852
6 0.62207 0.571289 0.0371094 0.0410156 0.919434
0 0.214355 0.96875 0.0546875 0.0429688 0.908691
2 0.586914 0.88623 0.03125 0.0390625 0.908203
18 0.36792 0.649414 0.0419922 0.0683594 0.907227
2 0.399414 0.731445 0.0527344 0.0390625 0.906738
22 0.177979 0.736328 0.0356445 0.0410156 0.903809
6 0.411133 0.654297 0.0380859 0.0371094 0.902832
8 0.386719 0.814453 0.0371094 0.0390625 0.901855
2 0.823242 0.571289 0.03125 0.0410156 0.901855
4 0.597656 0.803711 0.0273438 0.046875 0.896484
9 0.650391 0.966797 0.0351562 0.0400391 0.894043
6 0.978516 0.64502 0.0371094 0.0390625 0.892578
13 0.361328 0.875 0.0166016 0.0625 0.892578
6 0.75 0.888672 0.0371094 0.0371094 0.885742
9 0.38916 0.967773 0.0371094 0.0400391 0.881836
6 0.791016 0.729492 0.0361328 0.0371094 0.880859
10 0.275879 0.876465 0.0302734 0.0634766 0.878418
6 0.77002 0.649414 0.0546875 0.0410156 0.868652
13 0.575195 0.797852 0.0185547 0.0644531 0.868652
22 0.137421 0.810059 0.0366821 0.0410156 0.859863
2 0.944824 0.723145 0.03125 0.0400391 0.858887
2 0.481445 0.966797 0.0302734 0.0390625 0.85791
4 0.735352 0.569336 0.0253906 0.0527344 0.85498
0 0.249756 0.812012 0.0571289 0.0371094 0.851074
22 0.34668 0.810547 0.0361328 0.0371094 0.850098
5 0.313965 0.73584 0.0390625 0.0419922 0.848145
7 0.792969 0.817383 0.0644531 0.0546875 0.848145
13 0.553711 0.561523 0.0214844 0.0703125 0.839844
13 0.789551 0.631836 0.0185547 0.0761719 0.833496
2 0.572266 0.96875 0.0302734 0.0400391 0.830078
2 0.938477 0.969727 0.03125 0.0410156 0.827637
8 0.730469 0.807617 0.0371094 0.0419922 0.817383
13 0.763672 0.714844 0.0234375 0.0693359 0.81543
6 0.572266 0.730469 0.0273438 0.0371094 0.813965
7 0.167603 0.573242 0.0905762 0.0820312 0.799316
14 0.456299 0.958008 0.0161133 0.0664062 0.792969
8 0.980957 0.966309 0.0371094 0.0380859 0.782715
14 0.574219 0.563477 0.015625 0.0722656 0.779785
6 0.545898 0.731445 0.0332031 0.0371094 0.764648
2 0.984863 0.5625 0.0302734 0.0546875 0.764648
4 0.508911 0.658203 0.0251465 0.0566406 0.754883
7 0.189697 0.817871 0.0566406 0.0507812 0.751953
10 0.913574 0.795898 0.0507812 0.0664062 0.744629
7 0.993652 0.890137 0.0126953 0.0644531 0.737305
8 0.307617 0.81543 0.0371094 0.0410156 0.726562
4 0.47998 0.571289 0.0292969 0.046875 0.72168
8 0.898438 0.96582 0.0371094 0.0380859 0.712402
2 0.519531 0.80957 0.03125 0.0351562 0.70752
18 0.904785 0.727539 0.0449219 0.0419922 0.702637
8 0.60791 0.970703 0.0361328 0.0429688 0.67041
10 0.530273 0.878906 0.0390625 0.0644531 0.651367
13 0.232788 0.651367 0.0205078 0.0419922 0.647949
10 0.702637 0.63916 0.0332031 0.0712891 0.640625
4 0.662109 0.884766 0.0244141 0.0458984 0.638672
10 0.446777 0.796875 0.0546875 0.0644531 0.635254
2 0.75 0.967773 0.0253906 0.0410156 0.633301
13 0.539551 0.64502 0.0283203 0.0908203 0.618652
21 0.858398 0.806152 0.0546875 0.0429688 0.613281
6 0.561035 0.888672 0.0175781 0.0361328 0.602051
14 0.59375 0.565918 0.0175781 0.0742188 0.598145
4 0.55127 0.806641 0.0283203 0.0390625 0.594727
8 0.858887 0.970703 0.0351562 0.0429688 0.581543
12 0.152618 0.957031 0.0639038 0.0644531 0.563965
4 0.5 0.571777 0.0693359 0.046875 0.562012
8 0.9375 0.648438 0.0361328 0.0429688 0.558105
13 0.353271 0.5625 0.0229492 0.0644531 0.544922
13 0.576172 0.693359 0.0185547 0.015625 0.505859
8 0.30957 0.974609 0.0332031 0.0498047 0.505859
