21 0.216431 0.739258 0.174072 0.142578 0.993164
18 0.228516 0.0947266 0.114746 0.142578 0.98877
14 0.327148 0.892578 0.0498047 0.138672 0.955566
2 0.362305 0.31543 0.0673828 0.0874023 0.95166
23 0.293457 0.314697 0.0703125 0.090332 0.947266
46 0.210938 0.93457 0.166992 0.121094 0.936035
14 0.327637 0.686523 0.0478516 0.125977 0.915039
13 0.380127 0.691406 0.0541992 0.136719 0.891602
4 0.0734253 0.909668 0.0714111 0.117188 0.799316
10 0.035614 0.495361 0.0703735 0.13916 0.789062
13 0.0154648 0.918945 0.0308075 0.162109 0.656738
8 0.44873 0.290771 0.0947266 0.14209 0.629883
