12 0.600586 0.507324 0.162109 0.151367 0.986816
4 0.720703 0.706055 0.0644531 0.104492 0.981934
5 0.770508 0.320312 0.0878906 0.0932617 0.964844
1 0.853516 0.730469 0.0859375 0.130859 0.960449
14 0.906738 0.885742 0.0410156 0.134766 0.958984
2 0.927734 0.309814 0.0742188 0.0957031 0.953125
23 0.852051 0.317383 0.0712891 0.0810547 0.944824
2 0.695801 0.12384 0.0683594 0.0904541 0.930664
13 0.799805 0.499268 0.0449219 0.138184 0.927734
13 0.958008 0.87793 0.0439453 0.135742 0.903809
2 0.931641 0.110535 0.0732422 0.0980225 0.871582
13 0.94043 0.470215 0.0507812 0.183594 0.867188
7 0.601562 0.728516 0.158203 0.164062 0.838867
8 0.705566 0.915039 0.0898438 0.0898438 0.818848
8 0.779297 0.119141 0.0996094 0.0993652 0.817383
6 0.817383 0.907227 0.128906 0.0976562 0.741699
4 0.862305 0.0872803 0.0703125 0.16626 0.73584
7 0.865723 0.515137 0.09375 0.177734 0.679199
