7 0.688678 0.863238 0.0360789 0.0552354 0.965015
12 0.418959 0.855674 0.0323218 0.0783985 0.953089
8 0.332047 0.93909 0.0390759 0.042768 0.946385
8 0.541782 0.939905 0.0407583 0.0443323 0.944749
5 0.26831 0.938725 0.0377757 0.0409567 0.919265
5 0.730021 0.854662 0.0381861 0.0407834 0.897955
0 0.777167 0.429616 0.0580194 0.0412624 0.873218
6 0.143318 0.596168 0.0414629 0.039902 0.870503
11 0.460987 0.757735 0.0361897 0.0631677 0.798939
5 0.732484 0.769268 0.034555 0.043082 0.788265
2 0.0923885 0.68129 0.0314701 0.0449555 0.773269
0 0.333124 0.769879 0.0543669 0.041446 0.678841
5 0.3803 0.770426 0.0349989 0.0418211 0.666127
2 0.773823 0.175597 0.0305088 0.0439385 0.649945
12 0.807671 0.0956554 0.0335462 0.0777607 0.649505
2 0.0264084 0.936226 0.030325 0.0437961 0.624649
14 0.70353 0.757993 0.0180471 0.0655358 0.571362
