12 0.34375 0.615234 0.120117 0.137695 0.991699
23 0.566406 0.234863 0.0664062 0.097168 0.960449
19 0.03302 0.976562 0.06604 0.046875 0.959961
38 0.499023 0.809082 0.128906 0.136719 0.958984
2 0.0754395 0.639648 0.0692139 0.0898438 0.94873
5 0.71875 0.834961 0.0878906 0.09375 0.943359
2 0.907227 0.223511 0.0761719 0.100342 0.935547
4 0.0233459 0.830078 0.0465698 0.115234 0.929199
27 0.973633 0.651367 0.0507812 0.132812 0.924805
13 0.962891 0.397949 0.0429688 0.141602 0.913574
16 0.887695 0.426758 0.101562 0.0859375 0.892578
13 0.621094 0.203125 0.0410156 0.15332 0.864258
18 0.212891 0.804688 0.133301 0.166016 0.861328
18 0.929688 0.819824 0.140625 0.128906 0.86084
13 0.015564 0.615234 0.0309753 0.142578 0.849121
13 0.30127 0.800781 0.0444336 0.161133 0.849121
8 0.8125 0.836914 0.0957031 0.0917969 0.847168
6 0.720703 0.431152 0.146484 0.0991211 0.786621
6 0.619629 0.834961 0.0976562 0.0859375 0.713867
23 0.166992 0.638672 0.105957 0.0878906 0.708984
9 0.885742 0.967773 0.0957031 0.0644531 0.694336
5 0.763672 0.638184 0.0878906 0.0898438 0.675781
19 0.914062 0.633789 0.0703125 0.0878906 0.625977
2 0.0831299 0.841797 0.0712891 0.0898438 0.625977
13 0.200684 0.611816 0.0405273 0.141602 0.611328
14 0.1604 0.972656 0.0498047 0.0546875 0.598145
13 0.308594 0.946289 0.0678711 0.107422 0.523438
