8 0.127563 0.754883 0.100586 0.0996094 0.969238
13 0.0317001 0.733887 0.0465851 0.147461 0.946289
11 0.363281 0.526245 0.150391 0.138916 0.858887
18 0.383789 0.744141 0.137695 0.123047 0.836426
18 0.0186768 0.143188 0.0371094 0.0930176 0.825684
27 0.424561 0.954102 0.0566406 0.0917969 0.805664
6 0.383789 0.34668 0.142578 0.106445 0.785156
5 0.0559082 0.92627 0.0880127 0.142578 0.720215
23 0.100586 0.157715 0.0668945 0.0893555 0.6875
4 0.215942 0.453857 0.0837402 0.112793 0.548828
2 0.172119 0.154053 0.0761719 0.0939941 0.542969
