4 0.51709 0.865234 0.0849609 0.105469 0.985352
1 0.916992 0.6875 0.0917969 0.136719 0.98291
1 0.939453 0.293884 0.0859375 0.138794 0.981445
4 0.798828 0.262207 0.0722656 0.102051 0.972656
14 0.249023 0.856445 0.0498047 0.147461 0.969238
18 0.413574 0.465332 0.141602 0.123047 0.965332
14 0.834473 0.452393 0.0488281 0.138184 0.964355
18 0.991699 0.647461 0.0166016 0.138672 0.955566
9 0.955078 0.463379 0.0878906 0.105469 0.951172
5 0.603516 0.87207 0.0839844 0.103516 0.933105
23 0.365234 0.280518 0.0693359 0.0952148 0.924316
23 0.773438 0.0717621 0.0664062 0.0886536 0.919434
13 0.882812 0.458984 0.0488281 0.165039 0.91748
6 0.323486 0.875977 0.097168 0.107422 0.915527
13 0.827148 0.0622559 0.0410156 0.124512 0.915039
4 0.699219 0.867676 0.100586 0.0986328 0.905762
6 0.757812 0.46582 0.0957031 0.09375 0.884277
46 0.127319 0.851562 0.176025 0.169922 0.878418
13 0.791992 0.865723 0.0488281 0.183594 0.865234
6 0.864258 0.870117 0.0927734 0.0957031 0.847168
18 0.260986 0.268616 0.134277 0.120972 0.845703
13 0.419434 0.254333 0.0380859 0.139771 0.845703
8 0.42334 0.873047 0.0966797 0.0976562 0.842773
18 0.960938 0.847168 0.078125 0.137695 0.834473
13 0.954102 0.98291 0.0800781 0.0341797 0.645996
6 0.272461 0.477051 0.105469 0.0898438 0.588867
18 0.186646 0.0686035 0.155029 0.130371 0.519531
