18 0.410645 0.932617 0.105469 0.134766 0.97998
9 0.905273 0.952148 0.0927734 0.09375 0.964844
4 0.539062 0.749023 0.0742188 0.121094 0.944336
2 0.643066 0.158905 0.0742188 0.0962524 0.938477
22 0.882324 0.357422 0.0898438 0.0927734 0.932129
23 0.804688 0.36377 0.0664062 0.0869141 0.928711
0 0.394531 0.166138 0.146973 0.0935059 0.916504
0 0.832031 0.761719 0.146484 0.0917969 0.891602
2 0.679688 0.758789 0.0722656 0.0927734 0.884277
7 0.842285 0.585938 0.161133 0.132812 0.881836
7 0.417969 0.408447 0.152344 0.180176 0.876465
18 0.972656 0.144318 0.0546875 0.148865 0.862305
23 0.609863 0.76123 0.0654297 0.0878906 0.795898
29 0.961914 0.546875 0.0761719 0.169922 0.733887
4 0.708984 0.951172 0.0966797 0.0976562 0.624512
6 0.865234 0.16333 0.148438 0.0998535 0.586914
29 0.979492 0.327637 0.0410156 0.139648 0.571777
19 0.981445 0.762695 0.0371094 0.0898438 0.554688
