12 0.303223 0.94043 0.107422 0.119141 0.994141
19 0.216064 0.962891 0.0644531 0.0742188 0.979004
8 0.169312 0.770996 0.0991211 0.0966797 0.968262
22 0.271423 0.775391 0.0880127 0.0917969 0.960449
11 0.281738 0.552246 0.147949 0.140625 0.95459
0 0.349121 0.0156708 0.144531 0.0311279 0.930176
8 0.371094 0.77832 0.0996094 0.100586 0.928223
35 0.0662842 0.937012 0.132324 0.125977 0.915039
4 0.157227 0.571289 0.0998535 0.104492 0.902832
2 0.0136719 0.768555 0.0273438 0.0898438 0.89502
13 0.158569 0.937012 0.0539551 0.125977 0.884277
13 0.387207 0.94043 0.0517578 0.119141 0.879883
22 0.228027 0.0138702 0.0791016 0.0276489 0.844727
5 0.0166931 0.572266 0.0333252 0.0917969 0.640625
21 0.187012 0.378662 0.0966797 0.0966797 0.592773
