13 0.108887 0.0649414 0.0218506 0.0666504 0.931641
13 0.244751 0.150604 0.0236816 0.069397 0.927734
6 0.0374146 0.0779877 0.0397949 0.0447083 0.922363
9 0.138062 0.0736694 0.036377 0.0432129 0.884766
12 0.00679016 0.241821 0.0133057 0.0822754 0.859863
13 0.129608 0.149292 0.0205688 0.0717773 0.85791
12 0.0327377 0.239624 0.0366974 0.072998 0.842773
9 0.237915 0.246826 0.0368652 0.0537109 0.825684
8 0.0233002 0.161255 0.0397034 0.0515137 0.790527
13 0.0091629 0.06427 0.0181732 0.079834 0.770508
7 0.152222 0.257812 0.0395508 0.0683594 0.716797
9 0.158447 0.158203 0.0366211 0.0471191 0.702637
12 0.0175323 0.241699 0.0341492 0.0791016 0.535156
22 0.134155 0.00751495 0.0310059 0.0150299 0.523438
