12 0.194702 0.867188 0.164307 0.142578 0.987793
4 0.654297 0.485596 0.0703125 0.112793 0.981445
22 0.796875 0.296143 0.0878906 0.0913086 0.979492
18 0.867188 0.478027 0.09375 0.129883 0.978516
19 0.320801 0.889648 0.0625 0.0917969 0.973145
23 0.542969 0.695312 0.0683594 0.0927734 0.972168
8 0.536987 0.891113 0.101807 0.09375 0.971191
5 0.765625 0.495361 0.0957031 0.0991211 0.958984
23 0.47168 0.695312 0.0732422 0.0917969 0.958984
2 0.936523 0.895508 0.0742188 0.09375 0.958496
2 0.960938 0.100098 0.0761719 0.0952148 0.958008
5 0.642578 0.897461 0.0898438 0.0927734 0.957031
13 0.797363 0.671875 0.0458984 0.150391 0.939941
7 0.0458984 0.92334 0.0917969 0.143555 0.934082
18 0.102356 0.0742188 0.125854 0.137695 0.926758
29 0.966797 0.318115 0.0664062 0.217773 0.921387
5 0.475098 0.0762939 0.0957031 0.111328 0.908203
0 0.961914 0.501099 0.0761719 0.0915527 0.872559
6 0.0516663 0.696289 0.103333 0.0996094 0.84082
2 0.272461 0.489746 0.133301 0.0947266 0.822266
8 0.419434 0.870117 0.0986328 0.142578 0.819824
22 0.214844 0.0881958 0.0869141 0.0933838 0.801758
27 0.98291 0.694336 0.0341797 0.0976562 0.771973
11 0.567871 0.268005 0.15625 0.143677 0.680664
4 0.621094 0.619141 0.0761719 0.046875 0.662109
27 0.116638 0.269775 0.0631104 0.141602 0.644043
29 0.838867 0.0697632 0.132812 0.139526 0.633301
4 0.563965 0.426025 0.0869141 0.0483398 0.550781
6 0.762695 0.884766 0.140625 0.109375 0.550781
