11 0.901855 0.041748 0.0810547 0.0834961 0.977539
18 0.529297 0.804688 0.104492 0.140625 0.977539
19 0.294922 0.834961 0.0644531 0.0917969 0.977051
8 0.956543 0.233521 0.0859375 0.0910645 0.975586
23 0.365479 0.83252 0.0678711 0.0859375 0.974609
7 0.65918 0.0668335 0.0976562 0.133667 0.974121
18 0.155151 0.821289 0.0905762 0.125 0.970703
5 0.461426 0.0450439 0.0869141 0.0898438 0.969727
18 0.561523 0.606445 0.106445 0.144531 0.969238
2 0.32959 0.632324 0.0751953 0.0917969 0.962891
2 0.442871 0.833496 0.0693359 0.0859375 0.958496
22 0.813477 0.0407104 0.0771484 0.0814209 0.955078
2 0.863281 0.233398 0.0683594 0.0908203 0.952148
8 0.914062 0.429199 0.0898438 0.09375 0.951172
2 0.65918 0.627441 0.0693359 0.0908203 0.94873
5 0.973145 0.974121 0.0537109 0.0517578 0.932129
7 0.771973 0.261475 0.0917969 0.128906 0.928711
5 0.972656 0.0408325 0.0546875 0.0814209 0.912598
27 0.329834 0.0457153 0.0541992 0.0913086 0.911133
2 0.982422 0.423828 0.0351562 0.0932617 0.895508
2 0.909668 0.986328 0.0673828 0.0273438 0.875977
4 0.153198 0.240723 0.098877 0.104492 0.836426
21 0.0298462 0.66748 0.0596924 0.139648 0.819824
23 0.742188 0.0421753 0.0664062 0.0843506 0.782715
2 0.0114365 0.446289 0.0226593 0.0917969 0.782715
8 0.437012 0.215088 0.0878906 0.136719 0.715332
2 0.625 0.829102 0.0712891 0.0888672 0.700684
4 0.738281 0.983398 0.0859375 0.0332031 0.6875
2 0.387939 0.0457458 0.0351562 0.0640259 0.649414
2 0.638672 0.992676 0.0927734 0.0146484 0.618652
2 0.404541 0.992188 0.0917969 0.015625 0.605957
8 0.0947876 0.416748 0.0914307 0.140625 0.527344
