23 0.378906 0.461182 0.0761719 0.0913086 0.975098
2 0.304688 0.454102 0.0683594 0.0908203 0.96875
19 0.0681152 0.845703 0.0640869 0.0908203 0.963867
18 0.255371 0.826172 0.111816 0.144531 0.949219
13 0.0153961 0.820312 0.0307922 0.139648 0.946777
4 0.0248413 0.251709 0.0494995 0.11377 0.897461
13 0.163574 0.241333 0.0732422 0.140381 0.845703
21 0.0312347 0.0467529 0.0623474 0.0935059 0.791992
5 0.147705 0.84668 0.0852051 0.0888672 0.770508
0 0.0965576 0.263184 0.0949707 0.0893555 0.708984
4 0.183594 0.973633 0.0932617 0.0527344 0.581543
