8 0.814453 0.944336 0.09375 0.09375 0.978516
4 0.634277 0.923828 0.0693359 0.111328 0.974609
19 0.973633 0.942383 0.0527344 0.0976562 0.97168
23 0.710938 0.742188 0.0703125 0.0927734 0.970703
2 0.462646 0.348633 0.0825195 0.0898438 0.966797
2 0.560059 0.935059 0.0742188 0.0917969 0.952148
13 0.948242 0.321289 0.046875 0.140137 0.94873
2 0.905273 0.942871 0.0703125 0.0996094 0.946777
7 0.948242 0.764648 0.09375 0.136719 0.93457
13 0.819336 0.129517 0.0449219 0.15332 0.931641
6 0.889648 0.150421 0.0917969 0.0927124 0.930664
4 0.674805 0.345215 0.0703125 0.116699 0.918457
5 0.98877 0.343262 0.0224609 0.0976562 0.907227
2 0.972168 0.14917 0.0556641 0.0979004 0.849121
6 0.977539 0.539917 0.0351562 0.092041 0.78125
23 0.780762 0.741699 0.0664062 0.0908203 0.762207
23 0.875977 0.539185 0.0644531 0.0935059 0.729492
1 0.839844 0.373047 0.132812 0.130859 0.677246
6 0.875 0.739258 0.046875 0.0859375 0.519531
8 0.374512 0.914062 0.0849609 0.15625 0.519531
