18 0.148926 0.831543 0.0383301 0.0507812 0.976562
10 0.0610962 0.151855 0.0269775 0.0693359 0.967285
21 0.034729 0.594727 0.0406494 0.0605469 0.960449
10 0.0700836 0.490234 0.032196 0.0673828 0.958008
2 0.103699 0.751465 0.0263672 0.0400391 0.95166
8 0.139771 0.921875 0.0368652 0.046875 0.937988
6 0.0715332 0.752441 0.0354004 0.0429688 0.936035
8 0.0863037 0.332031 0.0388184 0.0458984 0.924805
7 0.170654 0.0186615 0.0405273 0.0372009 0.919434
10 0.12915 0.234253 0.0341797 0.0651855 0.915039
6 0.0732422 0.834961 0.0380859 0.0449219 0.911133
4 0.177124 0.914062 0.0361328 0.0566406 0.911133
13 0.180908 0.825195 0.0239258 0.0683594 0.905273
0 0.121704 0.499268 0.0598145 0.0483398 0.901855
2 0.174683 0.755859 0.0310059 0.0488281 0.883301
2 0.104126 0.914062 0.0324707 0.0488281 0.881836
13 0.10437 0.823242 0.0239258 0.0742188 0.859863
13 0.0354004 0.897461 0.0251465 0.0830078 0.858887
11 0.0136719 0.314941 0.0272217 0.0751953 0.852051
18 0.119263 0.405762 0.057373 0.0620117 0.844727
10 0.142944 0.741211 0.0476074 0.0644531 0.830078
2 0.0810547 0.161377 0.0257568 0.0493164 0.806641
10 0.0481262 0.741211 0.0308228 0.0703125 0.762207
2 0.00993347 0.162231 0.0198364 0.0471191 0.760742
2 0.0495911 0.987793 0.0374146 0.0244141 0.759277
1 0.0309448 0.841797 0.039917 0.0605469 0.753418
6 0.0197144 0.496826 0.0394287 0.050293 0.716797
13 0.00434875 0.234985 0.00852966 0.0759277 0.70752
6 0.0241699 0.0766449 0.0471802 0.0461731 0.613281
18 0.173706 0.496338 0.0393066 0.0454102 0.604004
13 0.180176 0.979004 0.0224609 0.0419922 0.556641
9 0.0463257 0.00750732 0.0428467 0.0150146 0.525391
6 0.095459 0.0774536 0.0605469 0.0435791 0.521484
10 0.0724487 0.906738 0.0456543 0.0664062 0.517578
