18 0.103271 0.589844 0.0379639 0.0546875 0.98291
12 0.13501 0.679688 0.0339355 0.0820312 0.979492
12 0.0152817 0.256104 0.0305634 0.0810547 0.964844
5 0.0154495 0.0872803 0.0307159 0.045166 0.962891
2 0.11615 0.425293 0.0318604 0.0473633 0.962891
12 0.0570068 0.844727 0.0351562 0.0800781 0.95459
9 0.173828 0.84375 0.0375977 0.0449219 0.953613
8 0.14978 0.173828 0.0429688 0.0449219 0.944824
35 0.0395508 0.32959 0.0454712 0.0595703 0.942383
5 0.126587 0.34375 0.0358887 0.046875 0.933594
11 0.098877 0.498047 0.0371094 0.0664062 0.931641
2 0.188232 0.172241 0.0332031 0.0454102 0.92627
0 0.128052 0.927734 0.0808105 0.0507812 0.924805
2 0.0230255 0.925293 0.032135 0.0478516 0.912598
9 0.186768 0.257568 0.0371094 0.0473633 0.90332
5 0.136688 0.848633 0.0371704 0.0429688 0.901855
2 0.0498962 0.256348 0.0305786 0.046875 0.900391
9 0.182129 0.509644 0.0419922 0.0490723 0.900391
10 0.0827637 0.333496 0.0368652 0.0664062 0.889648
13 0.182617 0.918945 0.0258789 0.0683594 0.879883
6 0.143341 0.258362 0.0424194 0.0438232 0.841797
14 0.0758057 0.24707 0.0179443 0.0654297 0.836426
5 0.102661 0.256836 0.0358887 0.046875 0.825684
6 0.139923 0.509888 0.0409546 0.0446777 0.806641
2 0.113342 0.17395 0.0286865 0.048584 0.778809
2 0.181641 0.0143204 0.0576172 0.0284882 0.750488
21 0.188232 0.0796509 0.0427246 0.0662842 0.737305
13 0.0448608 0.976562 0.0222168 0.046875 0.725098
11 0.00470734 0.375488 0.00920105 0.0600586 0.694336
22 0.0974121 0.841797 0.0334473 0.0410156 0.682617
14 0.0874023 0.681152 0.00366211 0.0341797 0.666992
15 0.0308533 0.0144043 0.0612183 0.0286865 0.656738
8 0.111938 0.0138397 0.0358887 0.0275574 0.631836
0 0.130615 0.0875854 0.0693359 0.0479736 0.546875
13 0.140747 0.581055 0.0356445 0.0800781 0.544922
18 0.18396 0.42749 0.034668 0.0463867 0.539062
6 0.0497437 0.510864 0.0559082 0.0427246 0.521484
24 0.132599 0.770508 0.0375366 0.0625 0.517578
18 0.0760345 0.991211 0.0364075 0.0175781 0.501953
