21 0.110107 0.218018 0.0498047 0.059082 0.959961
5 0.201904 0.284424 0.0371094 0.0410156 0.958008
4 0.234375 0.284424 0.0288086 0.0454102 0.94873
5 0.191406 0.208008 0.0354004 0.0415039 0.937012
4 0.0752106 0.444824 0.0260925 0.046875 0.918945
4 0.221436 0.202148 0.0253906 0.045166 0.913086
4 0.103882 0.0494995 0.0239258 0.0469971 0.90332
8 0.145264 0.0539551 0.0395508 0.0435791 0.896973
2 0.0700531 0.285645 0.0317688 0.0375977 0.896973
5 0.0439529 0.44751 0.0363617 0.0410156 0.881836
24 0.1073 0.297119 0.0410156 0.0556641 0.844727
0 0.0415039 0.133789 0.0759277 0.0412598 0.84375
2 0.18335 0.0540771 0.0322266 0.0401611 0.792969
13 0.00595093 0.0387573 0.0118561 0.071167 0.786621
13 0.0769043 0.120117 0.0219727 0.0688477 0.766113
2 0.0128937 0.446289 0.0257874 0.0439453 0.747559
11 0.00791168 0.357422 0.0157318 0.0595703 0.73584
0 0.203857 0.131592 0.0588379 0.0424805 0.695801
13 0.141113 0.196777 0.0161133 0.0610352 0.684082
5 0.218262 0.361084 0.0356445 0.0517578 0.571777
16 0.0433884 0.364258 0.049942 0.0478516 0.542969
4 0.101624 0.130585 0.0257568 0.046936 0.533203
