18 0.808594 0.325684 0.0429688 0.0625 0.993164
18 0.475098 0.169678 0.0439453 0.0620117 0.991699
18 0.941895 0.168701 0.0429688 0.0644531 0.98584
12 0.598633 0.251221 0.0625 0.0737305 0.98291
18 0.283203 0.249146 0.0449219 0.0622559 0.96582
21 0.5625 0.108276 0.0566406 0.0603027 0.964844
9 0.946777 0.0218658 0.0380859 0.0418396 0.961914
7 0.758789 0.427002 0.0429688 0.0571289 0.95752
14 0.358887 0.248779 0.0170898 0.0644531 0.956543
13 0.508911 0.169312 0.0212402 0.0720215 0.95459
7 0.39209 0.188477 0.0419922 0.0563965 0.954102
21 0.446777 0.110229 0.0654297 0.0598145 0.95166
7 0.0996704 0.11676 0.0450439 0.0567627 0.94873
2 0.698242 0.336426 0.03125 0.0410156 0.946777
18 0.845703 0.402832 0.0429688 0.0649414 0.946777
8 0.585449 0.338135 0.0351562 0.0395508 0.944824
18 0.20166 0.408936 0.0419922 0.0644531 0.943848
22 0.327637 0.262695 0.0371094 0.0395508 0.941895
9 0.629395 0.416504 0.0361328 0.0439453 0.94043
9 0.258057 0.180908 0.0361328 0.0400391 0.939941
0 0.851562 0.18042 0.0546875 0.0415039 0.938477
5 0.393555 0.102783 0.0371094 0.041748 0.936523
1 0.0991821 0.271545 0.038208 0.0506592 0.936035
2 0.185913 0.342285 0.0322266 0.0380859 0.935547
6 0.803711 0.418457 0.0390625 0.0400391 0.935059
0 0.347168 0.102539 0.0556641 0.041748 0.928711
1 0.417236 0.0327835 0.0356445 0.0567474 0.922852
2 0.763672 0.258789 0.0332031 0.0405273 0.921387
5 0.907227 0.0230103 0.0351562 0.0413818 0.92041
0 0.23938 0.342529 0.0568848 0.0415039 0.916016
8 0.499023 0.260986 0.0371094 0.0415039 0.915527
22 0.100586 0.184692 0.0400391 0.0400391 0.913086
6 0.510864 0.0239563 0.0388184 0.0409546 0.908203
22 0.37793 0.0235901 0.0351562 0.0427246 0.906738
2 0.220703 0.105042 0.0288086 0.0374756 0.906738
32 0.108459 0.336914 0.0469971 0.0800781 0.905762
2 0.986328 0.10144 0.0273438 0.0397949 0.898926
9 0.974121 0.417969 0.0371094 0.0400391 0.898926
5 0.549805 0.337891 0.0361328 0.0419922 0.89502
0 0.331299 0.182861 0.0761719 0.043457 0.894043
13 0.519531 0.325195 0.0214844 0.0693359 0.891602
9 0.501099 0.101257 0.0388184 0.0419922 0.890137
13 0.841797 0.324707 0.0224609 0.0693359 0.884277
6 0.935059 0.414551 0.0351562 0.0424805 0.884277
4 0.163086 0.0248413 0.0244141 0.0457153 0.881836
12 0.890137 0.0932465 0.0664062 0.0691223 0.878418
9 0.714844 0.259521 0.0371094 0.0400391 0.870605
0 0.783203 0.182617 0.078125 0.0419922 0.864258
10 0.674805 0.327148 0.0351562 0.0664062 0.861328
13 0.600586 0.406738 0.0224609 0.0722656 0.855957
22 0.539062 0.260986 0.0361328 0.0395508 0.854004
13 0.87793 0.401367 0.0214844 0.0693359 0.850098
2 0.980469 0.256836 0.0292969 0.0385742 0.849121
14 0.835938 0.0216675 0.0175781 0.0432129 0.84375
13 0.475098 0.0899658 0.0146484 0.0673828 0.834473
2 0.687012 0.415527 0.0292969 0.0419922 0.831055
6 0.130493 0.0277557 0.0373535 0.0410461 0.819824
2 0.287109 0.339355 0.0302734 0.0380859 0.811523
7 0.488037 0.34668 0.0395508 0.0566406 0.801758
1 0.982422 0.344238 0.0351562 0.0595703 0.79834
14 0.286133 0.0232697 0.0166016 0.0464783 0.791992
12 0.288574 0.101013 0.0395508 0.0782471 0.790527
4 0.87793 0.0224152 0.0253906 0.0438538 0.782715
19 0.944824 0.10022 0.0322266 0.0378418 0.778809
24 0.448242 0.34375 0.0385742 0.0498047 0.778809
0 0.894043 0.253418 0.0595703 0.0458984 0.777344
14 0.349609 0.0232544 0.0166016 0.0465088 0.769043
18 0.137939 0.248169 0.0402832 0.0627441 0.760742
4 0.261169 0.411133 0.0264893 0.0566406 0.760742
4 0.929688 0.335449 0.0244141 0.046875 0.759277
13 0.344238 0.328613 0.0195312 0.0673828 0.756348
6 0.6875 0.180542 0.0390625 0.0432129 0.746094
4 0.948242 0.259766 0.0332031 0.0390625 0.72168
22 0.157715 0.425293 0.0371094 0.0478516 0.71875
0 0.463135 0.0243225 0.0541992 0.0387573 0.700684
14 0.153564 0.32959 0.0263672 0.0620117 0.6875
2 0.680664 0.256348 0.03125 0.0483398 0.682617
12 0.194946 0.0244446 0.0197754 0.0488892 0.679199
6 0.753906 0.337891 0.0576172 0.0415039 0.677246
10 0.353027 0.405273 0.0341797 0.0644531 0.651367
6 0.722168 0.0247955 0.0185547 0.0384827 0.618652
14 0.582031 0.405762 0.0175781 0.0654297 0.618652
6 0.401855 0.415039 0.0361328 0.0410156 0.600098
13 0.237793 0.405029 0.0224609 0.0712891 0.586914
18 0.988281 0.020752 0.0234375 0.0405884 0.575684
2 0.467773 0.26416 0.0185547 0.0263672 0.575684
4 0.841797 0.258362 0.0253906 0.0447998 0.57373
2 0.757812 0.101318 0.0273438 0.0383301 0.548828
2 0.188599 0.250977 0.0324707 0.0620117 0.533203
13 0.670898 0.0231934 0.0195312 0.0463867 0.529297
4 0.71582 0.417969 0.0234375 0.0488281 0.521484
13 0.819336 0.24585 0.0195312 0.065918 0.513672
