18 0.328125 0.783203 0.109375 0.141602 0.987305
4 0.255127 0.201538 0.0771484 0.112061 0.978516
1 0.0549927 0.83252 0.0911865 0.143555 0.961914
6 0.339355 0.026886 0.0996094 0.0535889 0.95459
2 0.430176 0.805664 0.0693359 0.0947266 0.939453
4 0.484863 0.198486 0.0712891 0.12207 0.929199
1 0.255859 0.981445 0.0957031 0.0371094 0.914062
2 0.0269623 0.0284119 0.0534363 0.0568237 0.894043
27 0.492676 0.821289 0.0585938 0.140625 0.833496
2 0.0423279 0.982422 0.0703735 0.0351562 0.824219
5 0.135132 0.980957 0.102295 0.0380859 0.819824
6 0.17981 0.811035 0.142334 0.107422 0.744629
13 0.177856 0.0401001 0.0524902 0.0802002 0.607422
