8 0.0656738 0.901367 0.0384521 0.0419922 0.961914
7 0.142212 0.829102 0.0554199 0.0566406 0.958008
18 0.0335693 0.966309 0.0424194 0.0585938 0.958008
6 0.0391541 0.744141 0.0374756 0.0410156 0.94873
9 0.173828 0.743164 0.0361328 0.0429688 0.945801
5 0.055603 0.822266 0.03479 0.0400391 0.92627
5 0.0192566 0.900391 0.0370483 0.0390625 0.921387
9 0.116089 0.977539 0.0378418 0.0410156 0.912598
7 0.0169067 0.827637 0.0336914 0.0644531 0.896973
2 0.10437 0.897949 0.0290527 0.0400391 0.891602
6 0.129883 0.745117 0.0444336 0.0410156 0.831055
23 0.189209 0.820801 0.034668 0.0439453 0.824219
6 0.074585 0.977539 0.0334473 0.0371094 0.823242
14 0.0760345 0.732422 0.0320129 0.0625 0.777344
2 0.180664 0.974609 0.0595703 0.0429688 0.647949
