18 0.212158 0.903809 0.0395508 0.0517578 0.992188
12 0.100952 0.646484 0.0390625 0.0664062 0.979492
5 0.0472488 0.574219 0.0342865 0.0400391 0.959961
0 0.104614 0.490723 0.0632324 0.0507812 0.956543
7 0.213379 0.244873 0.0375977 0.0581055 0.955078
7 0.172363 0.32959 0.0395508 0.0634766 0.95166
8 0.0827637 0.575195 0.0371094 0.0410156 0.944336
13 0.109009 0.81543 0.0219727 0.0664062 0.938965
18 0.119019 0.570801 0.0368652 0.0576172 0.935547
18 0.13382 0.736328 0.0370483 0.0566406 0.93457
8 0.098999 0.742188 0.0388184 0.046875 0.932617
6 0.0374146 0.828125 0.0397339 0.0449219 0.932617
12 0.0323486 0.976562 0.0362549 0.046875 0.927734
7 0.0432434 0.0147324 0.0367432 0.0294647 0.915039
13 0.243896 0.901367 0.0253906 0.0722656 0.908691
9 0.237915 0.984863 0.0383301 0.0302734 0.901855
6 0.214111 0.320312 0.0388184 0.0449219 0.898926
11 0.0618286 0.900391 0.0380859 0.0683594 0.898926
8 0.0231018 0.913086 0.0389404 0.046875 0.898926
13 0.00546265 0.731445 0.0109253 0.0722656 0.893066
14 0.247437 0.308105 0.0227051 0.0693359 0.891113
9 0.138214 0.823242 0.0365601 0.0429688 0.889648
18 0.165649 0.0644531 0.036377 0.0509033 0.869629
18 0.197266 0.737305 0.0390625 0.0537109 0.868652
13 0.163818 0.141602 0.0263672 0.0688477 0.867188
2 0.0531006 0.0701294 0.0302734 0.043457 0.850098
13 0.00932312 0.81543 0.0184631 0.0771484 0.831055
0 0.214233 0.655762 0.0847168 0.046875 0.822266
13 0.129761 0.899414 0.0205078 0.0722656 0.822266
7 0.0413208 0.327148 0.0629883 0.065918 0.808105
5 0.0830078 0.150146 0.0548096 0.0454102 0.804199
21 0.19751 0.973633 0.0419922 0.0527344 0.801758
8 0.1521 0.986328 0.0390625 0.0273438 0.791992
2 0.0630951 0.988281 0.021759 0.0234375 0.786621
5 0.182373 0.826172 0.027832 0.0283203 0.767578
6 0.163818 0.238037 0.0585938 0.0498047 0.764648
2 0.23645 0.154175 0.0368652 0.0507812 0.705566
13 0.00536346 0.974121 0.0106812 0.0517578 0.705566
35 0.00810242 0.0596924 0.0161133 0.0722656 0.629883
6 0.221924 0.0596313 0.0698242 0.0682373 0.62793
9 0.158447 0.908691 0.0371094 0.0478516 0.622559
5 0.0518875 0.741211 0.056015 0.046875 0.613281
21 0.0140533 0.151733 0.0279846 0.048584 0.609375
21 0.0958252 0.228271 0.0541992 0.0620117 0.604004
24 0.0891113 0.0794678 0.0402832 0.0593262 0.588867
10 0.0773926 0.817383 0.0390625 0.0664062 0.556641
12 0.171387 0.0139694 0.0307617 0.0278473 0.523438
4 0.146606 0.484619 0.0241699 0.0356445 0.501953
