12 0.572266 0.0335693 0.0371094 0.0668945 0.986328
11 0.0351486 0.106873 0.0383453 0.0618896 0.980469
1 0.0963135 0.443848 0.0385742 0.0566406 0.970215
21 0.584473 0.282227 0.0439453 0.0581055 0.966797
18 0.160645 0.0319138 0.0439453 0.0600739 0.963379
6 0.502441 0.35498 0.0380859 0.0410156 0.961914
5 0.20874 0.119507 0.0371094 0.0412598 0.958008
22 0.407471 0.0400925 0.0351562 0.0391998 0.95166
5 0.619141 0.431641 0.0371094 0.0419922 0.95166
2 0.225098 0.0391922 0.0332031 0.0389252 0.950684
5 0.65918 0.35498 0.0351562 0.0375977 0.939941
5 0.360107 0.276855 0.0341797 0.0390625 0.938477
18 0.482178 0.269531 0.0405273 0.0556641 0.9375
13 0.605469 0.0325928 0.0214844 0.0651855 0.936523
2 0.113037 0.0414734 0.0302734 0.0402222 0.933594
4 0.392578 0.275391 0.0249023 0.0449219 0.931641
18 0.0154266 0.0304565 0.0307007 0.0608521 0.928223
6 0.190186 0.199341 0.0380859 0.0407715 0.927246
5 0.0965576 0.11853 0.0400391 0.0407715 0.925293
2 0.435059 0.197266 0.0322266 0.0395508 0.922852
7 0.48291 0.205078 0.0429688 0.0498047 0.922852
0 0.544434 0.433105 0.0566406 0.0410156 0.920898
0 0.0347595 0.431396 0.0586548 0.0444336 0.92041
22 0.541992 0.355713 0.0351562 0.0405273 0.91748
2 0.638672 0.198242 0.0341797 0.0395508 0.915039
14 0.632812 0.342529 0.015625 0.0620117 0.904785
22 0.357422 0.118591 0.0351562 0.041626 0.903809
9 0.445312 0.0406418 0.0332031 0.039566 0.902832
13 0.514648 0.263672 0.0195312 0.0717773 0.884277
12 0.208984 0.268311 0.0688477 0.0708008 0.875977
1 0.396484 0.125732 0.0361328 0.0544434 0.864258
0 0.260986 0.198486 0.0576172 0.0424805 0.859863
10 0.421387 0.421387 0.0351562 0.0654297 0.858887
4 0.142578 0.116699 0.0258789 0.0444336 0.837402
18 0.628418 0.115356 0.0625 0.050293 0.835449
6 0.544922 0.118042 0.0195312 0.0378418 0.816406
8 0.367676 0.0417786 0.0361328 0.0406494 0.809082
4 0.508301 0.117493 0.0263672 0.0452881 0.806641
23 0.0811768 0.0412903 0.0316162 0.038269 0.804199
6 0.146851 0.437988 0.0585938 0.0419922 0.801758
8 0.150146 0.201538 0.0361328 0.0388184 0.792969
2 0.0100174 0.353027 0.0200348 0.0410156 0.791992
4 0.639648 0.275146 0.0253906 0.0439453 0.778809
11 0.315918 0.0305176 0.0634766 0.0610352 0.770508
22 0.222656 0.35498 0.0366211 0.0390625 0.757812
4 0.405762 0.353271 0.0253906 0.046875 0.692871
13 0.617188 0.265625 0.0195312 0.0664062 0.679199
11 0.482422 0.421143 0.0634766 0.0639648 0.666992
2 0.579102 0.198242 0.0605469 0.0380859 0.654785
13 0.553711 0.262451 0.0195312 0.0727539 0.605957
5 0.00714111 0.117188 0.0142365 0.043457 0.604004
0 0.358154 0.197998 0.0561523 0.0390625 0.598145
13 0.564453 0.419434 0.0175781 0.0673828 0.588867
18 0.0585632 0.271973 0.0559692 0.0488281 0.571777
13 0.587891 0.427002 0.0273438 0.0541992 0.571777
18 0.322998 0.354492 0.0561523 0.0419922 0.548828
22 0.520508 0.0427551 0.0605469 0.0369263 0.533203
