8 0.0853624 0.947399 0.0954077 0.0901673 0.972693
8 0.868366 0.551994 0.0944786 0.0930507 0.972171
8 0.914939 0.354105 0.0958774 0.0883226 0.960782
6 0.505885 0.948048 0.0980213 0.089839 0.954423
2 0.179957 0.947094 0.0697374 0.0893774 0.95306
2 0.722432 0.946187 0.0701594 0.0887173 0.952852
22 0.606937 0.95065 0.0821781 0.0874571 0.948564
6 0.961444 0.552507 0.0771128 0.0874958 0.921786
22 0.780776 0.352549 0.0846995 0.0881118 0.917271
8 0.878394 0.753077 0.0976042 0.0960426 0.916915
0 0.589841 0.753055 0.134063 0.0883358 0.916285
5 0.80629 0.951562 0.0846646 0.0880985 0.906867
7 0.703899 0.775918 0.0871103 0.1287 0.848755
6 0.466702 0.755085 0.0888439 0.0912848 0.84708
4 0.25783 0.941938 0.069574 0.102635 0.804309
5 0.985005 0.355843 0.0299894 0.0849292 0.797902
0 0.980767 0.157488 0.0384661 0.0895787 0.773448
13 0.782142 0.734262 0.0441144 0.141488 0.689687
21 0.762625 0.575061 0.0966806 0.129994 0.50566
