14 0.445483 0.864191 0.0427458 0.131765 0.970844
8 0.768467 0.274621 0.0900476 0.0896182 0.96434
14 0.947051 0.249183 0.0423179 0.130445 0.961686
22 0.868592 0.272797 0.0802901 0.0851387 0.955247
1 0.964913 0.699071 0.070173 0.128449 0.948969
14 0.753392 0.451923 0.0439929 0.133809 0.942542
16 0.271466 0.8913 0.100806 0.0875205 0.928943
4 0.656838 0.885849 0.0682497 0.0932958 0.924104
2 0.871179 0.469566 0.0684904 0.0874015 0.921477
14 0.802489 0.449851 0.0424032 0.131654 0.898669
22 0.373058 0.884666 0.0842935 0.0877888 0.896814
8 0.737953 0.676885 0.0951467 0.0886371 0.850367
6 0.988598 0.271818 0.0228031 0.0836669 0.578215
