2 0.850631 0.213741 0.0721765 0.0888528 0.968577
2 0.701774 0.824027 0.0681922 0.0855515 0.968517
6 0.611616 0.826886 0.0914538 0.0879602 0.966956
9 0.938793 0.213053 0.0884917 0.0971386 0.966844
8 0.840759 0.416479 0.0963533 0.0902193 0.935891
22 0.760085 0.215179 0.0862453 0.0897979 0.923409
1 0.510528 0.852598 0.0827696 0.124944 0.914589
0 0.975711 0.622853 0.0484211 0.0847268 0.914003
14 0.658143 0.969041 0.0453181 0.0619171 0.905892
2 0.725365 0.988663 0.07232 0.022674 0.832815
2 0.35207 0.82944 0.0694047 0.0861933 0.79476
22 0.943624 0.416577 0.0861413 0.0888257 0.575471
1 0.585152 0.990178 0.0818994 0.019644 0.522096
