9 0.935072 0.385369 0.0358902 0.038014 0.965043
6 0.837081 0.310603 0.0375822 0.0359311 0.95061
18 0.882743 0.298141 0.0424139 0.0599388 0.940089
2 0.898454 0.386511 0.0308347 0.0369962 0.93516
22 0.927587 0.310185 0.0359205 0.0382738 0.934287
5 0.62439 0.474756 0.0366594 0.0395204 0.875575
9 0.584574 0.0818105 0.0347503 0.0389254 0.82729
0 0.787331 0.310937 0.0570773 0.0402346 0.759537
8 0.778017 0.00803645 0.0364984 0.0160567 0.673036
3 0.907853 0.0598684 0.0591992 0.0679128 0.651061
12 0.984336 0.373269 0.0313284 0.0675071 0.589095
0 0.793437 0.38877 0.0545452 0.0371598 0.56332
9 0.970335 0.465846 0.0365477 0.0419351 0.531571
