6 0.156162 0.931425 0.033855 0.0376697 0.957401
7 0.950863 0.706678 0.0425122 0.0507412 0.944641
22 0.327728 0.932702 0.0347533 0.0372555 0.936097
9 0.197377 0.92996 0.0357737 0.0397522 0.933522
5 0.298479 0.853528 0.034327 0.036392 0.931221
13 0.182087 0.841233 0.0182736 0.062299 0.930388
12 0.925794 0.144921 0.039652 0.0705456 0.919179
6 0.843336 0.698405 0.0350071 0.0362031 0.91868
8 0.80506 0.701052 0.0351669 0.0352373 0.917554
19 0.878509 0.700026 0.023398 0.0327828 0.907926
6 0.909949 0.699601 0.0322073 0.0352299 0.902711
22 0.072144 0.7752 0.0352799 0.0390775 0.863744
2 0.7239 0.776383 0.0306324 0.0377022 0.857119
12 0.972583 0.0625733 0.0379344 0.0662304 0.850293
7 0.522156 0.784596 0.0379202 0.0514834 0.844341
1 0.820132 0.861209 0.0344665 0.0506678 0.822813
0 0.234585 0.995627 0.0566795 0.00874603 0.791846
16 0.0770658 0.150145 0.0463958 0.044589 0.654092
0 0.656935 0.934834 0.0525961 0.0364673 0.633425
7 0.894341 0.0147152 0.0382288 0.0294304 0.630049
23 0.938223 0.309948 0.0301725 0.0355804 0.587694
6 0.336381 0.776291 0.0344726 0.0347621 0.582331
9 0.224977 0.694623 0.0343899 0.038275 0.544601
2 0.970568 0.23063 0.0303541 0.0378641 0.5441
0 0.535289 0.00720246 0.0789161 0.0142867 0.537584
