12 0.820312 0.0359192 0.0507812 0.0718384 0.995117
21 0.94043 0.578613 0.078125 0.0605469 0.98584
18 0.254456 0.287598 0.0438232 0.0595703 0.98291
18 0.490723 0.469727 0.0410156 0.0595703 0.980957
21 0.351562 0.309082 0.0410156 0.0595703 0.97998
10 0.42334 0.558105 0.0410156 0.0742188 0.979004
5 0.393066 0.299561 0.0410156 0.0419922 0.974121
18 0.623047 0.119141 0.0410156 0.0583496 0.971191
18 0.951172 0.473145 0.0410156 0.0576172 0.970215
4 0.814941 0.393555 0.0244141 0.0488281 0.969727
10 0.151245 0.189575 0.0393066 0.0637207 0.96582
7 0.733398 0.224243 0.0449219 0.0583496 0.965332
18 0.910156 0.294434 0.0410156 0.0576172 0.963379
5 0.319336 0.564941 0.0390625 0.0449219 0.963379
14 0.857422 0.560547 0.0234375 0.0644531 0.962402
4 0.62207 0.209229 0.0351562 0.0480957 0.961914
21 0.654297 0.305664 0.0439453 0.0605469 0.961914
8 0.465332 0.56543 0.0449219 0.0478516 0.961426
11 0.231934 0.025238 0.0375977 0.050415 0.960449
1 0.751953 0.311523 0.0410156 0.0615234 0.960449
13 0.942383 0.29248 0.0214844 0.0693359 0.955566
5 0.615723 0.391113 0.0361328 0.0439453 0.95459
4 0.286621 0.0259705 0.0268555 0.0513916 0.954102
5 0.157349 0.114624 0.0415039 0.0446777 0.953613
4 0.448242 0.381836 0.0273438 0.046875 0.952637
5 0.910156 0.480713 0.0390625 0.0415039 0.949219
5 0.847656 0.393555 0.0410156 0.0478516 0.94873
8 0.115112 0.111938 0.0441895 0.0439453 0.947266
13 0.26123 0.0288849 0.0195312 0.0577698 0.945801
5 0.584961 0.211548 0.0390625 0.0432129 0.942383
7 0.773438 0.401855 0.0449219 0.0615234 0.938477
8 0.785156 0.571289 0.0410156 0.046875 0.938477
22 0.65332 0.480957 0.0371094 0.0390625 0.937988
16 0.913086 0.393066 0.0429688 0.0439453 0.936035
5 0.711914 0.131226 0.0371094 0.0456543 0.931152
13 0.325684 0.463623 0.0195312 0.0698242 0.927246
9 0.535156 0.299561 0.0390625 0.0473633 0.926758
11 0.657227 0.380615 0.0410156 0.0610352 0.925293
18 0.856445 0.289551 0.0410156 0.0566406 0.922852
0 0.959961 0.212769 0.0625 0.0422363 0.919434
7 0.391113 0.395508 0.0410156 0.0585938 0.917969
9 0.146118 0.561523 0.0393066 0.0458984 0.915527
13 0.423828 0.379395 0.0224609 0.0673828 0.910645
22 0.437256 0.122192 0.0380859 0.0400391 0.905273
22 0.697754 0.30127 0.0410156 0.0444336 0.903809
6 0.494629 0.299316 0.0390625 0.0419922 0.90332
10 0.256836 0.549316 0.0385742 0.0644531 0.901855
7 0.276611 0.572754 0.0424805 0.0585938 0.901367
2 0.833496 0.128296 0.0332031 0.0441895 0.900391
2 0.133301 0.0234375 0.03125 0.0446777 0.899902
9 0.512573 0.387207 0.0393066 0.0449219 0.899902
13 0.948242 0.384277 0.0214844 0.0751953 0.898438
13 0.869141 0.473633 0.0292969 0.0673828 0.878906
13 0.220459 0.280518 0.0224609 0.0854492 0.876465
18 0.338135 0.0243225 0.059082 0.048645 0.872559
19 0.824219 0.571777 0.03125 0.0439453 0.869629
2 0.585449 0.129395 0.0322266 0.0495605 0.867188
10 0.206543 0.464355 0.0397949 0.0664062 0.862305
9 0.765625 0.032959 0.0390625 0.0479736 0.86084
18 0.407715 0.0278625 0.0605469 0.0526123 0.848145
2 0.561523 0.0280304 0.0419922 0.0533142 0.848145
0 0.0864258 0.562012 0.0795898 0.0566406 0.845703
5 0.35083 0.475586 0.0385742 0.046875 0.844727
4 0.594727 0.567383 0.0546875 0.0449219 0.842773
2 0.885742 0.570312 0.03125 0.0429688 0.836426
13 0.982422 0.193848 0.0234375 0.078125 0.827637
18 0.20752 0.554688 0.0581055 0.0595703 0.819824
13 0.990234 0.10968 0.0195312 0.0828857 0.796875
18 0.255371 0.466064 0.0571289 0.0537109 0.794434
16 0.170166 0.286377 0.0751953 0.0693359 0.791992
13 0.780273 0.467773 0.0195312 0.0673828 0.791992
2 0.583984 0.297363 0.0332031 0.0458984 0.773438
4 0.0411987 0.192871 0.0302734 0.0507812 0.759277
5 0.309326 0.297119 0.0400391 0.043457 0.759277
6 0.731445 0.390625 0.0351562 0.0419922 0.751953
6 0.802734 0.302246 0.0585938 0.0478516 0.749023
23 0.456543 0.0342102 0.03125 0.0440674 0.747559
2 0.477051 0.388672 0.0283203 0.0429688 0.744629
18 0.15332 0.466309 0.0603027 0.0576172 0.743164
4 0.274902 0.382324 0.0292969 0.0419922 0.743164
13 0.0637054 0.0262909 0.0237122 0.0522766 0.73877
7 0.506348 0.0384598 0.0664062 0.0506439 0.729492
18 0.348389 0.375 0.0463867 0.0595703 0.729492
13 0.987793 0.460938 0.0244141 0.0820312 0.726562
2 0.187988 0.381104 0.03125 0.0512695 0.70752
18 0.29834 0.114807 0.0585938 0.0540771 0.704102
18 0.672852 0.0328979 0.0546875 0.0539551 0.682617
4 0.955078 0.0309601 0.0283203 0.0535583 0.682617
13 0.121948 0.184326 0.0175781 0.0708008 0.660156
9 0.556641 0.474121 0.0429688 0.0458984 0.635254
13 0.0124969 0.19519 0.0248108 0.0949707 0.631836
18 0.415527 0.475098 0.0615234 0.046875 0.62793
10 0.247559 0.111023 0.0415039 0.0633545 0.596191
2 0.177979 0.205811 0.0473633 0.0441895 0.583008
4 0.678711 0.123413 0.0273438 0.0593262 0.57959
5 0.977539 0.289551 0.0449219 0.0649414 0.563965
18 0.751953 0.119568 0.0429688 0.0638428 0.562012
18 0.391602 0.113281 0.046875 0.0576172 0.560059
2 0.612305 0.568359 0.03125 0.046875 0.523438
13 0.0365601 0.0357056 0.0311279 0.0714111 0.501953
