18 0.177856 0.153931 0.0419922 0.0600586 0.994629
38 0.114868 0.238037 0.0905762 0.059082 0.992676
18 0.38208 0.158936 0.0429688 0.0529785 0.976074
22 0.146362 0.324707 0.0341797 0.0380859 0.974609
7 0.874512 0.332031 0.0429688 0.0556641 0.974121
21 0.43457 0.479004 0.0458984 0.0566406 0.973145
6 0.133514 0.0158081 0.0396118 0.0316162 0.97168
18 0.882812 0.775391 0.0429688 0.0605469 0.97168
9 0.242432 0.166992 0.0356445 0.0424805 0.971191
18 0.931152 0.935547 0.0419922 0.0527344 0.971191
18 0.0877686 0.471191 0.0410156 0.0517578 0.969238
18 0.0941772 0.935547 0.0428467 0.0546875 0.963867
18 0.471436 0.692383 0.0415039 0.0585938 0.962891
2 0.161133 0.858398 0.0288086 0.0390625 0.961914
12 0.776367 0.621094 0.0664062 0.0664062 0.961426
12 0.695312 0.543457 0.0390625 0.0712891 0.960938
7 0.0917969 0.87207 0.0422363 0.0566406 0.958496
8 0.924805 0.168213 0.0371094 0.0385742 0.958008
7 0.557617 0.71582 0.0429688 0.0546875 0.958008
18 0.643066 0.853516 0.0419922 0.0605469 0.956055
7 0.88916 0.484131 0.0380859 0.0551758 0.955078
6 0.459961 0.78125 0.0380859 0.0371094 0.953125
5 0.992676 0.709473 0.0146484 0.0390625 0.95166
12 0.631836 0.776855 0.0371094 0.0703125 0.95166
0 0.844727 0.402832 0.0507812 0.0371094 0.950195
5 0.317871 0.938965 0.0361328 0.0371094 0.945312
9 0.418945 0.935547 0.0390625 0.0390625 0.944824
0 0.802246 0.245972 0.0556641 0.0402832 0.943848
0 0.169922 0.70752 0.0517578 0.0371094 0.942871
10 0.40918 0.388672 0.0302734 0.0664062 0.942383
5 0.483887 0.626465 0.0361328 0.0400391 0.940918
0 0.420166 0.858398 0.0537109 0.0371094 0.94043
5 0.764648 0.323242 0.03125 0.0371094 0.939941
2 0.473633 0.475098 0.0322266 0.0351562 0.939941
18 0.648438 0.694336 0.0410156 0.0595703 0.938965
9 0.1521 0.783203 0.0385742 0.0410156 0.938477
0 0.493164 0.859375 0.0566406 0.0410156 0.937012
10 0.561035 0.0768433 0.03125 0.0662842 0.935547
0 0.873047 0.865234 0.0546875 0.0390625 0.935547
18 0.415039 0.229004 0.0478516 0.0664062 0.935059
5 0.396973 0.550781 0.0322266 0.0371094 0.93457
6 0.377197 0.938477 0.0375977 0.0371094 0.933594
2 0.467285 0.936035 0.0283203 0.0361328 0.933594
0 0.557617 0.785156 0.0527344 0.0390625 0.931641
0 0.650391 0.945312 0.0556641 0.0429688 0.931641
5 0.755859 0.707031 0.0371094 0.0390625 0.928711
5 0.931152 0.477539 0.0341797 0.0380859 0.926758
0 0.84082 0.633789 0.0546875 0.046875 0.926758
2 0.230713 0.398926 0.0327148 0.0400391 0.925781
4 0.943359 0.551758 0.0273438 0.0429688 0.925293
1 0.868164 0.0952148 0.0351562 0.0506592 0.923828
22 0.866211 0.0154495 0.0361328 0.030899 0.921387
2 0.485352 0.0141449 0.0283203 0.0281677 0.92041
9 0.604492 0.477051 0.0361328 0.0380859 0.918457
0 0.185791 0.943848 0.0517578 0.0439453 0.915039
0 0.927734 0.325195 0.0566406 0.0400391 0.913086
22 0.879395 0.94043 0.0361328 0.0410156 0.910645
2 0.381836 0.320068 0.03125 0.0395508 0.910645
2 0.703613 0.864746 0.03125 0.0419922 0.909668
13 0.211182 0.154297 0.0214844 0.0664062 0.90918
6 0.616211 0.323975 0.0556641 0.0375977 0.90918
2 0.43042 0.399902 0.0302734 0.0380859 0.90918
9 0.896973 0.550781 0.0361328 0.0390625 0.908691
13 0.664062 0.772461 0.0214844 0.0664062 0.908691
7 0.660645 0.407227 0.0644531 0.0527344 0.907227
2 0.84668 0.786133 0.0292969 0.0400391 0.907227
22 0.856934 0.247314 0.0380859 0.0361328 0.906738
8 0.793457 0.708008 0.0371094 0.0390625 0.905273
22 0.318848 0.863281 0.0341797 0.0410156 0.905273
5 0.356445 0.474854 0.0258789 0.0366211 0.904785
0 0.805664 0.0898438 0.0566406 0.0388184 0.903809
7 0.844727 0.706055 0.0390625 0.0664062 0.902832
2 0.666016 0.629395 0.0292969 0.0361328 0.900391
22 0.541992 0.242554 0.0351562 0.0407715 0.896973
11 0.439941 0.0776978 0.0371094 0.0643311 0.895508
2 0.201904 0.786133 0.0285645 0.0410156 0.89502
13 0.379395 0.229492 0.0175781 0.0698242 0.893066
10 0.458496 0.617676 0.0341797 0.0644531 0.891113
5 0.826172 0.862305 0.0371094 0.0390625 0.891113
5 0.429688 0.324463 0.0532227 0.0375977 0.888184
6 0.854492 0.552734 0.0371094 0.0371094 0.888184
9 0.771484 0.943359 0.0361328 0.0410156 0.888184
10 0.822266 0.929688 0.0371094 0.0644531 0.883301
2 0.812012 0.0150909 0.0507812 0.0301819 0.878418
24 0.44043 0.0182343 0.0400391 0.0364075 0.877441
2 0.888184 0.166992 0.0283203 0.0385742 0.877441
6 0.579102 0.0892334 0.0351562 0.0368652 0.874023
6 0.146729 0.47998 0.0495605 0.0380859 0.872559
10 0.188721 0.54541 0.0292969 0.0664062 0.869629
2 0.205322 0.862793 0.0566406 0.0400391 0.869629
8 0.698242 0.942871 0.0341797 0.0390625 0.868652
13 0.121155 0.469238 0.0186768 0.0615234 0.868164
22 0.601562 0.938477 0.0351562 0.0380859 0.868164
46 0.167603 0.0862427 0.0776367 0.0454102 0.865234
13 0.824219 0.541016 0.0214844 0.0683594 0.864258
13 0.682617 0.693359 0.0234375 0.0664062 0.863281
2 0.36499 0.547852 0.0302734 0.0371094 0.856934
4 0.509766 0.321045 0.0244141 0.0444336 0.856934
13 0.636719 0.305664 0.0195312 0.0703125 0.85498
0 0.843262 0.168945 0.0546875 0.0385742 0.854004
7 0.22583 0.571777 0.0673828 0.0742188 0.851074
0 0.0950317 0.0914307 0.0535889 0.0375977 0.849121
0 0.983398 0.632324 0.0332031 0.0400391 0.845703
13 0.675781 0.850586 0.0195312 0.0742188 0.844727
0 0.811523 0.324219 0.0546875 0.0419922 0.84375
5 0.788574 0.4021 0.0546875 0.0395508 0.842773
2 0.158691 0.560059 0.0297852 0.0507812 0.838867
6 0.893066 0.401855 0.0380859 0.0380859 0.836426
5 0.973633 0.550781 0.0332031 0.0371094 0.835449
5 0.373047 0.861328 0.0336914 0.0390625 0.835449
22 0.542969 0.861328 0.0351562 0.0390625 0.834473
5 0.974121 0.943359 0.0380859 0.0410156 0.833496
10 0.652344 0.467773 0.0332031 0.0644531 0.82666
6 0.585938 0.630371 0.0371094 0.0400391 0.824219
6 0.365234 0.244141 0.0439453 0.0400391 0.823242
6 0.922852 0.0894775 0.0439453 0.0385742 0.818848
7 0.234863 0.946777 0.0410156 0.0478516 0.809082
0 0.912109 0.0190735 0.0507812 0.038147 0.808105
6 0.672852 0.477051 0.0341797 0.0351562 0.806641
10 0.292969 0.155396 0.0351562 0.0637207 0.803223
9 0.934082 0.402344 0.0361328 0.0380859 0.794434
13 0.464844 0.537109 0.0195312 0.0673828 0.794434
22 0.407471 0.625488 0.034668 0.0400391 0.792969
13 0.538574 0.38916 0.0214844 0.0698242 0.786621
4 0.849121 0.474121 0.0253906 0.0439453 0.778809
23 0.56543 0.396484 0.0351562 0.0410156 0.777344
6 0.480469 0.0829468 0.0380859 0.0457764 0.769043
6 0.924805 0.789062 0.0351562 0.0410156 0.763672
6 0.898926 0.0894165 0.0185547 0.0372314 0.760742
22 0.174072 0.402344 0.0356445 0.0375977 0.759277
13 0.974609 0.775391 0.0195312 0.0693359 0.751953
0 0.739258 0.784668 0.0566406 0.0449219 0.750488
5 0.139526 0.941406 0.0356445 0.0410156 0.73584
14 0.517578 0.389893 0.0136719 0.0634766 0.733887
14 0.954102 0.775391 0.015625 0.0644531 0.726562
14 0.69043 0.77002 0.015625 0.0664062 0.725098
22 0.101624 0.168457 0.0631104 0.0380859 0.723145
23 0.1427 0.401855 0.0266113 0.0395508 0.72168
4 0.429688 0.549316 0.0268555 0.0419922 0.71875
13 0.504761 0.693848 0.0197754 0.0654297 0.71875
14 0.506836 0.540527 0.0175781 0.0654297 0.715332
1 0.418945 0.788086 0.0380859 0.0527344 0.708984
8 0.279297 0.0149612 0.0351562 0.0298615 0.690918
13 0.282715 0.54541 0.0361328 0.0585938 0.690918
13 0.668945 0.08461 0.0214844 0.0468445 0.6875
11 0.679199 0.0146713 0.0361328 0.0292511 0.686035
2 0.083252 0.398682 0.0319824 0.0395508 0.684082
5 0.817383 0.465332 0.0361328 0.0576172 0.680664
14 0.21228 0.233276 0.0158691 0.0651855 0.673828
18 0.995117 0.46875 0.00976562 0.0576172 0.668945
22 0.981445 0.0153961 0.0332031 0.0307617 0.660156
22 0.325439 0.706055 0.0351562 0.0400391 0.660156
6 0.563477 0.47168 0.0371094 0.0498047 0.656738
18 0.662109 0.553223 0.0292969 0.0390625 0.656738
16 0.971191 0.086853 0.046875 0.045166 0.649414
38 0.107239 0.547852 0.0653076 0.078125 0.640625
11 0.66748 0.313965 0.0361328 0.0634766 0.638672
13 0.861328 0.151886 0.0195312 0.0697632 0.62793
18 0.783203 0.866211 0.0449219 0.0410156 0.622559
18 0.917969 0.245361 0.0585938 0.043457 0.618652
13 0.950195 0.289062 0.0166016 0.0263672 0.618652
6 0.321289 0.168457 0.0180664 0.0380859 0.616699
8 0.96875 0.479492 0.0351562 0.0361328 0.616699
4 0.95752 0.165527 0.0253906 0.0483398 0.605957
5 0.262207 0.0860596 0.0205078 0.0400391 0.604004
9 0.638672 0.0872803 0.0351562 0.0415039 0.602051
7 0.476807 0.405518 0.0561523 0.0595703 0.600098
13 0.579102 0.770508 0.0175781 0.0605469 0.592773
13 0.637695 0.535278 0.0195312 0.0759277 0.588867
10 0.722168 0.470459 0.0556641 0.0678711 0.586914
32 0.326172 0.77832 0.0439453 0.0742188 0.584961
24 0.814941 0.783691 0.03125 0.0371094 0.57959
18 0.980469 0.320312 0.0351562 0.0498047 0.57373
18 0.976562 0.247803 0.0429688 0.0390625 0.571777
8 0.952148 0.0161591 0.0214844 0.0318909 0.569824
14 0.486328 0.538574 0.0136719 0.0605469 0.554688
19 0.881836 0.708984 0.0283203 0.0400391 0.548828
23 0.113892 0.400391 0.0273438 0.0371094 0.544922
18 0.224487 0.707031 0.0446777 0.0390625 0.537109
23 0.129272 0.863281 0.0310059 0.0371094 0.537109
7 0.941406 0.637695 0.0429688 0.0546875 0.523438
11 0.584961 0.850586 0.0390625 0.0625 0.523438
14 0.348145 0.849609 0.0175781 0.0615234 0.521484
46 0.62793 0.0192108 0.0605469 0.0382996 0.517578
2 0.736816 0.939453 0.0302734 0.0429688 0.517578
18 0.775391 0.477539 0.0429688 0.0380859 0.511719
