18 0.910532 0.71587 0.0883007 0.122368 0.983187
22 0.916978 0.928904 0.0804398 0.0829057 0.970251
7 0.933041 0.341246 0.103283 0.135199 0.96854
1 0.713861 0.946755 0.0850438 0.10649 0.967742
4 0.512384 0.927789 0.0672322 0.0941148 0.965251
6 0.815412 0.9299 0.0889373 0.0829935 0.960706
9 0.788414 0.726269 0.0864015 0.0931892 0.953788
5 0.440294 0.937625 0.0639556 0.0857841 0.933003
4 0.353176 0.934624 0.0662054 0.102426 0.928309
5 0.83219 0.320801 0.0785141 0.0893595 0.919956
46 0.879951 0.127867 0.163054 0.0813283 0.865371
14 0.987849 0.103451 0.0243021 0.137131 0.84899
2 0.769402 0.529564 0.0695947 0.0880542 0.743345
8 0.855837 0.522959 0.0930048 0.0870599 0.680138
8 0.983105 0.724708 0.0337902 0.0885202 0.649785
