12 0.0559082 0.51123 0.036377 0.0693359 0.991699
35 0.186646 0.935547 0.0544434 0.0859375 0.986328
10 0.624023 0.671875 0.0341797 0.0664062 0.984375
21 0.688477 0.443359 0.0410156 0.0595703 0.980957
5 0.829102 0.930664 0.0410156 0.0449219 0.977539
10 0.26123 0.757812 0.0454102 0.0664062 0.973633
5 0.377197 0.682617 0.0385742 0.0449219 0.972168
12 0.785645 0.516602 0.0351562 0.0820312 0.967773
18 0.92334 0.760742 0.0439453 0.0507812 0.967285
8 0.0360184 0.9375 0.0380707 0.0419922 0.966309
12 0.446289 0.769043 0.0351562 0.0810547 0.963379
9 0.830078 0.764648 0.0351562 0.0458984 0.962891
0 0.386963 0.769531 0.0561523 0.046875 0.958008
7 0.220459 0.530762 0.0410156 0.0605469 0.95752
5 0.475342 0.932617 0.0371094 0.0429688 0.956055
0 0.921875 0.930664 0.0644531 0.046875 0.953125
0 0.197998 0.769531 0.0576172 0.0488281 0.95166
7 0.72168 0.859375 0.0400391 0.0605469 0.95166
2 0.773438 0.929199 0.0322266 0.0458984 0.946777
18 0.078064 0.68457 0.0374756 0.0546875 0.946289
5 0.352539 0.850586 0.0341797 0.0429688 0.942871
5 0.725586 0.427979 0.0371094 0.0483398 0.941895
5 0.487061 0.768555 0.0395508 0.046875 0.941895
6 0.0588989 0.855469 0.0582275 0.0400391 0.938477
0 0.651855 0.931641 0.0625 0.0449219 0.937012
5 0.882324 0.765137 0.0400391 0.0488281 0.936523
9 0.53125 0.599609 0.0371094 0.046875 0.935059
6 0.793945 0.766602 0.0371094 0.0439453 0.931152
2 0.898438 0.512817 0.0322266 0.048584 0.930664
0 0.71875 0.51709 0.0644531 0.0449219 0.928223
8 0.861328 0.515137 0.0449219 0.0478516 0.927734
0 0.577148 0.928711 0.0615234 0.0527344 0.927246
8 0.875 0.598633 0.0429688 0.0488281 0.92627
5 0.147461 0.769043 0.0395508 0.046875 0.924805
13 0.76709 0.669434 0.0224609 0.0722656 0.921387
8 0.734375 0.932617 0.0419922 0.0429688 0.92041
32 0.831055 0.599609 0.0390625 0.0878906 0.91748
18 0.641113 0.592773 0.0419922 0.0566406 0.916504
18 0.736816 0.677734 0.0371094 0.0527344 0.914062
7 0.312988 0.861328 0.0390625 0.0615234 0.912598
13 0.282959 0.421387 0.0249023 0.0693359 0.911133
14 0.0421753 0.759766 0.0197754 0.0683594 0.910645
0 0.672852 0.850586 0.0576172 0.0507812 0.906738
18 0.25 0.428467 0.0395508 0.0703125 0.903809
6 0.869141 0.931641 0.0400391 0.046875 0.901367
5 0.880371 0.426758 0.0429688 0.0561523 0.899902
5 0.162109 0.601562 0.0410156 0.0449219 0.894043
6 0.737305 0.766602 0.0507812 0.0439453 0.891602
6 0.364258 0.93457 0.0419922 0.0390625 0.889648
6 0.339355 0.767578 0.0375977 0.0429688 0.888672
0 0.476562 0.852051 0.078125 0.0488281 0.888672
5 0.249756 0.682617 0.0366211 0.0429688 0.888184
4 0.385742 0.421875 0.03125 0.0634766 0.887207
2 0.400879 0.599609 0.0302734 0.0449219 0.882324
0 0.313232 0.935547 0.0581055 0.0419922 0.876465
8 0.577637 0.768066 0.0380859 0.0439453 0.868164
14 0.799805 0.92041 0.0195312 0.0673828 0.866211
2 0.626953 0.848633 0.0332031 0.0488281 0.866211
2 0.561035 0.850586 0.03125 0.0429688 0.864258
9 0.513672 0.929688 0.0351562 0.0449219 0.86084
18 0.806641 0.675781 0.0556641 0.0585938 0.858887
5 0.0176392 0.521484 0.0350342 0.0527344 0.85498
14 0.375977 0.589355 0.0185547 0.0673828 0.854004
9 0.0930786 0.518066 0.0345459 0.0419922 0.851074
2 0.698242 0.932617 0.0273438 0.0429688 0.848145
18 0.59375 0.592773 0.0556641 0.0546875 0.839844
2 0.271484 0.600586 0.0288086 0.0488281 0.823242
0 0.332031 0.420898 0.0771484 0.0668945 0.822266
9 0.826172 0.425781 0.0371094 0.0522461 0.818848
8 0.435791 0.600586 0.0429688 0.0498047 0.818848
23 0.361572 0.517578 0.0366211 0.0439453 0.817383
23 0.500854 0.682617 0.0354004 0.0410156 0.816406
46 0.330566 0.604004 0.0664062 0.0527344 0.811523
18 0.458984 0.677246 0.0488281 0.0537109 0.811523
13 0.445312 0.92334 0.0195312 0.0654297 0.808105
9 0.614258 0.767578 0.0371094 0.0507812 0.800781
14 0.754883 0.839844 0.0205078 0.0703125 0.78418
4 0.419922 0.845703 0.0322266 0.0527344 0.78418
6 0.786133 0.849609 0.0429688 0.0410156 0.769043
10 0.929688 0.505005 0.0292969 0.0661621 0.750488
18 0.556641 0.514648 0.0390625 0.0449219 0.749023
14 0.225342 0.922852 0.0209961 0.0644531 0.743164
2 0.0109634 0.436523 0.0219269 0.0512695 0.740234
10 0.249268 0.59082 0.0283203 0.0664062 0.737305
9 0.866211 0.677246 0.0371094 0.0478516 0.737305
13 0.765625 0.753906 0.0214844 0.0683594 0.728027
13 0.0806885 0.844727 0.0197754 0.0605469 0.726562
7 0.683594 0.691895 0.0429688 0.0585938 0.715332
2 0.305664 0.681641 0.03125 0.0449219 0.70752
2 0.420898 0.517456 0.0537109 0.0432129 0.692871
7 0.337402 0.692383 0.0410156 0.0644531 0.692871
13 0.254883 0.929199 0.0366211 0.0898438 0.677246
4 0.760742 0.59375 0.03125 0.0537109 0.673828
2 0.069397 0.770508 0.0330811 0.046875 0.666992
3 0.686523 0.754883 0.0507812 0.0683594 0.660156
2 0.0166283 0.770508 0.0295486 0.0449219 0.654785
21 0.0650482 0.42334 0.0549622 0.0712891 0.649414
14 0.630859 0.419434 0.0253906 0.0761719 0.644043
18 0.0144043 0.847656 0.0286865 0.0546875 0.637207
4 0.159668 0.515625 0.0605469 0.0556641 0.616699
12 0.477051 0.424561 0.0566406 0.0673828 0.615234
12 0.2146 0.666504 0.0307617 0.0791016 0.609375
23 0.131836 0.936035 0.0319824 0.0429688 0.605957
0 0.672852 0.995605 0.0390625 0.00878906 0.602051
4 0.921387 0.597656 0.0498047 0.0527344 0.592773
13 0.0927124 0.985352 0.0164795 0.0292969 0.567871
18 0.910156 0.846191 0.0458984 0.0488281 0.563965
11 0.532227 0.758301 0.0527344 0.0703125 0.558105
18 0.900391 0.991211 0.0507812 0.0175781 0.556641
5 0.87793 0.401855 0.0390625 0.0283203 0.537109
18 0.927246 0.681152 0.0556641 0.0478516 0.537109
18 0.723633 0.600586 0.0419922 0.046875 0.533203
13 0.460938 0.984375 0.0151367 0.0302734 0.533203
21 0.585449 0.426758 0.0419922 0.0830078 0.529297
22 0.821289 0.513794 0.0322266 0.0427246 0.519531
2 0.272949 0.770508 0.0273438 0.0410156 0.517578
