2 0.186035 0.543945 0.0307617 0.046875 0.966309
14 0.1604 0.532349 0.0209961 0.0661621 0.94873
5 0.258545 0.810547 0.0405273 0.0507812 0.939941
5 0.255432 0.902832 0.039917 0.0498047 0.938477
2 0.20459 0.722656 0.0332031 0.0488281 0.936523
5 0.261292 0.541992 0.0389404 0.0527344 0.928223
10 0.0481873 0.620117 0.0321655 0.0683594 0.927734
0 0.116333 0.898438 0.0622559 0.046875 0.918457
5 0.0400391 0.806641 0.0350342 0.0449219 0.911133
2 0.0804443 0.628418 0.0539551 0.0439453 0.905273
5 0.0539551 0.890625 0.0395508 0.0595703 0.905273
14 0.199829 0.890625 0.0217285 0.0664062 0.885742
9 0.0193176 0.537109 0.0385742 0.0488281 0.880859
11 0.129883 0.53125 0.0385742 0.0625 0.878906
2 0.0506897 0.981445 0.0336304 0.0371094 0.863281
5 0.216797 0.98291 0.034668 0.0341797 0.861328
6 0.220703 0.541016 0.0400391 0.0507812 0.773438
4 0.183594 0.807617 0.0288086 0.0488281 0.763672
0 0.0166321 0.896484 0.0332642 0.046875 0.763672
0 0.255859 0.984863 0.0410156 0.0302734 0.760742
2 0.0814209 0.71582 0.0305176 0.0488281 0.759277
12 0.00479126 0.705566 0.00950623 0.0888672 0.743164
22 0.123474 0.808594 0.039917 0.046875 0.73584
6 0.0919189 0.539062 0.0383301 0.0458984 0.72168
6 0.217529 0.810059 0.0390625 0.0458984 0.689453
6 0.168823 0.898438 0.0402832 0.0488281 0.633301
18 0.0812378 0.798828 0.0439453 0.0625 0.622559
21 0.011673 0.970703 0.0233459 0.0585938 0.583008
