18 0.867676 0.792969 0.0449219 0.0605469 0.991699
18 0.742188 0.0296326 0.0410156 0.0514526 0.990723
38 0.507324 0.80957 0.0654297 0.0800781 0.989746
18 0.647461 0.799805 0.0429688 0.0585938 0.985352
21 0.749023 0.349609 0.0439453 0.0585938 0.977051
13 0.343018 0.497559 0.0209961 0.0615234 0.976562
21 0.436035 0.125122 0.0478516 0.0583496 0.971191
18 0.0722656 0.814453 0.043457 0.0605469 0.970703
5 0.817383 0.418701 0.0371094 0.0390625 0.96875
18 0.717285 0.876465 0.0419922 0.0585938 0.967285
24 0.633789 0.432617 0.0390625 0.046875 0.965332
21 0.246216 0.59375 0.064209 0.0585938 0.965332
5 0.208008 0.202148 0.0361328 0.0385742 0.963867
21 0.617188 0.510254 0.0517578 0.0576172 0.960449
21 0.0424805 0.981934 0.0581055 0.0361328 0.960449
15 0.631348 0.340088 0.0576172 0.0878906 0.957031
5 0.316406 0.119385 0.0380859 0.0390625 0.956543
5 0.648438 0.57666 0.0332031 0.0361328 0.956543
18 0.868164 0.333496 0.0400391 0.0517578 0.955566
18 0.568359 0.182251 0.0419922 0.0593262 0.95459
5 0.640625 0.96875 0.0341797 0.0390625 0.953125
18 0.333008 0.889648 0.0400391 0.0566406 0.95166
9 0.0947876 0.980469 0.0352783 0.0390625 0.95166
5 0.37793 0.273193 0.0361328 0.0415039 0.950684
7 0.148682 0.21167 0.0390625 0.0522461 0.948242
2 0.0494995 0.668457 0.0303955 0.0380859 0.947754
5 0.635254 0.887207 0.0341797 0.0390625 0.947266
18 0.848145 0.0929565 0.0458984 0.0612793 0.945801
16 0.111572 0.510742 0.046875 0.0419922 0.944824
8 0.785645 0.268066 0.0380859 0.0410156 0.941895
0 0.959961 0.337402 0.0585938 0.0424805 0.941895
6 0.0657349 0.905273 0.0373535 0.0371094 0.941406
11 0.714844 0.177612 0.0371094 0.0612793 0.940918
0 0.273682 0.896484 0.0571289 0.0390625 0.940918
9 0.841797 0.184082 0.0351562 0.0385742 0.94043
9 0.819336 0.342285 0.0351562 0.0419922 0.94043
0 0.816406 0.649902 0.0742188 0.0429688 0.939453
12 0.577637 0.572754 0.0625 0.0683594 0.938965
7 0.893555 0.577148 0.0410156 0.0556641 0.938477
13 0.145142 0.501099 0.0183105 0.0622559 0.937988
18 0.75 0.716797 0.0439453 0.0605469 0.9375
13 0.293945 0.267578 0.0166016 0.065918 0.936523
7 0.741699 0.505371 0.0390625 0.0527344 0.935547
11 0.455811 0.882812 0.0366211 0.0644531 0.93457
6 0.375488 0.893555 0.0390625 0.0390625 0.934082
13 0.950195 0.869141 0.0175781 0.0683594 0.933594
0 0.866211 0.0264587 0.0761719 0.0432739 0.933105
24 0.805664 0.0350571 0.0400391 0.0541534 0.932617
5 0.770508 0.42041 0.0361328 0.0410156 0.932617
9 0.96582 0.0248871 0.0371094 0.0417786 0.932129
13 0.515625 0.648438 0.0205078 0.078125 0.932129
5 0.758789 0.886719 0.0351562 0.0400391 0.930176
2 0.0117645 0.44165 0.0235291 0.0351562 0.928223
9 0.545898 0.655762 0.0371094 0.0410156 0.927734
4 0.359375 0.198364 0.0258789 0.0383301 0.927734
9 0.0664062 0.516113 0.0354004 0.0380859 0.926758
2 0.658203 0.504028 0.0292969 0.0368652 0.926758
18 0.111084 0.661621 0.0439453 0.0517578 0.926758
4 0.701172 0.109253 0.0234375 0.0427246 0.925781
0 0.585938 0.887695 0.046875 0.0390625 0.925781
9 0.53418 0.892578 0.0351562 0.0429688 0.925293
2 0.930664 0.180054 0.0332031 0.0400391 0.924805
13 0.191406 0.033905 0.0283203 0.0673218 0.923828
2 0.899414 0.261169 0.03125 0.038208 0.921875
14 0.937988 0.249878 0.0175781 0.0627441 0.92041
7 0.0476074 0.292969 0.0427246 0.0537109 0.919434
5 0.131134 0.901367 0.0350952 0.0410156 0.918945
9 0.691406 0.501831 0.0351562 0.0412598 0.918457
13 0.773438 0.0242462 0.0195312 0.0484314 0.917969
7 0.523438 0.587891 0.0410156 0.0507812 0.917969
0 0.975098 0.724609 0.0498047 0.0449219 0.917969
22 0.603516 0.813477 0.0351562 0.0429688 0.917969
2 0.726562 0.810547 0.0292969 0.0380859 0.91748
6 0.496094 0.73584 0.0380859 0.0371094 0.916504
0 0.255127 0.740234 0.0522461 0.0410156 0.915039
22 0.824219 0.262695 0.0332031 0.0380859 0.914062
5 0.791992 0.726562 0.0371094 0.0410156 0.914062
5 0.303711 0.0427856 0.0332031 0.0385742 0.913574
9 0.66748 0.266846 0.0351562 0.0395508 0.911133
4 0.286377 0.508789 0.0249023 0.0410156 0.90918
10 0.891113 0.172974 0.0400391 0.0612793 0.908203
24 0.845703 0.501953 0.0410156 0.0507812 0.908203
2 0.113525 0.825195 0.0305176 0.0371094 0.907227
7 0.0192871 0.601562 0.0385132 0.0507812 0.906738
22 0.351562 0.354492 0.0371094 0.0400391 0.906738
1 0.741211 0.112854 0.0371094 0.0582275 0.905762
0 0.924805 0.647461 0.0585938 0.0419922 0.905762
2 0.702637 0.966797 0.0322266 0.0390625 0.901855
2 0.786621 0.342285 0.0292969 0.0380859 0.901367
22 0.482178 0.582031 0.0336914 0.0400391 0.900391
18 0.907227 0.100464 0.0527344 0.0480957 0.898438
18 0.0285492 0.743164 0.0401917 0.0488281 0.898438
13 0.673828 0.33252 0.0214844 0.0849609 0.897461
5 0.382812 0.97168 0.0351562 0.0400391 0.89502
9 0.29834 0.583984 0.0341797 0.0371094 0.893066
2 0.814453 0.571289 0.0283203 0.0371094 0.892578
13 0.98291 0.168823 0.0195312 0.0695801 0.891602
9 0.375 0.50769 0.0371094 0.0412598 0.891602
2 0.306641 0.197266 0.0302734 0.0395508 0.889648
22 0.875 0.647461 0.0361328 0.0410156 0.889648
9 0.977539 0.878906 0.0351562 0.0410156 0.888672
22 0.954102 0.100342 0.0361328 0.0412598 0.888184
2 0.363281 0.431641 0.03125 0.0375977 0.887207
8 0.939453 0.802734 0.0390625 0.0429688 0.885742
2 0.679199 0.186523 0.0302734 0.0356445 0.882324
5 0.972656 0.413086 0.0371094 0.0410156 0.881836
22 0.805176 0.498291 0.0361328 0.0385742 0.876465
22 0.415039 0.891602 0.0361328 0.0410156 0.876465
2 0.219238 0.663086 0.0290527 0.0390625 0.875
13 0.63916 0.251221 0.0185547 0.0732422 0.874023
8 0.824219 0.806152 0.0351562 0.0410156 0.874023
9 0.875977 0.726074 0.0371094 0.0410156 0.872559
10 0.756836 0.796387 0.0292969 0.0605469 0.868164
9 0.404053 0.733398 0.0336914 0.0371094 0.866211
13 0.654297 0.640625 0.0195312 0.0634766 0.863281
13 0.333496 0.185303 0.0209961 0.0683594 0.863281
1 0.4646 0.198853 0.0366211 0.0527344 0.859863
2 0.350098 0.583008 0.0292969 0.0371094 0.858887
13 0.902344 0.790039 0.0244141 0.0693359 0.858887
22 0.975586 0.646973 0.0380859 0.0439453 0.85791
7 0.268494 0.831055 0.0802002 0.0664062 0.85498
7 0.750488 0.973633 0.0410156 0.0527344 0.854004
7 0.853027 0.969727 0.0371094 0.0556641 0.854004
6 0.36377 0.657715 0.0390625 0.0380859 0.853027
8 0.0258026 0.826172 0.0346375 0.0361328 0.851074
13 0.359375 0.104431 0.0224609 0.0701904 0.849121
6 0.272949 0.201416 0.0341797 0.0371094 0.848145
7 0.235352 0.979004 0.0791016 0.0419922 0.84375
14 0.558594 0.491211 0.0175781 0.0595703 0.842773
4 0.142334 0.822266 0.0244141 0.0429688 0.842773
13 0.579102 0.489258 0.0195312 0.0664062 0.842773
4 0.100037 0.901367 0.0269775 0.0429688 0.837402
46 0.495361 0.273438 0.0844727 0.046875 0.832031
5 0.307129 0.65918 0.0361328 0.0371094 0.827637
2 0.44873 0.506348 0.0556641 0.0410156 0.824219
5 0.0396423 0.0497131 0.0369873 0.0391235 0.823242
6 0.515137 0.192017 0.0556641 0.036377 0.823242
4 0.210938 0.814453 0.0249023 0.0507812 0.818848
6 0.350098 0.0394363 0.0576172 0.0408783 0.812988
13 0.181152 0.648438 0.0200195 0.0761719 0.811523
6 0.791504 0.107178 0.0537109 0.0385742 0.805664
4 0.346191 0.271057 0.0253906 0.0447998 0.805664
7 0.251892 0.130981 0.038208 0.0534668 0.803223
0 0.922852 0.413574 0.0546875 0.0390625 0.803223
4 0.378662 0.578125 0.0239258 0.0429688 0.79834
24 0.0431442 0.446777 0.0387115 0.046875 0.796875
9 0.612305 0.112671 0.0351562 0.0402832 0.792969
2 0.0113602 0.130585 0.0227203 0.0391235 0.792969
12 0.102234 0.0349197 0.0355225 0.0588226 0.791992
0 0.0234985 0.90625 0.0425415 0.0371094 0.790527
0 0.907227 0.493164 0.0761719 0.0419922 0.782715
14 0.178711 0.189941 0.0170898 0.0585938 0.770508
7 0.0311279 0.216797 0.0378418 0.0576172 0.762207
7 0.226074 0.287354 0.0566406 0.0527344 0.747559
9 0.842773 0.883789 0.0351562 0.0390625 0.746094
2 0.161377 0.287598 0.0581055 0.0429688 0.744629
2 0.568359 0.270508 0.0566406 0.0415039 0.733887
11 0.22168 0.500854 0.0380859 0.060791 0.732422
8 0.549805 0.97168 0.0351562 0.0390625 0.732422
4 0.24707 0.663086 0.0219727 0.0429688 0.730957
12 0.342285 0.808105 0.0605469 0.0703125 0.712402
6 0.861328 0.26178 0.0390625 0.0408936 0.708984
2 0.643555 0.115234 0.0175781 0.0212402 0.705566
19 0.241943 0.200684 0.0258789 0.0351562 0.700684
13 0.507324 0.113403 0.0185547 0.0400391 0.694336
6 0.811035 0.185669 0.0224609 0.0356445 0.692871
2 0.441406 0.0355759 0.0302734 0.0489655 0.680664
21 0.163818 0.975586 0.0576172 0.0488281 0.642578
6 0.494629 0.88623 0.0361328 0.0449219 0.637207
18 0.468994 0.42627 0.034668 0.0488281 0.635254
4 0.353516 0.966797 0.0224609 0.046875 0.633301
13 0.188721 0.884766 0.015625 0.0722656 0.62793
22 0.497803 0.966309 0.0600586 0.0400391 0.620605
13 0.773438 0.17627 0.0175781 0.0634766 0.611328
12 0.588867 0.728516 0.0625 0.0820312 0.611328
13 0.772949 0.487793 0.0195312 0.0576172 0.604004
16 0.922852 0.72168 0.0507812 0.0507812 0.602051
24 0.320312 0.974609 0.043457 0.0410156 0.600098
13 0.272705 0.573242 0.015625 0.0605469 0.592773
4 0.314941 0.271057 0.0253906 0.0506592 0.57373
2 0.672363 0.112915 0.0273438 0.0419922 0.571777
4 0.284668 0.118347 0.0244141 0.0440674 0.565918
0 0.59375 0.657227 0.0371094 0.0390625 0.562012
11 0.405273 0.341309 0.0629883 0.0629883 0.560059
24 0.689453 0.583984 0.0449219 0.0507812 0.560059
8 0.672852 0.889648 0.0351562 0.0527344 0.552734
4 0.886719 0.959473 0.0253906 0.0478516 0.542969
2 0.960938 0.958496 0.0283203 0.0400391 0.542969
12 0.283203 0.651855 0.0302734 0.0634766 0.539062
2 0.450928 0.581055 0.0209961 0.0361328 0.513672
22 0.979492 0.801758 0.0351562 0.0429688 0.511719
