35 0.936523 0.185303 0.0546875 0.0864258 0.993164
21 0.952637 0.533203 0.0380859 0.0566406 0.991211
12 0.783203 0.936035 0.0351562 0.0761719 0.97998
8 0.786133 0.187988 0.0390625 0.0427246 0.975098
10 0.592773 0.177979 0.0273438 0.0664062 0.974121
5 0.453613 0.857422 0.0332031 0.0371094 0.968262
7 0.904297 0.861328 0.0410156 0.0566406 0.967773
6 0.437988 0.607422 0.0371094 0.0390625 0.966797
21 0.987305 0.365479 0.0253906 0.0581055 0.965332
5 0.897461 0.0213013 0.0390625 0.0426025 0.964355
2 0.356934 0.521606 0.0322266 0.0446777 0.95459
2 0.985352 0.520996 0.0292969 0.0439453 0.95166
2 0.720703 0.270752 0.03125 0.046875 0.950195
8 0.628906 0.774414 0.0429688 0.0449219 0.947266
5 0.83252 0.437988 0.0390625 0.0449219 0.946777
6 0.360352 0.107056 0.0429688 0.0532227 0.946289
12 0.727539 0.0307159 0.0351562 0.0612488 0.945801
8 0.898438 0.932129 0.0410156 0.0400391 0.945801
0 0.633789 0.0227966 0.0625 0.0448608 0.944824
13 0.370117 0.927734 0.0224609 0.0664062 0.943359
5 0.94043 0.931641 0.0410156 0.0429688 0.942383
6 0.808594 0.10553 0.0585938 0.0396729 0.938965
5 0.914551 0.522339 0.0390625 0.0471191 0.937988
5 0.35791 0.274658 0.0400391 0.0439453 0.937012
0 0.53418 0.355957 0.0625 0.0449219 0.937012
22 0.540527 0.855957 0.0351562 0.0400391 0.937012
4 0.665039 0.768066 0.0322266 0.0546875 0.937012
0 0.948242 0.0220795 0.0566406 0.0441589 0.936523
6 0.361084 0.773438 0.0424805 0.0449219 0.936523
18 0.741211 0.6875 0.0527344 0.0566406 0.936035
0 0.459473 0.273682 0.0800781 0.046875 0.935547
2 0.652832 0.9375 0.0263672 0.0410156 0.93457
4 0.847656 0.26416 0.0332031 0.0522461 0.931152
2 0.359619 0.437988 0.0336914 0.0429688 0.927246
2 0.910156 0.687012 0.03125 0.0439453 0.925293
13 0.448242 0.173096 0.0205078 0.0742188 0.924805
11 0.787109 0.681641 0.0371094 0.0654297 0.922852
5 0.606445 0.854004 0.0390625 0.0419922 0.921387
6 0.530273 0.525391 0.0410156 0.0390625 0.918945
5 0.828125 0.678711 0.0400391 0.0664062 0.918457
18 0.931641 0.347656 0.0371094 0.0541992 0.91748
2 0.519043 0.773438 0.0332031 0.046875 0.916504
2 0.473145 0.773438 0.0332031 0.046875 0.913086
13 0.961914 0.341553 0.0244141 0.0668945 0.911621
2 0.591797 0.774414 0.0273438 0.0449219 0.90918
6 0.949219 0.269531 0.0410156 0.0410156 0.908691
9 0.59082 0.271973 0.0351562 0.0439453 0.908691
9 0.81543 0.353516 0.0371094 0.0439453 0.908691
7 0.370605 0.364746 0.0664062 0.0673828 0.908691
0 0.974609 0.605469 0.0507812 0.0410156 0.908203
0 0.507812 0.938477 0.0576172 0.0429688 0.908203
9 0.476562 0.187256 0.0351562 0.0449219 0.906738
18 0.65332 0.265625 0.0566406 0.0610352 0.905273
4 0.602539 0.686523 0.03125 0.0566406 0.904785
13 0.786133 0.347656 0.0214844 0.0654297 0.901367
1 0.717285 0.780273 0.0410156 0.0644531 0.901367
0 0.379883 0.0241547 0.0820312 0.0466003 0.900391
13 0.510742 0.845703 0.0214844 0.0625 0.900391
2 0.794922 0.771973 0.0292969 0.0419922 0.898438
6 0.616699 0.935547 0.0429688 0.0390625 0.897461
8 0.810059 0.271912 0.0419922 0.0469971 0.895508
6 0.758301 0.777344 0.0390625 0.0449219 0.893066
2 0.61377 0.188965 0.0273438 0.0432129 0.887207
14 0.792969 0.0214233 0.0175781 0.0428467 0.88623
14 0.842773 0.924805 0.0214844 0.0664062 0.885742
5 0.555664 0.274414 0.0341797 0.0419922 0.884277
4 0.682617 0.0215454 0.0332031 0.0430298 0.883301
0 0.892578 0.772461 0.0595703 0.0449219 0.881836
22 0.585449 0.355957 0.0341797 0.0419922 0.877441
4 0.723633 0.851562 0.0263672 0.046875 0.873047
21 0.426758 0.517578 0.0380859 0.0751953 0.871582
2 0.90918 0.601562 0.0527344 0.0429688 0.864258
4 0.863281 0.683594 0.0332031 0.0546875 0.862305
10 0.421875 0.845703 0.0458984 0.0625 0.86084
0 0.666992 0.855469 0.0820312 0.0419922 0.859863
13 0.872559 0.507812 0.0244141 0.078125 0.85498
0 0.558105 0.106445 0.0595703 0.0424805 0.844727
14 0.851074 0.510742 0.0175781 0.0664062 0.84082
9 0.779785 0.441162 0.0351562 0.0483398 0.837402
2 0.816406 0.932617 0.0292969 0.0429688 0.836426
2 0.399902 0.104248 0.03125 0.043457 0.833496
18 0.756836 0.102905 0.0429688 0.0446777 0.830078
8 0.907715 0.271973 0.0380859 0.0419922 0.824219
7 0.705078 0.53125 0.0527344 0.0654297 0.823242
4 0.857422 0.84668 0.0322266 0.0498047 0.823242
18 0.589355 0.517578 0.0380859 0.0527344 0.822266
2 0.39624 0.936523 0.027832 0.0419922 0.820801
2 0.865234 0.932129 0.0253906 0.0400391 0.820801
6 0.560547 0.441406 0.0546875 0.0419922 0.810547
10 0.638672 0.51355 0.0332031 0.0666504 0.806641
6 0.959961 0.437012 0.0556641 0.0410156 0.769043
13 0.830566 0.0946655 0.0195312 0.0604248 0.767578
13 0.58252 0.427979 0.0175781 0.0639648 0.763672
46 0.845703 0.603516 0.0634766 0.0419922 0.760742
18 0.753418 0.348633 0.0458984 0.0546875 0.759277
5 0.686523 0.189087 0.0498047 0.0419922 0.753418
7 0.432373 0.699219 0.0419922 0.0625 0.750488
10 0.604492 0.181641 0.03125 0.0585938 0.747559
22 0.390137 0.522461 0.0302734 0.0380859 0.746094
10 0.523926 0.262695 0.0439453 0.0649414 0.743164
4 0.980469 0.101196 0.0361328 0.0478516 0.73877
14 0.46875 0.594727 0.0185547 0.0644531 0.737305
6 0.48584 0.103271 0.0576172 0.0476074 0.73584
5 0.692871 0.102539 0.0605469 0.045166 0.730957
38 0.59668 0.598633 0.0820312 0.0683594 0.729492
23 0.881836 0.186523 0.0322266 0.0439453 0.72168
9 0.613281 0.438477 0.0371094 0.0444336 0.71875
6 0.943359 0.770508 0.0390625 0.0527344 0.70752
0 0.882812 0.34668 0.0576172 0.0673828 0.704102
6 0.654297 0.35498 0.0673828 0.0419922 0.694336
18 0.433838 0.766602 0.0454102 0.0566406 0.692871
1 0.572266 0.943848 0.0410156 0.0654297 0.692871
13 0.992188 0.175781 0.015625 0.0651855 0.680664
4 0.643066 0.187988 0.0302734 0.0437012 0.665527
2 0.766602 0.0216064 0.03125 0.0430908 0.656738
6 0.65918 0.525391 0.0380859 0.046875 0.651367
6 0.671875 0.606445 0.0625 0.0410156 0.640625
16 0.840332 0.771484 0.0400391 0.0429688 0.637207
8 0.77832 0.595215 0.0449219 0.0625 0.624512
8 0.87207 0.436035 0.0410156 0.0449219 0.616699
13 0.489258 0.597656 0.0244141 0.0683594 0.613281
23 0.75 0.522461 0.0351562 0.0449219 0.59082
13 0.694336 0.589844 0.0234375 0.0722656 0.577637
10 0.417725 0.594727 0.0307617 0.0644531 0.57373
24 0.910645 0.444824 0.0361328 0.0585938 0.569824
4 0.990234 0.845703 0.0195312 0.0488281 0.569824
13 0.660156 0.429932 0.0332031 0.0698242 0.563965
13 0.779297 0.984375 0.0126953 0.0253906 0.562012
7 0.734863 0.603516 0.0390625 0.046875 0.560059
13 0.912109 0.759766 0.0205078 0.0664062 0.554688
2 0.396973 0.771973 0.0273438 0.0439453 0.548828
2 0.821289 0.0223389 0.0371094 0.0442505 0.527344
21 0.544922 0.19751 0.0644531 0.0600586 0.527344
0 0.955566 0.678711 0.0585938 0.0664062 0.517578
