8 0.599117 0.834016 0.0411711 0.0437951 0.969258
8 0.822088 0.244256 0.0419469 0.0436275 0.955213
5 0.864286 0.242005 0.0371604 0.0429593 0.940256
11 0.883199 0.901002 0.0355779 0.0583017 0.932625
5 0.833495 0.41209 0.0377135 0.0463245 0.919301
8 0.363908 0.831005 0.0412558 0.045341 0.905616
0 0.96883 0.327438 0.0549588 0.0431693 0.903004
8 0.906058 0.159246 0.0399528 0.0404133 0.890747
8 0.791501 0.411877 0.0393062 0.046049 0.884428
9 0.732474 0.985735 0.0358738 0.0285292 0.868361
18 0.919833 0.323684 0.0389798 0.0504413 0.845968
9 0.811244 0.835129 0.0362295 0.0450463 0.725431
5 0.593393 0.985714 0.036582 0.0285711 0.675219
8 0.982412 0.160825 0.0351756 0.0395405 0.63438
16 0.866214 0.831562 0.0373166 0.0464272 0.541653
0 0.960732 0.580037 0.0619119 0.0466274 0.526074
