4 0.319824 0.814453 0.0693359 0.117188 0.976562
4 0.772461 0.231201 0.0703125 0.11084 0.973633
2 0.826172 0.438965 0.0771484 0.0927734 0.969727
18 0.0296478 0.236206 0.0592957 0.207764 0.96582
5 0.240234 0.825684 0.0883789 0.0947266 0.960938
2 0.845703 0.238037 0.078125 0.0981445 0.960449
19 0.613281 0.970703 0.0664062 0.0585938 0.958496
7 0.395996 0.0634766 0.15332 0.126953 0.956055
8 0.912109 0.44043 0.0917969 0.09375 0.950195
2 0.974121 0.0444946 0.0517578 0.0882568 0.949219
29 0.477051 0.835938 0.126953 0.1875 0.949219
13 0.0864258 0.206787 0.046875 0.149902 0.94873
14 0.54834 0.969238 0.0527344 0.0615234 0.947266
6 0.141846 0.823242 0.0939941 0.09375 0.94043
8 0.167267 0.0398254 0.101013 0.0796509 0.936523
14 0.868164 0.0456543 0.0429688 0.0913086 0.922363
14 0.916016 0.0435791 0.046875 0.0869141 0.921875
13 0.156738 0.962891 0.0512695 0.0742188 0.91748
4 0.981445 0.424805 0.0371094 0.134766 0.913574
13 0.816895 0.0456543 0.0498047 0.0913086 0.910645
13 0.679688 0.970215 0.0615234 0.0595703 0.906738
12 0.0436096 0.790039 0.0872192 0.154297 0.844727
0 0.691406 0.835938 0.137695 0.0917969 0.838867
4 0.332764 0.985352 0.0810547 0.0292969 0.834473
5 0.969727 0.84668 0.0605469 0.0957031 0.819824
0 0.953125 0.24292 0.09375 0.101074 0.818848
4 0.237793 0.990234 0.0976562 0.0195312 0.753418
6 0.87793 0.640625 0.148438 0.105469 0.708984
18 0.080307 0.972656 0.0847473 0.0546875 0.684082
9 0.453613 0.966797 0.133789 0.0664062 0.668945
