18 0.741211 0.665527 0.113281 0.139648 0.975098
18 0.984375 0.488281 0.03125 0.158203 0.969238
4 0.763672 0.0700684 0.0683594 0.135254 0.963379
5 0.835938 0.294189 0.09375 0.0957031 0.957031
2 0.177979 0.310059 0.0737305 0.0947266 0.95166
8 0.636719 0.492676 0.0976562 0.0917969 0.946777
14 0.907715 0.266846 0.0458984 0.142578 0.944824
23 0.102112 0.317383 0.0706787 0.0810547 0.943848
1 0.915527 0.513184 0.0898438 0.137695 0.939453
14 0.156494 0.885742 0.0405273 0.134766 0.935059
4 0.112 0.110703 0.069458 0.117218 0.918945
2 0.181396 0.110474 0.0727539 0.0979004 0.90332
6 0.565552 0.890625 0.138428 0.0927734 0.872559
0 0.325439 0.904785 0.141602 0.0947266 0.829102
13 0.208496 0.876465 0.0449219 0.139648 0.786621
18 0.948242 0.0704346 0.103516 0.133057 0.782715
6 0.853516 0.888672 0.106445 0.0908203 0.746094
22 0.494629 0.298096 0.0869141 0.090332 0.712402
13 0.964844 0.262939 0.0703125 0.149414 0.692871
2 0.833008 0.0914917 0.0722656 0.0892334 0.690918
13 0.847656 0.657715 0.0917969 0.151367 0.560059
4 0.118896 0.454102 0.0927734 0.0546875 0.552734
4 0.0137177 0.492188 0.0273438 0.180664 0.503906
