21 0.770508 0.350342 0.101562 0.13623 0.993164
18 0.838379 0.709961 0.0976562 0.129883 0.981934
19 0.601562 0.122375 0.0585938 0.0924072 0.976074
18 0.865234 0.508301 0.0957031 0.129883 0.976074
4 0.456299 0.708496 0.0776367 0.114258 0.975586
7 0.435547 0.141602 0.151367 0.13916 0.970703
2 0.117065 0.90918 0.0751953 0.0996094 0.963867
8 0.204102 0.913086 0.0942383 0.101562 0.963379
23 0.430664 0.5177 0.0732422 0.0935059 0.960449
8 0.762695 0.526367 0.0976562 0.0966797 0.956055
0 0.895508 0.328125 0.142578 0.0957031 0.95166
0 0.0360107 0.914062 0.0717773 0.0908203 0.946777
13 0.947266 0.513184 0.0488281 0.144531 0.942383
13 0.438477 0.892578 0.0478516 0.144531 0.940918
6 0.109924 0.707031 0.139038 0.0957031 0.931641
13 0.0195312 0.661133 0.0390625 0.206055 0.92041
8 0.0912476 0.292053 0.0960693 0.146362 0.915039
4 0.303711 0.907227 0.0996094 0.119141 0.909668
23 0.533325 0.715332 0.0739746 0.0917969 0.90918
5 0.67334 0.123779 0.0849609 0.0947266 0.885742
7 0.0180359 0.338379 0.0360718 0.162109 0.882324
8 0.158173 0.114624 0.0894165 0.0861816 0.85791
4 0.985352 0.316162 0.0292969 0.138184 0.795898
13 0.269592 0.296143 0.0506592 0.136719 0.792969
13 0.222534 0.0853882 0.0773926 0.156372 0.749023
18 0.646484 0.51123 0.132812 0.126953 0.740234
22 0.0668793 0.111633 0.0879211 0.0906982 0.624512
6 0.284119 0.515625 0.152466 0.0957031 0.554688
0 0.216064 0.298767 0.155273 0.1427 0.548828
