35 0.411621 0.274902 0.179688 0.198242 0.998047
1 0.907715 0.270996 0.0908203 0.14209 0.980957
22 0.749512 0.858398 0.0849609 0.09375 0.977051
23 0.610352 0.263428 0.0732422 0.0976562 0.959961
8 0.569336 0.658691 0.0917969 0.0927734 0.953125
13 0.664551 0.240479 0.0380859 0.141113 0.913086
7 0.71582 0.678711 0.15625 0.138672 0.891113
22 0.473145 0.664062 0.0791016 0.0898438 0.833496
13 0.979492 0.204956 0.0410156 0.188721 0.806641
46 0.586914 0.857422 0.205078 0.0917969 0.801758
8 0.845703 0.429199 0.0917969 0.140625 0.71875
6 0.896484 0.852539 0.136719 0.0957031 0.605957
23 0.671875 0.855469 0.0664062 0.0898438 0.59082
6 0.408691 0.862793 0.141602 0.0917969 0.59082
21 0.957031 0.427246 0.0859375 0.150391 0.569824
13 0.455078 0.838379 0.0634766 0.139648 0.544922
4 0.979492 0.616211 0.0410156 0.175781 0.541016
