8 0.779469 0.252224 0.0961633 0.0922514 0.978262
1 0.709682 0.868171 0.0887675 0.132388 0.970157
0 0.181871 0.847001 0.138167 0.0865741 0.966939
19 0.873389 0.649558 0.0571835 0.0835037 0.964389
6 0.813136 0.846783 0.0938673 0.0871747 0.963972
2 0.9051 0.845619 0.0678239 0.0895277 0.951807
2 0.80708 0.646086 0.0693903 0.0897093 0.945489
5 0.979756 0.255315 0.0402081 0.0930468 0.934941
16 0.963794 0.650314 0.0724125 0.0878247 0.882994
18 0.894384 0.232031 0.106472 0.133838 0.873909
18 0.911852 0.983699 0.089825 0.032602 0.7364
4 0.447467 0.987427 0.0504111 0.0251456 0.638456
