18 0.89209 0.535156 0.0810547 0.119141 0.98291
19 0.927734 0.946289 0.0566406 0.0898438 0.98291
9 0.589844 0.545898 0.0898438 0.0947266 0.976562
9 0.819824 0.942383 0.0800781 0.0947266 0.976074
5 0.500977 0.945312 0.0849609 0.09375 0.967773
4 0.981445 0.723633 0.0371094 0.136719 0.967285
4 0.0254364 0.336914 0.0506287 0.111328 0.965332
2 0.0860596 0.349365 0.072876 0.0961914 0.963867
8 0.919434 0.748047 0.0869141 0.0898438 0.963379
2 0.818848 0.548828 0.0634766 0.0898438 0.962891
5 0.265869 0.948242 0.0878906 0.0917969 0.960449
6 0.731445 0.947754 0.0869141 0.0898438 0.958496
5 0.833984 0.746094 0.078125 0.09375 0.958008
0 0.383057 0.949219 0.137207 0.0976562 0.95752
0 0.615234 0.949219 0.130859 0.09375 0.953613
7 0.777344 0.18045 0.117188 0.134216 0.94873
2 0.78125 0.35498 0.0683594 0.0922852 0.94873
18 0.0667114 0.533203 0.125854 0.119141 0.94873
2 0.506348 0.548828 0.0761719 0.0917969 0.945312
0 0.878418 0.360107 0.118164 0.090332 0.944824
19 0.693848 0.54834 0.0585938 0.0878906 0.942383
18 0.905273 0.148712 0.120117 0.123962 0.932617
18 0.110962 0.139771 0.134033 0.122314 0.927734
13 0.525879 0.725586 0.0400391 0.136719 0.903809
23 0.754883 0.545898 0.0625 0.0869141 0.898438
0 0.358398 0.15686 0.138672 0.0908203 0.864258
23 0.980469 0.944336 0.0390625 0.0878906 0.82666
21 0.149292 0.951172 0.0866699 0.0927734 0.779785
1 0.973633 0.334473 0.0527344 0.249023 0.644043
