18 0.511895 0.828254 0.0387663 0.0505939 0.98257
0 0.877514 0.417387 0.0595553 0.0395661 0.961106
22 0.874794 0.673276 0.0360883 0.0402946 0.959535
2 0.37126 0.924215 0.0291846 0.0418527 0.948244
9 0.396241 0.834847 0.0368385 0.0401391 0.943496
8 0.972039 0.507324 0.0397632 0.0412464 0.941038
8 0.832905 0.672709 0.0405103 0.0411367 0.938465
21 0.625092 0.84838 0.0409627 0.056746 0.93128
13 0.297599 0.915513 0.0216106 0.0621346 0.920882
0 0.867426 0.147386 0.0587912 0.043859 0.919403
7 0.14305 0.841431 0.0555592 0.0591522 0.861509
8 0.369114 0.573382 0.0412287 0.0410728 0.83738
22 0.0275109 0.74289 0.0384961 0.0396216 0.826799
0 0.459242 0.835177 0.0588922 0.0409837 0.791977
2 0.671157 0.231717 0.0298712 0.0416806 0.777625
0 0.926247 0.674955 0.0579588 0.0412549 0.75921
9 0.323224 0.745007 0.0378871 0.0420046 0.758469
22 0.765116 0.581653 0.0369012 0.0385745 0.713391
13 0.560786 0.735869 0.0208657 0.0698016 0.693535
2 0.37257 0.746358 0.030921 0.0421209 0.671685
2 0.352169 0.487818 0.0299177 0.0387293 0.641701
5 0.785398 0.848158 0.0356994 0.0420858 0.546987
8 0.945213 0.854348 0.0395026 0.0436008 0.539373
6 0.751678 0.233943 0.0407666 0.0410926 0.5098
