21 0.334961 0.302246 0.0390625 0.0615234 0.987793
10 0.38623 0.195435 0.0380859 0.0664062 0.980957
18 0.958984 0.127441 0.0390625 0.0532227 0.966309
7 0.750488 0.306641 0.0400391 0.0644531 0.95752
0 0.206299 0.28833 0.060791 0.0488281 0.951172
5 0.177002 0.199707 0.0380859 0.0419922 0.94873
13 0.958496 0.204468 0.0253906 0.0610352 0.946777
7 0.0926514 0.212646 0.0349121 0.0605469 0.941895
2 0.814453 0.210571 0.03125 0.0454102 0.941406
5 0.834473 0.0428391 0.0371094 0.0424957 0.926758
5 0.922852 0.131805 0.0371094 0.0435181 0.920898
6 0.446777 0.0424194 0.0410156 0.0408936 0.917969
4 0.157227 0.0329514 0.0332031 0.0588531 0.916016
0 0.0584793 0.0305176 0.0595551 0.0569458 0.911621
2 0.0137558 0.0310059 0.0273895 0.0479736 0.90918
21 0.27832 0.0479431 0.0429688 0.0617065 0.905273
13 0.754883 0.0323792 0.0253906 0.0646362 0.896973
8 0.424316 0.208984 0.0424805 0.0476074 0.892578
4 0.45459 0.119995 0.0322266 0.0549316 0.889648
21 0.737305 0.224487 0.0429688 0.0588379 0.888672
0 0.530273 0.042511 0.0605469 0.0455933 0.88623
6 0.247192 0.117798 0.0388184 0.0412598 0.877441
2 0.589844 0.0383987 0.03125 0.0513763 0.876465
18 0.661621 0.291992 0.0371094 0.0625 0.862305
8 0.134766 0.201904 0.0429688 0.0522461 0.856934
13 0.625 0.197876 0.0214844 0.0688477 0.854004
0 0.982422 0.301758 0.0351562 0.0532227 0.850098
13 0.476807 0.032196 0.0205078 0.0637817 0.849121
0 0.595703 0.209351 0.078125 0.0441895 0.841797
21 0.466309 0.224487 0.0395508 0.0646973 0.841797
2 0.504395 0.294922 0.0322266 0.0478516 0.829102
4 0.979492 0.038147 0.0332031 0.0692139 0.825684
2 0.291016 0.286377 0.0332031 0.050293 0.799316
4 0.265564 0.19751 0.0333252 0.0546875 0.79834
2 0.282471 0.119324 0.0273438 0.0421143 0.769043
6 0.312012 0.0385132 0.0336914 0.0428467 0.756348
5 0.701172 0.29126 0.0390625 0.0698242 0.737305
13 0.360352 0.0315018 0.0268555 0.0624847 0.73584
18 0.0135193 0.114746 0.0269775 0.0493164 0.715332
4 0.369141 0.122375 0.0332031 0.0487061 0.70752
4 0.835938 0.122437 0.0332031 0.0515137 0.704102
8 0.239136 0.0385437 0.0349121 0.0401611 0.700684
5 0.525391 0.201416 0.0371094 0.0644531 0.695801
13 0.474609 0.282715 0.0258789 0.0634766 0.695801
23 0.0458069 0.117798 0.0342407 0.0415039 0.689453
9 0.986328 0.213379 0.0273438 0.0415039 0.675781
10 0.705078 0.0339661 0.0351562 0.0654907 0.662109
10 0.201904 0.0291748 0.0341797 0.0582275 0.649414
14 0.337891 0.030304 0.0166016 0.0606079 0.62793
18 0.883789 0.039978 0.0527344 0.0540771 0.618652
18 0.856445 0.211548 0.03125 0.0429688 0.613281
14 0.733398 0.0330505 0.0175781 0.0647583 0.596191
12 0.769531 0.123657 0.0332031 0.0478516 0.592773
22 0.927734 0.213623 0.0332031 0.0429688 0.586914
12 0.512573 0.12262 0.0568848 0.0509033 0.560059
10 0.87207 0.305908 0.0410156 0.0717773 0.548828
10 0.156494 0.279297 0.0366211 0.0737305 0.546875
18 0.6875 0.205688 0.0351562 0.0515137 0.539062
6 0.324219 0.196899 0.0585938 0.0661621 0.533203
5 0.92334 0.299805 0.0595703 0.0556641 0.533203
22 0.205566 0.117737 0.0322266 0.0418701 0.503906
23 0.893555 0.214355 0.0332031 0.0429688 0.503906
