12 0.73584 0.0619202 0.0351562 0.081604 0.979492
35 0.661621 0.0587158 0.0576172 0.0839844 0.973633
18 0.507812 0.231567 0.0380859 0.0646973 0.973633
6 0.745117 0.143311 0.0371094 0.0407715 0.965332
7 0.984375 0.0629883 0.03125 0.0615234 0.954102
6 0.414062 0.0691071 0.0356445 0.0441589 0.947754
0 0.944824 0.136749 0.0634766 0.0438843 0.946289
8 0.438965 0.1521 0.0449219 0.0488281 0.939453
4 0.56543 0.229736 0.03125 0.0595703 0.935547
10 0.551758 0.138672 0.0332031 0.0664062 0.935059
0 0.796875 0.143921 0.0644531 0.0522461 0.93457
6 0.988281 0.13562 0.0234375 0.041748 0.929199
18 0.930176 0.051239 0.0537109 0.0569458 0.927246
5 0.495361 0.0675659 0.0375977 0.0516357 0.925781
0 0.503418 0.140991 0.0566406 0.0610352 0.925781
4 0.8125 0.223877 0.0292969 0.0537109 0.915039
4 0.395996 0.233521 0.0322266 0.0646973 0.897461
13 0.475098 0.226807 0.0263672 0.0761719 0.893066
2 0.835449 0.0598755 0.03125 0.0506592 0.891113
10 0.351074 0.0596313 0.0390625 0.0717773 0.875977
2 0.568359 0.149658 0.0273438 0.0458984 0.870605
13 0.539062 0.22583 0.0234375 0.0742188 0.868652
13 0.767578 0.0528259 0.0244141 0.0787964 0.865234
5 0.941895 0.223633 0.0507812 0.0527344 0.864258
6 0.640625 0.14624 0.0400391 0.0415039 0.856934
14 0.797852 0.0495605 0.0361328 0.0698242 0.820801
22 0.396484 0.151978 0.0351562 0.0444336 0.812988
13 0.67334 0.133026 0.0253906 0.0742798 0.778809
9 0.870117 0.0559387 0.0361328 0.0455933 0.770508
5 0.376709 0.0689087 0.0400391 0.0474854 0.746094
1 0.599121 0.156372 0.0390625 0.0632324 0.743164
6 0.455078 0.0675201 0.0419922 0.0470886 0.737305
4 0.592773 0.0592651 0.0332031 0.0626221 0.723145
16 0.44165 0.238525 0.0390625 0.0566406 0.690918
6 0.542969 0.0643921 0.0527344 0.0429688 0.651367
10 0.617188 0.224731 0.0507812 0.0725098 0.515625
