21 0.92334 0.475098 0.103516 0.134766 0.976562
2 0.962891 0.256348 0.0722656 0.09375 0.976074
7 0.427734 0.0725098 0.09375 0.129883 0.975098
27 0.185547 0.0488892 0.0600586 0.0970459 0.973145
7 0.791016 0.875 0.101562 0.135742 0.97168
6 0.692383 0.850098 0.0878906 0.0957031 0.96582
2 0.835938 0.45459 0.0703125 0.09375 0.963379
6 0.333984 0.0502014 0.09375 0.0910034 0.962402
13 0.114685 0.826172 0.0450439 0.148438 0.937988
8 0.760254 0.652344 0.0986328 0.0986328 0.933105
19 0.0394897 0.841309 0.0675049 0.0908203 0.926758
22 0.804688 0.0592651 0.0898438 0.0909424 0.924316
7 0.188721 0.868164 0.104492 0.138672 0.918945
6 0.0223236 0.446045 0.0445862 0.097168 0.908691
7 0.938965 0.0790405 0.12207 0.141724 0.900391
11 0.602539 0.229126 0.152344 0.143311 0.870605
22 0.401367 0.974609 0.100586 0.0507812 0.865234
7 0.974121 0.685547 0.0517578 0.142578 0.801758
6 0.284607 0.246582 0.139771 0.100098 0.778809
14 0.171753 0.975098 0.0505371 0.0498047 0.778809
23 0.61377 0.850586 0.0664062 0.0859375 0.762207
7 0.37207 0.448242 0.177734 0.172852 0.737305
8 0.207031 0.424072 0.0888672 0.144043 0.702637
4 0.507324 0.977051 0.0732422 0.0458984 0.682617
5 0.294922 0.850586 0.0874023 0.0917969 0.624512
19 0.0348511 0.973633 0.0579834 0.0527344 0.600098
