4 0.344238 0.241943 0.0722656 0.10498 0.986816
18 0.676758 0.830566 0.09375 0.128906 0.981934
0 0.795898 0.457031 0.140625 0.0898438 0.974609
22 0.65625 0.261475 0.0869141 0.0913086 0.970215
19 0.818359 0.845703 0.0644531 0.0908203 0.967773
8 0.306885 0.841797 0.0981445 0.09375 0.967285
4 0.762695 0.252441 0.0732422 0.114258 0.96582
9 0.410156 0.842773 0.0908203 0.0996094 0.964355
5 0.158813 0.249268 0.0913086 0.0932617 0.957031
2 0.217041 0.844727 0.0737305 0.0898438 0.955078
13 0.833008 0.0531311 0.0449219 0.106262 0.95166
14 0.87793 0.0541992 0.0449219 0.108398 0.95166
22 0.744629 0.0613403 0.0869141 0.0933838 0.946777
13 0.913086 0.241943 0.0722656 0.138184 0.944824
14 0.928711 0.0542297 0.0449219 0.108459 0.943359
13 0.756348 0.820801 0.0478516 0.139648 0.9375
6 0.0335693 0.0513611 0.0671387 0.0999146 0.924805
6 0.25531 0.252686 0.0919189 0.0888672 0.921387
2 0.980957 0.0638428 0.0380859 0.0922852 0.920898
23 0.577148 0.253357 0.0664062 0.0860596 0.898926
6 0.571289 0.844727 0.0898438 0.0898438 0.889648
4 0.975586 0.419922 0.0488281 0.158203 0.88623
13 0.930664 0.428467 0.0429688 0.14209 0.885742
13 0.501465 0.822754 0.0478516 0.141602 0.884277
22 0.768555 0.657227 0.0878906 0.0898438 0.859863
13 0.418457 0.0531921 0.0410156 0.106384 0.813965
6 0.668945 0.644531 0.101562 0.0878906 0.803223
14 0.989258 0.632812 0.0214844 0.134766 0.747559
8 0.981934 0.260803 0.0361328 0.0955811 0.744629
5 0.897461 0.84668 0.0849609 0.0888672 0.716797
4 0.122437 0.836914 0.0983887 0.103516 0.67041
0 0.849609 0.263428 0.103516 0.0908203 0.638672
13 0.495605 0.972656 0.0986328 0.0546875 0.635254
8 0.0324097 0.861816 0.0648193 0.132812 0.554688
13 0.213135 0.973633 0.0864258 0.0527344 0.537109
