18 0.14917 0.544922 0.0366211 0.0507812 0.983887
9 0.319336 0.878906 0.0341797 0.0419922 0.969238
21 0.211182 0.227539 0.0405273 0.059082 0.968262
10 0.341309 0.205322 0.0371094 0.0678711 0.964355
6 0.470703 0.38623 0.0390625 0.0400391 0.963379
12 0.493164 0.874023 0.0351562 0.0625 0.963379
8 0.318359 0.467529 0.0424805 0.0458984 0.961426
5 0.580566 0.882324 0.0410156 0.0449219 0.957031
21 0.454834 0.650391 0.0375977 0.0585938 0.955566
10 0.606445 0.374512 0.0400391 0.0664062 0.95459
10 0.364014 0.624512 0.0268555 0.0644531 0.95166
6 0.441406 0.218384 0.0410156 0.0419922 0.949707
10 0.512695 0.374268 0.0380859 0.0649414 0.946289
9 0.552246 0.382812 0.0361328 0.0424805 0.944824
6 0.405273 0.467773 0.0424805 0.0424805 0.943848
2 0.112305 0.632324 0.0283203 0.0439453 0.941895
10 0.369629 0.871094 0.0302734 0.0644531 0.941895
4 0.230225 0.71582 0.032959 0.0566406 0.94043
5 0.256104 0.799805 0.0366211 0.0419922 0.931641
24 0.333496 0.727539 0.0380859 0.0625 0.930664
23 0.574707 0.468994 0.0361328 0.0424805 0.929199
5 0.289551 0.217041 0.0371094 0.0488281 0.928223
8 0.586914 0.554688 0.0410156 0.0449219 0.928223
9 0.45166 0.803711 0.0351562 0.0449219 0.928223
5 0.596191 0.633789 0.0410156 0.046875 0.927734
0 0.514648 0.964844 0.0566406 0.046875 0.925781
2 0.43042 0.132446 0.0302734 0.0427246 0.925781
5 0.468262 0.963867 0.0371094 0.0429688 0.925293
2 0.199951 0.298828 0.0300293 0.0449219 0.924805
0 0.547852 0.133301 0.0585938 0.0441895 0.923828
13 0.515625 0.296143 0.0195312 0.0703125 0.921875
7 0.381348 0.97168 0.0390625 0.0566406 0.921387
9 0.603516 0.965332 0.0390625 0.0429688 0.920898
2 0.0367432 0.128174 0.029541 0.0463867 0.920898
6 0.150146 0.797852 0.0410156 0.0390625 0.918457
5 0.195801 0.71582 0.0351562 0.0390625 0.917969
6 0.0653687 0.212402 0.036377 0.0439453 0.911621
6 0.563477 0.964844 0.0371094 0.0429688 0.910645
0 0.246216 0.299805 0.0603027 0.0478516 0.905762
5 0.0776215 0.0490723 0.0361633 0.041748 0.903809
6 0.534668 0.719727 0.0400391 0.0429688 0.894043
2 0.383789 0.633789 0.0273438 0.0439453 0.883301
5 0.371094 0.300293 0.0351562 0.046875 0.880859
14 0.476562 0.204834 0.0200195 0.0673828 0.878418
6 0.298584 0.798828 0.0424805 0.0488281 0.877441
0 0.514648 0.804688 0.0585938 0.046875 0.876465
13 0.0123291 0.951172 0.0245972 0.0761719 0.876465
2 0.179932 0.877441 0.0302734 0.0458984 0.868652
5 0.224609 0.87793 0.0556641 0.0488281 0.866211
13 0.106689 0.539062 0.0241699 0.0761719 0.865234
6 0.265381 0.383057 0.0620117 0.0458984 0.864258
10 0.1073 0.121765 0.0371094 0.0679932 0.862305
21 0.248169 0.482422 0.0388184 0.0625 0.862305
13 0.00935364 0.118835 0.0187073 0.0662842 0.856934
9 0.574219 0.717773 0.0361328 0.0449219 0.853027
18 0.485352 0.295898 0.0380859 0.0537109 0.849121
23 0.0702515 0.129272 0.0344238 0.0427246 0.844727
7 0.588867 0.060791 0.0664062 0.0648193 0.832031
2 0.328613 0.383301 0.0302734 0.0439453 0.82666
23 0.264709 0.71875 0.0330811 0.0410156 0.822266
0 0.476807 0.123901 0.0610352 0.0639648 0.818848
22 0.192139 0.797852 0.034668 0.0419922 0.818848
0 0.052948 0.876465 0.0623169 0.0458984 0.818848
13 0.422607 0.632324 0.0239258 0.0878906 0.817383
2 0.504395 0.0476761 0.0292969 0.0416107 0.805664
6 0.2854 0.554688 0.0581055 0.0449219 0.800781
13 0.18042 0.540039 0.0258789 0.0683594 0.79834
18 0.453125 0.719727 0.0410156 0.0449219 0.789062
7 0.44043 0.889648 0.0595703 0.0625 0.785156
4 0.335449 0.958984 0.03125 0.0546875 0.771973
6 0.193359 0.962891 0.0390625 0.0429688 0.767578
22 0.10498 0.212646 0.036499 0.0449219 0.762207
13 0.289307 0.371582 0.0200195 0.065918 0.760742
2 0.0296936 0.782715 0.0491333 0.0605469 0.759277
22 0.299316 0.712891 0.0322266 0.0410156 0.749023
7 0.124573 0.889648 0.0445557 0.0625 0.743164
12 0.270996 0.048645 0.0380859 0.0510254 0.737305
8 0.0476761 0.299805 0.0379486 0.0439453 0.729492
22 0.599121 0.13382 0.0371094 0.0443726 0.728027
2 0.282715 0.467773 0.0302734 0.0449219 0.726562
23 0.445312 0.0505676 0.0371094 0.0421753 0.70752
2 0.0514603 0.959473 0.049057 0.0439453 0.704102
8 0.495361 0.635254 0.0415039 0.0429688 0.700684
22 0.589844 0.303955 0.03125 0.0429688 0.697754
14 0.0751801 0.537109 0.0334778 0.0664062 0.689453
12 0.0312195 0.534668 0.0495605 0.0693359 0.6875
24 0.361816 0.39502 0.0400391 0.0615234 0.680664
13 0.0294189 0.865234 0.0212402 0.0644531 0.679199
6 0.0362549 0.380371 0.0375977 0.046875 0.672363
1 0.105713 0.804688 0.0375977 0.0644531 0.662109
2 0.013916 0.298096 0.027832 0.0600586 0.662109
6 0.391113 0.883301 0.0371094 0.0439453 0.654785
22 0.276367 0.635742 0.0351562 0.0390625 0.654785
22 0.145508 0.131378 0.034668 0.0463257 0.647949
2 0.408203 0.798828 0.0517578 0.0449219 0.645996
7 0.239136 0.96875 0.052002 0.0625 0.620605
6 0.0363464 0.0469284 0.0449219 0.0472565 0.596191
24 0.535156 0.0625 0.0380859 0.0601807 0.596191
5 0.421631 0.381348 0.0541992 0.0507812 0.581543
5 0.513184 0.216064 0.0566406 0.0478516 0.569824
13 0.153076 0.869141 0.0234375 0.0742188 0.552734
7 0.52832 0.47583 0.0527344 0.0668945 0.546875
18 0.53418 0.552734 0.0546875 0.046875 0.527344
4 0.416504 0.548828 0.0488281 0.0546875 0.511719
