18 0.635742 0.691406 0.0410156 0.0625 0.988281
11 0.248291 0.864258 0.0405273 0.0644531 0.976562
12 0.944824 0.87207 0.0507812 0.0820312 0.974121
18 0.479492 0.867188 0.0419922 0.0585938 0.974121
18 0.214111 0.957031 0.0424805 0.0605469 0.968262
10 0.800293 0.957031 0.0332031 0.0644531 0.967773
1 0.0659332 0.609375 0.0426941 0.0644531 0.962891
1 0.298584 0.702148 0.0439453 0.0644531 0.955078
18 0.816406 0.78418 0.0429688 0.0625 0.955078
7 0.156738 0.610352 0.0595703 0.0625 0.953613
5 0.862305 0.966797 0.0410156 0.0449219 0.953613
21 0.322266 0.796387 0.0439453 0.0605469 0.953125
14 0.516113 0.776367 0.0205078 0.0703125 0.951172
6 0.193115 0.695312 0.0427246 0.046875 0.94873
7 0.75 0.796387 0.0410156 0.0644531 0.946777
7 0.884766 0.614258 0.0498047 0.0585938 0.945312
2 0.0678558 0.783203 0.0339661 0.0449219 0.944824
7 0.894043 0.887695 0.0439453 0.0605469 0.944824
5 0.54834 0.96582 0.0390625 0.046875 0.939453
0 0.975586 0.969727 0.0488281 0.0527344 0.937988
22 0.115601 0.963379 0.0383301 0.0419922 0.9375
5 0.431152 0.605469 0.0371094 0.0449219 0.937012
2 0.665039 0.606445 0.0341797 0.046875 0.936523
13 0.782227 0.779297 0.0234375 0.0693359 0.936523
7 0.304443 0.97168 0.0444336 0.0566406 0.936035
5 0.853027 0.516113 0.0380859 0.0488281 0.935059
4 0.65918 0.511719 0.0302734 0.0644531 0.935059
5 0.929688 0.608398 0.0371094 0.0458984 0.931152
5 0.358398 0.606445 0.0390625 0.0449219 0.927246
13 0.66748 0.689453 0.0214844 0.0761719 0.92627
14 0.578125 0.95459 0.0214844 0.0654297 0.925293
4 0.395264 0.600586 0.0327148 0.0566406 0.921387
0 0.496582 0.967773 0.0615234 0.046875 0.920898
0 0.904297 0.51709 0.0625 0.0498047 0.919434
2 0.256836 0.963379 0.0332031 0.0449219 0.916504
0 0.226074 0.786133 0.0600586 0.0537109 0.913574
5 0.279297 0.786133 0.0400391 0.0449219 0.911133
0 0.568848 0.597168 0.0654297 0.0712891 0.909668
0 0.0629272 0.962891 0.0623779 0.0458984 0.909668
0 0.429932 0.788086 0.0625 0.0507812 0.90918
5 0.338623 0.51123 0.0361328 0.0537109 0.908691
7 0.0186768 0.791992 0.0371094 0.0703125 0.908203
9 0.731445 0.875977 0.0390625 0.046875 0.907227
2 0.234619 0.695312 0.0361328 0.0488281 0.900391
1 0.384521 0.700195 0.0390625 0.0703125 0.897461
0 0.436768 0.963867 0.0561523 0.0488281 0.892578
6 0.691406 0.879395 0.0410156 0.0507812 0.888672
21 0.112854 0.500977 0.0550537 0.0625 0.88623
22 0.628906 0.963867 0.0371094 0.0429688 0.883301
9 0.789062 0.603516 0.0410156 0.0507812 0.878906
4 0.848145 0.601562 0.0283203 0.0507812 0.874023
13 0.492676 0.506958 0.0205078 0.0720215 0.871582
2 0.790527 0.880859 0.0332031 0.0488281 0.870605
2 0.283691 0.513184 0.0332031 0.0507812 0.867188
0 0.0702515 0.694336 0.0611572 0.0458984 0.865234
13 0.599609 0.956055 0.0234375 0.0683594 0.861328
1 0.37085 0.882812 0.0439453 0.0664062 0.85791
6 0.48291 0.788086 0.0419922 0.0478516 0.844727
13 0.536621 0.776855 0.0224609 0.0693359 0.84375
8 0.378418 0.510254 0.0419922 0.0576172 0.838867
5 0.981445 0.701172 0.0351562 0.0546875 0.836426
0 0.0371704 0.873535 0.0743408 0.0546875 0.835449
18 0.014122 0.956543 0.028244 0.0625 0.835449
2 0.212769 0.874023 0.0310059 0.0488281 0.835449
9 0.0949707 0.874023 0.041748 0.0546875 0.832031
6 0.959961 0.789062 0.0664062 0.0498047 0.831055
13 0.0739136 0.498779 0.0218506 0.065918 0.817383
14 0.958496 0.59668 0.0224609 0.0644531 0.813965
8 0.971191 0.519653 0.0449219 0.0524902 0.810547
23 0.726562 0.512207 0.0351562 0.0517578 0.806641
13 0.981934 0.864258 0.0214844 0.0761719 0.786621
2 0.566406 0.786621 0.03125 0.0478516 0.779785
7 0.603027 0.523315 0.078125 0.0646973 0.73877
2 0.0240517 0.691895 0.0301437 0.0527344 0.737305
9 0.916016 0.697266 0.0429688 0.0546875 0.733887
2 0.390625 0.961426 0.0341797 0.0517578 0.729492
23 0.758789 0.700195 0.0351562 0.0507812 0.725098
14 0.472168 0.506348 0.0224609 0.0703125 0.715332
13 0.995605 0.86377 0.00878906 0.0732422 0.710449
5 0.526855 0.867188 0.0410156 0.0664062 0.708984
5 0.708984 0.792969 0.0371094 0.0585938 0.705566
1 0.147827 0.703613 0.0437012 0.0634766 0.689453
12 0.926758 0.962402 0.0429688 0.0751953 0.679199
2 0.859375 0.790039 0.0351562 0.0527344 0.67041
5 0.303223 0.87793 0.0654297 0.0527344 0.651367
13 0.980469 0.597656 0.0214844 0.0761719 0.607422
13 0.0636139 0.856445 0.0248718 0.0859375 0.602051
4 0.81543 0.518066 0.0332031 0.0585938 0.558105
12 0.170898 0.785156 0.0415039 0.0703125 0.544922
18 0.529297 0.51416 0.0488281 0.0634766 0.541016
22 0.361816 0.786133 0.0380859 0.0449219 0.539062
14 0.678223 0.77832 0.0224609 0.0722656 0.53125
2 0.542969 0.692383 0.0546875 0.0585938 0.509766
10 0.776855 0.509766 0.0439453 0.0722656 0.505859
