21 0.94043 0.738281 0.118164 0.141602 0.977539
2 0.644043 0.723633 0.0791016 0.0888672 0.963867
2 0.260254 0.515137 0.0751953 0.09375 0.959961
5 0.847656 0.51709 0.0957031 0.0898438 0.959473
14 0.921875 0.48877 0.0507812 0.136719 0.95752
6 0.0653076 0.927734 0.0942383 0.0878906 0.953125
9 0.44873 0.923828 0.0878906 0.0908203 0.950195
1 0.733398 0.939453 0.0917969 0.121094 0.941895
0 0.607422 0.926758 0.146484 0.0957031 0.925781
46 0.938477 0.937012 0.123047 0.124023 0.922363
4 0.188965 0.489502 0.0654297 0.157715 0.921875
4 0.823242 0.910156 0.0722656 0.115234 0.908203
6 0.974609 0.495605 0.0507812 0.117188 0.897461
6 0.728516 0.714844 0.0898438 0.0947266 0.884277
18 0.960449 0.0941162 0.0791016 0.14624 0.858887
13 0.791992 0.102661 0.0498047 0.16333 0.819824
6 0.657715 0.304932 0.141602 0.106934 0.796875
11 0.0210876 0.315918 0.0421753 0.193359 0.762207
4 0.699219 0.117676 0.101562 0.0996094 0.753418
1 0.00577164 0.937012 0.011528 0.125977 0.702637
2 0.0299072 0.529785 0.0596924 0.0947266 0.65332
6 0.864258 0.120667 0.09375 0.0950928 0.620605
