0 0.123458 0.865012 0.0530025 0.034816 0.955227
6 0.465312 0.790689 0.0358485 0.0349152 0.950915
5 0.527422 0.868026 0.0343513 0.0342356 0.937071
6 0.302637 0.865701 0.0359774 0.0376112 0.935964
18 0.182744 0.935187 0.0408398 0.0503908 0.934786
22 0.129814 0.940569 0.0349882 0.0381854 0.922667
2 0.0968535 0.785752 0.0274665 0.0356648 0.893883
0 0.270292 0.941402 0.05446 0.037798 0.880633
5 0.224 0.942796 0.0357034 0.0366906 0.879472
9 0.344244 0.865445 0.0337517 0.0357016 0.865262
6 0.594637 0.0219031 0.0368037 0.0373362 0.79455
2 0.575887 0.949418 0.0270767 0.0346818 0.716556
5 0.428816 0.868456 0.0333916 0.0352087 0.628781
0 0.546574 0.79314 0.0543544 0.0370051 0.616571
9 0.020501 0.9439 0.0352065 0.0368872 0.525941
23 0.587447 0.334695 0.0318682 0.0347533 0.507916
