1 0.957031 0.924805 0.0859375 0.148438 0.982422
18 0.90918 0.276794 0.0917969 0.126099 0.97998
4 0.881348 0.484375 0.0703125 0.114258 0.973633
9 0.941406 0.691406 0.0869141 0.0957031 0.973633
2 0.15451 0.888672 0.0713501 0.09375 0.958008
4 0.03479 0.490723 0.0693359 0.115234 0.95752
5 0.95752 0.496094 0.0830078 0.09375 0.956055
8 0.245239 0.889648 0.102295 0.0917969 0.952148
2 0.31543 0.0964355 0.0722656 0.0874023 0.94873
13 0.823242 0.472656 0.046875 0.144531 0.933105
21 0.475586 0.115112 0.100586 0.142578 0.932129
22 0.836914 0.693359 0.0878906 0.0917969 0.931641
0 0.568359 0.888672 0.142578 0.0976562 0.92627
23 0.389648 0.0973511 0.0732422 0.0928955 0.922852
2 0.904297 0.0939941 0.0722656 0.0935059 0.922852
2 0.696777 0.893066 0.0683594 0.0927734 0.913086
18 0.344238 0.871094 0.0927734 0.125 0.90918
6 0.139893 0.496094 0.043457 0.0917969 0.899902
22 0.810547 0.293457 0.0917969 0.0917969 0.897461
6 0.8125 0.0960541 0.0976562 0.089386 0.889648
23 0.973145 0.0962524 0.0537109 0.0965576 0.875
22 0.573242 0.0969391 0.0898438 0.0944519 0.84375
8 0.362793 0.267517 0.101562 0.144653 0.786621
21 0.0176392 0.895996 0.0350952 0.208008 0.741699
29 0.0562439 0.0866699 0.112488 0.170898 0.702637
5 0.236694 0.496582 0.151611 0.0957031 0.563965
11 0.0170441 0.290588 0.0340271 0.171753 0.556641
