4 0.468506 0.280273 0.0698242 0.118164 0.97998
18 0.92627 0.669922 0.112305 0.145508 0.97998
8 0.814453 0.695312 0.0996094 0.101562 0.973145
4 0.248047 0.884766 0.0712891 0.111328 0.97168
8 0.767578 0.0925446 0.0957031 0.094696 0.966797
7 0.351074 0.916992 0.104492 0.144531 0.959961
23 0.883789 0.29126 0.0703125 0.0864258 0.959473
23 0.773438 0.890625 0.0664062 0.0966797 0.958984
29 0.854004 0.495117 0.130859 0.175781 0.950195
9 0.900879 0.890625 0.0908203 0.107422 0.950195
5 0.0661621 0.903809 0.0961914 0.116211 0.946777
2 0.681641 0.0924683 0.078125 0.0963135 0.941406
2 0.964844 0.0947266 0.0703125 0.0895996 0.939941
21 0.556152 0.711914 0.149414 0.138672 0.938965
6 0.163055 0.90625 0.0977173 0.121094 0.9375
5 0.545898 0.28949 0.0878906 0.0958252 0.93457
13 0.83252 0.889648 0.046875 0.189453 0.876465
4 0.157837 0.68457 0.102051 0.103516 0.855957
13 0.657227 0.666504 0.046875 0.150391 0.723145
11 0.983887 0.898438 0.0322266 0.203125 0.629883
46 0.767578 0.294434 0.160156 0.0878906 0.600098
21 0.019516 0.724609 0.0389709 0.174805 0.594727
13 0.992188 0.674805 0.015625 0.152344 0.588867
