0 0.938383 0.4853 0.0570031 0.0410577 0.980718
0 0.618126 0.916971 0.0600617 0.0413096 0.969527
9 0.890164 0.656205 0.0351162 0.043072 0.969256
0 0.971275 0.404519 0.0574491 0.0470783 0.964202
0 0.691345 0.914208 0.05919 0.0425237 0.956818
7 0.124608 0.762936 0.0369941 0.0597036 0.951753
5 0.813876 0.405577 0.036387 0.0407199 0.947563
7 0.880058 0.163076 0.0356147 0.059705 0.942004
5 0.923847 0.402536 0.0356152 0.0429305 0.941608
11 0.813296 0.898817 0.0366424 0.063206 0.918888
12 0.883617 0.405506 0.0340748 0.077547 0.915749
13 0.915885 0.731199 0.0274308 0.0677481 0.914723
5 0.984195 0.740504 0.0316099 0.0429521 0.876749
0 0.971592 0.569149 0.0568168 0.0461062 0.875075
14 0.10648 0.910425 0.0176834 0.0634876 0.865528
19 0.848769 0.405806 0.0271709 0.0409338 0.834418
0 0.469276 0.408584 0.0527626 0.0399721 0.822348
5 0.877841 0.0686698 0.0377469 0.0401453 0.738861
0 0.201769 0.00950199 0.0620677 0.0189249 0.713633
13 0.608738 0.064351 0.024501 0.0639026 0.706244
0 0.763265 0.402843 0.0603728 0.0417064 0.68715
12 0.106823 0.982772 0.0336194 0.0344559 0.65456
