4 0.8125 0.141602 0.0654297 0.106201 0.980957
14 0.596191 0.929688 0.0478516 0.140625 0.973633
1 0.860352 0.374512 0.0859375 0.133789 0.966309
8 0.767578 0.352539 0.09375 0.0913086 0.955078
2 0.750977 0.952148 0.0664062 0.0917969 0.95166
9 0.897949 0.746582 0.0791016 0.0947266 0.950195
5 0.685547 0.75293 0.0771484 0.0898438 0.950195
2 0.824707 0.753906 0.0654297 0.0917969 0.950195
27 0.937988 0.371582 0.0507812 0.128906 0.919434
2 0.667969 0.552734 0.0644531 0.0917969 0.918945
1 0.933105 0.170166 0.0917969 0.136719 0.90332
18 0.842773 0.538086 0.125 0.128906 0.901367
4 0.759277 0.738281 0.0644531 0.126953 0.898438
13 0.756836 0.121948 0.0351562 0.135742 0.863281
13 0.813477 0.931641 0.046875 0.132812 0.785156
4 0.875 0.93457 0.0898438 0.128906 0.725098
0 0.960938 0.956055 0.078125 0.0878906 0.666992
19 0.709961 0.146973 0.0566406 0.0864258 0.647949
13 0.990234 0.126221 0.0195312 0.132324 0.607422
13 0.734375 0.520508 0.0566406 0.164062 0.556641
1 0.920898 0.0163879 0.114258 0.0327759 0.535156
6 0.666016 0.955078 0.0898438 0.0878906 0.505859
