8 0.466797 0.217285 0.102539 0.104492 0.961914
9 0.627441 0.80957 0.0878906 0.103516 0.956543
2 0.548828 0.813477 0.0683594 0.0878906 0.952148
23 0.584961 0.420898 0.0673828 0.0888672 0.946777
16 0.818848 0.23291 0.107422 0.116211 0.944824
2 0.854492 0.417725 0.0673828 0.0922852 0.942871
23 0.477051 0.816406 0.0683594 0.0839844 0.940918
2 0.953125 0.810547 0.0791016 0.09375 0.938477
13 0.899414 0.199463 0.0429688 0.145996 0.934082
1 0.967285 0.456299 0.0654297 0.161621 0.927246
14 0.589844 0.959473 0.0429688 0.0810547 0.922852
1 0.750488 0.830078 0.0947266 0.140625 0.922363
5 0.263916 0.98584 0.0834961 0.0283203 0.884277
18 0.578125 0.60498 0.134766 0.126953 0.878906
4 0.899414 0.604492 0.0742188 0.119141 0.878418
0 0.830566 0.984375 0.141602 0.03125 0.874023
6 0.857422 0.812012 0.0947266 0.0927734 0.845703
22 0.367188 0.217041 0.0927734 0.0908203 0.835449
11 0.694336 0.397705 0.150391 0.13916 0.822266
13 0.907227 0.368164 0.0390625 0.188477 0.806641
14 0.637695 0.957031 0.0488281 0.0859375 0.740234
46 0.465088 0.42041 0.161621 0.0922852 0.680664
35 0.310791 0.592773 0.179199 0.177734 0.542969
5 0.969238 0.61377 0.0615234 0.0878906 0.527344
6 0.29303 0.805664 0.143433 0.118164 0.519531
