8 0.215332 0.465332 0.0361328 0.0400391 0.978027
10 0.137451 0.215576 0.034668 0.0693359 0.962891
5 0.213379 0.306885 0.034668 0.0405273 0.953125
8 0.0661774 0.467285 0.0397644 0.0419922 0.935059
9 0.223145 0.383789 0.0366211 0.0429688 0.933594
14 0.00596619 0.455566 0.0118713 0.0634766 0.930664
5 0.11377 0.30957 0.0339355 0.0375977 0.927734
4 0.250427 0.463379 0.0294189 0.0498047 0.892578
2 0.0595093 0.151733 0.0319824 0.0390625 0.880859
2 0.106201 0.459473 0.03479 0.0493164 0.871582
5 0.0124664 0.151855 0.0247192 0.0388184 0.858887
14 0.0994873 0.0603027 0.0195312 0.0645752 0.85791
6 0.206299 0.22876 0.0341797 0.0375977 0.830078
2 0.0294647 0.46875 0.0308533 0.0410156 0.820801
10 0.166016 0.452393 0.0480957 0.0668945 0.810547
2 0.105713 0.237061 0.0168457 0.019043 0.806641
5 0.0159149 0.309814 0.0315247 0.0410156 0.799316
9 0.049469 0.309082 0.0344849 0.0385742 0.788086
13 0.149658 0.289001 0.034668 0.0792236 0.729492
19 0.174316 0.226562 0.0305176 0.0380859 0.695801
21 0.172852 0.386719 0.0629883 0.0390625 0.679199
18 0.138397 0.00727844 0.0274048 0.0144348 0.67041
14 0.0791016 0.0605774 0.0175781 0.0630493 0.635254
4 0.0214233 0.229248 0.0376587 0.043457 0.59082
18 0.186401 0.0651855 0.0549316 0.0500488 0.563965
6 0.189453 0.150391 0.0566406 0.0410156 0.562012
