20 0.625977 0.401367 0.0820312 0.097168 0.995605
20 0.232422 0.830078 0.0825195 0.0859375 0.995117
20 0.259521 0.661133 0.0795898 0.0878906 0.993164
21 0.981445 0.758789 0.0371094 0.0566406 0.990234
18 0.850098 0.398438 0.0380859 0.0556641 0.973633
18 0.477539 0.831543 0.0390625 0.0556641 0.972656
10 0.884766 0.975098 0.03125 0.0498047 0.967285
21 0.0784302 0.841797 0.0412598 0.0605469 0.960938
18 0.374512 0.486328 0.0522461 0.0576172 0.960449
4 0.948242 0.65625 0.0332031 0.0546875 0.95752
21 0.60791 0.504883 0.0400391 0.0644531 0.956543
8 0.846191 0.491699 0.0410156 0.0449219 0.956543
0 0.46875 0.915039 0.0644531 0.046875 0.954102
4 0.532227 0.4021 0.0322266 0.0556641 0.95166
7 0.227051 0.587891 0.0388184 0.0625 0.950195
5 0.804688 0.745117 0.0322266 0.0410156 0.946777
2 0.895508 0.574219 0.0332031 0.0449219 0.941895
2 0.640625 0.832031 0.0244141 0.0410156 0.941895
6 0.377441 0.750977 0.0400391 0.0449219 0.939453
5 0.725098 0.74707 0.0371094 0.0410156 0.938477
18 0.638672 0.740723 0.0507812 0.0537109 0.937012
14 0.56543 0.978516 0.015625 0.0429688 0.936523
8 0.773438 0.492676 0.0332031 0.0410156 0.93457
18 0.825684 0.65625 0.0390625 0.0546875 0.930664
4 0.229004 0.742188 0.0310059 0.0527344 0.929199
5 0.114319 0.662598 0.0352783 0.0410156 0.928711
18 0.849609 0.822754 0.0371094 0.0556641 0.928223
5 0.678223 0.915039 0.0361328 0.0429688 0.927246
5 0.520996 0.914062 0.0361328 0.0429688 0.925293
2 0.0660553 0.914062 0.0290222 0.0449219 0.922852
7 0.0839844 0.75293 0.0424805 0.0634766 0.915527
13 0.880859 0.393799 0.0234375 0.0708008 0.912598
0 0.530273 0.583496 0.0566406 0.0449219 0.910645
0 0.303467 0.915039 0.0551758 0.0449219 0.905273
2 0.578125 0.83252 0.03125 0.0458984 0.90332
5 0.387939 0.986328 0.0341797 0.0273438 0.90332
6 0.0835571 0.579102 0.0391846 0.0449219 0.902832
6 0.0361404 0.663574 0.0367279 0.0429688 0.901855
24 0.834961 0.987305 0.0351562 0.0253906 0.898926
2 0.259033 0.913086 0.0327148 0.0478516 0.898926
5 0.910645 0.748047 0.0371094 0.0449219 0.898438
22 0.364502 0.579102 0.0366211 0.0429688 0.893066
9 0.773926 0.664062 0.0361328 0.0449219 0.890137
4 0.836914 0.740723 0.0341797 0.0517578 0.890137
8 0.222168 0.916016 0.036377 0.0410156 0.889648
5 0.417236 0.834473 0.0522461 0.0458984 0.887207
18 0.786133 0.910156 0.0488281 0.0507812 0.883301
13 0.858398 0.642578 0.0253906 0.0839844 0.878418
0 0.025528 0.913086 0.0506287 0.046875 0.878418
2 0.538086 0.831055 0.03125 0.0488281 0.877441
22 0.296387 0.832031 0.0332031 0.0419922 0.876465
13 0.33252 0.569824 0.0244141 0.0712891 0.872559
13 0.508789 0.823242 0.0234375 0.0722656 0.871582
2 0.373291 0.82959 0.0307617 0.0439453 0.869629
21 0.0753174 0.671387 0.0411377 0.0605469 0.868164
4 0.410889 0.905273 0.0327148 0.0634766 0.861328
23 0.737305 0.662109 0.0351562 0.0429688 0.85791
5 0.118591 0.832031 0.0357666 0.0439453 0.856934
18 0.530273 0.743164 0.0390625 0.0507812 0.855957
4 0.167969 0.574219 0.0307617 0.0527344 0.853027
2 0.966309 0.490967 0.0361328 0.0463867 0.850098
2 0.0128479 0.575195 0.0256958 0.0488281 0.849121
5 0.53125 0.663086 0.0351562 0.0449219 0.845703
4 0.152588 0.825195 0.0310059 0.0507812 0.845703
2 0.76709 0.405518 0.0302734 0.0512695 0.838867
13 0.911133 0.645508 0.0234375 0.078125 0.833496
5 0.568848 0.494141 0.0361328 0.0478516 0.823242
22 0.635742 0.57959 0.03125 0.0410156 0.81543
2 0.908203 0.401855 0.03125 0.050293 0.808105
14 0.311523 0.56543 0.0175781 0.0664062 0.808105
8 0.143921 0.914062 0.041748 0.0488281 0.803223
7 0.274902 0.578125 0.0507812 0.0449219 0.800781
2 0.897461 0.487793 0.0292969 0.0449219 0.796875
13 0.558594 0.736328 0.0195312 0.0722656 0.795898
2 0.15625 0.491699 0.0322266 0.046875 0.790527
13 0.568359 0.569336 0.0214844 0.0664062 0.788086
1 0.822266 0.583496 0.0351562 0.0683594 0.785156
0 0.0247498 0.483643 0.0491333 0.0708008 0.78125
4 0.703125 0.981445 0.03125 0.0361328 0.778809
22 0.321777 0.664062 0.0332031 0.0458984 0.771973
10 0.404785 0.397949 0.0351562 0.0810547 0.766113
10 0.36084 0.901855 0.0371094 0.0683594 0.766113
22 0.294678 0.749512 0.0322266 0.0439453 0.753418
13 0.725098 0.820312 0.0185547 0.0712891 0.753418
0 0.0237732 0.745117 0.0470581 0.046875 0.747559
0 0.629883 0.916504 0.0585938 0.0410156 0.743164
0 0.0347595 0.396973 0.069519 0.0595703 0.733887
7 0.481445 0.990234 0.0380859 0.0195312 0.72168
4 0.42041 0.984375 0.0273438 0.03125 0.715332
22 0.180664 0.746094 0.0332031 0.0410156 0.710449
10 0.604492 0.568848 0.0429688 0.0664062 0.70752
22 0.328125 0.493164 0.0341797 0.0439453 0.705566
4 0.120911 0.577148 0.0308838 0.0488281 0.705566
12 0.702148 0.574219 0.0380859 0.0566406 0.702637
2 0.885254 0.660645 0.0273438 0.0458984 0.686035
14 0.349121 0.738281 0.0175781 0.0644531 0.679199
21 0.168945 0.977539 0.0473633 0.0449219 0.673828
0 0.0205688 0.986328 0.0405884 0.0273438 0.663574
6 0.332764 0.750977 0.0317383 0.0429688 0.644043
10 0.0100327 0.828125 0.0199738 0.0878906 0.635254
13 0.253845 0.978027 0.0186768 0.0439453 0.620605
5 0.19458 0.579102 0.0239258 0.03125 0.611328
13 0.298828 0.48584 0.0229492 0.0673828 0.602051
18 0.0431519 0.577637 0.0354004 0.0664062 0.592773
4 0.142212 0.568359 0.0175781 0.0595703 0.59082
5 0.668945 0.985352 0.0253906 0.0292969 0.565918
8 0.731445 0.393311 0.0410156 0.0664062 0.563965
18 0.689453 0.40332 0.0341797 0.0507812 0.563965
18 0.0715485 0.981934 0.0505066 0.0361328 0.554688
10 0.557617 0.924316 0.0361328 0.0615234 0.548828
6 0.418457 0.492188 0.0361328 0.0478516 0.509766
18 0.806641 0.489258 0.0322266 0.0419922 0.507812
