5 0.834961 0.357178 0.0371094 0.0507812 0.969238
2 0.297363 0.0159912 0.0317383 0.0319824 0.964355
21 0.34082 0.276367 0.0400391 0.0605469 0.961914
18 0.674805 0.0982666 0.0371094 0.0527344 0.960449
0 0.910156 0.271484 0.0625 0.046875 0.959961
18 0.648438 0.265381 0.0371094 0.0537109 0.957031
8 0.401367 0.179565 0.0419922 0.0478516 0.95166
5 0.594727 0.102295 0.0371094 0.0435791 0.948242
0 0.760254 0.102661 0.0615234 0.0456543 0.947266
5 0.475098 0.266174 0.0375977 0.0447998 0.947266
2 0.359863 0.0955811 0.0283203 0.0429688 0.946777
8 0.892578 0.0232391 0.0429688 0.0439758 0.946289
2 0.253418 0.0158081 0.0332031 0.0315552 0.945312
9 0.394531 0.0961914 0.0361328 0.0461426 0.945312
9 0.0344772 0.0883789 0.0361481 0.0432129 0.943848
9 0.753418 0.186035 0.0361328 0.0439453 0.941406
7 0.491211 0.191895 0.0585938 0.0644531 0.941406
5 0.0848389 0.0913086 0.0358887 0.0411377 0.938477
21 0.851562 0.116577 0.0410156 0.0578613 0.936523
5 0.919922 0.184082 0.0390625 0.0537109 0.936035
0 0.525513 0.266602 0.0622559 0.0439453 0.931152
5 0.439453 0.0185242 0.0566406 0.0370483 0.929199
21 0.710449 0.281982 0.0400391 0.0605469 0.928711
13 0.679688 0.257751 0.0253906 0.0675049 0.927734
9 0.912109 0.102051 0.0371094 0.0439453 0.92627
5 0.811523 0.103577 0.0332031 0.0415039 0.925781
13 0.882324 0.0927887 0.0195312 0.0627136 0.921875
12 0.289062 0.0856934 0.0351562 0.0615234 0.920898
5 0.27832 0.178467 0.0380859 0.0454102 0.918945
2 0.436523 0.181396 0.0302734 0.0439453 0.917969
4 0.151733 0.339844 0.0336914 0.0595703 0.915527
2 0.78418 0.268616 0.0332031 0.0447998 0.914062
2 0.583008 0.0198975 0.0332031 0.0397949 0.894043
10 0.552734 0.182983 0.0361328 0.0866699 0.890137
24 0.660645 0.0296478 0.0410156 0.0592957 0.888184
22 0.852539 0.021698 0.0332031 0.0413208 0.887207
2 0.124939 0.174316 0.0333252 0.046875 0.88623
18 0.0155792 0.253845 0.0310364 0.0518799 0.853027
6 0.682617 0.355957 0.0585938 0.0429688 0.845703
13 0.0435791 0.160889 0.0194092 0.0671387 0.84375
18 0.849609 0.270447 0.0527344 0.0499268 0.84375
18 0.151733 0.254944 0.057373 0.055542 0.834473
6 0.106079 0.343506 0.0544434 0.0439453 0.830078
8 0.771973 0.0237579 0.0371094 0.0437927 0.829102
8 0.213135 0.0164185 0.0375977 0.0327759 0.81543
18 0.131348 0.0848236 0.045166 0.0532532 0.800781
18 0.413574 0.343018 0.0410156 0.0629883 0.782715
13 0.00786591 0.0759888 0.0155792 0.0997314 0.766113
18 0.0738678 0.172119 0.0378113 0.0478516 0.760742
5 0.282227 0.263428 0.0507812 0.0419922 0.753418
16 0.248779 0.0941162 0.0380859 0.0410156 0.750488
2 0.93457 0.0217896 0.0361328 0.043335 0.749023
4 0.238525 0.269104 0.0292969 0.0682373 0.746094
2 0.532715 0.341309 0.0332031 0.0664062 0.73584
12 0.63916 0.183228 0.0546875 0.0476074 0.733887
6 0.702148 0.185547 0.0644531 0.0449219 0.702637
6 0.588379 0.185547 0.0400391 0.0400391 0.684082
18 0.498047 0.0195007 0.0556641 0.0390015 0.665527
21 0.032196 0.355957 0.0643921 0.0693359 0.644043
18 0.36084 0.178223 0.0341797 0.0456543 0.640625
8 0.749023 0.269592 0.0351562 0.0408936 0.638672
24 0.055542 0.35376 0.0415039 0.0678711 0.592773
18 0.228027 0.179443 0.0566406 0.0449219 0.59082
6 0.820312 0.17981 0.0625 0.0610352 0.583008
22 0.455078 0.349609 0.0341797 0.0444336 0.577637
23 0.0496826 0.25708 0.0362549 0.0463867 0.529297
