12 0.202393 0.189331 0.0356445 0.0842285 0.981934
2 0.591797 0.0211029 0.0332031 0.0422058 0.970703
6 0.582031 0.190796 0.0390625 0.043457 0.956055
7 0.769043 0.0310516 0.0380859 0.0621033 0.955078
5 0.0838013 0.0196838 0.0378418 0.0391235 0.94873
0 0.879395 0.279053 0.0615234 0.0546875 0.946777
2 0.927734 0.273926 0.0292969 0.0449219 0.941406
6 0.539062 0.0198669 0.0449219 0.0397339 0.936523
2 0.519531 0.103271 0.0332031 0.0458984 0.930664
8 0.861328 0.0202026 0.0361328 0.0404053 0.921875
35 0.358398 0.0944672 0.0820312 0.073761 0.921387
7 0.106934 0.196289 0.0402832 0.0571289 0.918457
7 0.554688 0.288574 0.0410156 0.0693359 0.916504
5 0.499512 0.021759 0.0400391 0.0435181 0.907227
24 0.699219 0.286133 0.0410156 0.0693359 0.901855
2 0.825195 0.185791 0.03125 0.0429688 0.894043
22 0.830078 0.102051 0.0351562 0.0429688 0.888184
13 0.438721 0.178711 0.0219727 0.0668945 0.888184
7 0.858398 0.199463 0.0371094 0.0644531 0.885742
7 0.0100403 0.0281525 0.019989 0.0554504 0.877441
18 0.0435181 0.0181732 0.0368652 0.0363464 0.873047
13 0.060791 0.264404 0.0236816 0.0761719 0.870605
29 0.767578 0.187988 0.0791016 0.0874023 0.868652
6 0.0377808 0.0986938 0.0369873 0.0491943 0.862305
4 0.166748 0.180176 0.03125 0.0510254 0.85498
5 0.369629 0.189941 0.0332031 0.0429688 0.829102
22 0.0724487 0.100464 0.0339355 0.0446777 0.82666
6 0.46582 0.276367 0.0356445 0.0454102 0.820801
13 0.235107 0.177856 0.0292969 0.0734863 0.817383
6 0.674805 0.0199585 0.0390625 0.0391235 0.811523
6 0.407227 0.189209 0.0400391 0.043457 0.811523
2 0.666992 0.272034 0.03125 0.0487061 0.808105
9 0.553711 0.103577 0.0351562 0.0450439 0.799316
4 0.764648 0.0986328 0.0292969 0.050415 0.79834
13 0.334473 0.260254 0.0244141 0.0947266 0.794434
13 0.525391 0.26123 0.0195312 0.0708008 0.786621
13 0.246826 0.0866089 0.0258789 0.0772705 0.771973
19 0.866211 0.101196 0.0292969 0.0444336 0.762207
11 0.468506 0.17749 0.0366211 0.0664062 0.750488
13 0.359863 0.0222778 0.00878906 0.0437622 0.750488
13 0.138672 0.174316 0.0253906 0.0795898 0.73584
14 0.703125 0.177002 0.0273438 0.0668945 0.73584
14 0.892578 0.0907593 0.0195312 0.0643311 0.723145
6 0.623047 0.0952759 0.0712891 0.0606689 0.702637
22 0.922363 0.10376 0.0400391 0.0437012 0.622559
12 0.600586 0.268616 0.0429688 0.0701904 0.620605
12 0.197021 0.0194092 0.0383301 0.0388184 0.613281
3 0.425049 0.263916 0.0493164 0.0703125 0.613281
14 0.481689 0.0919342 0.0356445 0.0663757 0.569824
6 0.125458 0.0189514 0.0410767 0.0376587 0.558105
7 0.145752 0.109985 0.0380859 0.0632324 0.548828
21 0.266174 0.0201569 0.0662842 0.0402527 0.541016
18 0.644043 0.187988 0.0322266 0.0429688 0.541016
6 0.0298615 0.276611 0.0376892 0.0478516 0.529297
