4 0.142548 0.272705 0.0723267 0.115723 0.985352
11 0.78418 0.266357 0.0917969 0.136719 0.985352
14 0.225098 0.663086 0.0483398 0.134766 0.979004
9 0.0312195 0.879883 0.062439 0.0957031 0.973633
4 0.323975 0.872559 0.0698242 0.115234 0.972168
12 0.348145 0.45752 0.172852 0.142578 0.97168
8 0.052002 0.677246 0.098877 0.0996094 0.963867
2 0.394043 0.876953 0.0703125 0.0917969 0.963867
0 0.217285 0.883789 0.142578 0.0957031 0.956055
16 0.677734 0.290771 0.101562 0.0908203 0.951172
14 0.747559 0.46582 0.0478516 0.139648 0.948242
6 0.333984 0.0839996 0.0917969 0.0949402 0.941895
2 0.952637 0.291992 0.0751953 0.0908203 0.939941
2 0.974609 0.492188 0.0507812 0.0986328 0.936035
14 0.796387 0.466553 0.0488281 0.137207 0.921387
0 0.760742 0.89209 0.143555 0.0986328 0.917969
13 0.855469 0.271423 0.0410156 0.152466 0.914062
23 0.563965 0.884766 0.0664062 0.0878906 0.878906
21 0.480469 0.902832 0.103516 0.132812 0.866211
11 0.852051 0.666016 0.149414 0.140625 0.858887
6 0.633301 0.885742 0.0712891 0.0947266 0.855957
23 0.253662 0.0837555 0.0678711 0.0898132 0.85498
11 0.932617 0.869141 0.134766 0.136719 0.84375
8 0.967285 0.692383 0.0654297 0.0976562 0.810547
6 0.667969 0.886719 0.0390625 0.0957031 0.777344
13 0.870605 0.4646 0.09375 0.143066 0.729492
8 0.904297 0.0751343 0.135742 0.137329 0.647949
13 0.994141 0.261719 0.0117188 0.151855 0.598145
8 0.614746 0.664062 0.0966797 0.138672 0.594727
27 0.18811 0.0723877 0.0610352 0.144775 0.519531
