1 0.959961 0.842773 0.0410156 0.0625 0.990723
18 0.494141 0.0310364 0.0458984 0.0620728 0.98584
18 0.490234 0.908203 0.0458984 0.0644531 0.980469
10 0.328369 0.911133 0.0571289 0.0664062 0.975098
18 0.675293 0.302979 0.0439453 0.0668945 0.974609
21 0.598145 0.231201 0.0419922 0.0610352 0.973633
19 0.76123 0.569336 0.0253906 0.0429688 0.973633
4 0.689453 0.215332 0.03125 0.0546875 0.97168
2 0.459961 0.316162 0.0332031 0.0454102 0.969238
8 0.922852 0.48584 0.0419922 0.0439453 0.967773
18 0.904297 0.915527 0.0585938 0.0605469 0.966309
35 0.330811 0.827637 0.059082 0.0751953 0.963867
18 0.746094 0.986816 0.0410156 0.0263672 0.963379
7 0.892578 0.841309 0.0576172 0.0644531 0.962402
11 0.702148 0.120911 0.0419922 0.0662842 0.961426
7 0.944336 0.324219 0.046875 0.0615234 0.960449
6 0.755859 0.654297 0.0390625 0.0410156 0.958984
5 0.719238 0.306641 0.0400391 0.043457 0.958008
6 0.982422 0.744141 0.03125 0.0458984 0.958008
4 0.455322 0.563965 0.0292969 0.0478516 0.956543
4 0.710938 0.827148 0.03125 0.0546875 0.956055
4 0.551758 0.916504 0.0273438 0.046875 0.953613
21 0.797363 0.927734 0.0449219 0.0605469 0.952148
14 0.385742 0.73291 0.0244141 0.0634766 0.951172
8 0.818359 0.743164 0.0380859 0.0429688 0.94873
4 0.385254 0.211304 0.0292969 0.0490723 0.946289
5 0.634766 0.307861 0.0371094 0.0415039 0.942871
7 0.848633 0.666016 0.0449219 0.0605469 0.941406
7 0.415527 0.581055 0.0429688 0.0546875 0.939941
22 0.776367 0.742188 0.0390625 0.0429688 0.938965
10 0.974609 0.646973 0.0449219 0.0673828 0.938477
18 0.435547 0.911133 0.0605469 0.0546875 0.937988
0 0.340576 0.486328 0.0644531 0.0488281 0.936523
7 0.965332 0.149536 0.0419922 0.0617676 0.936035
18 0.541504 0.55957 0.0419922 0.0585938 0.930664
0 0.770996 0.313965 0.0625 0.0498047 0.930176
13 0.866699 0.301025 0.0185547 0.0795898 0.92627
5 0.424316 0.832031 0.0390625 0.046875 0.923828
5 0.557617 0.822754 0.0410156 0.0634766 0.921875
2 0.728516 0.918945 0.0332031 0.0488281 0.919434
0 0.973633 0.401855 0.0527344 0.0415039 0.918457
13 0.42041 0.387695 0.0185547 0.0664062 0.917969
5 0.835449 0.832031 0.0380859 0.0429688 0.917969
2 0.937012 0.0458374 0.0302734 0.0447998 0.916016
13 0.658203 0.907227 0.0195312 0.0625 0.914062
9 0.893066 0.742188 0.0429688 0.0478516 0.913574
9 0.579102 0.0427246 0.0390625 0.0435791 0.913086
8 0.766602 0.399414 0.0429688 0.0449219 0.913086
14 0.883301 0.119263 0.0234375 0.0710449 0.911621
7 0.792969 0.839355 0.0429688 0.0634766 0.911133
0 0.800781 0.0445251 0.0585938 0.0414429 0.905762
1 0.946289 0.750977 0.0390625 0.0585938 0.905762
18 0.707031 0.645996 0.0537109 0.0537109 0.905273
13 0.524902 0.908203 0.0234375 0.0761719 0.904785
13 0.975586 0.302734 0.0214844 0.0761719 0.898926
13 0.925293 0.558105 0.0205078 0.0703125 0.898438
8 0.672852 0.831055 0.0410156 0.0488281 0.893066
22 0.624023 0.743164 0.0410156 0.0429688 0.889648
2 0.963867 0.486816 0.0351562 0.0429688 0.889648
2 0.923828 0.655273 0.0332031 0.0429688 0.888184
22 0.839844 0.918945 0.0371094 0.0390625 0.888184
6 0.538086 0.0404053 0.0429688 0.045166 0.888184
2 0.47583 0.833984 0.0317383 0.046875 0.88623
5 0.84082 0.568359 0.0371094 0.0449219 0.883301
2 0.355957 0.301514 0.0522461 0.0458984 0.878906
18 0.861328 0.0372009 0.0595703 0.057312 0.875977
2 0.508789 0.744141 0.0302734 0.0449219 0.868652
22 0.951172 0.922852 0.0351562 0.0419922 0.856934
22 0.724121 0.397949 0.0361328 0.0419922 0.855957
9 0.796387 0.650879 0.0380859 0.0429688 0.854004
11 0.445801 0.121765 0.0380859 0.0689697 0.852051
22 0.901367 0.313721 0.0390625 0.0473633 0.852051
13 0.379883 0.645508 0.0214844 0.0644531 0.852051
9 0.766602 0.130859 0.0429688 0.0480957 0.851074
0 0.685547 0.486084 0.0585938 0.0424805 0.848145
0 0.348633 0.658203 0.0839844 0.046875 0.848145
18 0.549805 0.984863 0.0429688 0.0302734 0.842773
19 0.681641 0.916992 0.03125 0.0429688 0.837402
22 0.749512 0.0434647 0.0380859 0.0427094 0.829102
0 0.614746 0.48584 0.0791016 0.0439453 0.829102
10 0.53125 0.388184 0.0371094 0.0644531 0.822266
10 0.834473 0.212402 0.0429688 0.0693359 0.817383
8 0.426758 0.484619 0.0429688 0.0415039 0.817383
2 0.389404 0.481934 0.0302734 0.046875 0.811523
2 0.548828 0.394775 0.03125 0.0478516 0.810547
13 0.348145 0.381836 0.0146484 0.0732422 0.796875
13 0.637695 0.555176 0.0273438 0.0712891 0.794434
46 0.833984 0.134644 0.0683594 0.0449219 0.790527
4 0.967773 0.0500183 0.0283203 0.048645 0.788086
6 0.96582 0.220947 0.0419922 0.0571289 0.774414
6 0.493652 0.216797 0.0507812 0.043457 0.771973
10 0.338135 0.204834 0.0595703 0.0625 0.767578
2 0.486084 0.568848 0.0317383 0.046875 0.764648
13 0.811523 0.560059 0.0195312 0.0693359 0.763672
13 0.994141 0.124878 0.0117188 0.0671387 0.762207
22 0.859375 0.220215 0.0400391 0.043457 0.759277
4 0.316406 0.295166 0.0273438 0.0649414 0.751953
6 0.926758 0.401611 0.0361328 0.0405273 0.747559
5 0.65625 0.220947 0.0351562 0.0454102 0.73584
13 0.393555 0.821777 0.0224609 0.0742188 0.73584
4 0.991211 0.0508728 0.0175781 0.0477905 0.729492
2 0.683594 0.570312 0.0410156 0.0410156 0.729492
13 0.869141 0.981934 0.0234375 0.0361328 0.728027
18 0.620117 0.910156 0.0546875 0.0644531 0.723145
22 0.921875 0.134735 0.0371094 0.0415649 0.713867
14 0.532227 0.208496 0.0273438 0.0708008 0.697754
1 0.778809 0.220947 0.0449219 0.0830078 0.697754
10 0.615234 0.820312 0.0449219 0.0625 0.694336
13 0.890137 0.210938 0.0214844 0.0698242 0.675781
2 0.803711 0.39917 0.03125 0.0454102 0.662109
4 0.541992 0.739258 0.0351562 0.0449219 0.662109
46 0.611816 0.132294 0.0712891 0.0474243 0.647949
6 0.393066 0.128204 0.0615234 0.0463257 0.637207
10 0.900391 0.644531 0.0332031 0.0664062 0.631836
22 0.753906 0.831055 0.0390625 0.0439453 0.624512
0 0.605469 0.564453 0.0800781 0.0546875 0.620605
5 0.485352 0.65625 0.0644531 0.046875 0.613281
5 0.804688 0.485596 0.0625 0.0415039 0.607422
18 0.481201 0.482666 0.0600586 0.0512695 0.596191
4 0.376953 0.917969 0.0410156 0.0800781 0.59082
2 0.855469 0.737305 0.0292969 0.0566406 0.581543
13 0.966309 0.984375 0.0205078 0.03125 0.569824
6 0.991211 0.833496 0.0175781 0.0429688 0.541016
24 0.356201 0.571289 0.0341797 0.0488281 0.519531
6 0.470703 0.217773 0.0253906 0.0444336 0.501953
