8 0.756836 0.683594 0.0390625 0.0429688 0.976074
5 0.725586 0.602539 0.0371094 0.0429688 0.975586
2 0.309082 0.929199 0.0292969 0.0429688 0.975098
12 0.259277 0.760742 0.0332031 0.0791016 0.972656
21 0.603516 0.947266 0.0390625 0.0585938 0.96875
18 0.809082 0.932617 0.0380859 0.0527344 0.965332
0 0.138947 0.421387 0.0575562 0.0537109 0.964355
9 0.722656 0.853027 0.0371094 0.0439453 0.958984
8 0.569336 0.514648 0.0390625 0.0478516 0.957031
5 0.817383 0.431152 0.0390625 0.0454102 0.956543
2 0.808105 0.51709 0.0302734 0.0449219 0.95459
5 0.642578 0.93457 0.0351562 0.0410156 0.95459
18 0.449707 0.923828 0.0546875 0.0576172 0.954102
6 0.287354 0.595215 0.0366211 0.0419922 0.953125
8 0.370605 0.763184 0.0380859 0.0400391 0.953125
7 0.498535 0.858398 0.0380859 0.0615234 0.952637
8 0.963867 0.4375 0.0380859 0.0458984 0.952148
13 0.252441 0.415771 0.0234375 0.0727539 0.95166
6 0.51355 0.683105 0.0373535 0.0410156 0.95166
11 0.107666 0.829102 0.0366211 0.0625 0.94873
11 0.765625 0.591309 0.0371094 0.0664062 0.948242
12 0.883301 0.84375 0.0371094 0.0625 0.947754
7 0.0353928 0.935059 0.0385895 0.0605469 0.947266
7 0.564453 0.775879 0.0576172 0.0625 0.946289
5 0.223877 0.592773 0.0385742 0.0429688 0.945801
0 0.350098 0.51062 0.0634766 0.0432129 0.945312
7 0.078186 0.769043 0.0375977 0.0595703 0.945312
9 0.15918 0.925293 0.0356445 0.0458984 0.944336
11 0.932617 0.509766 0.0351562 0.0654297 0.943359
18 0.222412 0.41748 0.0390625 0.0615234 0.938965
5 0.207275 0.759766 0.0395508 0.0449219 0.938477
2 0.0769653 0.50769 0.0253906 0.0432129 0.937988
46 0.144501 0.676758 0.065979 0.0429688 0.9375
5 0.412109 0.763184 0.0400391 0.0410156 0.937012
5 0.803711 0.602051 0.0380859 0.0439453 0.936523
5 0.390625 0.847656 0.0380859 0.0439453 0.935547
6 0.684082 0.854492 0.0390625 0.0390625 0.933105
21 0.948242 0.606445 0.0546875 0.0820312 0.927246
0 0.759277 0.517578 0.0595703 0.0439453 0.92627
8 0.466309 0.768066 0.0429688 0.0478516 0.92627
18 0.209351 0.924316 0.0375977 0.0537109 0.92627
5 0.354492 0.423828 0.0385742 0.0478516 0.925293
2 0.896484 0.518555 0.03125 0.0449219 0.925293
5 0.586914 0.850586 0.0351562 0.0449219 0.925293
2 0.291504 0.761719 0.0253906 0.0390625 0.922852
13 0.241943 0.910156 0.0200195 0.0791016 0.920898
5 0.677734 0.43335 0.0390625 0.0415039 0.92041
13 0.012558 0.824219 0.0250549 0.078125 0.919434
8 0.641602 0.601562 0.0410156 0.046875 0.918945
10 0.417725 0.669922 0.0380859 0.0664062 0.918945
9 0.979492 0.773438 0.0351562 0.0439453 0.918945
0 0.633789 0.852539 0.0576172 0.0449219 0.916504
5 0.457764 0.51416 0.0415039 0.0498047 0.916016
0 0.437988 0.849121 0.0551758 0.0458984 0.916016
13 0.361328 0.838379 0.0244141 0.0683594 0.915527
5 0.147217 0.844727 0.0375977 0.0449219 0.915039
2 0.791016 0.6875 0.0292969 0.0429688 0.911621
0 0.067627 0.420898 0.0620117 0.0478516 0.910645
7 0.444336 0.608398 0.0390625 0.0605469 0.90918
7 0.916992 0.443115 0.0537109 0.0654297 0.907227
18 0.71875 0.426514 0.0371094 0.0522461 0.901855
9 0.744141 0.939453 0.0371094 0.0429688 0.901367
32 0.895508 0.603027 0.0371094 0.0849609 0.891602
2 0.50769 0.766113 0.0334473 0.0458984 0.890137
10 0.275879 0.916504 0.0419922 0.0644531 0.885742
14 0.544922 0.92334 0.0195312 0.0644531 0.884277
2 0.337891 0.76123 0.0258789 0.0410156 0.881836
6 0.970215 0.856445 0.0439453 0.0410156 0.879883
2 0.777344 0.854492 0.0371094 0.046875 0.878418
2 0.505371 0.429688 0.03125 0.0458984 0.877441
5 0.972656 0.52063 0.0371094 0.0446777 0.876465
5 0.991211 0.434082 0.0175781 0.046875 0.875977
2 0.608398 0.433105 0.0273438 0.0449219 0.873047
5 0.488281 0.59668 0.0400391 0.0429688 0.872559
14 0.544922 0.671387 0.0205078 0.0654297 0.869629
4 0.975586 0.932617 0.03125 0.0488281 0.868164
8 0.859375 0.435547 0.0429688 0.0546875 0.865234
10 0.852539 0.761719 0.0498047 0.0703125 0.861328
2 0.137238 0.762695 0.0307007 0.0527344 0.855957
2 0.571289 0.931641 0.0292969 0.0410156 0.854004
13 0.84082 0.927734 0.0253906 0.0742188 0.854004
6 0.217285 0.677734 0.0393066 0.0449219 0.853027
6 0.618652 0.518066 0.0566406 0.0410156 0.841797
8 0.400879 0.931641 0.0410156 0.0449219 0.841797
18 0.185059 0.422363 0.0336914 0.0498047 0.84082
6 0.0119476 0.590332 0.0238037 0.0419922 0.84082
0 0.921875 0.772461 0.0761719 0.0449219 0.84082
18 0.289551 0.501465 0.0556641 0.0595703 0.838867
0 0.325195 0.995117 0.0546875 0.00976562 0.838867
9 0.873047 0.6875 0.0371094 0.0449219 0.834473
2 0.321777 0.594238 0.03125 0.0449219 0.823242
18 0.0231323 0.496582 0.0396729 0.0644531 0.822266
14 0.316406 0.749023 0.0185547 0.0644531 0.811523
8 0.979492 0.69043 0.0410156 0.046875 0.800781
13 0.952148 0.759766 0.0195312 0.0683594 0.795898
21 0.674805 0.528809 0.0537109 0.0625 0.791992
6 0.404297 0.501831 0.043457 0.060791 0.790527
4 0.838379 0.599121 0.0322266 0.0527344 0.790527
14 0.110718 0.748047 0.0200195 0.0644531 0.788086
6 0.110718 0.92627 0.0549316 0.0429688 0.773438
22 0.587891 0.683594 0.0341797 0.0410156 0.762207
18 0.62207 0.762695 0.0527344 0.0546875 0.760742
23 0.107849 0.506836 0.0343018 0.0429688 0.757812
14 0.258057 0.583008 0.0185547 0.0664062 0.751953
18 0.292969 0.424805 0.0546875 0.0561523 0.744629
6 0.54248 0.850586 0.0458984 0.046875 0.726562
2 0.0606689 0.587891 0.0319824 0.0458984 0.723145
14 0.0681152 0.913086 0.0175781 0.0644531 0.72168
23 0.780273 0.771484 0.0351562 0.0449219 0.720215
0 0.230225 0.995117 0.0419922 0.00976562 0.716797
21 0.0283203 0.749023 0.0565796 0.0644531 0.713867
0 0.119934 0.993164 0.0604248 0.0136719 0.710449
9 0.497559 0.930664 0.0351562 0.0449219 0.689453
4 0.988281 0.59375 0.0234375 0.0644531 0.682617
18 0.460938 0.425537 0.0556641 0.0527344 0.656738
5 0.0670166 0.673828 0.0568848 0.046875 0.605957
11 0.453613 0.985352 0.0322266 0.0292969 0.602051
0 0.0115204 0.42041 0.0228577 0.0488281 0.598145
23 0.242065 0.84375 0.0358887 0.0410156 0.598145
2 0.702148 0.514648 0.0332031 0.0429688 0.596191
13 0.939453 0.98291 0.0175781 0.0341797 0.59082
18 0.0187225 0.987305 0.037384 0.0253906 0.584961
4 0.760742 0.430176 0.0449219 0.0498047 0.569824
6 0.306885 0.835938 0.0610352 0.0625 0.560059
18 0.588867 0.600586 0.0546875 0.046875 0.560059
7 0.103638 0.589844 0.0529785 0.0429688 0.539062
18 0.931641 0.69043 0.0527344 0.0488281 0.537109
4 0.640137 0.434082 0.0351562 0.0761719 0.535156
18 0.995605 0.512695 0.00878906 0.0625 0.501953
