18 0.864746 0.874512 0.0390625 0.0595703 0.995117
10 0.128693 0.787109 0.0409546 0.0654297 0.987305
7 0.666992 0.0152969 0.0371094 0.0305634 0.984863
7 0.210693 0.0155563 0.043457 0.0311127 0.970703
18 0.92041 0.341309 0.0429688 0.0585938 0.969727
2 0.668945 0.258057 0.03125 0.0458984 0.969238
18 0.248413 0.428467 0.0432129 0.0581055 0.966797
8 0.465332 0.523438 0.043457 0.0449219 0.963867
5 0.613281 0.522461 0.0390625 0.0458984 0.961914
12 0.905273 0.433838 0.0507812 0.0800781 0.961426
7 0.89502 0.622559 0.0449219 0.0615234 0.960449
11 0.515137 0.786621 0.0419922 0.0673828 0.960449
6 0.201538 0.796387 0.0393066 0.0439453 0.956543
5 0.265625 0.52832 0.0375977 0.0410156 0.955078
22 0.362793 0.709961 0.0400391 0.046875 0.955078
11 0.949707 0.15625 0.0390625 0.0610352 0.954102
22 0.661133 0.61377 0.0371094 0.0458984 0.953613
7 0.0898438 0.0910797 0.0430908 0.0610046 0.953125
10 0.96875 0.963379 0.0605469 0.0673828 0.952637
8 0.939453 0.794922 0.0429688 0.0458984 0.952148
23 0.575195 0.257324 0.0341797 0.0454102 0.95166
2 0.449219 0.615723 0.0327148 0.0449219 0.951172
5 0.608398 0.434082 0.0410156 0.0458984 0.950195
5 0.287109 0.884766 0.0400391 0.0439453 0.950195
5 0.531738 0.523438 0.0380859 0.0449219 0.949707
8 0.703125 0.615234 0.0439453 0.0507812 0.949219
5 0.484375 0.884766 0.0410156 0.0449219 0.94873
6 0.365234 0.798828 0.0400391 0.0458984 0.947266
4 0.574219 0.430664 0.0273438 0.0517578 0.947266
4 0.171143 0.0772095 0.0288086 0.0498047 0.946289
5 0.663086 0.798828 0.0390625 0.0449219 0.946289
6 0.134247 0.0838013 0.0425415 0.0438232 0.944824
7 0.567383 0.352539 0.0585938 0.0693359 0.944824
4 0.364746 0.878906 0.0283203 0.0537109 0.944824
4 0.226074 0.614258 0.0327148 0.0507812 0.943848
6 0.985352 0.172119 0.0292969 0.0422363 0.943359
14 0.297607 0.515625 0.0234375 0.0644531 0.940918
22 0.853516 0.974609 0.0390625 0.0429688 0.940918
5 0.781738 0.887207 0.0400391 0.0410156 0.939941
2 0.901855 0.523438 0.0332031 0.0449219 0.939453
10 0.536133 0.0720367 0.0371094 0.0690613 0.938965
9 0.112915 0.970703 0.0402832 0.046875 0.938965
6 0.472168 0.976562 0.0380859 0.0449219 0.938965
4 0.864746 0.521484 0.0283203 0.0517578 0.937988
5 0.271973 0.708984 0.0390625 0.0449219 0.937988
4 0.807617 0.344238 0.0292969 0.0576172 0.936523
4 0.8125 0.700195 0.0302734 0.0507812 0.936523
10 0.161865 0.959961 0.0390625 0.0664062 0.936523
13 0.923828 0.242188 0.0253906 0.078125 0.936035
1 0.11377 0.625488 0.0400391 0.0644531 0.935547
0 0.476562 0.0814209 0.0605469 0.0454102 0.93457
5 0.578125 0.614258 0.0371094 0.046875 0.93457
14 0.478027 0.605469 0.0205078 0.0673828 0.932617
46 0.288574 0.617676 0.0703125 0.0458984 0.930664
7 0.49292 0.444824 0.043457 0.0625 0.929199
5 0.579102 0.791504 0.0371094 0.0458984 0.929199
4 0.990723 0.875977 0.0185547 0.0615234 0.928223
9 0.847656 0.436768 0.0371094 0.0458984 0.927734
7 0.641113 0.976562 0.0449219 0.046875 0.926758
2 0.0523071 0.0814209 0.0302734 0.0444336 0.925781
0 0.722168 0.703125 0.0800781 0.046875 0.925293
5 0.518066 0.976562 0.0439453 0.0449219 0.924316
2 0.681641 0.886719 0.0566406 0.0488281 0.923828
5 0.0434265 0.882324 0.0366821 0.0449219 0.922852
10 0.827148 0.0712891 0.0390625 0.0697021 0.922363
22 0.854492 0.0794067 0.0390625 0.0449219 0.921875
9 0.730469 0.881836 0.0410156 0.0507812 0.919434
5 0.324707 0.796875 0.0410156 0.0449219 0.918945
0 0.251465 0.797852 0.059082 0.046875 0.91748
5 0.220459 0.25885 0.0385742 0.0428467 0.916504
14 0.610352 0.783203 0.0234375 0.0664062 0.916504
9 0.126343 0.349854 0.0400391 0.0458984 0.915527
6 0.218994 0.882812 0.0429688 0.0458984 0.915039
5 0.187378 0.970215 0.0427246 0.0458984 0.915039
14 0.335938 0.606934 0.0209961 0.0654297 0.914062
20 0.162476 0.879395 0.0673828 0.0810547 0.911621
5 0.918945 0.975098 0.0390625 0.0449219 0.909668
22 0.418945 0.260254 0.0366211 0.0424805 0.907227
21 0.181885 0.71875 0.0415039 0.0644531 0.904785
2 0.730957 0.258545 0.03125 0.0439453 0.90332
2 0.956055 0.883301 0.03125 0.0449219 0.902832
46 0.612305 0.884277 0.0742188 0.046875 0.901855
2 0.728027 0.973633 0.0341797 0.0507812 0.901855
22 0.808594 0.435547 0.0371094 0.0410156 0.901367
7 0.2229 0.537109 0.0458984 0.0625 0.898926
4 0.401367 0.790039 0.0292969 0.0537109 0.898926
6 0.823242 0.884766 0.0390625 0.0449219 0.898926
6 0.728516 0.350586 0.0410156 0.0439453 0.898438
2 0.743164 0.614746 0.0332031 0.0498047 0.896973
13 0.633301 0.77832 0.0234375 0.0830078 0.896973
9 0.774414 0.0795746 0.0371094 0.0469055 0.895508
0 0.389404 0.612305 0.0620117 0.0566406 0.895508
14 0.514648 0.873047 0.0214844 0.0722656 0.893066
5 0.767578 0.258789 0.0410156 0.0458984 0.892578
13 0.34375 0.244141 0.0214844 0.0800781 0.891602
7 0.0122375 0.881836 0.0241699 0.078125 0.891602
2 0.752441 0.170898 0.0332031 0.0419922 0.890137
8 0.230835 0.970703 0.0432129 0.0449219 0.890137
4 0.23584 0.705078 0.0292969 0.0527344 0.885742
2 0.87207 0.346191 0.0332031 0.0439453 0.884277
6 0.474609 0.350098 0.0429688 0.046875 0.884277
22 0.695801 0.523926 0.0400391 0.0429688 0.878906
10 0.573242 0.512573 0.0400391 0.0666504 0.878418
6 0.0385742 0.793945 0.038269 0.0410156 0.877441
13 0.897461 0.872559 0.0234375 0.0683594 0.876465
2 0.504883 0.616699 0.03125 0.0498047 0.875977
1 0.430176 0.975586 0.0419922 0.0478516 0.875
11 0.987305 0.248901 0.0253906 0.0632324 0.870605
9 0.825195 0.788086 0.0371094 0.0517578 0.870605
1 0.132812 0.0147247 0.0383301 0.0293884 0.865234
4 0.408203 0.170776 0.0292969 0.0583496 0.865234
5 0.977539 0.078598 0.0449219 0.0473938 0.863281
7 0.774414 0.976562 0.0429688 0.046875 0.861328
13 0.0449219 0.34082 0.0224609 0.0673828 0.86084
2 0.200806 0.0792236 0.0314941 0.045166 0.859863
22 0.94043 0.614258 0.0390625 0.046875 0.85498
10 0.806641 0.156982 0.0351562 0.0634766 0.854004
13 0.958984 0.695312 0.0214844 0.0722656 0.854004
4 0.276367 0.0759277 0.0302734 0.0594482 0.847168
23 0.425781 0.436768 0.0302734 0.0429688 0.845703
1 0.408203 0.894531 0.0410156 0.0615234 0.841797
0 0.0834961 0.172119 0.0594482 0.0444336 0.838867
5 0.915039 0.0831299 0.0410156 0.0478516 0.837402
12 0.0540771 0.959473 0.0418701 0.0654297 0.834473
10 0.581055 0.96582 0.0410156 0.0625 0.833496
2 0.0795898 0.709961 0.0256348 0.0449219 0.830078
23 0.692383 0.976562 0.0332031 0.0439453 0.824219
2 0.829102 0.165771 0.03125 0.0429688 0.822266
23 0.81543 0.974121 0.0361328 0.0429688 0.822266
6 0.246338 0.166504 0.0458984 0.0444336 0.81543
14 0.884766 0.0700531 0.0185547 0.0718079 0.812988
0 0.961914 0.437988 0.0576172 0.0449219 0.810547
2 0.4375 0.172363 0.0292969 0.0505371 0.808105
23 0.0494385 0.708008 0.0316162 0.0449219 0.806641
2 0.0977173 0.00697708 0.0194092 0.0139542 0.805664
0 0.826172 0.247925 0.0644531 0.0666504 0.805664
9 0.311035 0.257385 0.0400391 0.0477295 0.801758
18 0.318359 0.698242 0.046875 0.0625 0.796875
18 0.984863 0.692871 0.0302734 0.0732422 0.792969
2 0.456787 0.434814 0.0292969 0.0483398 0.790527
13 0.0931396 0.873047 0.0219727 0.0664062 0.78418
13 0.67334 0.427734 0.0224609 0.0771484 0.78125
1 0.0389709 0.015976 0.0408936 0.0319519 0.778809
6 0.767578 0.436523 0.0429688 0.0449219 0.774414
6 0.0416946 0.618164 0.0435638 0.0449219 0.770508
10 0.85791 0.691406 0.0390625 0.0664062 0.767578
5 0.995605 0.791016 0.00878906 0.0488281 0.763672
10 0.850586 0.338379 0.0351562 0.0673828 0.760742
14 0.0225487 0.340576 0.0213089 0.0654297 0.760742
2 0.960938 0.348633 0.0273438 0.0458984 0.760742
16 0.925781 0.704102 0.0449219 0.0546875 0.759277
23 0.699707 0.258728 0.03125 0.0440674 0.756348
10 0.0897827 0.608398 0.0384521 0.0703125 0.754883
8 0.328125 0.880859 0.0419922 0.0527344 0.751953
23 0.191284 0.166748 0.0305176 0.0429688 0.746094
8 0.770996 0.347656 0.0429688 0.0478516 0.746094
13 0.250732 0.337402 0.0249023 0.0732422 0.73584
1 0.723633 0.442383 0.0410156 0.0644531 0.730957
6 0.229248 0.350098 0.0571289 0.0478516 0.725098
4 0.130249 0.163818 0.0251465 0.0600586 0.716797
13 0.958008 0.246094 0.0332031 0.0688477 0.710449
18 0.666016 0.161133 0.0507812 0.0581055 0.70752
1 0.888672 0.267639 0.0419922 0.0653076 0.705566
6 0.774414 0.788086 0.0605469 0.0527344 0.704102
14 0.0720215 0.873047 0.0218506 0.0644531 0.704102
1 0.719727 0.788574 0.0449219 0.0839844 0.697754
6 0.473145 0.705078 0.0390625 0.046875 0.690918
5 0.0579834 0.525391 0.0668945 0.046875 0.686035
6 0.512207 0.168457 0.0595703 0.0463867 0.682617
0 0.887695 0.161133 0.0849609 0.0571289 0.680664
2 0.608887 0.256836 0.0302734 0.0493164 0.679199
4 0.638672 0.254639 0.0253906 0.0551758 0.677246
2 0.159912 0.170654 0.0307617 0.0473633 0.673828
10 0.447266 0.695801 0.0449219 0.0683594 0.673828
18 0.298584 0.00788879 0.0415039 0.015625 0.665527
12 0.00437546 0.161865 0.00875092 0.0698242 0.654785
12 0.500977 0.5177 0.0263672 0.0622559 0.654785
18 0.0831146 0.791016 0.0449524 0.0507812 0.642578
5 0.856445 0.00730896 0.0371094 0.0145569 0.640625
0 0.607422 0.0111618 0.0429688 0.0219269 0.637207
6 0.185913 0.617676 0.0432129 0.046875 0.635254
18 0.158813 0.518433 0.0395508 0.0588379 0.635254
6 0.987305 0.345703 0.0234375 0.046875 0.631836
6 0.0158539 0.969238 0.0315247 0.0449219 0.625977
13 0.609375 0.342773 0.00976562 0.0566406 0.620605
4 0.976074 0.785156 0.0263672 0.0566406 0.59082
11 0.00780106 0.59668 0.0155563 0.0898438 0.586914
18 0.825195 0.518066 0.046875 0.0595703 0.584961
13 0.383789 0.086731 0.0131836 0.0690918 0.583008
2 0.87793 0.699219 0.0332031 0.046875 0.583008
22 0.564453 0.0808105 0.0410156 0.0487061 0.581543
13 0.618164 0.692383 0.015625 0.0722656 0.563965
10 0.408936 0.515137 0.0532227 0.0683594 0.548828
13 0.492676 0.157684 0.0224609 0.0654907 0.542969
18 0.267578 0.251404 0.0478516 0.0606689 0.541016
4 0.375 0.174805 0.0361328 0.0566406 0.537109
22 0.321777 0.975586 0.0351562 0.0458984 0.529297
27 0.167725 0.0149307 0.0263672 0.0298615 0.525391
2 0.34375 0.168823 0.03125 0.0429688 0.521484
