4 0.357422 0.430664 0.0693359 0.111328 0.97998
11 0.753906 0.961914 0.09375 0.0761719 0.977051
2 0.853516 0.816406 0.0722656 0.0976562 0.969238
23 0.926758 0.820312 0.0703125 0.0917969 0.96582
16 0.372314 0.828125 0.097168 0.0917969 0.961426
0 0.435547 0.632812 0.137695 0.0976562 0.946289
6 0.772461 0.423584 0.0878906 0.0893555 0.937988
1 0.564453 0.256775 0.0859375 0.133911 0.928223
6 0.765625 0.620117 0.140625 0.0996094 0.898438
13 0.44458 0.802734 0.0400391 0.142578 0.896484
9 0.658203 0.962891 0.0898438 0.0742188 0.888184
18 0.538208 0.811523 0.124756 0.119141 0.869629
23 0.98291 0.817383 0.0341797 0.0859375 0.834473
0 0.495605 0.990234 0.202148 0.0195312 0.825684
13 0.822266 0.962891 0.0410156 0.0742188 0.822266
18 0.851562 0.209717 0.136719 0.127441 0.705566
4 0.960449 0.393311 0.0791016 0.148926 0.680664
5 0.874023 0.394775 0.09375 0.147461 0.677246
6 0.67041 0.818359 0.135742 0.101562 0.666992
13 0.80957 0.599609 0.0527344 0.142578 0.616699
