4 0.890625 0.62207 0.0722656 0.113281 0.981934
19 0.75 0.232178 0.0644531 0.0898438 0.978027
2 0.335449 0.237793 0.0693359 0.0957031 0.973633
14 0.222656 0.416016 0.0498047 0.135742 0.973145
7 0.953613 0.249146 0.0927734 0.127197 0.969727
4 0.74707 0.421875 0.0644531 0.108398 0.969727
4 0.851562 0.823242 0.0693359 0.109375 0.959961
4 0.21167 0.833008 0.0683594 0.110352 0.95752
6 0.107422 0.843262 0.137451 0.09375 0.937012
19 0.231201 0.976562 0.0625 0.046875 0.933594
4 0.517578 0.231445 0.0761719 0.118652 0.932129
8 0.716797 0.0395203 0.0957031 0.0790405 0.928711
5 0.978516 0.415283 0.0429688 0.105957 0.922852
4 0.90332 0.422363 0.09375 0.0966797 0.919434
13 0.793945 0.805664 0.0429688 0.139648 0.919434
7 0.630371 0.484863 0.160156 0.201172 0.913574
2 0.81543 0.427734 0.0722656 0.0908203 0.896973
23 0.407227 0.237061 0.0683594 0.0883789 0.895508
0 0.932617 0.0444641 0.134766 0.0889282 0.887207
6 0.777344 0.632324 0.144531 0.0947266 0.883301
13 0.0229492 0.411133 0.0456543 0.163086 0.869629
8 0.422363 0.834961 0.0966797 0.09375 0.834473
21 0.470215 0.0436401 0.125 0.0872803 0.829102
14 0.0172729 0.820312 0.0345459 0.137695 0.818848
2 0.822754 0.228027 0.0771484 0.0942383 0.81543
7 0.0767822 0.269104 0.153076 0.13269 0.791992
6 0.22583 0.241455 0.130859 0.0952148 0.782715
13 0.783203 0.966797 0.0390625 0.0664062 0.769043
14 0.664062 0.969238 0.0449219 0.0615234 0.65332
19 0.743164 0.830078 0.0585938 0.0878906 0.640625
12 0.639648 0.207886 0.140625 0.143311 0.571777
