19 0.177856 0.946289 0.0561523 0.0888672 0.983887
18 0.143524 0.535156 0.0835571 0.118164 0.983398
9 0.0695801 0.942383 0.0805664 0.09375 0.975586
4 0.244507 0.741211 0.0651855 0.103516 0.963867
2 0.304199 0.939453 0.0605469 0.0898438 0.963379
2 0.0687866 0.54834 0.0635986 0.0898438 0.961914
23 0.242432 0.941895 0.0615234 0.0849609 0.956543
0 0.130737 0.360352 0.126465 0.0908203 0.941406
18 0.15506 0.148407 0.120544 0.12262 0.938965
4 0.234863 0.477539 0.0683594 0.0654297 0.848145
5 0.0122986 0.946289 0.0245972 0.0888672 0.773438
8 0.280701 0.135498 0.11731 0.13623 0.57959
