18 0.442139 0.189697 0.108887 0.143555 0.987305
19 0.370361 0.818848 0.0649414 0.0927734 0.974121
23 0.275879 0.820312 0.0712891 0.0898438 0.966797
4 0.0491943 0.618652 0.0720215 0.114258 0.954102
2 0.120361 0.618164 0.0717773 0.105469 0.942383
13 0.0773315 0.802734 0.0411377 0.144531 0.865234
7 0.421631 0.640625 0.154785 0.146484 0.864258
23 0.0282898 0.823242 0.0564575 0.0878906 0.788086
13 0.371582 0.958008 0.0693359 0.0839844 0.744629
6 0.170776 0.816406 0.137695 0.109375 0.660156
13 0.471191 0.385742 0.0546875 0.144531 0.637207
