18 0.524414 0.203003 0.0390625 0.060791 0.982422
4 0.983398 0.28418 0.0273438 0.0449219 0.979492
10 0.464844 0.446289 0.0361328 0.0722656 0.978027
8 0.256348 0.227783 0.0366211 0.0405273 0.976562
7 0.759766 0.297852 0.0390625 0.0576172 0.969238
18 0.34082 0.138214 0.0439453 0.0551147 0.961426
5 0.608398 0.214722 0.0351562 0.0383301 0.961426
21 0.860352 0.218018 0.0488281 0.059082 0.961426
5 0.95166 0.284668 0.0371094 0.0410156 0.961426
9 0.0685883 0.46875 0.0378723 0.0478516 0.958984
5 0.0325012 0.153809 0.0357056 0.0385742 0.958008
6 0.4375 0.294922 0.0371094 0.0380859 0.95166
4 0.47168 0.291504 0.0273438 0.0419922 0.949707
10 0.217041 0.214844 0.034668 0.0668945 0.949219
2 0.228394 0.303955 0.029541 0.0385742 0.949219
5 0.0551758 0.230713 0.03479 0.0385742 0.94873
5 0.691406 0.449951 0.0371094 0.0395508 0.944824
1 0.120056 0.156982 0.0360107 0.0595703 0.943359
1 0.904297 0.453857 0.0400391 0.0605469 0.941406
9 0.723145 0.371094 0.0351562 0.0390625 0.939941
13 0.556641 0.200439 0.0185547 0.0725098 0.9375
5 0.941406 0.20813 0.0351562 0.0410156 0.935547
2 0.820801 0.286133 0.03125 0.0375977 0.932617
4 0.825195 0.444824 0.0263672 0.046875 0.925781
4 0.97168 0.202271 0.0253906 0.0456543 0.924805
6 0.0618896 0.072876 0.0157471 0.03479 0.921875
21 0.285645 0.468262 0.0585938 0.0644531 0.918945
8 0.895508 0.0540771 0.0390625 0.0437012 0.917969
2 0.757812 0.446533 0.0351562 0.0405273 0.91748
0 0.489502 0.377197 0.0541992 0.0415039 0.914062
14 0.792969 0.279297 0.0175781 0.0639648 0.911621
13 0.0377502 0.455322 0.0214233 0.0727539 0.902832
22 0.426758 0.459229 0.0361328 0.0449219 0.901367
7 0.637695 0.462158 0.0644531 0.0581055 0.899902
5 0.793945 0.44751 0.0361328 0.0410156 0.898926
4 0.853516 0.049408 0.0234375 0.046936 0.896973
22 0.570312 0.294922 0.0332031 0.0405273 0.894043
18 0.525513 0.289062 0.0544434 0.0478516 0.889648
21 0.541016 0.38208 0.0449219 0.0625 0.881836
22 0.654297 0.291748 0.0410156 0.0405273 0.876465
13 0.00645447 0.141846 0.0127411 0.0634766 0.869629
2 0.738281 0.13562 0.0292969 0.0393066 0.832031
22 0.289551 0.143311 0.0341797 0.0402832 0.830078
5 0.277832 0.382324 0.0366211 0.0419922 0.825684
0 0.110779 0.22998 0.0535889 0.0400391 0.822266
2 0.933594 0.0544128 0.0332031 0.0401001 0.810547
2 0.29541 0.220703 0.03125 0.0429688 0.809082
6 0.722656 0.29248 0.0332031 0.0400391 0.800781
22 0.466797 0.0610657 0.0380859 0.0427856 0.79834
14 0.573242 0.362061 0.015625 0.0654297 0.794434
13 0.827148 0.120056 0.0214844 0.0689697 0.779785
6 0.398438 0.377686 0.0351562 0.0385742 0.778809
4 0.776367 0.0533142 0.0244141 0.0449829 0.775879
6 0.605469 0.137085 0.0322266 0.0385742 0.775879
24 0.857422 0.297119 0.0410156 0.0561523 0.773438
4 0.369873 0.375977 0.0214844 0.0439453 0.764648
18 0.245117 0.143921 0.0551758 0.0454102 0.757812
4 0.579102 0.212646 0.0253906 0.0444336 0.751953
6 0.954102 0.445312 0.0605469 0.0449219 0.751953
14 0.320801 0.448975 0.0175781 0.0654297 0.73584
2 0.488281 0.214355 0.0322266 0.0380859 0.725098
6 0.165039 0.151855 0.0454102 0.0400391 0.71875
16 0.792969 0.364746 0.0507812 0.046875 0.6875
6 0.487061 0.458008 0.0385742 0.0410156 0.6875
0 0.793457 0.134003 0.078125 0.0415649 0.686035
22 0.802734 0.212158 0.0605469 0.0407715 0.662109
13 0.19104 0.132446 0.0229492 0.074707 0.658203
1 0.903809 0.136688 0.0361328 0.0567017 0.654785
13 0.891113 0.196899 0.015625 0.067627 0.647949
10 0.714844 0.122314 0.0322266 0.0668945 0.635254
6 0.671387 0.214355 0.0351562 0.0390625 0.62793
18 0.326172 0.290527 0.0449219 0.0654297 0.611328
8 0.0894775 0.385742 0.032959 0.0405273 0.609375
18 0.694336 0.0559692 0.0556641 0.0427246 0.607422
8 0.11908 0.385986 0.022583 0.0375977 0.602051
8 0.373535 0.0629883 0.0375977 0.0440674 0.586914
4 0.726074 0.447998 0.0302734 0.043457 0.57959
6 0.217529 0.0687408 0.0546875 0.0426941 0.575684
11 0.322998 0.053833 0.0620117 0.0655518 0.552734
18 0.169434 0.225342 0.0566406 0.0493164 0.552734
4 0.851562 0.130737 0.0253906 0.0463867 0.548828
5 0.967773 0.358154 0.0351562 0.0571289 0.541016
21 0.256775 0.012413 0.0440674 0.024826 0.515625
6 0.953613 0.13147 0.0595703 0.0415039 0.505859
