12 0.603516 0.741211 0.0332031 0.0820312 0.980957
0 0.393555 0.662109 0.0605469 0.0478516 0.978027
7 0.759766 0.578125 0.0371094 0.0625 0.977539
12 0.975586 0.968262 0.0341797 0.0634766 0.976074
21 0.328125 0.507324 0.0410156 0.0634766 0.975098
21 0.279297 0.760742 0.0429688 0.0664062 0.975098
21 0.700195 0.83252 0.0566406 0.0595703 0.972656
8 0.319336 0.580078 0.0419922 0.0449219 0.972168
5 0.707031 0.65332 0.0371094 0.0419922 0.971191
12 0.922363 0.900391 0.0351562 0.078125 0.970703
5 0.429199 0.401367 0.0380859 0.0532227 0.962891
8 0.608887 0.486328 0.0361328 0.0419922 0.962891
7 0.844727 0.982422 0.0390625 0.0351562 0.961426
7 0.65918 0.405762 0.0390625 0.0605469 0.958008
8 0.413818 0.830078 0.0366211 0.0429688 0.958008
4 0.786133 0.389893 0.03125 0.0556641 0.95459
0 0.603516 0.822266 0.0585938 0.0429688 0.954102
5 0.845703 0.391602 0.0390625 0.0478516 0.953125
5 0.321777 0.405762 0.0390625 0.0546875 0.952148
9 0.237305 0.830078 0.0400391 0.0449219 0.952148
14 0.254333 0.567383 0.0196533 0.0673828 0.95166
7 0.15625 0.760254 0.0371094 0.0605469 0.95166
2 0.281494 0.578125 0.0307617 0.046875 0.950195
6 0.828125 0.56543 0.0410156 0.0449219 0.94873
9 0.129517 0.580078 0.0368652 0.046875 0.948242
5 0.668457 0.905273 0.0351562 0.0419922 0.948242
0 0.436035 0.911133 0.0605469 0.0507812 0.947754
18 0.653809 0.565918 0.0371094 0.0527344 0.945801
5 0.688477 0.482422 0.0390625 0.0449219 0.945312
8 0.489014 0.488037 0.0405273 0.050293 0.943359
5 0.223389 0.579102 0.0371094 0.0449219 0.941895
2 0.45459 0.490234 0.0263672 0.0419922 0.94043
0 0.0586853 0.836914 0.0637817 0.0488281 0.94043
20 0.549805 0.973633 0.0644531 0.0527344 0.94043
2 0.707031 0.737305 0.03125 0.0488281 0.938965
7 0.897949 0.487793 0.0380859 0.0634766 0.9375
0 0.410645 0.490967 0.0615234 0.0473633 0.937012
9 0.749023 0.817383 0.0371094 0.046875 0.933105
9 0.549805 0.399902 0.0371094 0.0449219 0.932617
14 0.354492 0.819336 0.0166016 0.0664062 0.932617
5 0.255798 0.914062 0.0401611 0.0449219 0.932129
11 0.861328 0.80957 0.0371094 0.0664062 0.930664
35 0.283936 0.484863 0.0488281 0.0722656 0.930176
18 0.469238 0.65625 0.0371094 0.0546875 0.930176
8 0.924805 0.561523 0.0390625 0.0429688 0.927246
5 0.0475769 0.919922 0.0413208 0.046875 0.927246
5 0.698242 0.396484 0.0390625 0.0507812 0.925781
14 0.193115 0.483154 0.0195312 0.0708008 0.925293
5 0.604492 0.984375 0.0351562 0.03125 0.923828
5 0.252686 0.663086 0.0371094 0.046875 0.922852
0 0.754883 0.735352 0.0605469 0.0488281 0.920898
7 0.818359 0.741211 0.0410156 0.0625 0.919434
2 0.856934 0.73291 0.0302734 0.046875 0.918945
13 0.625 0.643555 0.0205078 0.0683594 0.91748
5 0.903809 0.816406 0.0390625 0.0488281 0.916504
14 0.823242 0.88916 0.0205078 0.0673828 0.915039
0 0.142822 0.916992 0.0751953 0.0429688 0.911621
13 0.198486 0.975586 0.0214844 0.0488281 0.908203
6 0.791992 0.900879 0.0380859 0.0419922 0.907227
22 0.907715 0.391113 0.03125 0.0415039 0.906738
14 0.223877 0.652832 0.0192871 0.0664062 0.904785
6 0.979004 0.646484 0.0351562 0.0439453 0.903809
7 0.122803 0.507324 0.0390625 0.0634766 0.90332
35 0.52832 0.733398 0.0507812 0.078125 0.898926
11 0.499023 0.813477 0.0371094 0.0644531 0.898926
13 0.63623 0.728516 0.0244141 0.0800781 0.897461
14 0.71875 0.470215 0.0195312 0.0634766 0.896973
2 0.378662 0.828613 0.0317383 0.0449219 0.896484
5 0.326416 0.833496 0.0375977 0.0478516 0.895508
0 0.342285 0.986816 0.0727539 0.0263672 0.895508
6 0.889648 0.981445 0.0429688 0.0371094 0.895508
18 0.0845337 0.750488 0.0424805 0.0439453 0.89502
5 0.0842285 0.49707 0.0383301 0.0449219 0.893066
6 0.804688 0.820312 0.0449219 0.0429688 0.889648
13 0.202393 0.821777 0.0224609 0.0683594 0.884766
6 0.486816 0.899902 0.0419922 0.0615234 0.884766
2 0.437744 0.662109 0.0258789 0.0410156 0.878906
5 0.651855 0.820312 0.0341797 0.0439453 0.878418
6 0.292236 0.664062 0.0424805 0.0449219 0.875977
18 0.876953 0.558105 0.0507812 0.0546875 0.868652
2 0.120361 0.750488 0.0292969 0.0449219 0.863281
9 0.202393 0.912598 0.0380859 0.0458984 0.858887
14 0.679688 0.728027 0.0175781 0.0654297 0.841797
22 0.271484 0.986328 0.0371094 0.0273438 0.839844
22 0.570312 0.487793 0.0351562 0.0458984 0.838867
6 0.79248 0.981445 0.0410156 0.0371094 0.832031
14 0.661133 0.729492 0.0195312 0.0683594 0.813965
11 0.139648 0.828125 0.0361328 0.0703125 0.810547
22 0.703125 0.982422 0.0332031 0.0351562 0.809082
0 0.561523 0.896973 0.0625 0.0654297 0.804199
10 0.961914 0.377441 0.0390625 0.0722656 0.796875
0 0.272461 0.40625 0.0551758 0.0507812 0.795898
11 0.406738 0.564453 0.0366211 0.0654297 0.78418
4 0.641113 0.980469 0.0332031 0.0390625 0.78418
22 0.47998 0.401123 0.0351562 0.0458984 0.774414
10 0.595703 0.38916 0.03125 0.074707 0.771973
12 0.532227 0.813477 0.0292969 0.0595703 0.767578
13 0.170288 0.90332 0.0244141 0.0683594 0.766113
13 0.373535 0.975098 0.0195312 0.0498047 0.764648
6 0.695312 0.564453 0.0419922 0.0527344 0.756348
14 0.990234 0.883789 0.0195312 0.0644531 0.753418
10 0.94043 0.635742 0.0449219 0.0683594 0.750488
18 0.987305 0.720215 0.0253906 0.0615234 0.749023
14 0.0353394 0.978516 0.0219727 0.0429688 0.747559
5 0.0439377 0.753906 0.0398102 0.0488281 0.744629
6 0.620117 0.397461 0.0371094 0.0488281 0.73584
6 0.0901489 0.407959 0.0432129 0.0541992 0.72168
14 0.219971 0.976562 0.015625 0.046875 0.713867
18 0.53418 0.654297 0.03125 0.046875 0.699219
13 0.718262 0.810059 0.0205078 0.0673828 0.686035
12 0.960938 0.905273 0.0332031 0.0576172 0.682617
2 0.126343 0.405029 0.0266113 0.0546875 0.677246
0 0.882812 0.647461 0.0683594 0.0458984 0.673828
2 0.990723 0.466797 0.0185547 0.0566406 0.668945
4 0.167725 0.395996 0.0375977 0.0771484 0.666992
4 0.0855713 0.915527 0.0349121 0.046875 0.666992
5 0.325195 0.74707 0.0498047 0.0449219 0.665527
14 0.761719 0.970703 0.015625 0.0585938 0.665527
18 0.120605 0.988281 0.0541992 0.0234375 0.656738
4 0.400879 0.984375 0.0322266 0.0292969 0.624512
6 0.562988 0.570312 0.0605469 0.046875 0.620605
5 0.502808 0.561035 0.0510254 0.0644531 0.620605
18 0.825684 0.479248 0.0556641 0.0512695 0.618652
13 0.876953 0.384277 0.0273438 0.0737305 0.615234
18 0.932617 0.730469 0.03125 0.0429688 0.609375
19 0.73877 0.980469 0.0292969 0.0380859 0.577637
10 0.373291 0.392334 0.0410156 0.0727539 0.57373
6 0.207886 0.748535 0.0537109 0.0429688 0.57373
0 0.441406 0.98291 0.0458984 0.0341797 0.567871
14 0.238525 0.976562 0.019043 0.046875 0.550781
6 0.863281 0.898926 0.0546875 0.0478516 0.546875
11 0.168701 0.986328 0.0385742 0.0273438 0.542969
5 0.364258 0.491211 0.03125 0.0410156 0.539062
6 0.381836 0.744629 0.0556641 0.0488281 0.529297
4 0.566895 0.655762 0.0263672 0.0458984 0.527344
