18 0.681152 0.831055 0.0390625 0.0546875 0.98877
20 0.80957 0.82959 0.0839844 0.0908203 0.98584
10 0.592773 0.487793 0.0332031 0.0683594 0.985352
18 0.570801 0.240967 0.0380859 0.0507812 0.984863
12 0.901855 0.570312 0.0380859 0.0683594 0.976074
21 0.897461 0.0840454 0.0390625 0.069458 0.973145
11 0.935059 0.902344 0.0380859 0.0683594 0.973145
6 0.942383 0.577148 0.0410156 0.0439453 0.969727
18 0.457275 0.988281 0.0410156 0.0234375 0.968262
10 0.880859 0.730469 0.0429688 0.0839844 0.967285
21 0.797852 0.255615 0.0390625 0.0571289 0.965332
32 0.758301 0.0802612 0.0361328 0.0828857 0.963867
5 0.93457 0.0778198 0.0292969 0.0379639 0.963867
5 0.882812 0.241943 0.0351562 0.0458984 0.963867
5 0.661133 0.0842896 0.0371094 0.0441895 0.963379
8 0.961914 0.663086 0.0410156 0.0429688 0.960449
7 0.786621 0.420166 0.0390625 0.0634766 0.957031
2 0.444824 0.838867 0.0302734 0.0449219 0.955078
4 0.579102 0.661133 0.03125 0.0527344 0.952637
5 0.535645 0.0845337 0.0400391 0.0466309 0.95166
13 0.732422 0.741211 0.0214844 0.0644531 0.95166
18 0.924316 0.743164 0.0371094 0.0507812 0.95166
5 0.523438 0.667969 0.0351562 0.0410156 0.950684
9 0.47998 0.837891 0.0380859 0.046875 0.950195
0 0.872559 0.1604 0.0644531 0.048584 0.946777
8 0.446289 0.501465 0.0361328 0.0410156 0.946777
8 0.821289 0.664062 0.0361328 0.0410156 0.946777
6 0.820312 0.160645 0.0351562 0.0405273 0.944336
6 0.675781 0.582031 0.0429688 0.0429688 0.943848
9 0.663086 0.243408 0.0371094 0.0439453 0.942383
2 0.935547 0.492432 0.0302734 0.0444336 0.942383
7 0.845703 0.504395 0.0615234 0.0625 0.942383
6 0.613281 0.5 0.0390625 0.0449219 0.94043
4 0.433838 0.328613 0.0317383 0.0537109 0.938477
18 0.986328 0.317871 0.0273438 0.0541992 0.937988
1 0.583984 0.338379 0.0419922 0.0683594 0.936523
5 0.367676 0.839355 0.0361328 0.0449219 0.936523
5 0.321777 0.250977 0.0410156 0.0454102 0.936035
5 0.762695 0.746094 0.0390625 0.0429688 0.936035
6 0.757812 0.245605 0.0380859 0.0395508 0.93457
8 0.326172 0.841797 0.0449219 0.0488281 0.933594
18 0.332031 0.665039 0.0600586 0.0566406 0.933105
5 0.578125 0.58252 0.0390625 0.0488281 0.928223
0 0.974609 0.826172 0.0507812 0.0429688 0.927734
4 0.696289 0.0772705 0.03125 0.0500488 0.927734
0 0.328125 0.0860596 0.0615234 0.0474854 0.926758
2 0.547852 0.164551 0.0332031 0.0424805 0.926758
5 0.561523 0.414551 0.0371094 0.0449219 0.922852
8 0.726562 0.0113983 0.0390625 0.0226746 0.921875
8 0.645508 0.836914 0.0351562 0.0449219 0.921387
0 0.881836 0.914551 0.0625 0.0478516 0.920898
2 0.678711 0.409668 0.03125 0.0458984 0.920898
8 0.803711 0.0799713 0.0429688 0.0448914 0.918457
18 0.326904 0.921875 0.0395508 0.0566406 0.918457
7 0.978516 0.753906 0.0429688 0.0644531 0.916016
13 0.410645 0.403809 0.0214844 0.078125 0.915527
10 0.316895 0.580566 0.0322266 0.0683594 0.915039
4 0.836914 0.32251 0.0322266 0.0532227 0.914062
0 0.982422 0.577637 0.0351562 0.0458984 0.913574
2 0.400391 0.928223 0.0517578 0.0478516 0.913574
0 0.536621 0.923828 0.0800781 0.0507812 0.913086
0 0.391113 0.754883 0.0571289 0.0488281 0.912598
6 0.576172 0.0834961 0.0410156 0.041748 0.909668
5 0.974609 0.239502 0.0361328 0.0449219 0.90918
10 0.861816 0.569336 0.0371094 0.0703125 0.908691
13 0.713379 0.821289 0.0263672 0.078125 0.908691
5 0.659668 0.920898 0.0488281 0.0429688 0.908203
13 0.493652 0.65918 0.0224609 0.0644531 0.905762
0 0.821289 0.916016 0.0546875 0.0449219 0.905762
7 0.76123 0.171387 0.0361328 0.0610352 0.902832
5 0.85791 0.0790405 0.0371094 0.0437012 0.900391
18 0.630859 0.74707 0.0371094 0.0566406 0.898926
13 0.899414 0.81543 0.0195312 0.0800781 0.897461
4 0.703125 0.914551 0.0332031 0.0527344 0.897461
2 0.338867 0.587891 0.0268555 0.0458984 0.896973
13 0.359619 0.913086 0.027832 0.0703125 0.895508
0 0.975098 0.0755615 0.0498047 0.0427246 0.895508
10 0.381104 0.65918 0.0375977 0.0664062 0.884766
2 0.35083 0.170288 0.0253906 0.0378418 0.882324
7 0.98584 0.499268 0.0283203 0.0668945 0.882324
18 0.381348 0.413818 0.0361328 0.0527344 0.882324
5 0.929688 0.830078 0.0371094 0.0429688 0.879883
6 0.52002 0.331055 0.0410156 0.0449219 0.873047
10 0.560547 0.318359 0.0283203 0.0673828 0.871582
5 0.822266 0.00852203 0.0371094 0.016983 0.867188
13 0.676758 0.65332 0.0234375 0.0703125 0.867188
0 0.541016 0.835938 0.0585938 0.0488281 0.863281
10 0.654297 0.48584 0.0419922 0.0644531 0.861328
5 0.826172 0.410645 0.0371094 0.050293 0.859863
7 0.603027 0.930664 0.0537109 0.0654297 0.859863
4 0.892578 0.983887 0.03125 0.0322266 0.859863
13 0.603516 0.236328 0.0214844 0.059082 0.854004
6 0.671875 0.75 0.0410156 0.046875 0.849121
4 0.921875 0.230835 0.0410156 0.0686035 0.839844
4 0.991211 0.655273 0.0175781 0.0566406 0.838867
1 0.407227 0.254883 0.0429688 0.0639648 0.835449
18 0.643555 0.0087738 0.0527344 0.0174255 0.834473
4 0.526367 0.240967 0.0332031 0.0537109 0.833496
7 0.453125 0.76416 0.0664062 0.0673828 0.82666
13 0.606445 0.977539 0.0175781 0.0449219 0.82666
18 0.42627 0.668945 0.0517578 0.0478516 0.82666
2 0.377441 0.501465 0.0527344 0.0449219 0.824219
13 0.548828 0.575195 0.0175781 0.0664062 0.824219
5 0.506958 0.992188 0.0407715 0.015625 0.818848
0 0.583008 0.75293 0.0585938 0.0458984 0.817383
10 0.512207 0.074707 0.0322266 0.0690918 0.809082
22 0.489746 0.247437 0.0351562 0.041748 0.809082
5 0.707031 0.664062 0.0371094 0.0449219 0.809082
8 0.461914 0.0860596 0.043457 0.0471191 0.808105
5 0.922852 0.663086 0.0371094 0.0449219 0.800781
18 0.895508 0.00856781 0.0400391 0.0171051 0.796875
13 0.59082 0.402832 0.0205078 0.0673828 0.795898
2 0.628906 0.24292 0.0302734 0.043457 0.794434
2 0.853516 0.660645 0.0273438 0.0449219 0.78418
4 0.907227 0.397461 0.0585938 0.0722656 0.774414
0 0.759766 0.655273 0.0644531 0.0644531 0.767578
4 0.449219 0.410156 0.0566406 0.0551758 0.762207
7 0.530762 0.0195618 0.0390625 0.0391235 0.754883
2 0.477051 0.500977 0.0263672 0.0419922 0.750488
2 0.453613 0.92334 0.0561523 0.046875 0.750488
4 0.860352 0.410645 0.03125 0.0478516 0.747559
13 0.489746 0.320312 0.0166016 0.0673828 0.743164
9 0.37085 0.585449 0.0366211 0.0449219 0.743164
5 0.958984 0.155518 0.0390625 0.0473633 0.741699
4 0.380371 0.166748 0.03125 0.0422363 0.729492
24 0.349121 0.34082 0.0380859 0.0585938 0.72168
5 0.688477 0.0101929 0.0351562 0.0203247 0.70752
13 0.669922 0.977539 0.0244141 0.0449219 0.697754
1 0.512207 0.506348 0.0410156 0.0693359 0.690918
6 0.977051 0.915527 0.0419922 0.0429688 0.684082
10 0.796875 0.151581 0.0273438 0.062561 0.682617
22 0.646484 0.665039 0.0332031 0.0429688 0.680664
2 0.599609 0.835938 0.0527344 0.0449219 0.658203
8 0.839844 0.242188 0.0429688 0.046875 0.654785
4 0.612793 0.666016 0.0322266 0.0429688 0.651367
18 0.45459 0.167236 0.0341797 0.0400391 0.645996
13 0.40332 0.571289 0.0283203 0.0712891 0.638672
12 0.362793 0.240967 0.0395508 0.0600586 0.571777
2 0.377441 0.0858154 0.03125 0.0483398 0.569824
6 0.989746 0.157471 0.0205078 0.0429688 0.569824
6 0.406738 0.839355 0.0410156 0.0488281 0.565918
6 0.887695 0.324951 0.0625 0.0454102 0.562012
9 0.803711 0.741699 0.0371094 0.0439453 0.546875
4 0.467285 0.667969 0.0292969 0.0488281 0.539062
22 0.982422 0.00780487 0.03125 0.0155029 0.517578
13 0.620605 0.979004 0.0341797 0.0419922 0.511719
4 0.465088 0.416992 0.0268555 0.0366211 0.503906
12 0.317383 0.411865 0.0439453 0.0786133 0.501953
