12 0.666504 0.203613 0.0351562 0.0732422 0.978027
0 0.945312 0.0354614 0.0664062 0.0489502 0.970703
6 0.564453 0.0433655 0.0390625 0.0394897 0.970215
2 0.649414 0.126099 0.03125 0.0432129 0.958984
0 0.84375 0.035347 0.0625 0.0483246 0.952637
7 0.447266 0.142365 0.0361328 0.0609741 0.94873
0 0.194824 0.136475 0.0629883 0.043457 0.940918
4 0.759766 0.0345764 0.0292969 0.0504761 0.929199
6 0.482666 0.0480957 0.0395508 0.0432129 0.928223
4 0.0622559 0.223877 0.0300293 0.0537109 0.925781
2 0.894531 0.0319748 0.03125 0.0455475 0.925293
13 0.858398 0.103531 0.0263672 0.0883484 0.924805
5 0.758789 0.118774 0.0371094 0.0432129 0.922852
0 0.696289 0.12561 0.0605469 0.0480957 0.920898
6 0.352539 0.224121 0.0415039 0.050293 0.92041
0 0.839844 0.207397 0.0615234 0.0561523 0.918945
13 0.47998 0.124451 0.0253906 0.0782471 0.916504
1 0.571777 0.135284 0.0410156 0.0653687 0.902832
13 0.0170631 0.0518799 0.0252609 0.0769043 0.901367
18 0.890625 0.201416 0.0371094 0.0629883 0.900391
8 0.415039 0.223633 0.0410156 0.0512695 0.897461
5 0.443848 0.0511169 0.0405273 0.0484009 0.895508
5 0.791016 0.205811 0.0351562 0.0507812 0.895508
18 0.18042 0.0510559 0.0541992 0.0565796 0.89502
12 0.333984 0.0429688 0.0371094 0.065918 0.88623
2 0.0856934 0.0600586 0.0314941 0.0509033 0.882324
4 0.507812 0.127441 0.0302734 0.0566406 0.872559
5 0.191895 0.223755 0.0507812 0.0529785 0.866211
6 0.243652 0.136017 0.0336914 0.039978 0.865234
6 0.955078 0.209717 0.0458984 0.0603027 0.865234
18 0.402832 0.132324 0.0507812 0.0395508 0.865234
14 0.271729 0.124023 0.0209961 0.067627 0.863281
12 0.825195 0.120728 0.0341797 0.0805664 0.858887
6 0.752441 0.208862 0.0380859 0.0515137 0.855957
13 0.735352 0.036377 0.0214844 0.0727539 0.841797
13 0.922852 0.194458 0.0253906 0.0842285 0.836426
1 0.710938 0.22168 0.0429688 0.078125 0.836426
14 0.384766 0.209229 0.0205078 0.0756836 0.824219
14 0.890625 0.105469 0.0332031 0.0668945 0.805664
18 0.705078 0.0366592 0.0351562 0.0538788 0.800781
2 0.922852 0.116638 0.0292969 0.0479736 0.790527
9 0.120178 0.0559692 0.0362549 0.0455322 0.78418
14 0.0478821 0.0493164 0.0361938 0.0690918 0.760742
21 0.958008 0.122009 0.0390625 0.0526123 0.753418
10 0.420166 0.0375977 0.0317383 0.071167 0.73584
7 0.495117 0.21814 0.0517578 0.0546875 0.720215
19 0.791992 0.11792 0.0292969 0.043457 0.57959
18 0.248535 0.221313 0.0576172 0.0598145 0.548828
46 0.662109 0.0394592 0.0527344 0.0454102 0.527344
