21 0.120972 0.800293 0.0375977 0.0546875 0.982422
5 0.0536499 0.791992 0.0374756 0.0400391 0.969238
21 0.0153961 0.308105 0.0307007 0.0649414 0.966797
6 0.111938 0.043335 0.0383301 0.0418701 0.954102
12 0.200439 0.448486 0.0380859 0.0668945 0.946777
0 0.0614624 0.0443726 0.0601807 0.0478516 0.944824
2 0.118164 0.376465 0.0297852 0.0419922 0.941895
0 0.124573 0.874023 0.0772705 0.0507812 0.939453
7 0.0419617 0.137909 0.0547485 0.0606079 0.928711
18 0.194092 0.864258 0.0576172 0.0585938 0.903809
13 0.178467 0.109253 0.0241699 0.0756836 0.90332
5 0.201416 0.208252 0.0356445 0.0478516 0.898438
4 0.059967 0.536133 0.0308228 0.0527344 0.883301
0 0.133057 0.541016 0.060791 0.0478516 0.875977
2 0.0531921 0.377197 0.0308228 0.0454102 0.870605
0 0.0280609 0.873535 0.0558777 0.0478516 0.865234
13 0.169678 0.523438 0.0229492 0.0800781 0.858887
4 0.129883 0.259766 0.0324707 0.027832 0.838867
13 0.173828 0.198242 0.0209961 0.0683594 0.82666
13 0.212402 0.78418 0.027832 0.0820312 0.816406
4 0.0865479 0.789062 0.0307617 0.046875 0.806641
24 0.0863037 0.385742 0.0354004 0.0615234 0.79834
4 0.208374 0.954102 0.0361328 0.0605469 0.795898
14 0.142822 0.0314331 0.0205078 0.0628662 0.792969
13 0.210938 0.369141 0.0229492 0.0732422 0.78418
18 0.14624 0.12384 0.0371094 0.0592041 0.775879
6 0.130249 0.958008 0.0327148 0.0498047 0.775879
10 0.0157166 0.0383911 0.03125 0.0738525 0.771973
6 0.0949707 0.460449 0.0593262 0.0449219 0.757812
13 0.793457 0.990234 0.015625 0.0195312 0.708984
10 0.0473022 0.20459 0.0298462 0.074707 0.692871
8 0.171875 0.954102 0.0356445 0.0419922 0.689453
4 0.0695648 0.869629 0.0293274 0.0429688 0.635254
1 0.172363 0.049408 0.0368652 0.0540161 0.600098
18 0.0931396 0.952637 0.0397949 0.0458984 0.548828
10 0.00852966 0.217529 0.0170593 0.0551758 0.541016
4 0.203125 0.121338 0.0336914 0.0654297 0.529297
13 0.0150909 0.460449 0.0132141 0.0566406 0.527344
13 0.109863 0.708008 0.00756836 0.0410156 0.521484
