15 0.847656 0.0924683 0.0761719 0.0635986 0.992188
10 0.175537 0.749023 0.0361328 0.0644531 0.991699
12 0.898926 0.688477 0.0332031 0.0810547 0.97998
21 0.223633 0.104614 0.0385742 0.0578613 0.974121
6 0.899414 0.0239868 0.0390625 0.0444336 0.972656
5 0.799805 0.353516 0.0332031 0.043457 0.970703
8 0.865234 0.186646 0.0410156 0.0454102 0.968262
0 0.939453 0.521484 0.0605469 0.0478516 0.967285
21 0.768555 0.700684 0.0371094 0.0566406 0.967285
11 0.428711 0.249878 0.0351562 0.0612793 0.965332
2 0.422363 0.512817 0.0283203 0.0407715 0.964355
8 0.0626221 0.172119 0.0349121 0.0405273 0.962891
5 0.425293 0.0169067 0.0439453 0.0338135 0.962402
5 0.362305 0.0943604 0.0371094 0.0449219 0.960449
5 0.0117493 0.0886841 0.0234375 0.0421143 0.958984
18 0.723145 0.427246 0.0361328 0.0546875 0.958984
2 0.621094 0.26416 0.03125 0.0429688 0.958008
7 0.55957 0.109924 0.0371094 0.0584717 0.957031
0 0.687988 0.0199432 0.0585938 0.0396423 0.956543
9 0.0345535 0.838379 0.0362396 0.0429688 0.954102
10 0.660156 0.259216 0.0449219 0.0665283 0.952637
18 0.562988 0.341309 0.0341797 0.0498047 0.949219
9 0.753418 0.936035 0.0361328 0.0439453 0.94873
10 0.235962 0.498047 0.0441895 0.0654297 0.948242
2 0.691406 0.268799 0.0292969 0.0395508 0.947754
2 0.252991 0.759277 0.0321045 0.0449219 0.946777
7 0.491699 0.941406 0.0576172 0.0644531 0.946289
0 0.759766 0.852539 0.0625 0.0458984 0.944824
5 0.594727 0.851562 0.0371094 0.0429688 0.944824
9 0.231445 0.174683 0.0336914 0.0415039 0.944336
2 0.27002 0.510254 0.0297852 0.0419922 0.943848
7 0.0552368 0.433594 0.0386963 0.0629883 0.942871
18 0.673828 0.848633 0.0351562 0.0527344 0.942871
9 0.394531 0.846191 0.0361328 0.0458984 0.942871
2 0.359863 0.845703 0.0283203 0.0429688 0.942383
5 0.720703 0.351562 0.0371094 0.0429688 0.941895
18 0.777344 0.512207 0.0546875 0.0615234 0.941895
2 0.436279 0.931641 0.0302734 0.0449219 0.941895
9 0.19397 0.84082 0.0349121 0.0429688 0.938965
8 0.0811157 0.758301 0.0432129 0.0439453 0.938477
5 0.172241 0.0903931 0.0383301 0.0391846 0.936523
2 0.030117 0.167847 0.0304031 0.041748 0.936523
5 0.0848389 0.841309 0.0358887 0.0410156 0.936523
8 0.387207 0.679688 0.0400391 0.0449219 0.936035
21 0.851562 0.866211 0.0419922 0.0585938 0.935547
0 0.601562 0.181885 0.0576172 0.0454102 0.932617
8 0.0388184 0.509277 0.0362549 0.0410156 0.932617
2 0.501099 0.430176 0.0310059 0.0458984 0.932129
8 0.401367 0.930176 0.0419922 0.0478516 0.932129
0 0.837891 0.521484 0.0605469 0.0458984 0.931641
4 0.758789 0.265564 0.0351562 0.0548096 0.930176
5 0.919922 0.934082 0.0390625 0.0537109 0.930176
18 0.131348 0.834961 0.045166 0.0537109 0.928223
5 0.229248 0.59375 0.0390625 0.0429688 0.927734
9 0.912109 0.852051 0.0371094 0.0439453 0.926758
10 0.381348 0.500488 0.0390625 0.0644531 0.92627
9 0.879883 0.353027 0.0351562 0.0429688 0.924805
13 0.882324 0.843262 0.0195312 0.0615234 0.923828
5 0.811523 0.853516 0.0332031 0.0419922 0.923828
9 0.541992 0.179443 0.0351562 0.0441895 0.922363
5 0.152222 0.173584 0.0378418 0.0439453 0.921387
8 0.545898 0.768555 0.0361328 0.0410156 0.920898
0 0.951172 0.0221558 0.0585938 0.0423584 0.919434
5 0.27832 0.928711 0.0385742 0.0458984 0.919434
0 0.513184 0.681641 0.0615234 0.0429688 0.918945
8 0.129608 0.0892334 0.0430298 0.0419922 0.91748
23 0.181641 0.339844 0.0349121 0.0410156 0.916504
5 0.938477 0.687012 0.0390625 0.0458984 0.916504
13 0.508301 0.167603 0.0253906 0.0725098 0.916016
9 0.42041 0.345459 0.0361328 0.0454102 0.913574
12 0.289062 0.835938 0.0356445 0.0625 0.913574
10 0.862305 0.594727 0.0361328 0.0644531 0.912598
2 0.90625 0.102539 0.0332031 0.0446777 0.910645
5 0.342285 0.259216 0.0351562 0.0430908 0.90918
14 0.400391 0.751953 0.0175781 0.0644531 0.90918
11 0.902344 0.592773 0.0351562 0.0683594 0.908691
2 0.297363 0.759766 0.0307617 0.0429688 0.907227
12 0.848145 0.676758 0.0371094 0.0644531 0.905762
7 0.52832 0.0300293 0.0644531 0.0600586 0.90332
6 0.888672 0.522461 0.0390625 0.0429688 0.902832
1 0.110474 0.262756 0.0402832 0.0672607 0.898438
2 0.0970459 0.171143 0.029541 0.0424805 0.897461
0 0.484375 0.348633 0.0576172 0.0493164 0.897461
6 0.626953 0.351318 0.0449219 0.0498047 0.896973
2 0.219238 0.426025 0.0297852 0.0405273 0.89502
13 0.766602 0.417969 0.0273438 0.0869141 0.894043
13 0.937988 0.592773 0.0322266 0.0683594 0.894043
2 0.9375 0.43457 0.0605469 0.0458984 0.893066
13 0.0379944 0.576172 0.0249023 0.0693359 0.892578
8 0.711914 0.60498 0.0439453 0.0517578 0.891602
13 0.00788116 0.834961 0.0156708 0.0859375 0.891602
24 0.661133 0.779297 0.0410156 0.0625 0.891113
13 0.708008 0.841309 0.0273438 0.0732422 0.891113
0 0.94873 0.185303 0.0566406 0.0498047 0.890137
2 0.308594 0.258301 0.0283203 0.0439453 0.890137
13 0.59375 0.337891 0.0224609 0.0654297 0.890137
2 0.0759888 0.504761 0.0316162 0.045166 0.890137
0 0.127319 0.676758 0.0522461 0.0410156 0.887207
2 0.124878 0.924316 0.0334473 0.046875 0.88623
16 0.248779 0.844238 0.0385742 0.0410156 0.884277
6 0.19043 0.015564 0.0375977 0.0309753 0.883301
2 0.191406 0.254639 0.03125 0.0493164 0.879883
6 0.186035 0.591309 0.0424805 0.0400391 0.879883
4 0.322754 0.503906 0.03125 0.0556641 0.878906
6 0.807617 0.6875 0.0390625 0.0410156 0.878418
2 0.664062 0.602539 0.0292969 0.0410156 0.877441
8 0.838379 0.354492 0.0419922 0.0439453 0.877441
10 0.552734 0.92334 0.0371094 0.0683594 0.876465
11 0.813477 0.0204468 0.0546875 0.0408936 0.875977
10 0.454102 0.167969 0.0322266 0.065918 0.875977
0 0.222412 0.677246 0.0620117 0.0429688 0.875
13 0.164307 0.828125 0.0202637 0.0722656 0.875
22 0.852539 0.771484 0.0332031 0.0410156 0.874023
8 0.635254 0.851562 0.0419922 0.0458984 0.874023
2 0.903809 0.185547 0.0302734 0.0439453 0.865234
6 0.428711 0.680664 0.0410156 0.0429688 0.865234
7 0.866211 0.279541 0.0527344 0.0605469 0.86084
18 0.335938 0.679199 0.0541992 0.046875 0.859863
7 0.516602 0.272461 0.0390625 0.0605469 0.856934
22 0.143677 0.424316 0.0334473 0.0463867 0.851074
22 0.192139 0.509766 0.034668 0.0419922 0.851074
0 0.955078 0.0955811 0.0625 0.0622559 0.849121
14 0.123169 0.16272 0.0202637 0.0656738 0.844727
14 0.399902 0.41748 0.0185547 0.0664062 0.842773
18 0.498047 0.755859 0.0556641 0.0664062 0.842773
6 0.477295 0.181763 0.0375977 0.0419922 0.84082
13 0.0436096 0.911133 0.0194702 0.0683594 0.838867
18 0.513672 0.594238 0.0361328 0.0507812 0.836426
1 0.785156 0.610352 0.0351562 0.0644531 0.836426
8 0.0880127 0.0159149 0.0400391 0.0318298 0.833496
8 0.432129 0.597168 0.0410156 0.0449219 0.829102
8 0.462891 0.43042 0.0419922 0.046875 0.827637
13 0.545898 0.59082 0.0234375 0.0722656 0.827637
2 0.751953 0.600098 0.03125 0.0458984 0.82666
8 0.771484 0.769043 0.0371094 0.0527344 0.824219
2 0.93457 0.770508 0.0351562 0.0458984 0.820801
0 0.0799561 0.336426 0.0577393 0.0463867 0.816406
4 0.0465775 0.249268 0.061142 0.0541992 0.804199
13 0.244385 0.665039 0.0195312 0.0644531 0.796875
38 0.119812 0.583008 0.0821533 0.0683594 0.794434
6 0.322266 0.342285 0.0400391 0.0400391 0.788086
5 0.439453 0.764648 0.0571289 0.046875 0.782715
4 0.144287 0.501465 0.034668 0.0527344 0.78125
8 0.892578 0.76416 0.0429688 0.0625 0.777344
6 0.588379 0.935547 0.0400391 0.0400391 0.770508
5 0.0400696 0.0152435 0.0498657 0.0304871 0.769043
8 0.213013 0.76123 0.0373535 0.0439453 0.767578
22 0.171631 0.675781 0.032959 0.0410156 0.763672
8 0.183838 0.425293 0.0400391 0.0449219 0.757812
6 0.31543 0.176636 0.0615234 0.0437012 0.756348
0 0.0219574 0.754883 0.0436707 0.0449219 0.750488
18 0.0739899 0.921387 0.0380554 0.0478516 0.749023
7 0.885742 0.448486 0.0390625 0.0615234 0.744629
24 0.330566 0.772461 0.0380859 0.0605469 0.73877
22 0.603516 0.429932 0.0351562 0.0429688 0.729492
4 0.361328 0.594238 0.0322266 0.0439453 0.705566
2 0.583008 0.767578 0.03125 0.0488281 0.702637
7 0.225586 0.0248413 0.0371094 0.0496826 0.699219
18 0.422852 0.0948486 0.0517578 0.0439453 0.684082
6 0.703125 0.935547 0.0625 0.0449219 0.680664
22 0.361328 0.927734 0.0341797 0.046875 0.673828
13 0.602539 0.586426 0.0205078 0.0654297 0.67041
5 0.364014 0.0168152 0.059082 0.0334473 0.660156
5 0.109131 0.496582 0.0341797 0.0634766 0.656738
13 0.681641 0.984375 0.0175781 0.03125 0.656738
13 0.00686646 0.161163 0.0137329 0.0800171 0.654785
22 0.810547 0.183594 0.0332031 0.0410156 0.654785
21 0.285156 0.36084 0.0498047 0.0727539 0.65332
5 0.795898 0.105103 0.0205078 0.0291748 0.649414
6 0.391113 0.596191 0.0341797 0.0458984 0.647949
18 0.564941 0.509644 0.0537109 0.0510254 0.644043
14 0.571289 0.0192261 0.0185547 0.0384521 0.642578
18 0.122498 0.748047 0.0362549 0.0605469 0.631836
18 0.228027 0.929688 0.0566406 0.0449219 0.624512
13 0.463379 0.088562 0.0200195 0.0465088 0.615234
22 0.150024 0.0153961 0.0349121 0.0307922 0.600098
2 0.373535 0.424805 0.0292969 0.0478516 0.598145
1 0.550293 0.4375 0.0390625 0.0654297 0.592773
6 0.155396 0.245972 0.0400391 0.0632324 0.584961
0 0.499512 0.0991821 0.0478516 0.0447998 0.581543
10 0.865234 0.428711 0.0341797 0.0712891 0.577637
13 0.4729 0.422852 0.0219727 0.0595703 0.575684
2 0.0509033 0.0893555 0.0523682 0.0412598 0.558105
2 0.631836 0.019989 0.0527344 0.0397339 0.546875
8 0.86084 0.0233154 0.0361328 0.0440674 0.546875
0 0.150604 0.992676 0.0552368 0.0146484 0.537109
6 0.359863 0.762695 0.0175781 0.0390625 0.53125
9 0.960938 0.272705 0.0371094 0.046875 0.527344
10 0.316406 0.583984 0.0488281 0.0634766 0.527344
4 0.237305 0.992188 0.0268555 0.015625 0.527344
32 0.621582 0.683594 0.0351562 0.0859375 0.523438
18 0.320801 0.929688 0.0410156 0.0449219 0.515625
13 0.816406 0.607422 0.0205078 0.0703125 0.511719
7 0.235596 0.339844 0.0532227 0.0458984 0.505859
18 0.453613 0.839844 0.0566406 0.0683594 0.501953
