0 0.145481 0.780264 0.0554405 0.0409431 0.95765
8 0.900674 0.716656 0.0390518 0.0422277 0.957431
3 0.818044 0.701518 0.0505071 0.0663973 0.940312
2 0.433479 0.956299 0.0313623 0.0455475 0.904814
9 0.160302 0.862012 0.0339771 0.0437291 0.852427
12 0.481272 0.874639 0.0335776 0.079138 0.800566
11 0.892015 0.445798 0.0375459 0.0658524 0.797071
8 0.0445914 0.941037 0.040052 0.0517477 0.689604
9 0.575183 0.957884 0.0330997 0.0421921 0.682363
8 0.532973 0.795457 0.0366704 0.0394208 0.661269
8 0.935574 0.798305 0.0426891 0.0450928 0.63201
0 0.24106 0.783259 0.0573149 0.0389326 0.630343
6 0.934913 0.458384 0.04002 0.0414521 0.567617
2 0.431029 0.620327 0.0320991 0.0458301 0.526646
9 0.97643 0.456322 0.0341053 0.0451322 0.508938
