18 0.17627 0.669922 0.112305 0.146484 0.984863
12 0.275146 0.876465 0.113281 0.166016 0.973633
9 0.150757 0.890625 0.0905762 0.107422 0.972656
19 0.818359 0.0956421 0.0644531 0.0909424 0.960449
6 0.844727 0.294495 0.0957031 0.0936279 0.960449
29 0.106689 0.494141 0.137451 0.174805 0.958984
23 0.133545 0.291443 0.0695801 0.0860596 0.953125
11 0.466797 0.865234 0.0917969 0.144531 0.953125
5 0.375977 0.890625 0.0869141 0.101562 0.93457
13 0.756836 0.071167 0.0488281 0.140381 0.932617
13 0.0826416 0.881348 0.0465088 0.174805 0.895508
6 0.848633 0.696289 0.115234 0.09375 0.870605
0 0.792969 0.49707 0.144531 0.0966797 0.863281
2 0.00810242 0.687012 0.0162048 0.115234 0.853027
27 0.544922 0.920898 0.078125 0.157227 0.84082
7 0.71875 0.891602 0.167969 0.210938 0.82666
5 0.897461 0.0968628 0.0849609 0.0889893 0.792969
13 0.214233 0.261292 0.0895996 0.161011 0.770508
13 0.913086 0.663086 0.0546875 0.167969 0.605957
23 0.0284271 0.889648 0.0566101 0.101562 0.567871
4 0.978516 0.673828 0.0429688 0.150391 0.556641
8 0.0324402 0.102051 0.0648804 0.112061 0.554688
5 0.936523 0.270264 0.0839844 0.13623 0.53125
6 0.285889 0.688477 0.102539 0.0898438 0.525391
