10 0.970703 0.491943 0.0371094 0.0668945 0.998047
18 0.676758 0.808594 0.0449219 0.0625 0.985352
24 0.639648 0.588379 0.0410156 0.0498047 0.982422
12 0.972168 0.812012 0.0400391 0.0693359 0.980957
10 0.438232 0.568848 0.034668 0.0664062 0.97998
21 0.307617 0.979492 0.0498047 0.0410156 0.978516
12 0.924805 0.895508 0.0410156 0.0742188 0.975586
18 0.198486 0.97168 0.0429688 0.0546875 0.973145
0 0.13855 0.978516 0.0554199 0.0390625 0.972168
18 0.537109 0.896973 0.0410156 0.0527344 0.97168
12 0.51709 0.495361 0.0380859 0.0737305 0.970703
12 0.317383 0.891602 0.0390625 0.0722656 0.970215
12 0.854492 0.495117 0.0429688 0.0732422 0.967285
24 0.848633 0.748047 0.0410156 0.0488281 0.963867
6 0.186157 0.822266 0.0366211 0.0390625 0.961914
29 0.767578 0.897461 0.0605469 0.0800781 0.961426
18 0.680176 0.494141 0.0429688 0.0654297 0.959473
5 0.989258 0.583008 0.0214844 0.0449219 0.949707
0 0.827148 0.585938 0.0546875 0.0410156 0.947754
2 0.490723 0.900391 0.0332031 0.0390625 0.940918
7 0.893555 0.749023 0.0390625 0.0615234 0.93457
2 0.462158 0.821777 0.0317383 0.0390625 0.934082
5 0.875 0.585938 0.0371094 0.0410156 0.932129
7 0.678711 0.980469 0.0400391 0.0390625 0.926758
7 0.0843506 0.831543 0.0640869 0.0566406 0.925781
0 0.619629 0.981934 0.0556641 0.0361328 0.925293
18 0.236084 0.496094 0.046875 0.0703125 0.924805
7 0.75293 0.669922 0.0410156 0.0566406 0.924316
6 0.37793 0.740234 0.0390625 0.0380859 0.921875
9 0.222656 0.820312 0.0351562 0.0390625 0.918457
5 0.538086 0.825195 0.0371094 0.0390625 0.918457
9 0.726562 0.742188 0.0351562 0.0429688 0.917969
0 0.787109 0.742188 0.0566406 0.0429688 0.916504
2 0.924805 0.5 0.0322266 0.0458984 0.915527
1 0.493164 0.982422 0.0380859 0.0351562 0.915039
9 0.237915 0.664062 0.0378418 0.0410156 0.911133
2 0.969727 0.978516 0.0322266 0.0410156 0.907227
9 0.598633 0.743164 0.0390625 0.0439453 0.905273
7 0.169312 0.90625 0.064209 0.0566406 0.904785
0 0.647461 0.902344 0.0527344 0.0390625 0.90332
14 0.0627441 0.96875 0.0209961 0.0605469 0.90332
6 0.352051 0.583984 0.0385742 0.0400391 0.901855
5 0.815918 0.902832 0.0351562 0.0390625 0.896973
6 0.794922 0.660156 0.0390625 0.0371094 0.89502
5 0.694336 0.901367 0.0351562 0.0410156 0.89502
18 0.592773 0.817383 0.0546875 0.0507812 0.888672
0 0.862793 0.900391 0.0566406 0.0429688 0.888672
7 0.925781 0.980957 0.0429688 0.0380859 0.888672
10 0.646484 0.73291 0.0351562 0.0742188 0.885742
13 0.269043 0.96582 0.0224609 0.0683594 0.883301
7 0.542969 0.591309 0.0449219 0.0556641 0.879883
2 0.427734 0.979492 0.0307617 0.0390625 0.877441
5 0.361572 0.901367 0.0380859 0.0419922 0.876465
9 0.649902 0.661621 0.0341797 0.0390625 0.875977
0 0.523926 0.745117 0.0595703 0.0410156 0.875
18 0.150879 0.741211 0.0546875 0.0488281 0.86084
5 0.763672 0.824219 0.0556641 0.0410156 0.859863
4 0.376953 0.977051 0.0244141 0.0429688 0.858887
0 0.757812 0.586426 0.0800781 0.0449219 0.851074
13 0.546875 0.494141 0.0195312 0.0712891 0.849121
18 0.142944 0.813477 0.0456543 0.0585938 0.848145
6 0.901855 0.822754 0.0449219 0.0390625 0.848145
2 0.601562 0.583984 0.03125 0.0429688 0.84082
6 0.0929565 0.981445 0.036377 0.0371094 0.833496
4 0.11499 0.897949 0.0258789 0.0449219 0.817383
22 0.473145 0.744141 0.0361328 0.0429688 0.805664
0 0.866211 0.981445 0.0332031 0.0351562 0.800781
2 0.905273 0.661133 0.0332031 0.0410156 0.78125
2 0.679688 0.743652 0.0566406 0.0595703 0.766113
22 0.195068 0.741211 0.0332031 0.0449219 0.754883
13 0.230713 0.959961 0.0187988 0.0800781 0.753418
13 0.197021 0.570312 0.0263672 0.0800781 0.744629
16 0.0753174 0.898438 0.0476074 0.0458984 0.737305
8 0.717285 0.981445 0.0351562 0.0371094 0.73584
2 0.395996 0.660156 0.03125 0.0429688 0.725098
6 0.339355 0.505981 0.0351562 0.0407715 0.720215
1 0.85791 0.823242 0.0361328 0.0683594 0.700684
0 0.845215 0.666016 0.0605469 0.0410156 0.689453
0 0.0825195 0.498047 0.0592041 0.0654297 0.67041
13 0.321777 0.569336 0.0214844 0.0693359 0.666992
13 0.978516 0.89502 0.0253906 0.0810547 0.666992
13 0.622559 0.651855 0.0205078 0.0693359 0.629883
6 0.327881 0.744141 0.0566406 0.0429688 0.62793
13 0.56543 0.96875 0.0214844 0.0625 0.613281
6 0.770996 0.506836 0.0371094 0.0429688 0.605957
7 0.819336 0.978516 0.0585938 0.0410156 0.592773
13 0.630371 0.864746 0.0175781 0.0283203 0.59082
0 0.0809326 0.742188 0.0570068 0.0449219 0.586914
2 0.717773 0.814941 0.0332031 0.0527344 0.583008
13 0.60498 0.652344 0.015625 0.0664062 0.577637
13 0.347168 0.728516 0.0195312 0.0683594 0.575684
2 0.719727 0.501465 0.03125 0.0410156 0.565918
13 0.636719 0.80957 0.0332031 0.0683594 0.541016
6 0.608398 0.90332 0.0234375 0.0390625 0.539062
14 0.969238 0.573242 0.0175781 0.0625 0.535156
6 0.134521 0.586426 0.0336914 0.0429688 0.53125
6 0.537109 0.981445 0.0410156 0.0351562 0.527344
8 0.431641 0.819824 0.0292969 0.0419922 0.501953
