0 0.688182 0.913742 0.053031 0.0357465 0.938874
13 0.0830726 0.835097 0.0203679 0.0732225 0.89951
22 0.115456 0.84865 0.0343751 0.0386398 0.885869
9 0.418425 0.762094 0.0349068 0.0369425 0.860586
13 0.237427 0.83263 0.0202031 0.0649836 0.859918
1 0.056987 0.7813 0.0351047 0.0519264 0.84447
0 0.892538 0.674595 0.054454 0.0368705 0.815635
2 0.462764 0.763061 0.0301003 0.0359951 0.718322
5 0.15667 0.771643 0.034441 0.0367957 0.653788
11 0.385748 0.832294 0.0329925 0.0582826 0.606522
5 0.0354465 0.930624 0.0337208 0.0377207 0.502062
