15 0.834961 0.279358 0.0722656 0.0701904 0.993164
21 0.871094 0.0501175 0.0371094 0.0551605 0.98877
7 0.557617 0.555664 0.0371094 0.0625 0.98584
12 0.666016 0.95459 0.0351562 0.0732422 0.978516
8 0.0884399 0.641602 0.0423584 0.046875 0.978027
2 0.649414 0.875977 0.03125 0.0429688 0.976074
0 0.945312 0.785645 0.0644531 0.0488281 0.974609
8 0.0698395 0.225098 0.0392761 0.0463867 0.972656
5 0.803711 0.0421829 0.0371094 0.0400238 0.96875
35 0.830078 0.616211 0.0556641 0.0859375 0.968262
2 0.746582 0.456055 0.03125 0.0478516 0.96582
12 0.650391 0.456543 0.0332031 0.0791016 0.963867
6 0.564453 0.793945 0.0390625 0.0390625 0.963867
0 0.046875 0.893555 0.0635986 0.0527344 0.961426
6 0.611328 0.879883 0.0410156 0.0498047 0.960449
12 0.237549 0.542969 0.0385742 0.0664062 0.958496
7 0.599609 0.719238 0.0371094 0.0615234 0.956543
21 0.195312 0.148163 0.0393066 0.0571899 0.954102
18 0.874023 0.445312 0.0390625 0.0507812 0.952637
4 0.759766 0.785156 0.0292969 0.0498047 0.952148
7 0.238525 0.813477 0.0385742 0.0605469 0.95166
7 0.447266 0.892578 0.0361328 0.0625 0.951172
6 0.381104 0.132935 0.0429688 0.0405273 0.949707
6 0.105347 0.304688 0.0378418 0.0429688 0.946777
6 0.746582 0.374023 0.0380859 0.0410156 0.946289
7 0.604492 0.636719 0.0625 0.0664062 0.945801
0 0.943359 0.287598 0.0605469 0.0458984 0.945312
0 0.525391 0.211182 0.0595703 0.0466309 0.944336
9 0.780762 0.453125 0.0351562 0.0458984 0.944336
6 0.31543 0.38623 0.0395508 0.0429688 0.941895
0 0.195068 0.886719 0.0634766 0.0439453 0.941895
0 0.874512 0.124268 0.0771484 0.0512695 0.94043
12 0.864258 0.702148 0.0332031 0.0820312 0.939453
5 0.834473 0.452637 0.0371094 0.0449219 0.938965
0 0.839844 0.958008 0.0625 0.0585938 0.938477
7 0.390625 0.727539 0.0371094 0.0625 0.937988
18 0.180176 0.80127 0.0539551 0.0566406 0.935059
12 0.0164337 0.465332 0.0328064 0.0654297 0.93457
8 0.414062 0.972656 0.0390625 0.0488281 0.93457
1 0.5 0.0583496 0.0410156 0.0645752 0.930664
12 0.818848 0.536987 0.0351562 0.0803223 0.929199
13 0.669434 0.699707 0.0185547 0.0654297 0.929199
1 0.710449 0.966309 0.0419922 0.0673828 0.928711
4 0.0617371 0.972656 0.0300903 0.0517578 0.928223
13 0.479736 0.874023 0.0249023 0.078125 0.92627
6 0.270996 0.0565186 0.0410156 0.0435791 0.925781
13 0.858398 0.853516 0.0263672 0.0888672 0.925781
9 0.785156 0.37207 0.0351562 0.046875 0.924805
18 0.87793 0.614258 0.0371094 0.0527344 0.924805
5 0.758789 0.869141 0.0371094 0.0429688 0.924316
2 0.894531 0.782227 0.03125 0.0449219 0.923828
4 0.321289 0.547852 0.03125 0.0585938 0.923828
12 0.333984 0.792969 0.0371094 0.0654297 0.922363
4 0.733398 0.621582 0.0292969 0.0537109 0.921387
6 0.482666 0.797852 0.0395508 0.0429688 0.920898
0 0.84375 0.786133 0.0625 0.046875 0.919434
4 0.0792847 0.0540085 0.0303955 0.0512848 0.918457
14 0.346191 0.372803 0.0205078 0.0664062 0.917969
2 0.412598 0.378662 0.0283203 0.0463867 0.916016
7 0.103271 0.569336 0.0371094 0.0644531 0.913086
5 0.79541 0.70752 0.0390625 0.0517578 0.913086
0 0.696289 0.875977 0.0605469 0.0488281 0.912598
9 0.344971 0.882812 0.0356445 0.046875 0.911133
2 0.958008 0.617676 0.0390625 0.0458984 0.907227
5 0.752441 0.539062 0.0380859 0.046875 0.904785
9 0.603516 0.792969 0.0380859 0.0478516 0.903809
5 0.791016 0.955078 0.0351562 0.0507812 0.903809
6 0.243408 0.886719 0.0336914 0.0390625 0.90332
4 0.276855 0.296387 0.0322266 0.0556641 0.902832
6 0.183472 0.390137 0.0388184 0.0449219 0.901855
6 0.916016 0.456543 0.0400391 0.0478516 0.901855
2 0.0854492 0.80957 0.03125 0.0507812 0.901367
18 0.890625 0.952637 0.0371094 0.0654297 0.901367
18 0.943848 0.113892 0.0576172 0.0593262 0.900391
6 0.881836 0.207764 0.0371094 0.050293 0.900391
6 0.433105 0.714844 0.0429688 0.0419922 0.899902
7 0.351807 0.643555 0.0395508 0.0556641 0.898926
4 0.134491 0.719727 0.0317993 0.0507812 0.897461
13 0.0169029 0.800781 0.0253372 0.0800781 0.89502
10 0.127441 0.12854 0.0334473 0.0625 0.890137
10 0.420166 0.788086 0.0317383 0.0703125 0.890137
5 0.443848 0.800781 0.0405273 0.0488281 0.890137
1 0.571289 0.884766 0.0400391 0.0644531 0.889648
2 0.161621 0.469727 0.0288086 0.0429688 0.889648
0 0.181885 0.637695 0.0583496 0.0478516 0.888672
13 0.708496 0.612305 0.0205078 0.0742188 0.887207
13 0.588867 0.524292 0.0195312 0.0842285 0.884277
18 0.701172 0.529297 0.0371094 0.0625 0.883301
6 0.640625 0.710938 0.0419922 0.0439453 0.881836
5 0.62793 0.962891 0.0390625 0.0527344 0.881836
24 0.0323486 0.568359 0.0391235 0.0605469 0.878906
8 0.53418 0.630859 0.0449219 0.0527344 0.876465
13 0.271973 0.707031 0.0263672 0.0791016 0.875977
4 0.507935 0.877441 0.0310059 0.0566406 0.870605
22 0.341309 0.29834 0.03125 0.0439453 0.864258
6 0.158691 0.137329 0.0341797 0.0397949 0.861328
18 0.705078 0.787109 0.0351562 0.0527344 0.856934
13 0.735352 0.783691 0.0214844 0.0810547 0.856934
0 0.175537 0.222412 0.0795898 0.0444336 0.855957
14 0.384766 0.958008 0.0195312 0.0722656 0.855957
13 0.850098 0.520508 0.0214844 0.0791016 0.85498
4 0.836914 0.0395203 0.03125 0.0455933 0.852051
14 0.138184 0.295654 0.0219727 0.0708008 0.847168
6 0.955078 0.959961 0.0458984 0.0605469 0.844727
12 0.825195 0.871094 0.0341797 0.0800781 0.842773
6 0.013298 0.394531 0.0265961 0.0419922 0.839844
6 0.542969 0.0508347 0.0390625 0.0453033 0.833496
6 0.752441 0.958984 0.0380859 0.0507812 0.832031
0 0.764648 0.123108 0.0810547 0.0447998 0.829102
13 0.552246 0.275635 0.0195312 0.078125 0.82666
13 0.0248108 0.306152 0.00683594 0.0439453 0.82666
13 0.0505676 0.0485229 0.027771 0.0770264 0.823242
13 0.922852 0.944336 0.0253906 0.0859375 0.823242
2 0.104004 0.384766 0.0305176 0.0424805 0.820801
2 0.916992 0.537109 0.0302734 0.0507812 0.818848
22 0.2229 0.388184 0.0341797 0.0488281 0.812988
14 0.890625 0.855469 0.0332031 0.0664062 0.812988
9 0.231812 0.63623 0.0354004 0.0419922 0.808105
16 0.311035 0.96875 0.0400391 0.0507812 0.804199
9 0.120178 0.805664 0.036499 0.0458984 0.796875
13 0.889648 0.359863 0.0214844 0.0722656 0.794434
4 0.583984 0.205322 0.0292969 0.0546875 0.791992
2 0.452148 0.966797 0.0317383 0.0566406 0.791992
18 0.46875 0.462402 0.0410156 0.0458984 0.789062
4 0.958008 0.204102 0.0351562 0.060791 0.788086
6 0.0245819 0.224731 0.0491638 0.0478516 0.786621
22 0.274902 0.552734 0.0341797 0.046875 0.785156
13 0.89502 0.6875 0.0195312 0.078125 0.78125
2 0.922852 0.866699 0.0292969 0.0478516 0.78125
18 0.140259 0.395264 0.0407715 0.0673828 0.777344
5 0.191406 0.973633 0.0512695 0.0507812 0.773438
22 0.129761 0.643066 0.0339355 0.046875 0.767578
4 0.330078 0.464844 0.03125 0.0595703 0.764648
6 0.916992 0.618164 0.0390625 0.0439453 0.763672
14 0.0478821 0.799316 0.0358276 0.0693359 0.763672
24 0.194336 0.476074 0.0356445 0.0576172 0.759277
4 0.831055 0.707031 0.0292969 0.0566406 0.759277
14 0.248535 0.710449 0.0214844 0.0751953 0.756348
6 0.923828 0.688965 0.0371094 0.0634766 0.753418
2 0.956055 0.456543 0.0371094 0.0551758 0.753418
14 0.271484 0.874023 0.0214844 0.0683594 0.740234
12 0.669922 0.615234 0.0585938 0.0683594 0.732422
21 0.958008 0.87207 0.0390625 0.0527344 0.728027
22 0.42334 0.291992 0.0341797 0.043457 0.726562
13 0.962891 0.038208 0.0273438 0.0762939 0.716797
18 0.0186005 0.0628815 0.0370789 0.0636902 0.716797
9 0.957031 0.540039 0.0429688 0.0527344 0.704102
18 0.850586 0.373047 0.0546875 0.0493164 0.699219
5 0.709473 0.126678 0.0253906 0.0317993 0.694336
6 0.240479 0.473389 0.0541992 0.0473633 0.694336
8 0.921875 0.204346 0.0351562 0.0424805 0.686035
6 0.734375 0.198853 0.0429688 0.0673828 0.663574
6 0.701172 0.0424194 0.0566406 0.0440674 0.658203
9 0.74707 0.0424194 0.0361328 0.0467529 0.658203
22 0.666016 0.373535 0.0302734 0.0419922 0.654785
6 0.352539 0.972656 0.0410156 0.0488281 0.651367
6 0.938477 0.374512 0.0722656 0.0566406 0.649414
18 0.402832 0.882812 0.0498047 0.0410156 0.647949
4 0.691406 0.702148 0.0234375 0.0556641 0.645996
22 0.583984 0.0469055 0.0351562 0.0452271 0.644043
2 0.46582 0.200439 0.0341797 0.0668945 0.633301
6 0.892578 0.28418 0.0390625 0.0610352 0.629883
12 0.794922 0.193115 0.0507812 0.065918 0.625977
11 0.198975 0.714844 0.0314941 0.0566406 0.624512
4 0.614258 0.538574 0.03125 0.0576172 0.622559
18 0.519653 0.293457 0.0427246 0.0419922 0.616699
14 0.697754 0.196411 0.0273438 0.0769043 0.592773
4 0.564941 0.961426 0.0595703 0.0595703 0.586914
22 0.373047 0.80127 0.0351562 0.046875 0.583008
18 0.508789 0.544922 0.0566406 0.0449219 0.575684
19 0.791992 0.868164 0.0292969 0.0429688 0.575684
5 0.367676 0.550781 0.0532227 0.0410156 0.565918
14 0.716797 0.362793 0.0195312 0.0644531 0.558105
12 0.171631 0.302246 0.0444336 0.0498047 0.558105
2 0.00588989 0.558594 0.0116119 0.046875 0.554688
2 0.408203 0.625 0.0302734 0.0742188 0.552734
18 0.843262 0.203857 0.0400391 0.0478516 0.548828
22 0.0236053 0.143799 0.0340881 0.0444336 0.546875
18 0.248413 0.970215 0.0578613 0.0576172 0.546875
4 0.819336 0.119202 0.0292969 0.043335 0.535156
7 0.494629 0.967773 0.0517578 0.0527344 0.525391
2 0.28125 0.214111 0.0507812 0.0429688 0.521484
5 0.455078 0.380127 0.0517578 0.0478516 0.515625
6 0.227295 0.72168 0.0205078 0.0410156 0.515625
18 0.0767975 0.720703 0.0578308 0.0585938 0.505859
