12 0.829102 0.669922 0.115234 0.140625 0.994141
21 0.791992 0.306641 0.107422 0.135742 0.984863
1 0.210571 0.922852 0.0930176 0.144531 0.983887
18 0.799805 0.471924 0.0917969 0.122559 0.981445
23 0.536133 0.293518 0.0703125 0.0877686 0.973633
18 0.905273 0.0706787 0.0908203 0.126221 0.969727
18 0.935547 0.864258 0.0927734 0.126953 0.969727
0 0.457275 0.500854 0.190918 0.0939941 0.967773
14 0.667969 0.262207 0.0419922 0.155762 0.967285
5 0.896973 0.486084 0.0859375 0.0913086 0.962402
22 0.935059 0.287659 0.0839844 0.0926514 0.958984
5 0.485352 0.896973 0.0898438 0.0927734 0.958496
2 0.61084 0.294189 0.0751953 0.097168 0.95459
4 0.548828 0.69043 0.0566406 0.103516 0.947754
13 0.287109 0.0715332 0.0405273 0.140869 0.938965
13 0.601562 0.666992 0.0449219 0.148438 0.938477
22 0.83252 0.889648 0.0869141 0.0878906 0.92041
0 0.710938 0.892578 0.142578 0.0898438 0.914062
18 0.583984 0.871094 0.0898438 0.125 0.911133
13 0.915039 0.661133 0.0429688 0.146484 0.903809
23 0.486816 0.095459 0.0761719 0.0913086 0.884766
6 0.312012 0.894531 0.0976562 0.0859375 0.723145
2 0.988281 0.474121 0.0234375 0.103516 0.715332
23 0.232178 0.0982513 0.0727539 0.0906067 0.645996
13 0.0215759 0.667969 0.0430298 0.152344 0.644043
2 0.40332 0.897461 0.0703125 0.0917969 0.59082
13 0.865234 0.262451 0.0429688 0.146973 0.503906
