18 0.154785 0.584473 0.0366211 0.0527344 0.976074
18 0.0938721 0.582031 0.0373535 0.0527344 0.973633
8 0.0838623 0.502441 0.0356445 0.0410156 0.968262
5 0.0164948 0.586914 0.0328674 0.0458984 0.967773
8 0.149902 0.924316 0.0429688 0.0458984 0.953613
0 0.0604324 0.838379 0.0600433 0.0449219 0.937988
5 0.0150375 0.836914 0.029892 0.046875 0.935547
2 0.18811 0.922363 0.0332031 0.0449219 0.931641
8 0.144531 0.838379 0.0422363 0.0478516 0.930176
2 0.0150909 0.409668 0.0301819 0.0537109 0.927246
14 0.0747681 0.981934 0.0189209 0.0361328 0.882324
0 0.123901 0.752441 0.0566406 0.0537109 0.856934
2 0.113281 0.924316 0.0285645 0.0488281 0.795898
18 0.0166016 0.504028 0.0332031 0.0505371 0.778809
12 0.0148621 0.982422 0.0294189 0.0351562 0.766113
21 0.188232 0.830078 0.0424805 0.0664062 0.766113
35 0.268311 0.791016 0.0698242 0.119141 0.750488
18 0.0881958 0.412109 0.03479 0.0488281 0.720215
18 0.181763 0.748047 0.0578613 0.0605469 0.71875
2 0.0768433 0.748047 0.0313721 0.0644531 0.689453
7 0.122009 0.679688 0.0667725 0.0664062 0.663574
4 0.127075 0.5 0.0476074 0.0488281 0.53125
0 0.138306 0.414551 0.0605469 0.0498047 0.505859
