1 0.954102 0.768555 0.0371094 0.0527344 0.984863
18 0.944336 0.594238 0.0429688 0.0595703 0.978516
18 0.831543 0.447266 0.0429688 0.0625 0.973633
5 0.916016 0.68457 0.0332031 0.0380859 0.970215
6 0.985352 0.761719 0.0195312 0.0371094 0.970215
5 0.567871 0.93457 0.0351562 0.0410156 0.969727
6 0.692383 0.930176 0.0371094 0.0400391 0.967285
5 0.470215 0.856934 0.0332031 0.0380859 0.96582
8 0.636719 0.772949 0.0371094 0.0390625 0.964844
0 0.980469 0.141968 0.0371094 0.0349121 0.964355
21 0.525879 0.943848 0.0507812 0.0634766 0.962891
10 0.580566 0.453125 0.0332031 0.0634766 0.956543
5 0.567383 0.308105 0.0351562 0.0380859 0.954102
9 0.489258 0.777344 0.0341797 0.0371094 0.954102
1 0.443848 0.786133 0.0390625 0.0527344 0.95166
18 0.488037 0.0631256 0.0405273 0.0605164 0.947754
6 0.788086 0.612305 0.0390625 0.0371094 0.946777
7 0.831055 0.151245 0.0390625 0.0539551 0.945801
9 0.506348 0.151123 0.0371094 0.0395508 0.945312
22 0.829102 0.611328 0.0361328 0.0410156 0.944824
6 0.677246 0.385254 0.0380859 0.0400391 0.942871
14 0.573242 0.137817 0.0175781 0.0620117 0.941895
9 0.507324 0.854492 0.0361328 0.0410156 0.941895
2 0.432373 0.470703 0.03125 0.0380859 0.938965
14 0.543457 0.760742 0.0166016 0.0693359 0.936523
5 0.973633 0.919434 0.0351562 0.0390625 0.934082
5 0.644531 0.304932 0.0371094 0.0395508 0.930664
14 0.849121 0.368652 0.0175781 0.0654297 0.930176
0 0.769531 0.384277 0.0566406 0.0410156 0.925293
18 0.582031 0.529419 0.0429688 0.064209 0.924805
7 0.806641 0.774414 0.0371094 0.0527344 0.924316
7 0.785645 0.930664 0.0400391 0.0527344 0.924316
13 0.520508 0.0603943 0.0195312 0.0715942 0.921387
22 0.731934 0.927246 0.0361328 0.0410156 0.918457
5 0.984375 0.606934 0.03125 0.0380859 0.916504
22 0.64209 0.229004 0.0351562 0.0383301 0.916504
0 0.672852 0.853516 0.0546875 0.0410156 0.913574
2 0.600586 0.463135 0.0292969 0.0371094 0.913086
2 0.797363 0.69043 0.0302734 0.0380859 0.913086
5 0.722168 0.847656 0.0380859 0.0390625 0.909668
0 0.96582 0.457275 0.0576172 0.0410156 0.906738
13 0.546875 0.527466 0.0214844 0.0700684 0.906738
9 0.606445 0.930664 0.0351562 0.0400391 0.906738
11 0.470703 0.377441 0.0371094 0.0605469 0.905762
0 0.695312 0.995117 0.0546875 0.00976562 0.904785
14 0.596191 0.296875 0.0175781 0.0634766 0.903809
5 0.905273 0.223022 0.0371094 0.0378418 0.895508
4 0.501953 0.306396 0.0253906 0.0444336 0.895508
5 0.827637 0.922363 0.0380859 0.0429688 0.89502
1 0.652344 0.936523 0.0380859 0.0566406 0.892578
13 0.571289 0.216187 0.0214844 0.0700684 0.888184
9 0.952148 0.681641 0.0351562 0.0410156 0.888184
22 0.47998 0.93457 0.0351562 0.0390625 0.885742
7 0.703125 0.235107 0.0644531 0.0581055 0.883301
13 0.839844 0.753906 0.0234375 0.0644531 0.876465
11 0.592773 0.842773 0.0351562 0.0625 0.875977
4 0.439453 0.858398 0.0273438 0.0429688 0.875
14 0.745605 0.21582 0.015625 0.0668945 0.873047
4 0.911133 0.761719 0.0253906 0.0449219 0.872559
6 0.779785 0.305664 0.0332031 0.0405273 0.871582
14 0.894043 0.910156 0.0166016 0.0605469 0.869629
22 0.92334 0.923828 0.0371094 0.0410156 0.867188
14 0.768066 0.677734 0.0136719 0.0634766 0.865234
5 0.847168 0.689453 0.0478516 0.0390625 0.865234
9 0.838867 0.84375 0.0371094 0.0410156 0.863281
5 0.990234 0.683594 0.0195312 0.0566406 0.859863
10 0.785156 0.759277 0.0292969 0.0673828 0.851074
10 0.69043 0.680176 0.0273438 0.0625 0.847168
2 0.754395 0.769043 0.0292969 0.0449219 0.847168
5 0.818848 0.381348 0.0351562 0.0410156 0.84082
0 0.541016 0.00817871 0.0488281 0.0162964 0.838867
13 0.612305 0.136993 0.0205078 0.0673218 0.831055
14 0.61377 0.217529 0.0166016 0.0629883 0.831055
8 0.423096 0.154297 0.0380859 0.0361328 0.830078
14 0.59375 0.217407 0.0175781 0.0617676 0.809082
18 0.646484 0.138184 0.0449219 0.064209 0.805664
8 0.757812 0.846191 0.0351562 0.0410156 0.804199
7 0.943359 0.0722656 0.0625 0.0562744 0.79834
6 0.796875 0.844727 0.0361328 0.0390625 0.79834
10 0.541016 0.298828 0.03125 0.0625 0.795898
6 0.467773 0.310547 0.0371094 0.0371094 0.790527
14 0.592773 0.138794 0.0195312 0.0620117 0.786621
18 0.645508 0.535156 0.0566406 0.046875 0.786621
6 0.615234 0.693848 0.0351562 0.0400391 0.78418
13 0.546875 0.135773 0.0292969 0.0692749 0.778809
6 0.519531 0.542969 0.0419922 0.0371094 0.775879
13 0.594727 0.982422 0.0224609 0.0351562 0.771973
13 0.522461 0.762695 0.0175781 0.0703125 0.770508
23 0.632812 0.462891 0.03125 0.0410156 0.769043
18 0.558594 0.376953 0.0625 0.0595703 0.767578
13 0.796875 0.446289 0.0214844 0.0751953 0.767578
7 0.733398 0.612305 0.0625 0.0742188 0.767578
19 0.748047 0.306396 0.0273438 0.0385742 0.750488
5 0.626953 0.00721359 0.0351562 0.0143814 0.749023
13 0.664062 0.446289 0.0273438 0.0708008 0.747559
6 0.894531 0.14502 0.0351562 0.0415039 0.746094
10 0.553711 0.841309 0.0371094 0.0673828 0.746094
6 0.791016 0.224731 0.0332031 0.0378418 0.741699
4 0.459961 0.469727 0.0219727 0.0419922 0.732422
22 0.475586 0.230957 0.0327148 0.0380859 0.72168
2 0.661621 0.07164 0.0537109 0.0395813 0.713867
6 0.865234 0.923828 0.0371094 0.0410156 0.713867
5 0.901855 0.597168 0.0361328 0.0585938 0.70752
13 0.624023 0.840332 0.0234375 0.0683594 0.705566
4 0.545898 0.0678711 0.0263672 0.0518799 0.684082
14 0.765137 0.21582 0.0175781 0.0678711 0.677246
13 0.870605 0.368652 0.0205078 0.0698242 0.675781
24 0.455078 0.713867 0.0605469 0.0683594 0.675781
23 0.851074 0.538086 0.0332031 0.0371094 0.656738
13 0.550781 0.602539 0.0244141 0.0683594 0.642578
10 0.43042 0.380859 0.0366211 0.0712891 0.638672
18 0.874023 0.757812 0.0429688 0.0566406 0.638672
5 0.761719 0.00601959 0.0341797 0.0119171 0.635254
0 0.5 0.466309 0.0361328 0.0361328 0.622559
14 0.771484 0.977539 0.0175781 0.0449219 0.622559
2 0.798828 0.535645 0.0576172 0.0400391 0.618652
18 0.678711 0.764648 0.0371094 0.0585938 0.607422
2 0.591797 0.771484 0.0332031 0.046875 0.600098
4 0.979492 0.987305 0.0253906 0.0253906 0.583008
2 0.450684 0.0761108 0.0322266 0.0356445 0.581543
10 0.609375 0.373047 0.03125 0.0664062 0.577637
4 0.885254 0.687012 0.0234375 0.0419922 0.577637
12 0.991211 0.206055 0.0175781 0.0656738 0.57373
18 0.662598 0.00666046 0.0283203 0.0131531 0.562012
5 0.782715 0.148071 0.0576172 0.0402832 0.558105
18 0.703125 0.13501 0.0625 0.0737305 0.550781
14 0.564453 0.76123 0.0175781 0.0654297 0.541016
0 0.987305 0.296875 0.0253906 0.0390625 0.537109
2 0.744141 0.688965 0.03125 0.0371094 0.53125
13 0.419434 0.537109 0.0136719 0.0537109 0.527344
13 0.739258 0.981445 0.0341797 0.0371094 0.523438
2 0.969727 0.52832 0.0537109 0.0371094 0.509766
