18 0.755591 0.0310631 0.0402825 0.0547688 0.980699
8 0.949672 0.305644 0.0387329 0.0411216 0.970834
0 0.498566 0.918224 0.0569762 0.0390904 0.960607
0 0.617061 0.825837 0.0584507 0.0417285 0.959246
6 0.266813 0.914653 0.0368581 0.0398824 0.957148
6 0.935263 0.480005 0.0371068 0.0384622 0.955251
0 0.500922 0.831945 0.0562105 0.0424848 0.954502
9 0.808741 0.216075 0.0381486 0.044423 0.948202
0 0.891729 0.395738 0.0570734 0.0408926 0.934405
8 0.861672 0.216253 0.0364592 0.0410575 0.925364
5 0.563864 0.830073 0.0366652 0.043386 0.915668
13 0.802952 0.386645 0.023313 0.0606351 0.915513
11 0.92078 0.119246 0.0373914 0.062148 0.915278
14 0.123254 0.814409 0.0192166 0.0632261 0.90096
9 0.834217 0.126208 0.0362334 0.0449527 0.8885
2 0.162881 0.824451 0.0304613 0.041358 0.88524
1 0.22387 0.923711 0.0381787 0.0561084 0.884091
7 0.532901 0.7504 0.0437262 0.0588984 0.814018
4 0.0171188 0.819215 0.0323078 0.0478542 0.804756
5 0.945821 0.740581 0.0349374 0.0401732 0.793926
13 0.895819 0.0321983 0.0304289 0.0643967 0.785897
2 0.110816 0.989299 0.0297148 0.0214014 0.758533
7 0.752241 0.664805 0.0412836 0.0564208 0.754248
13 0.337263 0.468666 0.023574 0.0602933 0.752044
0 0.984943 0.659533 0.0301149 0.0412288 0.618692
13 0.803341 0.120663 0.0237017 0.065204 0.57153
9 0.98309 0.738335 0.0338198 0.0426936 0.570648
27 0.806075 0.484877 0.0191164 0.0552889 0.540605
