10 0.0610962 0.901367 0.0273438 0.0683594 0.969727
0 0.158447 0.82666 0.0649414 0.046875 0.930176
5 0.112061 0.483398 0.0368652 0.0458984 0.921387
5 0.0384521 0.985352 0.0339355 0.0292969 0.920898
7 0.171387 0.75293 0.0380859 0.0664062 0.911133
0 0.122803 0.390137 0.0571289 0.0595703 0.907227
18 0.0786133 0.981934 0.0384521 0.0361328 0.905762
6 0.151001 0.483398 0.0402832 0.0419922 0.899902
8 0.0296631 0.657227 0.0396729 0.0419922 0.877441
0 0.0197144 0.48291 0.0391846 0.0478516 0.852051
18 0.0759277 0.393066 0.0351562 0.0532227 0.84375
6 0.10968 0.571289 0.0594482 0.0429688 0.84082
6 0.0950317 0.827637 0.0596924 0.0429688 0.835449
2 0.0811768 0.911133 0.0258789 0.0507812 0.820801
2 0.010025 0.912109 0.0197754 0.046875 0.801758
4 0.168579 0.384521 0.0390625 0.0708008 0.754883
13 0.0409851 0.808594 0.0236816 0.0820312 0.744629
1 0.170288 0.916016 0.0422363 0.078125 0.677246
13 0.0570679 0.558105 0.0219727 0.0712891 0.673828
6 0.0334091 0.571289 0.0563507 0.046875 0.609375
6 0.0227203 0.827148 0.044281 0.0449219 0.602051
13 0.0111084 0.384277 0.012207 0.0644531 0.563965
