18 0.481608 0.831232 0.0413222 0.0568722 0.961423
5 0.531972 0.764171 0.0347016 0.0352645 0.960028
22 0.435996 0.840447 0.0337367 0.0366166 0.947012
22 0.2494 0.458049 0.0362804 0.0377055 0.94594
0 0.244783 0.609027 0.052651 0.0370386 0.940805
6 0.858666 0.141874 0.0333457 0.0363411 0.938969
1 0.35764 0.85235 0.0364566 0.0536382 0.938028
0 0.750012 0.222611 0.0569663 0.0389825 0.912736
2 0.823637 0.142031 0.0290796 0.036397 0.899083
0 0.893296 0.68832 0.054086 0.0364704 0.898797
5 0.897872 0.14337 0.0330207 0.0366144 0.895237
6 0.39736 0.841673 0.0334682 0.0356171 0.886337
6 0.499251 0.919456 0.033874 0.0352535 0.875423
8 0.819501 0.302438 0.0351834 0.035882 0.872989
2 0.797226 0.222767 0.0289338 0.0362865 0.862011
8 0.354556 0.764411 0.03249 0.0356185 0.852404
24 0.985212 0.224814 0.0295769 0.0473668 0.846349
2 0.95371 0.220867 0.0291047 0.0358961 0.835105
9 0.872366 0.608993 0.0338571 0.0356455 0.833834
0 0.951797 0.687564 0.0525579 0.0341904 0.818078
4 0.74092 0.839503 0.0235618 0.0421416 0.814983
22 0.901098 0.377128 0.0338131 0.0371383 0.807017
1 0.97546 0.306984 0.0351576 0.0521334 0.792875
8 0.859706 0.379285 0.0352455 0.0359963 0.752756
5 0.062968 0.767882 0.0372253 0.0398328 0.748893
7 0.584275 0.772396 0.0385003 0.0519783 0.710881
9 0.987101 0.14187 0.0257978 0.037482 0.69678
14 0.796074 0.130648 0.015178 0.0578526 0.6826
1 0.226799 0.928622 0.0341706 0.0510325 0.682434
13 0.979558 0.0455659 0.0231528 0.0753569 0.665705
7 0.727742 0.92976 0.0632064 0.054471 0.635813
2 0.311659 0.842522 0.0295432 0.0363479 0.618626
6 0.100861 0.766128 0.0354612 0.0342284 0.601661
0 0.807439 0.533943 0.0552514 0.0367925 0.531436
