12 0.616211 0.126251 0.164062 0.154724 0.988281
1 0.549805 0.943848 0.0859375 0.112305 0.979004
38 0.813477 0.331055 0.123047 0.15918 0.976562
18 0.957031 0.725586 0.0859375 0.125 0.976074
2 0.962891 0.537109 0.0722656 0.0957031 0.973145
8 0.927734 0.342773 0.0839844 0.0908203 0.963867
6 0.645508 0.936523 0.0898438 0.09375 0.963867
11 0.876953 0.913086 0.146484 0.146484 0.957031
7 0.722656 0.759766 0.0859375 0.132812 0.952148
8 0.45459 0.931152 0.0898438 0.100586 0.950195
13 0.900879 0.51416 0.0380859 0.141602 0.935547
7 0.808594 0.564941 0.142578 0.133789 0.935547
13 0.887207 0.125519 0.046875 0.140076 0.90332
5 0.818359 0.735352 0.0898438 0.0917969 0.896973
18 0.552734 0.723633 0.129883 0.131836 0.888672
9 0.796875 0.141083 0.0888672 0.0942993 0.868652
6 0.954102 0.141388 0.0917969 0.0922241 0.741699
6 0.362305 0.936523 0.0898438 0.0957031 0.732422
5 0.739746 0.910156 0.0839844 0.144531 0.571777
8 0.98877 0.339355 0.0214844 0.09375 0.541016
