10 0.925781 0.749023 0.0361328 0.0644531 0.992188
12 0.560547 0.753906 0.0332031 0.0800781 0.983398
18 0.368652 0.826172 0.0371094 0.0527344 0.97998
21 0.36377 0.926758 0.0439453 0.0595703 0.978516
21 0.973633 0.105103 0.0390625 0.0588379 0.972656
2 0.967773 0.425781 0.0273438 0.0400391 0.970703
8 0.8125 0.172119 0.0351562 0.0400391 0.970215
0 0.719238 0.253906 0.0615234 0.0473633 0.967285
7 0.390137 0.0910645 0.0419922 0.0656738 0.961914
9 0.784668 0.838379 0.0361328 0.0439453 0.961426
8 0.630859 0.42041 0.0410156 0.0449219 0.960449
12 0.682617 0.913086 0.0332031 0.0664062 0.960449
2 0.592773 0.41748 0.03125 0.043457 0.954102
6 0.585449 0.838867 0.0390625 0.0429688 0.954102
7 0.805176 0.433594 0.0390625 0.0625 0.945801
7 0.459473 0.505859 0.0615234 0.0625 0.945801
14 0.625 0.980469 0.0214844 0.0390625 0.945801
6 0.729004 0.337891 0.0419922 0.0419922 0.945312
18 0.754883 0.584473 0.0371094 0.0527344 0.942871
2 0.780273 0.167725 0.0302734 0.0415039 0.941895
8 0.831055 0.758301 0.0429688 0.0439453 0.941895
4 0.505005 0.242676 0.0349121 0.0507812 0.939453
5 0.641602 0.922852 0.0390625 0.046875 0.939453
2 0.45166 0.989258 0.0288086 0.0214844 0.939453
9 0.943848 0.84082 0.0351562 0.0429688 0.9375
5 0.753418 0.0878906 0.0390625 0.0410156 0.937012
5 0.978516 0.59375 0.0371094 0.0429688 0.936523
8 0.59668 0.671875 0.0390625 0.0429688 0.936035
5 0.834961 0.841309 0.0351562 0.0410156 0.936035
11 0.469727 0.0746002 0.0380859 0.0644226 0.935059
5 0.922363 0.090332 0.0380859 0.0393066 0.934082
9 0.981445 0.174316 0.0332031 0.041748 0.931152
18 0.608887 0.162842 0.0380859 0.0522461 0.930176
18 0.76123 0.989258 0.0371094 0.0214844 0.930176
9 0.768555 0.333984 0.0351562 0.0463867 0.929199
5 0.450195 0.919434 0.0380859 0.0439453 0.927246
18 0.881348 0.834961 0.0449219 0.0537109 0.925293
9 0.509277 0.754395 0.0361328 0.046875 0.924805
0 0.765625 0.755371 0.0566406 0.0458984 0.923828
8 0.678223 0.757324 0.0351562 0.0410156 0.923828
5 0.625488 0.33252 0.0400391 0.0458984 0.922363
5 0.901367 0.173584 0.0371094 0.0439453 0.920898
7 0.398438 0.172729 0.0693359 0.0625 0.917969
5 0.689941 0.672852 0.0380859 0.0429688 0.916504
11 0.536133 0.979004 0.0390625 0.0419922 0.915527
8 0.879883 0.0892334 0.0429688 0.0419922 0.910645
0 0.456543 0.239502 0.0634766 0.0551758 0.910645
2 0.826172 0.504883 0.03125 0.0458984 0.910645
2 0.494873 0.164307 0.0327148 0.0439453 0.90918
6 0.941406 0.174316 0.0410156 0.0419922 0.90918
6 0.483887 0.584473 0.0380859 0.0429688 0.908203
18 0.411621 0.57666 0.0371094 0.0517578 0.905273
6 0.549805 0.923828 0.0400391 0.0429688 0.903809
0 0.877441 0.675781 0.0527344 0.0400391 0.902832
0 0.773438 0.674805 0.0585938 0.046875 0.901855
6 0.431152 0.0847778 0.0380859 0.0445557 0.899902
2 0.84668 0.171021 0.0292969 0.0424805 0.899902
2 0.67041 0.168701 0.0341797 0.0419922 0.898926
16 0.990234 0.84375 0.0195312 0.0429688 0.898438
1 0.860352 0.262695 0.0400391 0.0668945 0.896973
23 0.931641 0.3396 0.0351562 0.0405273 0.893066
2 0.875 0.924316 0.0332031 0.046875 0.891113
10 0.535156 0.405762 0.0371094 0.0644531 0.888672
1 0.505859 0.926758 0.0419922 0.0654297 0.888672
6 0.936035 0.591309 0.0429688 0.0400391 0.885742
22 0.71582 0.424316 0.0351562 0.0439453 0.884277
6 0.94043 0.0155334 0.0371094 0.0309143 0.882324
13 0.914062 0.828125 0.0195312 0.0722656 0.881836
12 0.512207 0.0767212 0.0361328 0.0640869 0.880859
21 0.652832 0.262146 0.0654297 0.0596924 0.879883
22 0.942383 0.509277 0.0351562 0.0419922 0.879883
7 0.584473 0.344727 0.0400391 0.0615234 0.878906
21 0.664551 0.600586 0.0380859 0.0585938 0.878418
10 0.46167 0.571289 0.03125 0.0742188 0.874023
8 0.422363 0.749023 0.0375977 0.0488281 0.874023
14 0.566406 0.406738 0.0195312 0.0644531 0.873047
8 0.788574 0.509644 0.0361328 0.0412598 0.871582
13 0.788086 0.575195 0.0253906 0.0742188 0.867188
5 0.716797 0.755859 0.0390625 0.0449219 0.865234
13 0.398193 0.817383 0.0200195 0.0751953 0.861328
14 0.873047 0.16272 0.0195312 0.0656738 0.86084
0 0.970215 0.676758 0.0576172 0.0429688 0.85791
2 0.644531 0.754883 0.03125 0.0449219 0.851074
22 0.893555 0.424316 0.0332031 0.0463867 0.850098
2 0.941406 0.25415 0.03125 0.050293 0.848145
13 0.793945 0.911133 0.0195312 0.0664062 0.839844
2 0.594727 0.753906 0.0302734 0.0410156 0.838867
5 0.589355 0.914551 0.0390625 0.0615234 0.836426
18 0.503418 0.831543 0.0371094 0.0517578 0.835449
6 0.385742 0.666016 0.0625 0.0429688 0.829102
13 0.992676 0.663574 0.0146484 0.0625 0.82666
13 0.641602 0.156494 0.0263672 0.0620117 0.825684
1 0.720703 0.93457 0.0400391 0.0683594 0.819824
2 0.5625 0.667969 0.0253906 0.0410156 0.809082
0 0.830078 0.336426 0.0576172 0.046875 0.803223
8 0.837891 0.0158539 0.0400391 0.0317078 0.800781
18 0.974609 0.929199 0.0507812 0.0458984 0.79834
5 0.533203 0.495117 0.0390625 0.0664062 0.796875
38 0.869629 0.583008 0.0820312 0.0683594 0.788086
8 0.962891 0.761719 0.0371094 0.0429688 0.786621
4 0.894531 0.500977 0.0351562 0.0527344 0.779785
5 0.791016 0.015213 0.0488281 0.030426 0.778809
6 0.76709 0.923828 0.0439453 0.0410156 0.778809
6 0.599609 0.0131836 0.0371094 0.0263672 0.774414
6 0.462158 0.329102 0.0371094 0.0478516 0.771973
18 0.82373 0.921387 0.0380859 0.0478516 0.771973
7 0.976562 0.0248566 0.0390625 0.0497131 0.764648
13 0.74707 0.830566 0.0371094 0.0917969 0.764648
22 0.48291 0.414062 0.0361328 0.0449219 0.762207
2 0.46875 0.835938 0.0302734 0.0458984 0.759277
5 0.374756 0.580566 0.0400391 0.046875 0.756348
8 0.933594 0.425293 0.0400391 0.0449219 0.751953
4 0.796387 0.249268 0.0615234 0.0537109 0.750488
22 0.921875 0.675781 0.0332031 0.0410156 0.746094
18 0.993652 0.756836 0.0126953 0.0488281 0.73877
14 0.504028 0.489746 0.017334 0.0664062 0.73584
4 0.62207 0.832031 0.0351562 0.0527344 0.710449
5 0.639648 0.012886 0.0390625 0.0257721 0.700684
0 0.500122 0.333008 0.0368652 0.0410156 0.694336
13 0.664062 0.0894165 0.015625 0.0421143 0.680664
6 0.543945 0.828125 0.0419922 0.0605469 0.677246
18 0.369141 0.98584 0.0439453 0.0283203 0.677246
5 0.858887 0.496582 0.0341797 0.0634766 0.658203
6 0.594727 0.250488 0.0566406 0.0400391 0.65332
5 0.719727 0.989258 0.0410156 0.0214844 0.651367
18 0.465332 0.011795 0.0546875 0.0235901 0.618652
2 0.710938 0.587891 0.0527344 0.0429688 0.616699
14 0.660645 0.661133 0.0224609 0.0683594 0.616699
18 0.675781 0.415527 0.0458984 0.0498047 0.611328
2 0.632812 0.671875 0.0302734 0.0429688 0.607422
22 0.899902 0.0154037 0.0351562 0.0308075 0.598145
18 0.872559 0.748047 0.0361328 0.0605469 0.596191
22 0.547852 0.249023 0.0332031 0.0458984 0.562012
6 0.905273 0.245117 0.0400391 0.0644531 0.562012
0 0.900391 0.992676 0.0546875 0.0146484 0.550781
4 0.439453 0.408691 0.046875 0.0576172 0.542969
15 0.404785 0.318604 0.0820312 0.0698242 0.523438
6 0.979492 0.340332 0.0410156 0.0463867 0.519531
2 0.800781 0.0894775 0.0527344 0.0407715 0.515625
2 0.672852 0.252441 0.03125 0.0439453 0.505859
