21 0.975586 0.835938 0.0410156 0.0585938 0.987793
10 0.670898 0.478271 0.0371094 0.0668945 0.973633
15 0.931641 0.641602 0.0761719 0.0664062 0.972656
2 0.702148 0.396484 0.0556641 0.0517578 0.972168
0 0.63623 0.912109 0.0615234 0.046875 0.968262
12 0.814941 0.486328 0.0361328 0.0820312 0.967773
0 0.612305 0.985352 0.0605469 0.0292969 0.960449
8 0.745117 0.573242 0.0410156 0.0429688 0.955566
0 0.726562 0.743164 0.0615234 0.046875 0.954102
4 0.458496 0.911133 0.0317383 0.0488281 0.95166
2 0.853516 0.484375 0.03125 0.0449219 0.950195
7 0.6875 0.92334 0.0410156 0.0556641 0.950195
2 0.950195 0.983398 0.0332031 0.0332031 0.94873
0 0.601562 0.490234 0.0546875 0.0410156 0.944824
21 0.806152 0.751953 0.0664062 0.0664062 0.941895
2 0.762695 0.65625 0.0332031 0.0458984 0.938965
6 0.865723 0.908203 0.0410156 0.0410156 0.938965
0 0.54541 0.404053 0.0634766 0.0600586 0.937012
7 0.894531 0.831055 0.0400391 0.0644531 0.933594
13 0.342773 0.478516 0.0263672 0.0830078 0.932129
18 0.589844 0.825195 0.0400391 0.0527344 0.931641
21 0.927734 0.918945 0.078125 0.0605469 0.929199
2 0.496582 0.404785 0.0332031 0.0537109 0.92627
5 0.980469 0.736816 0.0380859 0.0458984 0.923828
2 0.302734 0.57959 0.0361328 0.0478516 0.913086
0 0.660645 0.659668 0.0625 0.0507812 0.912598
5 0.865234 0.984863 0.0351562 0.0302734 0.908691
7 0.823242 0.916016 0.0429688 0.0634766 0.902832
7 0.816406 0.411133 0.0390625 0.0644531 0.899902
0 0.449463 0.404785 0.0581055 0.0546875 0.897461
22 0.507324 0.829102 0.0341797 0.0410156 0.896484
13 0.623047 0.819336 0.0273438 0.0703125 0.893066
13 0.422363 0.562988 0.0195312 0.0683594 0.891113
7 0.632812 0.581055 0.0527344 0.0664062 0.881836
18 0.732422 0.822266 0.0546875 0.0546875 0.880859
4 0.879883 0.393066 0.0351562 0.0576172 0.879883
18 0.391602 0.574219 0.0419922 0.0546875 0.878906
9 0.770508 0.906738 0.0371094 0.0498047 0.878906
18 0.706055 0.983398 0.0507812 0.0332031 0.875
4 0.768555 0.482422 0.0351562 0.0556641 0.870605
6 0.713867 0.648926 0.0449219 0.0654297 0.858887
6 0.729004 0.911133 0.0439453 0.0429688 0.852051
7 0.463867 0.841797 0.0458984 0.0634766 0.847168
21 0.60791 0.404297 0.0556641 0.0507812 0.842773
13 0.850586 0.38623 0.0253906 0.0761719 0.84082
5 0.803711 0.980957 0.0371094 0.0380859 0.838867
4 0.650879 0.822266 0.0302734 0.0546875 0.834473
5 0.982422 0.557617 0.0351562 0.0703125 0.827637
2 0.833984 0.655762 0.0332031 0.0478516 0.82666
4 0.955078 0.391602 0.03125 0.0620117 0.811523
10 0.917969 0.729492 0.0332031 0.0703125 0.805664
6 0.673828 0.743164 0.0429688 0.0449219 0.805664
18 0.484375 0.983398 0.0400391 0.0332031 0.801758
6 0.384521 0.990234 0.0244141 0.0195312 0.794434
6 0.935547 0.820801 0.0390625 0.046875 0.778809
4 0.780273 0.563965 0.0332031 0.0585938 0.766113
2 0.439697 0.75 0.0253906 0.0429688 0.759277
4 0.836426 0.56543 0.0302734 0.0546875 0.759277
6 0.932617 0.737305 0.0517578 0.0585938 0.743164
8 0.548828 0.828125 0.0449219 0.0507812 0.720215
2 0.664062 0.986816 0.0322266 0.0263672 0.712402
10 0.364746 0.737305 0.0380859 0.0664062 0.708984
2 0.588867 0.911133 0.03125 0.046875 0.70752
11 0.78418 0.817383 0.0507812 0.0625 0.695801
0 0.549805 0.490234 0.046875 0.0458984 0.692871
2 0.98291 0.903809 0.0302734 0.0537109 0.660156
22 0.359619 0.833008 0.0366211 0.0429688 0.65332
18 0.580078 0.574707 0.0507812 0.0449219 0.647949
35 0.657227 0.398438 0.0351562 0.0561523 0.638672
0 0.69043 0.571289 0.0644531 0.0449219 0.598145
14 0.306641 0.976562 0.0283203 0.046875 0.59082
14 0.955078 0.556641 0.0195312 0.0703125 0.588867
18 0.770996 0.396484 0.0517578 0.0483398 0.584961
18 0.362061 0.408691 0.0307617 0.0419922 0.584961
12 0.993164 0.472168 0.0136719 0.0712891 0.583008
13 0.834961 0.967285 0.0214844 0.0654297 0.581543
2 0.460449 0.57666 0.050293 0.0449219 0.542969
22 0.562012 0.987305 0.0341797 0.0253906 0.542969
