9 0.147095 0.0891113 0.0397949 0.0449219 0.947266
21 0.0296631 0.103699 0.0408936 0.0582275 0.933105
6 0.0650482 0.0908203 0.0368958 0.0411377 0.925781
5 0.0981445 0.255432 0.0334473 0.0438232 0.908203
5 0.0319519 0.345703 0.038147 0.050293 0.891113
13 0.115356 0.0804596 0.0256348 0.0649109 0.887207
10 0.0657959 0.246582 0.0438232 0.0673828 0.876465
13 0.0066452 0.32666 0.0131836 0.0771484 0.72168
13 0.00424957 0.0864258 0.00846863 0.0657959 0.720215
6 0.151581 0.0153656 0.0650024 0.0306702 0.715332
8 0.0240479 0.0156708 0.0454102 0.0312805 0.668945
0 0.0214996 0.248047 0.0426941 0.065918 0.558105
