10 0.0789185 0.373047 0.0360107 0.0644531 0.980469
18 0.92334 0.449707 0.046875 0.0654297 0.969727
8 0.949219 0.302246 0.0371094 0.0419922 0.963867
5 0.713867 0.381348 0.0351562 0.0400391 0.95752
9 0.833984 0.144653 0.0371094 0.0405273 0.952637
5 0.294922 0.38623 0.0400391 0.0380859 0.947266
21 0.4375 0.390137 0.0498047 0.0615234 0.946289
13 0.211182 0.0586548 0.0209961 0.0704346 0.944824
18 0.176147 0.0615234 0.0432129 0.0627441 0.942383
5 0.284424 0.0713043 0.0356445 0.0419617 0.940918
2 0.53418 0.144501 0.0351562 0.0391235 0.939941
10 0.392578 0.371094 0.0341797 0.0649414 0.939453
21 0.887207 0.0743408 0.0498047 0.0593262 0.937988
2 0.924805 0.06604 0.0292969 0.0358887 0.933594
6 0.70752 0.150024 0.0371094 0.0422363 0.933105
5 0.456055 0.0725098 0.0356445 0.0421143 0.932129
2 0.740234 0.459229 0.0556641 0.0449219 0.928711
10 0.281494 0.451172 0.0322266 0.065918 0.927246
2 0.914062 0.301758 0.0292969 0.0380859 0.92627
7 0.816406 0.308594 0.0410156 0.0517578 0.92041
2 0.857422 0.303223 0.0332031 0.0400391 0.911621
18 0.981445 0.367188 0.0371094 0.0585938 0.909668
7 0.314453 0.156982 0.0410156 0.0568848 0.905762
0 0.425781 0.307617 0.0522461 0.0410156 0.905762
9 0.666504 0.0663452 0.0361328 0.0406494 0.901367
5 0.878418 0.459961 0.0380859 0.0439453 0.898926
2 0.832031 0.066391 0.0302734 0.0383606 0.897461
0 0.977051 0.460693 0.0458984 0.0444336 0.896973
22 0.264648 0.14978 0.0341797 0.0407715 0.896484
8 0.336426 0.463379 0.0371094 0.0410156 0.896484
18 0.358398 0.300781 0.0576172 0.0517578 0.895508
2 0.11438 0.463867 0.0290527 0.0390625 0.89502
13 0.680176 0.136353 0.0195312 0.0722656 0.888184
6 0.626953 0.383057 0.0380859 0.0366211 0.888184
7 0.629883 0.154907 0.0556641 0.057373 0.884766
2 0.594727 0.304443 0.03125 0.0400391 0.879883
4 0.492188 0.145966 0.0253906 0.0488892 0.874023
8 0.861816 0.225586 0.0371094 0.0463867 0.874023
10 0.632812 0.449707 0.0371094 0.0693359 0.874023
2 0.249878 0.460938 0.0314941 0.0449219 0.868164
4 0.133911 0.224365 0.0297852 0.0456543 0.862305
8 0.136719 0.385254 0.041748 0.0410156 0.853027
6 0.586914 0.225464 0.0332031 0.0390625 0.852051
8 0.71875 0.226807 0.0380859 0.043457 0.84375
22 0.759277 0.22522 0.0351562 0.041748 0.84082
4 0.543945 0.380371 0.0244141 0.046875 0.84082
2 0.257568 0.308105 0.0307617 0.0463867 0.831055
2 0.302246 0.462646 0.0292969 0.0424805 0.823242
7 0.190674 0.467041 0.0400391 0.0625 0.823242
6 0.450684 0.151001 0.0522461 0.0395508 0.810547
2 0.187866 0.00659943 0.0314941 0.0131989 0.805664
0 0.30127 0.307129 0.0507812 0.0400391 0.79834
9 0.904785 0.225586 0.0361328 0.0439453 0.785156
6 0.240234 0.385986 0.0317383 0.0375977 0.785156
8 0.362061 0.0728912 0.0366211 0.0400085 0.778809
23 0.251221 0.228027 0.0292969 0.0432129 0.775879
6 0.743652 0.0716553 0.0195312 0.0390625 0.766113
10 0.800781 0.0570068 0.046875 0.0646973 0.764648
13 0.65332 0.370117 0.0234375 0.0673828 0.754883
46 0.194824 0.233276 0.0834961 0.0612793 0.750488
18 0.970215 0.218262 0.0537109 0.0517578 0.746094
13 0.765625 0.0567627 0.0195312 0.0748291 0.743164
9 0.624023 0.223389 0.0361328 0.0439453 0.740234
4 0.0703125 0.307129 0.0267334 0.0429688 0.740234
4 0.782227 0.301758 0.0253906 0.0478516 0.737305
12 0.832031 0.457031 0.0390625 0.0800781 0.728027
9 0.135376 0.00575638 0.034668 0.0115128 0.72168
18 0.243042 0.00770569 0.052002 0.0153046 0.708984
2 0.661133 0.460449 0.0449219 0.0415039 0.700684
2 0.878906 0.14563 0.0283203 0.0402832 0.697754
10 0.71582 0.0603943 0.0400391 0.0632935 0.6875
13 0.467041 0.213501 0.0209961 0.0712891 0.675781
6 0.496582 0.227295 0.0390625 0.0407715 0.672363
6 0.55957 0.303955 0.0332031 0.0424805 0.668945
8 0.476562 0.383301 0.0351562 0.0410156 0.668945
18 0.220947 0.147217 0.0537109 0.0439453 0.662109
0 0.979492 0.149658 0.0390625 0.050293 0.647949
6 0.0977783 0.00857544 0.0334473 0.0170898 0.625977
2 0.688477 0.302002 0.03125 0.0390625 0.616699
19 0.0997314 0.385742 0.0310059 0.0390625 0.609375
13 0.172729 0.29541 0.0170898 0.0615234 0.562012
7 0.59082 0.0140686 0.0175781 0.0280151 0.556641
18 0.350098 0.381348 0.0517578 0.0498047 0.535156
6 0.432861 0.150879 0.019043 0.0371094 0.53125
10 0.542969 0.215576 0.0507812 0.0673828 0.523438
0 0.987793 0.0670776 0.0244141 0.036499 0.521484
19 0.248291 0.069809 0.0327148 0.0420227 0.517578
