18 0.132599 0.0280762 0.0424194 0.0561523 0.977051
10 0.538086 0.272949 0.0371094 0.0766602 0.962891
2 0.517578 0.429932 0.0292969 0.0390625 0.94873
5 0.356445 0.271973 0.0351562 0.0385742 0.946777
13 0.563477 0.107666 0.0195312 0.0649414 0.944336
7 0.321777 0.199219 0.0419922 0.0556641 0.94043
0 0.417969 0.0414429 0.0527344 0.0430908 0.936523
6 0.553711 0.355957 0.0332031 0.0390625 0.935547
24 0.61377 0.205322 0.0410156 0.0454102 0.935059
18 0.120605 0.255127 0.0446777 0.0620117 0.933594
18 0.0919189 0.418213 0.0427246 0.0546875 0.932617
2 0.628906 0.123169 0.0332031 0.0371094 0.932129
0 0.339355 0.432129 0.0537109 0.0419922 0.932129
5 0.278809 0.0370789 0.0341797 0.0368652 0.926758
13 0.125732 0.412354 0.0205078 0.0805664 0.919434
8 0.437012 0.19873 0.0351562 0.0375977 0.915039
8 0.583984 0.433838 0.0351562 0.0390625 0.915039
14 0.600586 0.111938 0.015625 0.0610352 0.911621
10 0.503418 0.1073 0.0322266 0.0637207 0.906738
10 0.0703735 0.179932 0.0330811 0.0644531 0.906738
6 0.171021 0.426758 0.0361328 0.0390625 0.905762
5 0.0531006 0.347168 0.0357666 0.0390625 0.897461
13 0.00894928 0.030899 0.0177765 0.0608215 0.891602
5 0.399414 0.19873 0.0332031 0.0375977 0.891602
5 0.608398 0.356689 0.0351562 0.0371094 0.878906
5 0.0769653 0.112244 0.0385742 0.0384521 0.869629
7 0.496338 0.357666 0.0395508 0.0585938 0.867188
14 0.204224 0.0285339 0.0161133 0.0565796 0.851074
2 0.643555 0.361084 0.0214844 0.0239258 0.842773
6 0.397949 0.351562 0.0390625 0.0380859 0.839844
4 0.051239 0.425781 0.0250854 0.0507812 0.819824
12 0.410156 0.2724 0.0380859 0.0831299 0.788086
13 0.578125 0.046814 0.00878906 0.0286865 0.713867
2 0.502441 0.0412598 0.0332031 0.0392456 0.704102
6 0.174927 0.035347 0.0358887 0.0475922 0.699219
10 0.076355 0.261658 0.0383301 0.0665283 0.695801
4 0.471191 0.195068 0.0234375 0.0449219 0.679199
6 0.212769 0.428223 0.0437012 0.0410156 0.666992
13 0.223877 0.030014 0.0200195 0.0583191 0.658203
6 0.249634 0.114746 0.045166 0.0393066 0.654785
2 0.592285 0.276123 0.0292969 0.0375977 0.638672
13 0.0497437 0.0992432 0.0145264 0.0627441 0.625977
6 0.499268 0.198242 0.0327148 0.0371094 0.607422
18 0.0333176 0.116455 0.0434723 0.041748 0.556641
2 0.395996 0.117065 0.0322266 0.0393066 0.548828
4 0.546875 0.431641 0.0214844 0.0566406 0.535156
13 0.58252 0.110535 0.0136719 0.0616455 0.519531
2 0.646484 0.195557 0.0224609 0.034668 0.505859
7 0.480713 0.282227 0.0668945 0.0556641 0.503906
6 0.0188141 0.427246 0.037323 0.0439453 0.503906
