4 0.252197 0.96875 0.0297852 0.0517578 0.982422
18 0.708008 0.973145 0.0410156 0.0537109 0.982422
38 0.0213928 0.692871 0.0427856 0.0654297 0.97998
7 0.649414 0.724121 0.046875 0.0634766 0.978027
7 0.491211 0.543457 0.046875 0.0664062 0.976562
18 0.791504 0.70752 0.0439453 0.0585938 0.970703
2 0.954102 0.722656 0.0332031 0.0488281 0.96875
9 0.427002 0.708984 0.0424805 0.0449219 0.961914
18 0.70459 0.794922 0.0458984 0.0634766 0.959961
2 0.935547 0.542969 0.0292969 0.046875 0.955078
5 0.790039 0.806641 0.0351562 0.0458984 0.952637
18 0.592773 0.881836 0.0585938 0.0566406 0.952148
2 0.187134 0.795898 0.0300293 0.0449219 0.95166
5 0.442871 0.624512 0.0366211 0.0439453 0.951172
11 0.277344 0.876953 0.0380859 0.0615234 0.94873
5 0.572266 0.975586 0.0449219 0.0488281 0.947266
14 0.910156 0.532349 0.0214844 0.0661621 0.944336
9 0.522461 0.890137 0.0410156 0.046875 0.943848
10 0.451172 0.789551 0.03125 0.0654297 0.938477
7 0.215576 0.899414 0.043457 0.0625 0.938477
22 0.415527 0.889648 0.0390625 0.0390625 0.937012
4 0.47998 0.62207 0.0351562 0.0546875 0.937012
13 0.682129 0.70166 0.0205078 0.0693359 0.935059
9 0.90625 0.719727 0.0410156 0.046875 0.934082
13 0.396729 0.696289 0.0219727 0.0751953 0.931152
5 0.655273 0.625 0.0361328 0.0429688 0.930176
0 0.616699 0.802734 0.0615234 0.0449219 0.926758
2 0.831055 0.628906 0.0546875 0.0449219 0.925781
5 0.0177002 0.616211 0.0354004 0.0449219 0.922363
18 0.111267 0.787598 0.0594482 0.0556641 0.922363
8 0.631836 0.977051 0.0429688 0.0449219 0.920898
13 0.412598 0.604492 0.0214844 0.0859375 0.919434
2 0.665039 0.804688 0.0332031 0.0458984 0.919434
4 0.560547 0.708008 0.0292969 0.0507812 0.918945
9 0.363037 0.890625 0.0424805 0.046875 0.918457
10 0.797852 0.620117 0.0332031 0.0683594 0.917969
0 0.866211 0.898438 0.0625 0.046875 0.917969
10 0.0845947 0.961914 0.043335 0.0683594 0.917969
11 0.126587 0.698242 0.0395508 0.0644531 0.916504
9 0.0189819 0.880859 0.0377808 0.0488281 0.916016
13 0.869141 0.619141 0.0214844 0.0722656 0.914062
11 0.710938 0.704102 0.0390625 0.0625 0.914062
13 0.630859 0.608887 0.0175781 0.0761719 0.90918
18 0.379883 0.61377 0.0419922 0.0585938 0.906738
14 0.950195 0.890625 0.0214844 0.0664062 0.90332
14 0.133331 0.869141 0.0233765 0.0722656 0.901367
5 0.473389 0.975098 0.0629883 0.0449219 0.898438
11 0.364258 0.70166 0.0390625 0.0644531 0.895508
7 0.547363 0.635742 0.0771484 0.0625 0.892578
10 0.986328 0.719727 0.0273438 0.0654297 0.892578
2 0.102905 0.529785 0.0334473 0.0458984 0.890137
22 0.109375 0.970703 0.0405273 0.0429688 0.890137
11 0.879883 0.531738 0.0390625 0.0625 0.884766
0 0.692383 0.893555 0.0605469 0.0449219 0.884766
5 0.966797 0.983398 0.0351562 0.0332031 0.882324
2 0.670898 0.979492 0.03125 0.0410156 0.879883
8 0.142365 0.525879 0.0443726 0.0566406 0.878418
5 0.480713 0.710938 0.0375977 0.0449219 0.875977
0 0.0508118 0.794922 0.0584106 0.0410156 0.872559
5 0.898438 0.630859 0.0361328 0.0478516 0.868164
5 0.803711 0.890625 0.0390625 0.0585938 0.866211
22 0.30127 0.799805 0.0380859 0.0410156 0.864258
2 0.364746 0.979492 0.0322266 0.0400391 0.862305
2 0.800781 0.981445 0.0332031 0.0371094 0.861328
0 0.740723 0.623047 0.0810547 0.0507812 0.86084
9 0.768066 0.537598 0.0419922 0.0478516 0.855957
0 0.263611 0.527466 0.0782471 0.0583496 0.838867
4 0.140381 0.616211 0.0317383 0.0507812 0.832031
13 0.738281 0.791992 0.0205078 0.0722656 0.830078
2 0.472656 0.80127 0.03125 0.0419922 0.819824
8 0.763672 0.895508 0.0390625 0.0458984 0.818848
5 0.992188 0.897949 0.015625 0.0507812 0.817383
6 0.640625 0.891602 0.0371094 0.0429688 0.812988
22 0.171875 0.884766 0.0375977 0.0400391 0.789062
6 0.319092 0.891113 0.0385742 0.0439453 0.78125
6 0.10144 0.618164 0.0456543 0.0449219 0.769043
2 0.831543 0.716309 0.03125 0.0488281 0.757812
22 0.873535 0.808594 0.0400391 0.046875 0.754883
7 0.327148 0.628906 0.0600586 0.0664062 0.741699
46 0.0839844 0.884766 0.0687256 0.0449219 0.741699
22 0.570312 0.537109 0.0410156 0.0546875 0.740234
10 0.327148 0.520508 0.0429688 0.0693359 0.73877
2 0.342285 0.533203 0.0332031 0.0449219 0.712402
1 0.0279541 0.964355 0.0427246 0.0703125 0.705566
5 0.469727 0.886719 0.0644531 0.0410156 0.702637
18 0.831055 0.798828 0.0439453 0.0625 0.700684
4 0.933594 0.807617 0.0292969 0.0488281 0.694336
6 0.284668 0.973633 0.0371094 0.0449219 0.689453
6 0.841797 0.539062 0.0390625 0.046875 0.6875
13 0.248047 0.875977 0.0214844 0.0625 0.6875
13 0.401123 0.509888 0.0166016 0.0739746 0.682617
13 0.0312347 0.782227 0.0212708 0.0625 0.662109
6 0.0874023 0.70752 0.0373535 0.0488281 0.615234
4 0.527344 0.967773 0.0429688 0.0625 0.604004
6 0.918945 0.898438 0.0410156 0.0488281 0.575684
6 0.537109 0.802734 0.0332031 0.046875 0.544922
12 0.71582 0.526367 0.0585938 0.0693359 0.533203
0 0.654297 0.534668 0.0664062 0.0517578 0.517578
4 0.320312 0.979492 0.0302734 0.0390625 0.513672
13 0.171631 0.691895 0.0446777 0.0791016 0.511719
6 0.751953 0.970703 0.0429688 0.0585938 0.509766
13 0.774414 0.589844 0.015625 0.03125 0.507812
13 0.0770874 0.515747 0.0236816 0.0739746 0.501953
