18 0.913416 0.587618 0.0386877 0.0502611 0.97324
11 0.887053 0.413956 0.0374244 0.0625253 0.964711
9 0.478874 0.847407 0.0355339 0.042662 0.948665
0 0.271377 0.851034 0.0619656 0.0434452 0.941192
0 0.819873 0.673567 0.0612977 0.0432982 0.937852
23 0.743598 0.925852 0.0329754 0.0387578 0.925117
8 0.0627648 0.85558 0.0396304 0.0389116 0.90977
9 0.441927 0.934632 0.037773 0.0450158 0.905333
5 0.927922 0.424692 0.0373874 0.041968 0.902911
13 0.850979 0.166592 0.0284091 0.0682998 0.854813
14 0.944641 0.328699 0.0191137 0.0631905 0.820807
9 0.820614 0.590222 0.0344355 0.0417274 0.754005
1 0.870587 0.602607 0.036536 0.0601038 0.716868
0 0.756612 0.0930056 0.0621986 0.0405006 0.670846
1 0.853244 0.267707 0.0383775 0.0629435 0.659511
8 0.587249 0.764526 0.0395153 0.0402644 0.649376
13 0.498067 0.986801 0.0257143 0.0263989 0.62372
18 0.689974 0.990739 0.0366412 0.0185211 0.545344
2 0.72431 0.677553 0.0307955 0.0417483 0.525554
