4 0.128784 0.112244 0.0668945 0.110962 0.981445
7 0.0430298 0.931641 0.0860596 0.134766 0.972656
2 0.311035 0.522949 0.0683594 0.0927734 0.947754
5 0.0218048 0.714355 0.0436096 0.0966797 0.941895
18 0.278076 0.703125 0.121582 0.123047 0.924805
2 0.191162 0.121948 0.0585938 0.088623 0.92041
5 0.0310516 0.520508 0.0621033 0.0996094 0.905273
0 0.280334 0.344971 0.120972 0.128418 0.901855
18 0.155396 0.899414 0.120117 0.123047 0.888672
4 0.083252 0.310547 0.0898438 0.103516 0.822266
0 0.281189 0.145142 0.116333 0.139404 0.786621
20 0.987793 0.381348 0.0244141 0.101562 0.62793
