11 0.52832 0.830566 0.0898438 0.142578 0.981934
23 0.812988 0.269043 0.0712891 0.0898438 0.975586
4 0.711914 0.850586 0.078125 0.120117 0.972168
22 0.816406 0.861328 0.0878906 0.0898438 0.962891
2 0.115112 0.849121 0.0737305 0.0976562 0.958984
0 0.90332 0.670898 0.140625 0.09375 0.95752
8 0.201904 0.853516 0.0981445 0.0986328 0.952637
8 0.907715 0.864258 0.0888672 0.0859375 0.950195
2 0.775879 0.660645 0.0751953 0.0966797 0.921875
8 0.93457 0.450195 0.09375 0.137695 0.916016
2 0.808105 0.0786743 0.0712891 0.0899658 0.908203
5 0.988281 0.641113 0.0234375 0.145508 0.905273
0 0.935547 0.0852051 0.128906 0.0925293 0.893066
46 0.666016 0.467041 0.166992 0.0913086 0.86084
6 0.210327 0.261719 0.143799 0.0957031 0.82666
6 0.402832 0.461182 0.154297 0.097168 0.812988
14 0.552734 0.980469 0.0488281 0.0390625 0.79834
5 0.0138016 0.0591431 0.0276031 0.11499 0.796875
4 0.991211 0.462158 0.0175781 0.123535 0.78418
8 0.627441 0.838379 0.0927734 0.137695 0.775879
7 0.141846 0.448242 0.166992 0.201172 0.73584
22 0.429932 0.854492 0.0893555 0.0917969 0.713867
14 0.187988 0.980469 0.0449219 0.0390625 0.686035
4 0.0193481 0.262634 0.0386353 0.210083 0.651367
13 0.257568 0.234253 0.0556641 0.153564 0.615234
13 0.96582 0.842773 0.0683594 0.142578 0.604004
6 0.0487366 0.658203 0.0973511 0.0976562 0.598145
7 0.034729 0.891602 0.069458 0.205078 0.594727
18 0.363281 0.251709 0.140625 0.124023 0.588867
4 0.307617 0.851562 0.101562 0.101562 0.501953
