2 0.654765 0.793221 0.0292683 0.0396087 0.942744
8 0.633651 0.875042 0.0372782 0.0395935 0.926108
5 0.839126 0.295348 0.0375209 0.0442793 0.913768
4 0.873033 0.294235 0.0302985 0.042376 0.912126
4 0.669561 0.869103 0.0296896 0.0454509 0.889322
14 0.627254 0.783843 0.0198262 0.0599885 0.878833
2 0.464679 0.800871 0.0289577 0.0415975 0.857975
13 0.670464 0.204005 0.0278115 0.0670754 0.832909
9 0.310747 0.805765 0.0357963 0.0421991 0.740276
9 0.952564 0.706691 0.0375247 0.0448589 0.606048
13 0.42398 0.71292 0.0234355 0.0666736 0.597292
6 0.864722 0.210558 0.0384591 0.0379801 0.536982
