4 0.307129 0.774902 0.0654297 0.110352 0.979492
9 0.0695801 0.191895 0.0805664 0.0935059 0.976074
2 0.304199 0.189453 0.0605469 0.0898438 0.970703
8 0.204834 0.96875 0.0830078 0.0625 0.969238
2 0.113647 0.96875 0.0693359 0.0625 0.965332
23 0.0811768 0.390869 0.0666504 0.0864258 0.963867
5 0.234375 0.78418 0.0766602 0.0917969 0.961914
11 0.151733 0.765625 0.0808105 0.136719 0.960449
8 0.171997 0.0210724 0.0827637 0.0421448 0.95752
5 0.0857086 0.021759 0.0746765 0.0435181 0.945312
23 0.242065 0.191772 0.0622559 0.0844727 0.944824
0 0.187012 0.591797 0.126465 0.0957031 0.926758
4 0.0201111 0.570312 0.0400391 0.130859 0.89502
22 0.0639038 0.788086 0.0772705 0.0878906 0.871582
11 0.0344543 0.948242 0.0687866 0.103516 0.863281
5 0.0122528 0.197144 0.0244751 0.0900879 0.762207
