6 0.170898 0.744141 0.0332031 0.0371094 0.97998
12 0.0074234 0.112061 0.0147858 0.0629883 0.973633
10 0.137451 0.96582 0.0344238 0.0664062 0.969727
3 0.130157 0.889648 0.0599976 0.0732422 0.962891
5 0.197144 0.433594 0.0351562 0.0390625 0.95459
2 0.0125504 0.586914 0.0251007 0.0351562 0.952148
22 0.127899 0.820312 0.0366821 0.0400391 0.94873
0 0.09375 0.281738 0.0568848 0.0415039 0.944824
5 0.159912 0.510864 0.034668 0.0388184 0.944824
5 0.197021 0.197021 0.0341797 0.0385742 0.937988
6 0.06604 0.664062 0.0380859 0.0410156 0.9375
5 0.171143 0.666504 0.0385742 0.0400391 0.933105
5 0.177734 0.121704 0.034668 0.0385742 0.924805
12 0.0121536 0.742188 0.0243073 0.0488281 0.924805
22 0.075058 0.511719 0.0339661 0.0380859 0.922852
2 0.059906 0.902344 0.0316772 0.0400391 0.916504
9 0.21582 0.12146 0.0361328 0.0393066 0.915039
0 0.159668 0.588867 0.0571289 0.0410156 0.905273
5 0.11731 0.123413 0.0351562 0.0383301 0.901367
5 0.0615234 0.0431824 0.0393066 0.038269 0.900391
7 0.0534668 0.364502 0.0393066 0.0532227 0.899902
2 0.023468 0.824219 0.0309448 0.0410156 0.899902
14 0.225586 0.263672 0.0158691 0.0639648 0.897461
23 0.0922241 0.356934 0.0324707 0.0380859 0.893066
6 0.205322 0.978516 0.0319824 0.0351562 0.881836
5 0.124512 0.435059 0.0302734 0.0361328 0.877441
5 0.226074 0.742676 0.0366211 0.0419922 0.876465
13 0.204834 0.263672 0.0209961 0.0688477 0.875977
9 0.105286 0.663086 0.0357666 0.0410156 0.872559
21 0.119446 0.522949 0.0484619 0.0664062 0.869629
13 0.0562134 0.807617 0.0187988 0.0722656 0.85791
6 0.15918 0.432861 0.0375977 0.0405273 0.852051
4 0.238037 0.975586 0.0258789 0.0429688 0.852051
9 0.199951 0.509277 0.0354004 0.0410156 0.852051
22 0.158325 0.198975 0.0373535 0.0400391 0.836426
2 0.011795 0.439453 0.0235901 0.0380859 0.833496
9 0.235596 0.347656 0.034668 0.0400391 0.830078
18 0.186279 0.81543 0.0551758 0.0507812 0.825684
14 0.0332642 0.891602 0.0147095 0.0625 0.818848
2 0.0991211 0.985352 0.0319824 0.0273438 0.816406
0 0.0158081 0.358887 0.0314941 0.0390625 0.801758
2 0.201416 0.349854 0.0307617 0.043457 0.791992
22 0.0592346 0.121582 0.0396118 0.0400391 0.790527
2 0.137695 0.668945 0.0205078 0.0214844 0.790527
8 0.0263672 0.667969 0.0363159 0.0390625 0.78418
10 0.233765 0.418945 0.0339355 0.0703125 0.766113
14 0.0983887 0.808594 0.0185547 0.0683594 0.751953
14 0.0787354 0.810059 0.0161133 0.0654297 0.708984
6 0.189453 0.900391 0.0576172 0.0419922 0.705566
5 0.0119019 0.901855 0.0237122 0.0380859 0.704102
22 0.111206 0.584961 0.0361328 0.0429688 0.699219
23 0.0797729 0.982422 0.0313721 0.0351562 0.686035
4 0.0135651 0.513794 0.0268555 0.0368652 0.660156
14 0.197266 0.729492 0.0183105 0.0683594 0.660156
2 0.137817 0.744141 0.0280762 0.0390625 0.654785
2 0.246704 0.12439 0.0178223 0.0212402 0.637207
13 0.180176 0.551758 0.0166016 0.0351562 0.541016
13 0.114929 0.244629 0.0142822 0.0214844 0.533203
2 0.233154 0.514526 0.0175781 0.0314941 0.533203
6 0.0525513 0.981445 0.0167236 0.0351562 0.521484
