2 0.934733 0.271567 0.0290765 0.035479 0.953996
0 0.873625 0.115052 0.0529151 0.0345475 0.953179
22 0.880038 0.190803 0.0349396 0.0384294 0.937627
18 0.932782 0.185364 0.0403423 0.0503648 0.935149
9 0.900482 0.348638 0.0351919 0.0370263 0.83348
13 0.904937 0.259216 0.0218606 0.065257 0.726444
5 0.974032 0.192641 0.0358226 0.0362978 0.720559
2 0.246718 0.342255 0.0295701 0.0367291 0.680962
14 0.895649 0.415873 0.0130566 0.0584544 0.660238
2 0.846728 0.0357128 0.0272117 0.0350194 0.573572
5 0.140177 0.192485 0.0345173 0.038762 0.51647
