1 0.782715 0.0415039 0.0898438 0.0830078 0.980469
8 0.098938 0.019165 0.0987549 0.0383301 0.973633
0 0.658203 0.0230713 0.140625 0.0461426 0.956543
5 0.203857 0.0191345 0.0898438 0.038269 0.944824
18 0.822266 0.189575 0.136719 0.125244 0.930664
6 0.88916 0.0231323 0.0976562 0.0462036 0.928711
5 0.935547 0.202881 0.0839844 0.09375 0.918457
4 0.993164 0.189331 0.0136719 0.134033 0.854004
5 0.972656 0.0230255 0.0546875 0.046051 0.771973
6 0.517456 0.199463 0.105713 0.0947266 0.702637
6 0.32373 0.0160065 0.139648 0.0320129 0.680664
6 0.472412 0.01651 0.148926 0.03302 0.562012
