15 0.0974274 0.842773 0.0766296 0.0644531 0.991211
8 0.115601 0.936523 0.041748 0.0449219 0.966309
6 0.149536 0.774414 0.0385742 0.0429688 0.964355
8 0.147217 0.605469 0.0375977 0.0390625 0.956543
5 0.0606079 0.352295 0.0380859 0.0429688 0.950684
9 0.230225 0.0240021 0.0361328 0.0437317 0.949707
12 0.133301 0.0938721 0.0368652 0.0622559 0.946777
0 0.200562 0.771973 0.0588379 0.0419922 0.939453
18 0.0588989 0.184448 0.0377197 0.0559082 0.937988
18 0.162476 0.435547 0.0366211 0.0576172 0.932129
2 0.0272675 0.103638 0.0365295 0.0466309 0.926758
5 0.057312 0.522461 0.036499 0.0410156 0.916504
0 0.198486 0.935059 0.0563965 0.0498047 0.916016
5 0.213135 0.356445 0.0405273 0.046875 0.913086
0 0.042366 0.683594 0.0610199 0.0556641 0.911621
2 0.15625 0.852539 0.0336914 0.0449219 0.911133
6 0.154541 0.521973 0.0407715 0.0419922 0.905273
4 0.225708 0.183105 0.0305176 0.0493164 0.90332
0 0.172485 0.0227051 0.0786133 0.0436401 0.898926
5 0.228638 0.595215 0.0424805 0.0634766 0.895508
0 0.168945 0.27002 0.0634766 0.043457 0.89502
13 0.00868225 0.764648 0.0173645 0.0722656 0.878418
6 0.223389 0.265076 0.0444336 0.053833 0.870605
6 0.219482 0.106201 0.0424805 0.0419922 0.861328
2 0.22998 0.4375 0.0354004 0.0473633 0.85498
2 0.153931 0.935547 0.0305176 0.0449219 0.850098
27 0.16687 0.366211 0.0222168 0.0566406 0.845703
0 0.204834 0.844727 0.0622559 0.0654297 0.837402
11 0.0634766 0.760254 0.0546875 0.0625 0.833496
11 0.0169373 0.417236 0.0338745 0.081543 0.823242
14 0.17749 0.67627 0.019043 0.0654297 0.820801
7 0.0807495 0.445557 0.0627441 0.0644531 0.806641
12 0.016861 0.844238 0.0335388 0.0634766 0.78418
4 0.0963135 0.345703 0.0322266 0.0566406 0.762207
1 0.134399 0.361816 0.0380859 0.0644531 0.744629
22 0.145264 0.688965 0.0332031 0.0419922 0.723145
6 0.113831 0.0229187 0.0350342 0.0440063 0.668945
13 0.249756 0.0931396 0.0195312 0.0622559 0.660156
22 0.0557556 0.269775 0.0368042 0.043457 0.649414
22 0.0602112 0.933594 0.0326538 0.0410156 0.635254
5 0.0459595 0.855469 0.0202637 0.0273438 0.618652
2 0.0105209 0.602051 0.0210419 0.0458984 0.602051
8 0.110107 0.773438 0.0336914 0.0429688 0.544922
6 0.208618 0.684082 0.0419922 0.0585938 0.541016
