21 0.49707 0.913574 0.0390625 0.0605469 0.977051
8 0.665527 0.898438 0.0361328 0.0449219 0.975098
21 0.224609 0.835938 0.0385742 0.0585938 0.97168
8 0.800293 0.643555 0.0371094 0.0410156 0.966309
8 0.366211 0.392334 0.0380859 0.0493164 0.958008
21 0.0569458 0.751953 0.0679932 0.0664062 0.952637
8 0.741699 0.898438 0.0429688 0.046875 0.952637
5 0.327148 0.392578 0.0395508 0.0488281 0.952148
10 0.514526 0.808105 0.0314941 0.0683594 0.950684
5 0.45752 0.900391 0.0390625 0.0439453 0.949707
13 0.689453 0.797363 0.0234375 0.0869141 0.946777
6 0.115845 0.908203 0.0412598 0.0410156 0.944824
2 0.833984 0.639648 0.0302734 0.0449219 0.944336
2 0.0143814 0.655273 0.0287628 0.0449219 0.941895
0 0.911133 0.798828 0.0664062 0.0625 0.939453
8 0.832031 0.979492 0.0390625 0.0400391 0.939453
0 0.907715 0.552734 0.0615234 0.0429688 0.934082
12 0.60791 0.638672 0.0380859 0.0683594 0.932129
21 0.884766 0.735352 0.0400391 0.0625 0.932129
0 0.580566 0.899902 0.0634766 0.0449219 0.932129
6 0.844238 0.723633 0.0390625 0.0429688 0.930664
7 0.144653 0.831055 0.0400391 0.0644531 0.930176
2 0.103577 0.484375 0.0316162 0.0449219 0.927734
0 0.584961 0.474121 0.0625 0.0507812 0.925781
2 0.199951 0.983887 0.0332031 0.0322266 0.925781
0 0.804688 0.894043 0.0605469 0.0458984 0.925293
5 0.506836 0.729492 0.0390625 0.046875 0.92041
2 0.630371 0.474121 0.0283203 0.0473633 0.918945
5 0.834961 0.384766 0.0429688 0.0566406 0.918457
6 0.537109 0.561523 0.0429688 0.046875 0.918457
13 0.607422 0.808594 0.0273438 0.0732422 0.91748
5 0.805664 0.724609 0.0371094 0.0419922 0.913574
10 0.250488 0.471191 0.027832 0.0683594 0.912598
5 0.303711 0.820312 0.0390625 0.0449219 0.912598
7 0.575195 0.826172 0.0371094 0.0625 0.911621
7 0.0666351 0.411621 0.0381165 0.0693359 0.909668
5 0.115479 0.984863 0.0349121 0.0302734 0.90918
4 0.868164 0.970703 0.0332031 0.0517578 0.908691
13 0.825195 0.791016 0.0273438 0.0859375 0.906738
21 0.17749 0.918945 0.0786133 0.0605469 0.905762
7 0.0732422 0.916016 0.0435791 0.0634766 0.903809
8 0.368164 0.5625 0.0395508 0.0507812 0.899902
0 0.438721 0.564453 0.0791016 0.0429688 0.896973
5 0.858398 0.806641 0.0390625 0.0439453 0.89502
2 0.86084 0.554199 0.03125 0.0458984 0.894043
8 0.264404 0.822754 0.0410156 0.0449219 0.894043
18 0.278076 0.72998 0.0551758 0.0576172 0.892578
8 0.289062 0.564453 0.0410156 0.0488281 0.891602
2 0.731445 0.557129 0.03125 0.0458984 0.891602
13 0.29541 0.38501 0.0214844 0.0751953 0.889648
8 0.674316 0.979492 0.0419922 0.0410156 0.889648
6 0.571777 0.981934 0.0400391 0.0361328 0.888672
18 0.464355 0.808594 0.0410156 0.0683594 0.885742
6 0.623535 0.980469 0.0576172 0.0390625 0.884766
2 0.851074 0.895508 0.0302734 0.0507812 0.882324
5 0.531738 0.899902 0.0332031 0.0410156 0.873047
4 0.129608 0.392822 0.0352173 0.0581055 0.873047
8 0.887695 0.896484 0.0429688 0.0527344 0.872559
0 0.440918 0.981934 0.0566406 0.0361328 0.869629
9 0.579102 0.55957 0.0380859 0.0449219 0.867188
0 0.350098 0.905273 0.0625 0.0449219 0.858887
18 0.405273 0.390869 0.0351562 0.0532227 0.856934
4 0.342529 0.473145 0.0341797 0.0556641 0.853027
6 0.536133 0.818359 0.0390625 0.0449219 0.853027
1 0.421143 0.826172 0.0385742 0.0644531 0.853027
4 0.727539 0.808105 0.0332031 0.0517578 0.853027
4 0.0185699 0.483398 0.0366516 0.0546875 0.848145
4 0.711426 0.974609 0.0341797 0.0507812 0.844727
13 0.100464 0.38623 0.0256348 0.0756836 0.837402
2 0.768555 0.639648 0.0273438 0.0429688 0.835449
12 0.880371 0.460938 0.0371094 0.0639648 0.832031
18 0.328613 0.5625 0.0341797 0.0585938 0.818848
6 0.188721 0.740723 0.0454102 0.0498047 0.806641
4 0.0864258 0.564453 0.0302734 0.0576172 0.804199
0 0.725098 0.642578 0.0556641 0.0527344 0.786621
2 0.629883 0.888672 0.0332031 0.0664062 0.785156
6 0.237305 0.569336 0.0439453 0.0488281 0.782715
6 0.29541 0.480713 0.0566406 0.0415039 0.773438
4 0.397705 0.897461 0.0307617 0.0517578 0.756348
18 0.413574 0.645508 0.0351562 0.0527344 0.756348
5 0.0540466 0.980469 0.0365601 0.0390625 0.749023
46 0.289551 0.908203 0.0581055 0.0449219 0.746094
18 0.768555 0.547852 0.0429688 0.0605469 0.743164
6 0.185791 0.820312 0.0400391 0.0488281 0.743164
14 0.205322 0.558105 0.0195312 0.0732422 0.729492
12 0.86084 0.62793 0.0234375 0.0683594 0.726562
4 0.20459 0.391602 0.0302734 0.0615234 0.71875
6 0.922852 0.721191 0.0390625 0.0507812 0.705566
10 0.167603 0.729492 0.0317383 0.0703125 0.700684
2 0.380859 0.647461 0.0322266 0.0488281 0.672363
13 0.446777 0.637695 0.0273438 0.0722656 0.663574
12 0.494629 0.469238 0.0390625 0.103516 0.658203
4 0.0299377 0.563477 0.0317993 0.0595703 0.649414
22 0.70166 0.898438 0.0332031 0.0429688 0.649414
9 0.0200195 0.90625 0.0378418 0.0507812 0.647949
22 0.53418 0.477295 0.0351562 0.0439453 0.645996
5 0.36377 0.734375 0.0322266 0.0410156 0.637207
18 0.792969 0.807617 0.0332031 0.046875 0.637207
13 0.673828 0.634277 0.0234375 0.0693359 0.629883
4 0.396484 0.728516 0.0332031 0.0527344 0.625977
13 0.862793 0.369629 0.0214844 0.0751953 0.616699
18 0.0114899 0.98584 0.0229797 0.0283203 0.609375
2 0.233643 0.904297 0.0322266 0.0507812 0.596191
13 0.085144 0.967285 0.0223389 0.0654297 0.583008
13 0.316406 0.466309 0.0195312 0.0673828 0.563965
18 0.540039 0.390137 0.0341797 0.0527344 0.523438
18 0.640625 0.81543 0.0361328 0.0410156 0.517578
2 0.247437 0.983398 0.0588379 0.0332031 0.509766
18 0.0235443 0.396484 0.0462341 0.0478516 0.507812
