22 0.749852 0.384744 0.0816451 0.0859925 0.977487
8 0.699342 0.793897 0.100311 0.0914668 0.977428
6 0.95891 0.594154 0.0821801 0.0916774 0.956913
8 0.522198 0.971481 0.0951464 0.0570387 0.934407
0 0.101574 0.972627 0.139155 0.0547452 0.920946
6 0.801671 0.796066 0.0928259 0.0852078 0.910989
5 0.620534 0.974367 0.0891982 0.0512654 0.89455
8 0.885483 0.595299 0.0504031 0.0878279 0.893611
22 0.0746946 0.787582 0.0813549 0.0874012 0.87019
2 0.928841 0.0185089 0.0685477 0.0370178 0.828057
6 0.836378 0.0173061 0.0957179 0.0345636 0.828041
