18 0.0964355 0.724609 0.0402832 0.0517578 0.94043
9 0.177002 0.645508 0.0380859 0.046875 0.931641
4 0.00967407 0.642578 0.0193481 0.0527344 0.925293
0 0.161133 0.0540695 0.065918 0.0511627 0.917969
4 0.117615 0.221191 0.0333252 0.0566406 0.910645
13 0.0422974 0.882812 0.0255737 0.0742188 0.88623
13 0.0748901 0.041687 0.0279541 0.0821533 0.885742
13 0.123779 0.959961 0.0200195 0.0800781 0.884277
8 0.137421 0.145996 0.0425415 0.0517578 0.879883
5 0.108398 0.0568848 0.0393066 0.0435791 0.877441
8 0.0825806 0.230103 0.0384521 0.0412598 0.877441
5 0.046814 0.647461 0.0501709 0.0449219 0.876465
2 0.0700684 0.560547 0.0516357 0.0449219 0.875977
2 0.014389 0.313965 0.0287781 0.0424805 0.869629
9 0.0443039 0.729492 0.0363922 0.0429688 0.863281
2 0.100769 0.142822 0.0291748 0.046875 0.855957
5 0.137695 0.394287 0.0368652 0.0473633 0.851074
5 0.0115051 0.978516 0.0229492 0.0429688 0.851074
4 0.070694 0.891113 0.0317078 0.0595703 0.848145
11 0.0533142 0.970215 0.0371704 0.0595703 0.82666
22 0.0936279 0.978516 0.034668 0.0419922 0.812988
18 0.177002 0.726562 0.0371094 0.0458984 0.801758
4 0.183105 0.806641 0.0341797 0.0527344 0.801758
22 0.106323 0.644531 0.0352783 0.0449219 0.79834
18 0.0146942 0.88916 0.0293884 0.0644531 0.737305
7 0.132935 0.485352 0.0537109 0.0644531 0.726562
12 0.00637054 0.14856 0.0126801 0.0517578 0.690918
5 0.0965576 0.802734 0.0527344 0.0615234 0.689453
4 0.134308 0.306641 0.0302124 0.0483398 0.638672
6 0.175903 0.385254 0.043457 0.0625 0.625977
18 0.175537 0.555664 0.0393066 0.0507812 0.625977
2 0.0396423 0.811523 0.0333862 0.046875 0.622559
14 0.0689697 0.394531 0.00537109 0.0322266 0.588867
8 0.173828 0.309326 0.0473633 0.043457 0.569824
7 0.135742 0.90332 0.0532227 0.0625 0.563965
