12 0.543945 0.161621 0.0371094 0.0654297 0.97998
10 0.565918 0.578125 0.0361328 0.0625 0.977539
21 0.973633 0.85498 0.0390625 0.0585938 0.96875
8 0.8125 0.922363 0.0351562 0.0400391 0.967285
8 0.851562 0.42627 0.0371094 0.0449219 0.966797
5 0.653809 0.088501 0.0390625 0.0424805 0.966309
21 0.46875 0.180176 0.0444336 0.0593262 0.966309
10 0.578125 0.743164 0.0332031 0.0664062 0.966309
18 0.768555 0.253174 0.0371094 0.0527344 0.966309
0 0.717285 0.990234 0.0585938 0.0195312 0.964844
7 0.833984 0.685547 0.0644531 0.0644531 0.963867
7 0.390137 0.84082 0.0419922 0.0664062 0.960449
18 0.74707 0.584961 0.0546875 0.0527344 0.958008
13 0.991211 0.160767 0.0175781 0.0771484 0.956055
18 0.609375 0.912109 0.0390625 0.0527344 0.956055
18 0.548828 0.415527 0.0371094 0.0527344 0.953125
11 0.857422 0.0792847 0.0371094 0.0627441 0.950195
9 0.90918 0.175293 0.0351562 0.0458984 0.950195
5 0.468506 0.418945 0.0371094 0.0419922 0.949707
7 0.870117 0.266663 0.0625 0.0633545 0.946777
2 0.661621 0.0149689 0.0341797 0.0299072 0.946289
2 0.890625 0.425537 0.0332031 0.046875 0.946289
18 0.614258 0.669434 0.0371094 0.0527344 0.945312
11 0.520508 0.0750885 0.0390625 0.0649109 0.944824
8 0.879883 0.839355 0.0429688 0.0419922 0.943848
2 0.713867 0.672852 0.0322266 0.046875 0.943359
0 0.406738 0.583984 0.0581055 0.0429688 0.942871
11 0.830078 0.499268 0.0351562 0.0649414 0.941895
0 0.685547 0.756836 0.0546875 0.0439453 0.940918
7 0.785156 0.185425 0.0390625 0.060791 0.939453
18 0.944336 0.421387 0.0527344 0.0556641 0.936523
5 0.922363 0.840332 0.0380859 0.0390625 0.936035
5 0.972656 0.51123 0.0371094 0.0410156 0.935547
11 0.469727 0.824219 0.0380859 0.0644531 0.935547
12 0.520508 0.33667 0.0351562 0.0786133 0.932129
0 0.623535 0.839844 0.0615234 0.0410156 0.932129
0 0.700684 0.837891 0.0615234 0.0449219 0.931152
0 0.743164 0.0899658 0.0625 0.0410156 0.928711
9 0.981445 0.924316 0.0332031 0.0419922 0.927734
5 0.688965 0.172363 0.0390625 0.0444336 0.926758
5 0.849121 0.344482 0.0380859 0.0439453 0.92627
2 0.494873 0.914062 0.0327148 0.0449219 0.924805
2 0.780273 0.917969 0.0302734 0.0419922 0.924805
5 0.753418 0.837891 0.0390625 0.0410156 0.923828
4 0.476074 0.499512 0.03125 0.0488281 0.923828
22 0.492676 0.667969 0.0371094 0.0410156 0.922852
5 0.897461 0.0949707 0.0371094 0.0456543 0.922363
2 0.816406 0.424072 0.0332031 0.0473633 0.921387
0 0.665039 0.419678 0.0585938 0.0395508 0.918945
32 0.531738 0.501953 0.0371094 0.0859375 0.917969
18 0.634766 0.161865 0.0351562 0.0566406 0.91748
13 0.449219 0.320312 0.0224609 0.0791016 0.915527
7 0.477539 0.345459 0.0390625 0.0620117 0.915039
14 0.788086 0.412109 0.0175781 0.0654297 0.913574
6 0.941406 0.924316 0.0410156 0.0419922 0.913574
7 0.398438 0.922852 0.0693359 0.0625 0.913574
0 0.730469 0.920898 0.0644531 0.046875 0.912598
6 0.431152 0.834961 0.0380859 0.0449219 0.911133
5 0.442383 0.504395 0.0361328 0.0439453 0.907227
5 0.638184 0.754883 0.0361328 0.0429688 0.906738
6 0.505371 0.168579 0.0361328 0.0378418 0.903809
18 0.958984 0.174438 0.0371094 0.0537109 0.90332
7 0.828613 0.0241852 0.0361328 0.0483704 0.902832
5 0.901367 0.923828 0.0361328 0.0449219 0.902832
14 0.914062 0.249512 0.0195312 0.0634766 0.896973
18 0.412109 0.32959 0.0556641 0.0546875 0.896484
2 0.692383 0.340088 0.0273438 0.0410156 0.896484
6 0.939453 0.760742 0.0390625 0.0410156 0.895508
2 0.669922 0.918945 0.0332031 0.0410156 0.891113
2 0.847168 0.920898 0.0292969 0.0429688 0.891113
10 0.617188 0.244629 0.0351562 0.0673828 0.890137
6 0.599609 0.755859 0.0371094 0.0429688 0.887207
18 0.504883 0.577148 0.0546875 0.0605469 0.885742
0 0.520508 0.756836 0.0556641 0.0507812 0.883301
5 0.942383 0.257324 0.0351562 0.046875 0.882324
0 0.925293 0.511597 0.0566406 0.0412598 0.880859
0 0.45459 0.985352 0.0615234 0.0292969 0.878418
2 0.761719 0.422607 0.0273438 0.043457 0.875
7 0.791992 0.604492 0.0371094 0.0625 0.873047
13 0.641113 0.90625 0.0263672 0.0625 0.871582
0 0.70752 0.0146866 0.0537109 0.0293732 0.869629
8 0.835938 0.756836 0.0410156 0.0498047 0.868164
13 0.780762 0.665039 0.0234375 0.0703125 0.867188
12 0.512817 0.827148 0.0368652 0.0644531 0.866211
13 0.572266 0.977539 0.0175781 0.0449219 0.864258
14 0.873047 0.913086 0.0205078 0.0664062 0.85498
22 0.643555 0.586914 0.0332031 0.0429688 0.852051
11 0.595703 0.326904 0.0546875 0.0634766 0.848145
8 0.508789 0.417969 0.0429688 0.0498047 0.84375
2 0.569824 0.668457 0.03125 0.0439453 0.839844
18 0.900391 0.754883 0.0351562 0.0517578 0.838867
10 0.986328 0.418945 0.0273438 0.0664062 0.835449
2 0.640625 0.504883 0.03125 0.046875 0.833496
2 0.450195 0.249268 0.03125 0.0449219 0.831055
4 0.795898 0.986328 0.0605469 0.0273438 0.824219
13 0.89502 0.977051 0.0205078 0.0458984 0.811523
2 0.946289 0.343506 0.0703125 0.0454102 0.810547
10 0.893555 0.667969 0.046875 0.0683594 0.799316
22 0.45752 0.585938 0.0341797 0.046875 0.789062
5 0.95752 0.0158234 0.0390625 0.0315857 0.785156
5 0.789551 0.758789 0.0507812 0.0429688 0.778809
4 0.744629 0.751953 0.0332031 0.0527344 0.774414
2 0.841797 0.592285 0.0546875 0.0449219 0.771973
2 0.692871 0.253662 0.0302734 0.0463867 0.762207
1 0.485352 0.26001 0.0380859 0.0678711 0.759277
6 0.665039 0.673828 0.0585938 0.0410156 0.759277
7 0.450684 0.0882416 0.0390625 0.0744934 0.741699
6 0.860352 0.176025 0.0566406 0.0424805 0.73877
6 0.598633 0.990234 0.03125 0.0195312 0.737305
6 0.562012 0.837402 0.0576172 0.0429688 0.73584
4 0.939453 0.672363 0.0595703 0.0517578 0.720215
14 0.818359 0.162842 0.0175781 0.0639648 0.705566
5 0.584961 0.502075 0.0566406 0.0446777 0.705566
10 0.890625 0.335938 0.0449219 0.0664062 0.702637
0 0.97998 0.260986 0.0400391 0.0415039 0.692871
18 0.411133 0.0831451 0.0361328 0.0475769 0.680664
5 0.897461 0.59082 0.0527344 0.0410156 0.665527
14 0.750488 0.662109 0.0361328 0.0664062 0.651367
11 0.585449 0.0143356 0.0361328 0.0286102 0.649414
6 0.523438 0.0115662 0.0458984 0.0230103 0.645996
12 0.402344 0.662109 0.0556641 0.0527344 0.644043
2 0.926758 0.343262 0.0332031 0.0449219 0.633301
11 0.793457 0.330811 0.0507812 0.0668945 0.618652
22 0.558594 0.91748 0.0292969 0.0410156 0.604004
2 0.800781 0.839355 0.0527344 0.0410156 0.600098
1 0.98877 0.674316 0.0224609 0.0693359 0.598145
21 0.655273 0.991211 0.0644531 0.0175781 0.592773
2 0.887695 0.0218658 0.03125 0.0436707 0.586914
2 0.416748 0.424805 0.065918 0.0634766 0.586914
7 0.976074 0.768555 0.0371094 0.0625 0.57959
2 0.554688 0.33667 0.0292969 0.0449219 0.57373
12 0.605469 0.577637 0.0351562 0.0634766 0.567871
6 0.613281 0.990234 0.015625 0.0195312 0.563965
4 0.504883 0.981934 0.0341797 0.0351562 0.552734
18 0.45166 0.666992 0.0410156 0.0488281 0.529297
6 0.42627 0.0119247 0.0639648 0.0238495 0.525391
6 0.859863 0.0150757 0.0214844 0.0300293 0.519531
6 0.677246 0.506958 0.0410156 0.0427246 0.505859
