16 0.931152 0.966797 0.102539 0.0664062 0.968262
2 0.672852 0.779785 0.0742188 0.0927734 0.967285
1 0.868164 0.604492 0.0888672 0.134766 0.964355
8 0.652832 0.963379 0.0966797 0.0732422 0.963867
8 0.567383 0.777832 0.0917969 0.0966797 0.963379
18 0.757812 0.942383 0.103516 0.115234 0.963379
29 0.367676 0.766602 0.123047 0.173828 0.958008
13 0.835938 0.941406 0.0458984 0.117188 0.958008
8 0.347168 0.956543 0.0927734 0.0869141 0.956543
2 0.550781 0.580566 0.0664062 0.0986328 0.951172
2 0.690918 0.583008 0.0664062 0.09375 0.94873
11 0.877441 0.161865 0.145508 0.142822 0.942871
18 0.790039 0.369629 0.130859 0.126465 0.942383
7 0.720703 0.0374756 0.0839844 0.0749512 0.898926
0 0.783203 0.786133 0.136719 0.0927734 0.891113
6 0.816406 0.0154266 0.0957031 0.0308533 0.875
22 0.438477 0.963379 0.0805664 0.0732422 0.864258
19 0.984375 0.780273 0.03125 0.0917969 0.804199
2 0.760742 0.582031 0.0703125 0.09375 0.744629
8 0.912598 0.760254 0.0878906 0.141602 0.732422
21 0.545776 0.961914 0.113525 0.0761719 0.72168
6 0.353516 0.0178223 0.0839844 0.0356445 0.598145
6 0.959961 0.582031 0.0800781 0.0898438 0.519531
