11 0.414062 0.0233459 0.0361328 0.0466309 0.989258
18 0.678711 0.861328 0.0429688 0.0605469 0.981445
18 0.395996 0.879883 0.0419922 0.0507812 0.979492
21 0.754395 0.646484 0.0507812 0.0585938 0.975098
14 0.824219 0.624023 0.0195312 0.0605469 0.973633
7 0.582031 0.964844 0.0410156 0.0546875 0.969238
22 0.853516 0.634766 0.0351562 0.0371094 0.967773
9 0.756348 0.480957 0.0351562 0.0371094 0.966309
18 0.936035 0.151978 0.0410156 0.0644531 0.95752
2 0.730469 0.870605 0.03125 0.0371094 0.956543
5 0.425049 0.336426 0.0356445 0.0400391 0.955566
10 0.87207 0.466309 0.0332031 0.0673828 0.953125
7 0.789551 0.331543 0.0410156 0.0537109 0.952148
21 0.881836 0.791992 0.0429688 0.0585938 0.950684
7 0.571289 0.807617 0.0390625 0.0517578 0.950195
12 0.506958 0.795898 0.0622559 0.0683594 0.949219
5 0.768555 0.400879 0.0390625 0.0361328 0.947754
0 0.695312 0.642578 0.0527344 0.0390625 0.947754
13 0.429688 0.871094 0.0195312 0.0703125 0.946289
4 0.755371 0.321045 0.0263672 0.0410156 0.945801
29 0.802246 0.022583 0.0517578 0.045166 0.945312
4 0.857422 0.0858154 0.0253906 0.0449219 0.943359
13 0.83252 0.0748138 0.0195312 0.0661926 0.941406
2 0.790039 0.950195 0.03125 0.0371094 0.939941
6 0.982422 0.0827637 0.0351562 0.0380859 0.936523
10 0.665039 0.629395 0.0332031 0.0615234 0.936523
2 0.712891 0.400879 0.0292969 0.0371094 0.932129
1 0.802246 0.71875 0.0361328 0.0488281 0.931641
22 0.897949 0.477295 0.0341797 0.0400391 0.931152
9 0.826172 0.786133 0.0361328 0.0390625 0.931152
13 0.482178 0.0912018 0.0170898 0.063446 0.930176
2 0.795898 0.241699 0.0332031 0.0415039 0.928711
11 0.391602 0.797852 0.0405273 0.0605469 0.928711
22 0.943359 0.0858154 0.0371094 0.0412598 0.928223
18 0.970215 0.692383 0.0439453 0.0585938 0.928223
18 0.939453 0.461426 0.0419922 0.0615234 0.92627
22 0.444336 0.572266 0.0366211 0.0390625 0.922363
13 0.794434 0.776367 0.0205078 0.0742188 0.921387
22 0.503906 0.415527 0.0341797 0.0380859 0.920898
6 0.564453 0.414062 0.0390625 0.0400391 0.917969
13 0.505981 0.637207 0.0212402 0.0654297 0.91748
5 0.927734 0.707031 0.0351562 0.0371094 0.916504
22 0.899414 0.320312 0.0351562 0.0366211 0.916016
2 0.716309 0.0158997 0.03125 0.0317993 0.915039
6 0.614258 0.875977 0.0351562 0.0351562 0.915039
2 0.904297 0.23999 0.0292969 0.0390625 0.911133
11 0.930664 0.852539 0.0371094 0.0605469 0.911133
0 0.841797 0.165649 0.0546875 0.041748 0.911133
4 0.364746 0.181641 0.0273438 0.0405273 0.90918
2 0.897949 0.0129776 0.0341797 0.0259552 0.908203
13 0.959961 0.853516 0.0195312 0.0722656 0.906738
22 0.424805 0.651367 0.0361328 0.0410156 0.905762
23 0.394287 0.962891 0.0327148 0.0371094 0.905762
13 0.614258 0.942383 0.0214844 0.0722656 0.904785
0 0.856445 0.243652 0.0566406 0.0424805 0.901367
5 0.609375 0.566895 0.0361328 0.0390625 0.895508
6 0.958984 0.316895 0.0361328 0.0390625 0.890137
0 0.59668 0.332275 0.0556641 0.0385742 0.888184
2 0.831543 0.321777 0.0322266 0.0361328 0.884277
2 0.555664 0.176636 0.0273438 0.0383301 0.880859
18 0.990234 0.620117 0.0195312 0.0566406 0.879883
9 0.919922 0.94043 0.0371094 0.0390625 0.878418
6 0.618164 0.175049 0.0234375 0.0380859 0.876465
13 0.412109 0.55957 0.0195312 0.0664062 0.876465
13 0.643555 0.313232 0.0195312 0.0634766 0.872559
2 0.541992 0.958496 0.03125 0.0361328 0.871582
13 0.483887 0.868164 0.019043 0.0673828 0.870605
2 0.639648 0.794922 0.0302734 0.0351562 0.868652
4 0.801758 0.399658 0.0253906 0.0415039 0.865234
14 0.636719 0.553711 0.0175781 0.0644531 0.864258
13 0.719727 0.231079 0.0195312 0.0734863 0.862305
22 0.878418 0.942871 0.0361328 0.0429688 0.862305
13 0.537109 0.246094 0.0195312 0.0668945 0.85791
6 0.883789 0.556641 0.0322266 0.0390625 0.85498
6 0.454346 0.0220337 0.0405273 0.041626 0.852051
4 0.508789 0.876953 0.0263672 0.0507812 0.850098
1 0.574219 0.882812 0.0351562 0.0527344 0.845703
6 0.489746 0.727051 0.0400391 0.0400391 0.844727
11 0.985352 0.771484 0.0292969 0.0683594 0.841797
13 0.643555 0.860352 0.0214844 0.0664062 0.84082
22 0.979492 0.160889 0.0371094 0.0402832 0.836426
5 0.445312 0.805664 0.0585938 0.0380859 0.836426
13 0.762695 0.0765991 0.015625 0.0611572 0.833496
4 0.848633 0.864258 0.0253906 0.0458984 0.831055
9 0.46582 0.648926 0.0361328 0.0419922 0.82666
14 0.459473 0.716797 0.0175781 0.0585938 0.819824
10 0.694336 0.937988 0.03125 0.0634766 0.818848
6 0.423096 0.416748 0.0571289 0.0385742 0.805664
14 0.664551 0.312988 0.0175781 0.0615234 0.799316
22 0.856445 0.0148392 0.0390625 0.0296173 0.794434
6 0.960449 0.397949 0.0332031 0.0410156 0.785156
22 0.982422 0.474365 0.0332031 0.0405273 0.782715
2 0.708984 0.792969 0.0429688 0.0371094 0.78125
18 0.816406 0.477539 0.0566406 0.0449219 0.777344
6 0.867676 0.39917 0.0400391 0.0375977 0.773438
13 0.958008 0.231445 0.0195312 0.0644531 0.773438
10 0.47998 0.403809 0.03125 0.0708008 0.769043
2 0.421875 0.493164 0.0288086 0.0400391 0.767578
2 0.427734 0.963867 0.0322266 0.0390625 0.767578
10 0.380615 0.328125 0.0522461 0.0625 0.760742
9 0.990234 0.394043 0.0195312 0.0380859 0.759277
14 0.535156 0.402344 0.0175781 0.0644531 0.749023
13 0.836914 0.38623 0.0214844 0.0683594 0.746094
6 0.841309 0.709961 0.0380859 0.0361328 0.743164
18 0.990234 0.311035 0.0195312 0.0488281 0.733887
4 0.641602 0.952148 0.0234375 0.0429688 0.715332
2 0.511597 0.259033 0.0275879 0.0419922 0.708984
9 0.894531 0.630859 0.0351562 0.0449219 0.70752
13 0.69873 0.546387 0.0263672 0.0732422 0.684082
13 0.385742 0.0266724 0.0166016 0.0397949 0.651367
13 0.443359 0.400391 0.0224609 0.0703125 0.644043
13 0.763184 0.232422 0.0253906 0.0639648 0.640625
13 0.541016 0.0197601 0.0302734 0.0386047 0.637207
14 0.929688 0.307129 0.0175781 0.0625 0.637207
14 0.68457 0.315186 0.0195312 0.0620117 0.635254
13 0.609375 0.238525 0.0253906 0.0654297 0.620605
10 0.653809 0.39502 0.0351562 0.0605469 0.615234
6 0.765625 0.866211 0.0351562 0.046875 0.607422
13 0.853027 0.543945 0.0244141 0.0654297 0.605957
13 0.77002 0.993164 0.0117188 0.0136719 0.605957
10 0.728027 0.0794067 0.0498047 0.0614014 0.604004
10 0.876953 0.307129 0.03125 0.0649414 0.596191
6 0.795898 0.635742 0.0332031 0.0371094 0.596191
6 0.813477 0.867188 0.0380859 0.0429688 0.59082
11 0.539551 0.482422 0.0400391 0.0644531 0.586914
12 0.429443 0.249512 0.0439453 0.0625 0.584961
13 0.912109 0.985352 0.0205078 0.0273438 0.583008
4 0.47168 0.32373 0.0546875 0.0664062 0.577637
19 0.72168 0.71582 0.0273438 0.0351562 0.577637
6 0.631836 0.251526 0.0410156 0.0360107 0.567871
10 0.89209 0.853516 0.0371094 0.0644531 0.563965
6 0.515137 0.336914 0.0410156 0.0400391 0.558105
13 0.530273 0.710938 0.0175781 0.0585938 0.552734
18 0.79541 0.0810547 0.0498047 0.0551758 0.546875
23 0.757812 0.949219 0.03125 0.0390625 0.523438
10 0.916016 0.38916 0.0498047 0.0732422 0.517578
13 0.961914 0.541992 0.0175781 0.0654297 0.505859
