21 0.121033 0.0502014 0.0377197 0.0551147 0.989258
12 0.0686188 0.537109 0.0351257 0.0791016 0.975586
12 0.114563 0.702637 0.0335693 0.0830078 0.972656
5 0.0536804 0.0420609 0.0374146 0.0400238 0.969727
0 0.195557 0.785645 0.0654297 0.0488281 0.969727
5 0.0142899 0.869141 0.0283356 0.0439453 0.965332
18 0.127899 0.61377 0.0361938 0.0527344 0.962402
0 0.124634 0.12439 0.0771484 0.0510254 0.937988
0 0.090271 0.958008 0.0620117 0.0585938 0.9375
5 0.0848389 0.452881 0.0375977 0.0454102 0.936035
2 0.208252 0.618164 0.0385742 0.0449219 0.935547
0 0.0939331 0.786133 0.0618896 0.046875 0.932129
4 0.0127792 0.785645 0.0254364 0.0517578 0.928223
6 0.165771 0.456299 0.0400391 0.046875 0.920898
13 0.108276 0.853516 0.0266113 0.0878906 0.917969
2 0.144897 0.782227 0.0310059 0.0449219 0.908691
9 0.0309448 0.453613 0.03479 0.0463867 0.905273
18 0.194092 0.114136 0.0576172 0.059082 0.903809
18 0.140625 0.952148 0.0366211 0.0644531 0.895508
5 0.0408401 0.955078 0.035141 0.0488281 0.895508
12 0.0752563 0.871094 0.0343018 0.0800781 0.867188
0 0.0280609 0.123413 0.0558167 0.0476074 0.866211
2 0.166992 0.537109 0.0300293 0.0507812 0.85498
2 0.206543 0.456055 0.0378418 0.0537109 0.848145
13 0.100342 0.52002 0.0217285 0.0820312 0.842773
13 0.172607 0.944336 0.0253906 0.0859375 0.832031
4 0.0865479 0.0395508 0.0308838 0.0455933 0.827637
13 0.212646 0.0380554 0.0285645 0.0761108 0.824219
13 0.14502 0.6875 0.0200195 0.078125 0.816406
6 0.204956 0.959961 0.0456543 0.0605469 0.808105
14 0.140594 0.855469 0.0337524 0.0673828 0.800781
7 0.00666046 0.455566 0.0130157 0.0556641 0.799316
6 0.130371 0.207642 0.0332031 0.0495605 0.78125
2 0.173218 0.866699 0.0297852 0.0478516 0.762207
6 0.16687 0.618164 0.0393066 0.0439453 0.733887
9 0.207275 0.540039 0.0424805 0.0527344 0.729492
7 0.0114594 0.292969 0.0226746 0.0556641 0.720215
6 0.173584 0.688965 0.0366211 0.0634766 0.704102
19 0.0421677 0.868164 0.0284576 0.0429688 0.635254
18 0.100525 0.372803 0.0545654 0.0488281 0.625977
4 0.069519 0.119629 0.0292969 0.0427246 0.607422
13 0.140137 0.366211 0.0200195 0.0605469 0.59082
7 0.0149689 0.0483932 0.0296631 0.0599518 0.565918
12 0.0452271 0.193115 0.0512695 0.0654297 0.552734
6 0.193726 0.375 0.0620117 0.0576172 0.552734
0 0.172363 0.204102 0.0366211 0.0415039 0.501953
