18 0.40332 0.0529785 0.136719 0.105835 0.978516
5 0.586914 0.651367 0.0976562 0.0957031 0.953613
2 0.917969 0.450195 0.0761719 0.0966797 0.944824
2 0.881836 0.0505981 0.0761719 0.0911865 0.941406
13 0.88623 0.239746 0.0488281 0.154785 0.939453
18 0.74707 0.244141 0.128906 0.125977 0.937012
14 0.838867 0.233643 0.0488281 0.142578 0.933105
6 0.783203 0.052002 0.0917969 0.097168 0.926758
8 0.27887 0.0529175 0.103394 0.105347 0.92627
0 0.929688 0.850586 0.140625 0.103516 0.917969
8 0.270508 0.632812 0.0976562 0.138672 0.847168
2 0.988281 0.252686 0.0234375 0.0932617 0.790527
7 0.306885 0.479492 0.173828 0.139648 0.782715
4 0.944336 0.226685 0.0683594 0.151123 0.777344
7 0.976562 0.0718384 0.046875 0.134888 0.764648
29 0.600586 0.428223 0.128906 0.141602 0.658203
2 0.949219 0.648438 0.0751953 0.0957031 0.625977
27 0.530273 0.29541 0.0605469 0.15918 0.550781
