21 0.491943 0.381836 0.0483398 0.0600586 0.989746
12 0.479248 0.208984 0.0375977 0.072998 0.97998
5 0.532715 0.375977 0.0361328 0.0449219 0.96582
12 0.107239 0.0457153 0.0682373 0.0720215 0.956543
18 0.13623 0.127808 0.0432129 0.0549316 0.95459
5 0.135498 0.370605 0.0361328 0.0410156 0.953125
2 0.535156 0.0608521 0.03125 0.0377197 0.948242
1 0.221558 0.302246 0.0410156 0.0595703 0.943848
0 0.517578 0.298096 0.0556641 0.043457 0.938965
11 0.31958 0.281982 0.0375977 0.0634766 0.936523
2 0.0378418 0.371338 0.0299683 0.0410156 0.932617
6 0.270508 0.29248 0.0571289 0.0390625 0.931641
6 0.361572 0.29248 0.0400391 0.0400391 0.921875
2 0.161621 0.293457 0.0302734 0.0375977 0.921387
13 0.0969238 0.274414 0.0203857 0.0766602 0.920898
2 0.362061 0.213501 0.0307617 0.0400391 0.913086
2 0.537109 0.136719 0.0292969 0.0422363 0.909668
13 0.316895 0.361084 0.0219727 0.0698242 0.906738
5 0.471191 0.29541 0.0341797 0.0375977 0.895508
13 0.617188 0.0510254 0.0214844 0.0672607 0.891113
2 0.595703 0.141235 0.0292969 0.0407715 0.888672
12 0.262634 0.203369 0.069458 0.0664062 0.881836
6 0.0488892 0.133087 0.0395508 0.0443726 0.873047
2 0.0211639 0.21167 0.0420837 0.0439453 0.867188
5 0.356689 0.371582 0.0571289 0.0449219 0.864258
14 0.134277 0.28125 0.0161133 0.0634766 0.861328
22 0.136719 0.212158 0.0358887 0.0405273 0.842773
2 0.384033 0.055542 0.03125 0.0441895 0.824219
2 0.454346 0.370605 0.0327148 0.0419922 0.817383
2 0.363037 0.134766 0.0322266 0.041748 0.811523
4 0.104004 0.367676 0.0273438 0.0478516 0.799316
5 0.014473 0.0552979 0.0288239 0.0435791 0.795898
16 0.580566 0.0615234 0.0488281 0.0479736 0.795898
8 0.0305939 0.288574 0.0400085 0.046875 0.790527
2 0.232178 0.369629 0.0336914 0.0419922 0.730957
16 0.2771 0.368408 0.0512695 0.0458984 0.692871
18 0.210449 0.122742 0.0566406 0.0606689 0.668945
4 0.256348 0.132599 0.0234375 0.043396 0.588867
