18 0.728027 0.26416 0.0419922 0.0605469 0.979492
10 0.951172 0.186035 0.0351562 0.0649414 0.976562
24 0.883789 0.0446701 0.0390625 0.0495758 0.975098
8 0.81543 0.19873 0.0371094 0.0410156 0.968262
0 0.77832 0.431152 0.0566406 0.0410156 0.957031
24 0.827148 0.358398 0.0566406 0.0527344 0.954102
21 0.654297 0.438232 0.0498047 0.0581055 0.950195
13 0.760254 0.262207 0.0205078 0.0712891 0.949707
2 0.166992 0.274902 0.0317383 0.0410156 0.946289
1 0.917969 0.126831 0.0351562 0.050293 0.942383
5 0.834961 0.271973 0.0351562 0.0395508 0.936523
5 0.685059 0.195557 0.0361328 0.0410156 0.930176
2 0.834961 0.431152 0.0302734 0.0410156 0.928223
5 0.111328 0.277832 0.0344238 0.0400391 0.927246
2 0.574219 0.194824 0.03125 0.0412598 0.926758
0 0.932129 0.432129 0.0537109 0.0429688 0.924805
2 0.874023 0.11499 0.0332031 0.0385742 0.922852
6 0.956055 0.115417 0.0371094 0.039917 0.922363
2 0.284424 0.0405884 0.0302734 0.0380859 0.92041
5 0.730469 0.431152 0.0351562 0.0419922 0.919434
0 0.51709 0.197266 0.0732422 0.0429688 0.91748
7 0.408936 0.437988 0.059082 0.0576172 0.91748
7 0.683105 0.12207 0.0390625 0.0512695 0.915527
2 0.88623 0.429199 0.03125 0.0449219 0.913086
2 0.849121 0.0347977 0.0302734 0.0373383 0.90332
14 0.103149 0.108826 0.0134277 0.0604248 0.898438
5 0.690918 0.352539 0.0341797 0.0424805 0.89502
22 0.980469 0.431152 0.0361328 0.0419922 0.894043
2 0.633789 0.116211 0.03125 0.0371094 0.890137
5 0.32251 0.430908 0.0361328 0.0415039 0.887207
6 0.360107 0.431641 0.0366211 0.0400391 0.883301
21 0.176636 0.124756 0.052002 0.0578613 0.880859
2 0.97168 0.273926 0.03125 0.0400391 0.878906
8 0.263184 0.277344 0.034668 0.0371094 0.877441
22 0.318115 0.0403366 0.0361328 0.0405426 0.876465
10 0.0653229 0.419434 0.0553894 0.0634766 0.872559
10 0.112366 0.0310364 0.0389404 0.0620117 0.871582
9 0.76416 0.197021 0.0351562 0.0405273 0.869629
18 0.192017 0.427734 0.0473633 0.0488281 0.868164
14 0.141357 0.26123 0.0166016 0.0610352 0.867188
14 0.71582 0.104675 0.0175781 0.0640869 0.864258
2 0.345215 0.27417 0.0322266 0.0380859 0.864258
2 0.783691 0.352051 0.0302734 0.0390625 0.856934
22 0.390137 0.117798 0.0351562 0.0415039 0.850098
10 0.606445 0.108398 0.0517578 0.0681152 0.848145
13 0.485107 0.339111 0.0219727 0.0737305 0.845703
10 0.209717 0.264893 0.03125 0.0639648 0.841797
19 0.384277 0.353027 0.0332031 0.0390625 0.835449
10 0.371582 0.0313416 0.0478516 0.0626831 0.82666
6 0.512207 0.352295 0.0361328 0.0385742 0.824219
4 0.453125 0.430664 0.0253906 0.0429688 0.824219
22 0.855469 0.19458 0.0351562 0.0441895 0.810547
0 0.501465 0.0307312 0.0576172 0.0614624 0.809082
4 0.983887 0.19165 0.0253906 0.0507812 0.808105
4 0.666504 0.037178 0.0263672 0.0466156 0.806641
13 0.640625 0.0299377 0.0214844 0.0597534 0.803223
8 0.895508 0.195801 0.0390625 0.0429688 0.795898
0 0.9375 0.354004 0.0546875 0.0400391 0.794434
2 0.229858 0.276123 0.0324707 0.0405273 0.792969
18 0.59082 0.269043 0.0556641 0.0546875 0.789062
14 0.860352 0.418945 0.015625 0.0664062 0.789062
18 0.793945 0.270996 0.0429688 0.0507812 0.788086
2 0.80957 0.11908 0.0332031 0.0386963 0.769043
2 0.449707 0.349609 0.0322266 0.0439453 0.766113
7 0.542969 0.125458 0.0644531 0.0567017 0.754883
8 0.732422 0.352295 0.0449219 0.0419922 0.741699
13 0.621094 0.422119 0.0234375 0.0625 0.740234
13 0.272461 0.338135 0.0161133 0.0722656 0.733887
2 0.949219 0.040741 0.03125 0.0371704 0.720215
13 0.749023 0.34082 0.0195312 0.0673828 0.704102
6 0.614258 0.0418091 0.0371094 0.0372314 0.690918
22 0.989258 0.117126 0.0214844 0.0423584 0.656738
10 0.427246 0.341797 0.0336914 0.0673828 0.65332
18 0.524414 0.270569 0.0566406 0.0506592 0.633301
5 0.996094 0.354004 0.0078125 0.0395508 0.631836
12 0.734375 0.0316696 0.0390625 0.0617828 0.631836
18 0.345703 0.114624 0.0517578 0.0495605 0.624512
14 0.120483 0.106445 0.0163574 0.0639648 0.607422
12 0.779297 0.0331726 0.0449219 0.0663452 0.604004
22 0.180054 0.355469 0.0368652 0.0380859 0.584961
12 0.178833 0.186768 0.0361328 0.0625 0.562012
13 0.324707 0.352295 0.00878906 0.0410156 0.560059
4 0.926758 0.27124 0.0332031 0.0415039 0.542969
10 0.624512 0.341797 0.0390625 0.0615234 0.535156
24 0.588867 0.439209 0.0429688 0.0600586 0.53125
7 0.0670776 0.11853 0.0537109 0.0395508 0.527344
13 0.207031 0.406738 0.0136719 0.0458984 0.527344
