10 0.664062 0.31665 0.0371094 0.0644531 0.989746
18 0.898926 0.831543 0.0380859 0.0507812 0.983887
21 0.784668 0.594727 0.0410156 0.0605469 0.981934
10 0.0263672 0.90625 0.036499 0.0644531 0.976562
21 0.350586 0.255615 0.0395508 0.0605469 0.972656
10 0.820312 0.490723 0.03125 0.0673828 0.969727
0 0.773438 0.413574 0.0625 0.046875 0.966309
2 0.853516 0.751465 0.0273438 0.0400391 0.966309
2 0.284912 0.409668 0.0322266 0.0478516 0.964844
18 0.753418 0.911133 0.0361328 0.0537109 0.963379
5 0.922363 0.583984 0.0439453 0.0507812 0.955078
10 0.49292 0.90332 0.0463867 0.0664062 0.953613
2 0.631836 0.75 0.0292969 0.0429688 0.950195
5 0.129395 0.325195 0.0405273 0.0449219 0.94873
0 0.711426 0.834961 0.0625 0.0488281 0.947754
8 0.395264 0.914062 0.0415039 0.046875 0.947266
11 0.716309 0.232788 0.0390625 0.064209 0.946777
6 0.501953 0.583008 0.0390625 0.0449219 0.946289
10 0.811035 0.151642 0.0273438 0.0687866 0.944824
18 0.498535 0.828125 0.0390625 0.0507812 0.944824
7 0.564453 0.841797 0.0664062 0.0625 0.944824
10 0.691895 0.742188 0.0380859 0.0683594 0.943359
4 0.412598 0.831055 0.0292969 0.0507812 0.941895
7 0.920898 0.0180054 0.0390625 0.0360107 0.941406
5 0.408203 0.328613 0.0390625 0.046875 0.940918
6 0.821777 0.752441 0.0351562 0.0429688 0.94043
6 0.0536194 0.665039 0.0436401 0.0458984 0.939941
13 0.361328 0.976562 0.0185547 0.046875 0.937988
5 0.645508 0.987305 0.0351562 0.0253906 0.937988
5 0.172852 0.664062 0.0380859 0.0449219 0.9375
5 0.674805 0.912598 0.0400391 0.046875 0.937012
0 0.153198 0.985352 0.0610352 0.0292969 0.936035
0 0.712402 0.328125 0.0566406 0.0449219 0.935059
0 0.0539627 0.582031 0.0621185 0.0488281 0.933594
13 0.0274353 0.313721 0.0177002 0.0698242 0.932617
8 0.889648 0.921387 0.0371094 0.046875 0.932617
2 0.537109 0.581543 0.0292969 0.0449219 0.932129
5 0.355469 0.913086 0.0380859 0.046875 0.932129
2 0.196777 0.410645 0.0327148 0.0488281 0.931152
0 0.908203 0.0767212 0.0644531 0.0465088 0.930176
0 0.442627 0.408691 0.0629883 0.0566406 0.929199
7 0.672852 0.504883 0.0664062 0.0625 0.928711
6 0.201416 0.75 0.0351562 0.0390625 0.928711
0 0.871582 0.499512 0.0595703 0.0488281 0.92627
2 0.317627 0.241699 0.03125 0.0449219 0.923828
4 0.36084 0.32373 0.0302734 0.0478516 0.922852
5 0.459961 0.834961 0.0410156 0.0449219 0.92041
18 0.829102 0.23877 0.0380859 0.0541992 0.916504
8 0.835938 0.331543 0.0390625 0.0463867 0.916504
5 0.416504 0.497559 0.0371094 0.046875 0.916504
13 0.930664 0.825684 0.0234375 0.0683594 0.916504
18 0.445801 0.322754 0.0380859 0.0556641 0.916016
0 0.154053 0.75 0.059082 0.0449219 0.915527
4 0.106812 0.658203 0.0322266 0.0566406 0.915039
2 0.55957 0.750977 0.03125 0.046875 0.914062
24 0.500977 0.675781 0.0380859 0.0615234 0.913574
5 0.390625 0.233643 0.0400391 0.0610352 0.913086
14 0.476318 0.742188 0.019043 0.0664062 0.908691
4 0.927246 0.914062 0.0361328 0.0585938 0.908203
5 0.68457 0.413574 0.0371094 0.046875 0.907227
9 0.921875 0.330811 0.0371094 0.0522461 0.901367
2 0.824707 0.412842 0.0322266 0.0463867 0.901367
8 0.377686 0.499023 0.0385742 0.0458984 0.900391
5 0.519531 0.243652 0.0371094 0.0429688 0.899902
2 0.756836 0.161377 0.0253906 0.0422363 0.898926
6 0.823242 0.834961 0.0380859 0.0449219 0.898926
18 0.711426 0.577148 0.0546875 0.0566406 0.896484
9 0.248413 0.243408 0.0349121 0.043457 0.894043
5 0.789551 0.243896 0.0380859 0.0454102 0.894043
0 0.0787201 0.912598 0.0652161 0.0458984 0.894043
0 0.0654449 0.32666 0.0558777 0.0439453 0.888672
13 0.018219 0.655273 0.0276489 0.0703125 0.887207
18 0.314453 0.90918 0.0380859 0.0507812 0.887207
8 0.544922 0.914062 0.0390625 0.046875 0.885742
2 0.336914 0.985352 0.0292969 0.0292969 0.883301
2 0.0121841 0.494141 0.0243683 0.0498047 0.882324
10 0.878906 0.234375 0.0351562 0.065918 0.881836
7 0.513672 0.339844 0.0673828 0.0644531 0.880859
9 0.834961 0.66748 0.0371094 0.0488281 0.880859
10 0.892578 0.741699 0.046875 0.0644531 0.879883
2 0.854492 0.914062 0.0332031 0.0488281 0.878906
0 0.279358 0.0727692 0.0614014 0.0444031 0.878418
4 0.424316 0.23999 0.0273438 0.0483398 0.876465
13 0.158569 0.478027 0.0197754 0.0751953 0.876465
2 0.924805 0.755859 0.03125 0.0488281 0.875977
8 0.624023 0.912109 0.0390625 0.0527344 0.875
13 0.306152 0.823242 0.0244141 0.0869141 0.868164
6 0.759766 0.0766754 0.0449219 0.0451355 0.868164
4 0.09375 0.154022 0.0319824 0.0581665 0.861328
4 0.383789 0.407715 0.0317383 0.0556641 0.861328
6 0.15332 0.242676 0.0395508 0.0424805 0.86084
16 0.114868 0.831543 0.0393066 0.0507812 0.86084
10 0.102661 0.976074 0.0349121 0.0478516 0.85791
13 0.0831299 0.652832 0.0169678 0.0683594 0.85791
2 0.233276 0.072525 0.0305176 0.0436707 0.856934
1 0.78125 0.842773 0.0410156 0.0625 0.855957
0 0.12085 0.496094 0.060791 0.0439453 0.853027
13 0.74707 0.234253 0.0234375 0.0803223 0.849121
8 0.0567627 0.160278 0.0421143 0.0498047 0.845703
8 0.371582 0.0720367 0.0410156 0.0463562 0.844727
8 0.23877 0.747559 0.0375977 0.0419922 0.844727
13 0.854004 0.824219 0.0234375 0.0722656 0.842773
2 0.799805 0.987305 0.0371094 0.0253906 0.830078
22 0.760254 0.328125 0.0332031 0.043457 0.829102
2 0.517578 0.0716705 0.0546875 0.0458679 0.827637
18 0.869141 0.406982 0.0546875 0.0605469 0.82666
13 0.389648 0.567383 0.0390625 0.0800781 0.825684
10 0.600586 0.740723 0.0429688 0.0722656 0.825684
21 0.652344 0.0163422 0.0390625 0.0326843 0.819824
6 0.844727 0.0776978 0.0605469 0.0435791 0.813965
18 0.348633 0.658203 0.0556641 0.0605469 0.813965
6 0.715332 0.913574 0.0390625 0.0488281 0.810547
6 0.294922 0.325684 0.0214844 0.0390625 0.805664
13 0.785156 0.897461 0.0253906 0.0830078 0.794434
2 0.831055 0.161377 0.0253906 0.050293 0.78418
14 0.654297 0.401123 0.0214844 0.0693359 0.782715
2 0.273926 0.751465 0.0322266 0.0449219 0.778809
11 0.132202 0.902832 0.0354004 0.0625 0.771973
6 0.135284 0.40918 0.0629272 0.0507812 0.769043
14 0.295654 0.568359 0.0200195 0.0683594 0.764648
0 0.59668 0.49707 0.0566406 0.046875 0.763672
13 0.489746 0.487793 0.0200195 0.0664062 0.762207
6 0.321289 0.325195 0.03125 0.0395508 0.760742
22 0.722656 0.413574 0.0332031 0.0429688 0.756348
6 0.0203247 0.835938 0.0402832 0.0458984 0.754883
9 0.0606079 0.834473 0.0366211 0.0478516 0.747559
9 0.64502 0.0762939 0.0371094 0.0445557 0.744629
22 0.556152 0.159668 0.0341797 0.0415039 0.744629
2 0.388916 0.98584 0.0317383 0.0283203 0.73877
18 0.364258 0.152863 0.0527344 0.0565796 0.733887
13 0.609863 0.828125 0.0214844 0.0644531 0.729492
18 0.210938 0.666016 0.0351562 0.0634766 0.72168
18 0.606445 0.0718842 0.0332031 0.0510559 0.713867
6 0.506836 0.747559 0.0429688 0.0556641 0.712402
9 0.285889 0.985352 0.0371094 0.0292969 0.712402
1 0.919922 0.166748 0.0429688 0.0766602 0.704102
10 0.797852 0.741211 0.03125 0.0703125 0.704102
10 0.685547 0.976562 0.0380859 0.046875 0.700684
4 0.06604 0.746582 0.0288086 0.0507812 0.697754
2 0.574219 0.0744476 0.0332031 0.0451965 0.6875
18 0.0419235 0.978516 0.0565338 0.0429688 0.675781
6 0.788086 0.663574 0.0566406 0.0498047 0.673828
12 0.206909 0.977051 0.0368652 0.0458984 0.672363
32 0.479492 0.241699 0.0380859 0.0849609 0.665527
6 0.467285 0.496094 0.0625 0.0517578 0.658203
5 0.532227 0.667969 0.0234375 0.03125 0.647949
13 0.55957 0.316895 0.0214844 0.0664062 0.645996
13 0.790527 0.0667877 0.0224609 0.0663757 0.640625
1 0.712891 0.081543 0.0410156 0.0701904 0.640625
23 0.466309 0.160156 0.0351562 0.0429688 0.635254
6 0.379883 0.751953 0.0458984 0.0488281 0.618652
2 0.879883 0.668945 0.0273438 0.0478516 0.618652
32 0.602539 0.975098 0.0371094 0.0498047 0.616699
24 0.228271 0.418457 0.034668 0.0654297 0.615234
18 0.923828 0.496582 0.0390625 0.0449219 0.613281
13 0.0409241 0.741211 0.0217285 0.0673828 0.611328
13 0.930664 0.979004 0.0214844 0.0419922 0.607422
10 0.414551 0.0673676 0.0400391 0.0664368 0.594727
4 0.431641 0.90918 0.0302734 0.0546875 0.592773
35 0.986816 0.625977 0.0263672 0.0878906 0.588867
18 0.43457 0.979492 0.0576172 0.0410156 0.586914
5 0.603516 0.404785 0.0546875 0.0654297 0.575684
24 0.221191 0.299316 0.0219727 0.0126953 0.57373
22 0.195312 0.159668 0.0361328 0.0437012 0.571777
13 0.254639 0.975098 0.0200195 0.0498047 0.567871
7 0.224854 0.922852 0.0332031 0.0566406 0.560059
4 0.333984 0.829102 0.0302734 0.0605469 0.548828
10 0.822754 0.907227 0.0458984 0.0664062 0.544922
8 0.741211 0.988281 0.0400391 0.0234375 0.541016
10 0.918945 0.65918 0.0449219 0.0683594 0.519531
12 0.286621 0.149536 0.0410156 0.0656738 0.515625
6 0.451172 0.582031 0.059082 0.0527344 0.503906
10 0.55957 0.233887 0.0351562 0.0683594 0.501953
