11 0.502309 0.970379 0.0366168 0.0592412 0.972226
7 0.922459 0.328328 0.036561 0.0587789 0.93714
0 0.936339 0.649192 0.055887 0.037727 0.936816
0 0.517713 0.819176 0.0579723 0.040797 0.92938
8 0.900813 0.817147 0.0351567 0.0379087 0.92881
12 0.923187 0.151536 0.0334146 0.075974 0.887572
11 0.861454 0.0601597 0.0358155 0.0631507 0.86508
14 0.0779689 0.974573 0.0208245 0.050504 0.840841
12 0.774827 0.652876 0.034109 0.0777254 0.839025
7 0.845536 0.246211 0.0364647 0.0589241 0.832457
2 0.555739 0.737151 0.0304863 0.0438436 0.829781
12 0.977149 0.229427 0.033582 0.0849721 0.79968
12 0.283013 0.903819 0.0346674 0.0803348 0.790487
0 0.156124 0.983621 0.0602274 0.0325546 0.771866
21 0.803715 0.499149 0.0413278 0.0574667 0.731142
0 0.437736 0.00812517 0.0557414 0.0162468 0.701842
7 0.848811 0.979311 0.0354764 0.0404692 0.58162
9 0.749604 0.0680092 0.0352052 0.0419296 0.540692
