4 0.609375 0.834473 0.0644531 0.111328 0.984863
4 0.763672 0.831055 0.0664062 0.113281 0.980469
14 0.472168 0.225464 0.0449219 0.139893 0.977539
2 0.543945 0.444824 0.0703125 0.0917969 0.969727
14 0.752441 0.210693 0.0488281 0.140137 0.969238
4 0.111938 0.861328 0.0688477 0.116211 0.967773
2 0.825195 0.638672 0.0683594 0.0898438 0.963867
14 0.450195 0.831055 0.0478516 0.142578 0.960938
23 0.469971 0.448242 0.074707 0.0878906 0.959473
4 0.626465 0.635742 0.0712891 0.109375 0.956543
9 0.176392 0.253662 0.0866699 0.104492 0.955078
19 0.779297 0.976562 0.0761719 0.046875 0.95459
2 0.181396 0.860352 0.0725098 0.0976562 0.95166
14 0.563477 0.625 0.046875 0.138672 0.946777
46 0.341309 0.855469 0.162109 0.09375 0.946289
4 0.533203 0.231323 0.0732422 0.123291 0.933594
5 0.685547 0.838867 0.0878906 0.0966797 0.932617
2 0.0950317 0.26123 0.071167 0.097168 0.931152
13 0.37915 0.977539 0.0820312 0.0449219 0.809082
2 0.833008 0.841797 0.0722656 0.0898438 0.774414
18 0.948242 0.803711 0.103516 0.166992 0.737305
23 0.916992 0.639648 0.106445 0.0859375 0.692871
6 0.490967 0.648438 0.0952148 0.0898438 0.625977
13 0.522461 0.823242 0.0927734 0.140625 0.575684
13 0.201416 0.625 0.0576172 0.158203 0.560059
