5 0.0789795 0.930664 0.0404053 0.0449219 0.976562
18 0.17334 0.76123 0.0439453 0.0507812 0.968262
6 0.0445023 0.766602 0.0374603 0.0439453 0.959473
9 0.0804443 0.764648 0.0356445 0.0458984 0.959473
0 0.171631 0.930664 0.0649414 0.046875 0.95459
2 0.0233459 0.929688 0.0317993 0.046875 0.950195
2 0.148682 0.512695 0.03125 0.0498047 0.942383
5 0.132324 0.765137 0.0397949 0.0488281 0.935547
5 0.130493 0.431152 0.041748 0.0458984 0.915527
6 0.119019 0.931641 0.0400391 0.046875 0.904785
8 0.123596 0.597656 0.0457764 0.0488281 0.899902
14 0.0500183 0.92041 0.0194702 0.0673828 0.866211
6 0.036438 0.849121 0.0425415 0.0410156 0.84082
10 0.179565 0.504395 0.0285645 0.0654297 0.830078
4 0.0128174 0.593262 0.0256348 0.0537109 0.825684
12 0.0279083 0.422363 0.0556335 0.0761719 0.774414
13 0.0132065 0.75 0.024826 0.0791016 0.762207
5 0.127808 0.399902 0.0390625 0.0234375 0.704102
9 0.115967 0.677734 0.0373535 0.046875 0.67041
18 0.177368 0.680664 0.0554199 0.0488281 0.598145
4 0.171387 0.597656 0.0498047 0.0527344 0.569824
13 0.00802612 0.837891 0.0159912 0.0664062 0.560059
18 0.0556946 0.674805 0.0526733 0.0585938 0.558105
12 0.0224915 0.98584 0.0344849 0.0283203 0.53125
18 0.150604 0.991211 0.0513306 0.0175781 0.53125
18 0.160156 0.84668 0.0454102 0.0488281 0.517578
