18 0.114746 0.874512 0.0393066 0.0595703 0.995605
21 0.28418 0.973633 0.0537109 0.0527344 0.992188
18 0.243408 0.695312 0.0449219 0.0634766 0.98291
9 0.283203 0.612305 0.043457 0.0488281 0.965332
5 0.257812 0.791992 0.0336914 0.0439453 0.958008
5 0.0320358 0.887207 0.0400543 0.0410156 0.956055
4 0.114868 0.521362 0.0283203 0.0510254 0.949707
8 0.189819 0.794922 0.0422363 0.046875 0.947754
4 0.0623474 0.700195 0.0304565 0.0507812 0.946777
22 0.103455 0.974609 0.0389404 0.0429688 0.940918
4 0.057312 0.344238 0.0286865 0.0576172 0.92627
13 0.295898 0.423828 0.0234375 0.078125 0.924316
6 0.0736084 0.884766 0.0394287 0.0449219 0.911133
10 0.220093 0.963379 0.0622559 0.0673828 0.911133
5 0.168701 0.975098 0.0397949 0.0449219 0.904785
2 0.206299 0.883301 0.0314941 0.0449219 0.90332
13 0.173096 0.242676 0.0253906 0.0766602 0.895508
7 0.0248413 0.976562 0.0423584 0.046875 0.893066
2 0.151611 0.523438 0.0332031 0.0429688 0.892578
22 0.105408 0.0792389 0.0408936 0.0456238 0.891113
10 0.0775146 0.0718384 0.0385742 0.0708008 0.888184
5 0.28125 0.875977 0.0419922 0.0644531 0.880859
13 0.147705 0.872559 0.0224609 0.0683594 0.875977
6 0.205078 0.25708 0.0385742 0.0463867 0.874023
13 0.253174 0.605957 0.0180664 0.0673828 0.874023
22 0.287109 0.348633 0.043457 0.0449219 0.863281
9 0.0752563 0.788086 0.0373535 0.0517578 0.859863
11 0.243652 0.249146 0.0371094 0.0632324 0.854004
1 0.138458 0.268982 0.0424194 0.0616455 0.84082
23 0.0653229 0.974121 0.0358582 0.0429688 0.824219
2 0.0787964 0.165894 0.0318604 0.0424805 0.819824
9 0.0236664 0.0803223 0.0394592 0.0471191 0.809082
5 0.164551 0.0835571 0.0410156 0.0493164 0.786621
10 0.0568237 0.156738 0.0352783 0.0632324 0.778809
18 0.263428 0.425781 0.0419922 0.0576172 0.777344
2 0.124146 0.345215 0.0378418 0.0458984 0.769043
10 0.295898 0.78418 0.0400391 0.0722656 0.702637
5 0.22937 0.0799561 0.0544434 0.0471191 0.6875
5 0.106812 0.00734711 0.0373535 0.0146332 0.684082
2 0.12796 0.697266 0.0307007 0.0527344 0.640625
6 0.0198364 0.437012 0.0394897 0.0439453 0.596191
4 0.225952 0.783691 0.0273438 0.0595703 0.583008
13 0.0423584 0.257324 0.00927734 0.0463867 0.571777
5 0.0258484 0.519409 0.0476685 0.0549316 0.548828
8 0.284668 0.00696945 0.0419922 0.0138321 0.541016
12 0.0217285 0.329346 0.043457 0.0854492 0.537109
0 0.136719 0.161743 0.0834961 0.0551758 0.533203
10 0.0999756 0.337646 0.0344238 0.065918 0.533203
4 0.244873 0.876953 0.0273438 0.0595703 0.519531
10 0.106689 0.690918 0.0368652 0.0673828 0.507812
7 0.0686035 0.615723 0.0615234 0.0488281 0.505859
