18 0.244873 0.779297 0.0424805 0.0644531 0.98877
10 0.550293 0.772949 0.0351562 0.0673828 0.98291
18 0.129761 0.699707 0.0405273 0.0625 0.981934
24 0.327637 0.554199 0.0390625 0.0498047 0.978027
18 0.543945 0.535645 0.0449219 0.0625 0.973633
7 0.368164 0.956055 0.0366211 0.0546875 0.973145
7 0.367432 0.635254 0.0395508 0.0556641 0.964844
5 0.24353 0.949219 0.0319824 0.0371094 0.964844
5 0.0349426 0.790039 0.0379639 0.0429688 0.963867
8 0.421387 0.866699 0.0371094 0.0390625 0.963867
2 0.337891 0.708496 0.0322266 0.0410156 0.953613
18 0.580078 0.9375 0.0429688 0.0625 0.95166
4 0.275879 0.949219 0.0273438 0.0449219 0.951172
13 0.161987 0.699707 0.0212402 0.0703125 0.947266
8 0.583008 0.870117 0.0371094 0.0390625 0.945801
5 0.330078 0.949219 0.0351562 0.0371094 0.941895
2 0.626465 0.787109 0.0332031 0.0429688 0.939941
22 0.258301 0.870117 0.0366211 0.0429688 0.939941
2 0.223877 0.552246 0.0322266 0.0390625 0.936523
9 0.192017 0.709961 0.0383301 0.0439453 0.933105
2 0.0137405 0.949219 0.027298 0.0390625 0.925293
7 0.11084 0.958008 0.0620117 0.0566406 0.924316
22 0.463135 0.867188 0.0361328 0.0410156 0.922363
11 0.350098 0.858398 0.0351562 0.0644531 0.92041
5 0.581055 0.625 0.0371094 0.0400391 0.915527
2 0.644531 0.549805 0.03125 0.0410156 0.915039
2 0.505371 0.787598 0.0322266 0.0419922 0.915039
13 0.280273 0.776367 0.0224609 0.0722656 0.914062
8 0.465332 0.787109 0.0380859 0.0429688 0.914062
14 0.228027 0.858398 0.0175781 0.0664062 0.912598
2 0.29248 0.547852 0.03125 0.0390625 0.910645
13 0.614258 0.933594 0.0195312 0.0683594 0.910645
6 0.536133 0.947754 0.0371094 0.0390625 0.910645
2 0.644531 0.62793 0.0292969 0.0419922 0.909668
2 0.620117 0.864258 0.03125 0.0410156 0.908691
22 0.19751 0.870117 0.0361328 0.0410156 0.900391
13 0.40332 0.618164 0.0219727 0.0761719 0.898438
5 0.496582 0.946289 0.0351562 0.0390625 0.896973
4 0.42041 0.548828 0.03125 0.0429688 0.885742
13 0.382568 0.854004 0.0234375 0.0722656 0.871582
9 0.111206 0.630859 0.0351562 0.0439453 0.868652
2 0.0274086 0.628418 0.0305099 0.0380859 0.85498
4 0.00828552 0.783203 0.01651 0.0566406 0.849121
13 0.577148 0.535645 0.0195312 0.0664062 0.848145
23 0.0618896 0.708984 0.0314941 0.0419922 0.841797
2 0.602051 0.707031 0.0322266 0.0390625 0.841797
13 0.60791 0.992188 0.0146484 0.015625 0.837402
22 0.0581055 0.948242 0.034668 0.0410156 0.833496
0 0.445312 0.944336 0.0361328 0.0380859 0.81543
10 0.177002 0.857422 0.0351562 0.0683594 0.810547
0 0.521484 0.866699 0.0761719 0.0429688 0.808105
13 0.551758 0.854492 0.0214844 0.0644531 0.800781
9 0.312012 0.788574 0.0380859 0.0439453 0.785156
10 0.615234 0.539062 0.0507812 0.0644531 0.773438
6 0.112549 0.790039 0.0354004 0.0449219 0.773438
19 0.0787354 0.789062 0.029541 0.0439453 0.760742
4 0.453613 0.518555 0.0249023 0.0253906 0.753418
2 0.154297 0.950195 0.0229492 0.0380859 0.743164
22 0.201416 0.787598 0.0351562 0.046875 0.733887
18 0.121338 0.865723 0.0554199 0.0507812 0.723145
18 0.323486 0.626953 0.0458984 0.0449219 0.71875
0 0.578125 0.786133 0.0527344 0.0429688 0.713867
13 0.145996 0.537109 0.0229492 0.0703125 0.708984
28 0.383789 0.775391 0.046875 0.0703125 0.690918
6 0.501953 0.708008 0.0576172 0.0410156 0.677246
2 0.376221 0.54541 0.0527344 0.0380859 0.638672
18 0.30957 0.868164 0.0415039 0.0449219 0.556641
6 0.218262 0.632812 0.0546875 0.0429688 0.533203
4 0.443604 0.616211 0.0581055 0.0703125 0.53125
