5 0.379723 0.844193 0.0421393 0.0453149 0.969505
11 0.916516 0.317157 0.0360951 0.0644579 0.930543
0 0.863065 0.163503 0.0620818 0.0434135 0.898498
13 0.919102 0.488943 0.029124 0.0681805 0.889789
9 0.509121 0.925024 0.0359832 0.0444119 0.876462
18 0.886161 0.49612 0.0375996 0.0477387 0.825171
6 0.969361 0.581828 0.038074 0.0401078 0.808795
0 0.509352 0.841758 0.0555282 0.0434172 0.758082
14 0.885396 0.0713731 0.0192993 0.062074 0.74202
8 0.959519 0.244387 0.0408537 0.0430612 0.716577
5 0.957513 0.328637 0.0361266 0.0409305 0.689539
0 0.951527 0.00943003 0.06248 0.0187725 0.676573
2 0.954591 0.667723 0.0278096 0.0419967 0.57416
5 0.658267 0.246608 0.034606 0.039791 0.540431
13 0.68486 0.491156 0.0212599 0.0640844 0.536412
