18 0.672852 0.626953 0.115234 0.148438 0.994141
18 0.798828 0.223022 0.112305 0.148682 0.98584
6 0.156372 0.241211 0.0947266 0.103027 0.979004
9 0.445801 0.847656 0.0908203 0.101562 0.978027
23 0.0709229 0.23938 0.0732422 0.103271 0.977051
5 0.58252 0.239624 0.0947266 0.0998535 0.970703
2 0.212402 0.849609 0.0795898 0.0957031 0.967285
5 0.415039 0.241699 0.0869141 0.0957031 0.962891
11 0.882812 0.62793 0.09375 0.144531 0.962891
22 0.89209 0.449707 0.0888672 0.09375 0.960449
5 0.786621 0.649902 0.0908203 0.0976562 0.959961
4 0.336914 0.228271 0.0732422 0.134277 0.955078
14 0.504883 0.220093 0.0517578 0.148682 0.946777
13 0.963867 0.426758 0.046875 0.145508 0.936523
5 0.912598 0.247803 0.0869141 0.0913086 0.934082
4 0.980957 0.229858 0.0380859 0.130127 0.911621
13 0.958008 0.630859 0.0507812 0.15625 0.90332
2 0.00906372 0.841309 0.0179138 0.0771484 0.900391
7 0.95166 0.874023 0.0947266 0.138672 0.880859
23 0.703125 0.852539 0.0732422 0.09375 0.875
13 0.787109 0.423828 0.0458984 0.146484 0.823242
13 0.27002 0.821777 0.0400391 0.151367 0.817383
4 0.36377 0.975586 0.0830078 0.0488281 0.806641
6 0.341309 0.845703 0.0957031 0.0917969 0.766113
6 0.853516 0.851562 0.0917969 0.0996094 0.672363
14 0.824219 0.979004 0.078125 0.0419922 0.663574
2 0.0170898 0.241943 0.0339966 0.105957 0.654785
27 0.468506 0.450684 0.0649414 0.0966797 0.618652
14 0.991211 0.627441 0.0175781 0.137695 0.581543
13 0.61084 0.424316 0.0917969 0.144531 0.519531
29 0.0892334 0.818848 0.130615 0.147461 0.505859
