13 0.780537 0.416314 0.0400898 0.131716 0.965903
8 0.967864 0.84082 0.0639484 0.0862961 0.951424
13 0.873362 0.615163 0.0354025 0.13254 0.949292
5 0.89079 0.834431 0.0710204 0.0872848 0.947138
12 0.798953 0.808144 0.099961 0.133181 0.946017
18 0.857208 0.42069 0.0974894 0.130586 0.936754
16 0.803808 0.636814 0.0885226 0.0814283 0.936082
13 0.928094 0.422773 0.0394605 0.134486 0.928737
2 0.408576 0.815845 0.0683366 0.0885265 0.928658
14 0.331516 0.960647 0.0488281 0.0787069 0.899143
0 0.296299 0.813449 0.136998 0.0872475 0.895189
8 0.0631117 0.980763 0.0957752 0.0384749 0.828674
22 0.404205 0.987754 0.0775079 0.0244912 0.820284
18 0.886607 0.225255 0.0947434 0.138324 0.817064
5 0.165747 0.982613 0.0838004 0.0345657 0.772305
28 0.0793044 0.795125 0.101827 0.15428 0.771036
5 0.970981 0.249322 0.0580381 0.090106 0.77079
2 0.26763 0.983756 0.0671438 0.0324875 0.678502
14 0.462951 0.799011 0.0303285 0.128309 0.603162
