18 0.845703 0.531372 0.0917969 0.124756 0.988281
1 0.265381 0.775391 0.090332 0.130859 0.961426
8 0.750977 0.949219 0.0957031 0.0976562 0.957031
23 0.824219 0.137695 0.0722656 0.0900879 0.953613
14 0.853516 0.725098 0.0488281 0.134766 0.951172
2 0.0170898 0.952148 0.0340576 0.0957031 0.951172
4 0.740723 0.544922 0.0742188 0.116211 0.950195
1 0.112061 0.373779 0.0895996 0.132812 0.948242
19 0.837891 0.34375 0.0605469 0.0908203 0.942383
13 0.0149536 0.123413 0.0299072 0.131592 0.934082
7 0.958496 0.953125 0.0830078 0.09375 0.924316
8 0.530396 0.949219 0.0993652 0.0976562 0.902832
13 0.919434 0.527344 0.0478516 0.149414 0.900391
2 0.0755005 0.753906 0.0667725 0.0927734 0.89502
11 0.404541 0.925781 0.146484 0.144531 0.894043
4 0.019989 0.724609 0.039978 0.154297 0.888184
13 0.888672 0.32373 0.0410156 0.142578 0.86084
0 0.241577 0.953613 0.140869 0.0927734 0.85791
6 0.522949 0.352295 0.145508 0.0922852 0.791992
18 0.0927124 0.536621 0.125122 0.130859 0.788086
6 0.930664 0.746094 0.0976562 0.09375 0.710449
6 0.65625 0.550293 0.0957031 0.0859375 0.663574
4 0.945312 0.346191 0.0625 0.114258 0.662109
2 0.771484 0.349121 0.0703125 0.0859375 0.662109
4 0.125854 0.932617 0.0930176 0.132812 0.596191
13 0.0637817 0.931641 0.0476074 0.132812 0.57959
8 0.208008 0.529785 0.0917969 0.138672 0.552734
19 0.973145 0.547363 0.0537109 0.09375 0.546875
13 0.566895 0.325439 0.0605469 0.14502 0.509766
