18 0.913574 0.532715 0.0419922 0.0517578 0.994141
38 0.728027 0.764648 0.0712891 0.0664062 0.990234
10 0.374512 0.540039 0.0371094 0.0644531 0.989746
10 0.714844 0.374023 0.0332031 0.0644531 0.985352
18 0.225342 0.230591 0.0410156 0.0617676 0.983398
35 0.281738 0.544434 0.0556641 0.0712891 0.983398
9 0.959961 0.617188 0.0361328 0.0410156 0.979004
10 0.823242 0.918945 0.0302734 0.0673828 0.978027
11 0.330078 0.543945 0.0371094 0.0625 0.975586
1 0.749023 0.707031 0.0351562 0.0507812 0.972168
8 0.81543 0.151245 0.0390625 0.0415039 0.967773
18 0.612305 0.143188 0.0429688 0.0593262 0.967773
16 0.325684 0.70459 0.0517578 0.0429688 0.967285
7 0.461914 0.790527 0.0390625 0.0556641 0.967285
10 0.225098 0.776855 0.0373535 0.0693359 0.966797
4 0.510254 0.469727 0.0244141 0.0410156 0.965332
5 0.704102 0.620605 0.0361328 0.0380859 0.963379
18 0.783203 0.216553 0.0429688 0.0610352 0.961426
10 0.544922 0.692383 0.0332031 0.0644531 0.961426
18 0.878906 0.372559 0.0449219 0.0625 0.960938
5 0.888672 0.615234 0.0351562 0.0390625 0.960449
7 0.892578 0.0789185 0.0546875 0.0566406 0.95752
9 0.0582886 0.714844 0.0367432 0.0390625 0.95752
5 0.479492 0.0813599 0.0361328 0.0400391 0.955078
13 0.286133 0.932129 0.0195312 0.0683594 0.955078
10 0.359375 0.772461 0.0317383 0.0664062 0.954102
5 0.708984 0.854492 0.0332031 0.0390625 0.952637
0 0.950195 0.695312 0.0546875 0.0410156 0.952148
2 0.575684 0.779297 0.0283203 0.0371094 0.95166
0 0.666992 0.0736694 0.0576172 0.0379639 0.950195
2 0.733887 0.384277 0.0283203 0.0400391 0.950195
0 0.558594 0.858398 0.0546875 0.0410156 0.950195
13 0.759766 0.37207 0.0195312 0.0683594 0.949219
5 0.109619 0.79248 0.0358887 0.0400391 0.94873
7 0.625977 0.0163422 0.0625 0.0326843 0.948242
5 0.47998 0.47168 0.0341797 0.0395508 0.944336
5 0.09021 0.558594 0.0344238 0.0390625 0.943848
2 0.117859 0.0152435 0.0301514 0.0304871 0.942383
6 0.740234 0.228027 0.0390625 0.0390625 0.941406
2 0.564453 0.701172 0.03125 0.0371094 0.941406
5 0.204834 0.557129 0.0356445 0.0400391 0.938965
2 0.354248 0.94043 0.03125 0.0400391 0.937012
11 0.609375 0.845215 0.0390625 0.0605469 0.936035
13 0.893555 0.759277 0.0195312 0.0683594 0.935547
22 0.721191 0.463867 0.0361328 0.0371094 0.93457
5 0.791992 0.541992 0.0351562 0.0371094 0.933105
5 0.805664 0.0725098 0.0351562 0.0396729 0.930176
9 0.866211 0.227661 0.0371094 0.0424805 0.930176
14 0.277832 0.465088 0.0195312 0.0639648 0.930176
18 0.859375 0.766113 0.0429688 0.0537109 0.930176
9 0.760254 0.461914 0.0371094 0.0419922 0.930176
6 0.202148 0.165283 0.0385742 0.0400391 0.929199
5 0.86084 0.306152 0.0361328 0.0410156 0.929199
0 0.654297 0.388184 0.0722656 0.0371094 0.927734
6 0.420898 0.236572 0.0400391 0.0400391 0.927246
2 0.253906 0.0144348 0.0336914 0.0288086 0.924805
8 0.828613 0.54248 0.0361328 0.0400391 0.924316
13 0.256836 0.229736 0.019043 0.0693359 0.923828
5 0.135376 0.947266 0.0356445 0.0410156 0.918457
19 0.170166 0.32373 0.0273438 0.0380859 0.91748
0 0.173828 0.401611 0.0585938 0.0410156 0.916504
7 0.76416 0.0784912 0.0390625 0.0585938 0.916016
13 0.656738 0.534668 0.0195312 0.0673828 0.916016
18 0.124695 0.867188 0.0548096 0.0478516 0.916016
2 0.465332 0.862305 0.03125 0.0439453 0.915527
8 0.173706 0.948242 0.0368652 0.0410156 0.914062
6 0.224854 0.478027 0.0375977 0.0390625 0.911133
13 0.641113 0.921875 0.0195312 0.0703125 0.911133
5 0.769531 0.150391 0.0371094 0.0402832 0.90918
6 0.746094 0.855469 0.0390625 0.0390625 0.90918
10 0.267822 0.854004 0.0371094 0.0673828 0.908691
0 0.121826 0.481445 0.0551758 0.0361328 0.908691
9 0.112305 0.32373 0.036377 0.0400391 0.905762
14 0.257385 0.46875 0.0174561 0.0625 0.905762
6 0.65332 0.15332 0.0371094 0.0371094 0.903809
8 0.0358276 0.874023 0.0352173 0.0361328 0.90332
13 0.395508 0.850098 0.0205078 0.0712891 0.899902
2 0.385254 0.0826416 0.03125 0.0380859 0.898926
13 0.763184 0.529297 0.0244141 0.0732422 0.898438
14 0.327881 0.929688 0.0170898 0.0625 0.896973
2 0.295654 0.395508 0.0307617 0.0410156 0.896484
13 0.103638 0.938477 0.0192871 0.0742188 0.895508
2 0.854492 0.147705 0.0292969 0.0395508 0.893066
4 0.32251 0.786621 0.0263672 0.0458984 0.892578
13 0.945801 0.447998 0.0185547 0.065918 0.890137
13 0.911621 0.369141 0.0205078 0.0732422 0.888672
8 0.330078 0.396973 0.0380859 0.0380859 0.888672
7 0.582031 0.633789 0.0664062 0.0566406 0.885742
1 0.598633 0.708008 0.0361328 0.0507812 0.885742
14 0.220337 0.624023 0.0178223 0.0615234 0.884766
13 0.772461 0.839844 0.0195312 0.0683594 0.884766
13 0.363281 0.695312 0.0209961 0.0654297 0.884766
6 0.384521 0.31543 0.0375977 0.0385742 0.884277
4 0.075943 0.785156 0.0287781 0.0537109 0.880859
4 0.0592041 0.079895 0.0576172 0.0656738 0.877441
13 0.897461 0.916504 0.0175781 0.0644531 0.876465
5 0.510254 0.860352 0.0371094 0.0410156 0.870605
6 0.798828 0.697266 0.0566406 0.0410156 0.869629
8 0.744141 0.932617 0.0361328 0.0410156 0.868652
22 0.552734 0.938477 0.0371094 0.0429688 0.868164
9 0.241455 0.161133 0.0366211 0.0415039 0.867188
6 0.269592 0.634277 0.0408936 0.0371094 0.865234
8 0.726074 0.151855 0.0361328 0.0393066 0.864258
0 0.373779 0.474121 0.0776367 0.0405273 0.864258
13 0.947266 0.521973 0.0214844 0.0771484 0.863281
14 0.680664 0.844727 0.0175781 0.0625 0.862305
13 0.144043 0.697266 0.0227051 0.0722656 0.85791
6 0.0391235 0.0172577 0.0356445 0.0345154 0.85498
24 0.438965 0.707031 0.0361328 0.0458984 0.853027
13 0.0506592 0.78125 0.017395 0.0644531 0.852051
6 0.203369 0.322754 0.0373535 0.0371094 0.850098
2 0.95459 0.848633 0.0332031 0.0429688 0.850098
6 0.238037 0.0866699 0.0415039 0.0397949 0.849121
6 0.447998 0.552246 0.0375977 0.0380859 0.849121
13 0.240234 0.62207 0.0180664 0.0644531 0.849121
7 0.477539 0.711914 0.0380859 0.0556641 0.849121
4 0.796387 0.844727 0.0244141 0.0527344 0.848145
14 0.165527 0.695312 0.0175781 0.0683594 0.844727
9 0.924805 0.0069046 0.0371094 0.0136871 0.842773
5 0.995605 0.92627 0.00878906 0.0351562 0.842773
6 0.0234222 0.171997 0.0377502 0.0373535 0.842773
5 0.941406 0.379639 0.0371094 0.0463867 0.841797
23 0.939453 0.0707397 0.0351562 0.043335 0.838867
6 0.0277557 0.64209 0.0397644 0.0410156 0.838867
14 0.436279 0.847656 0.0195312 0.0644531 0.836426
2 0.691406 0.150635 0.0322266 0.0400391 0.835449
2 0.399902 0.941406 0.0292969 0.0390625 0.834473
14 0.415771 0.84668 0.0170898 0.0664062 0.833496
12 0.82373 0.459473 0.0371094 0.0771484 0.832031
6 0.649414 0.856445 0.0371094 0.0390625 0.831055
6 0.334473 0.864258 0.0351562 0.0390625 0.830078
14 0.306641 0.932617 0.0175781 0.0683594 0.829102
4 0.48584 0.625488 0.0234375 0.0458984 0.827637
2 0.216309 0.708008 0.0351562 0.0371094 0.825684
13 0.171875 0.152832 0.0195312 0.0678711 0.823242
7 0.372559 0.638184 0.0654297 0.0556641 0.822266
9 0.249268 0.944336 0.0351562 0.0429688 0.817383
18 0.111511 0.638672 0.0562744 0.0429688 0.812988
6 0.290527 0.787109 0.0332031 0.0390625 0.809082
13 0.424561 0.461914 0.0200195 0.0649414 0.808105
2 0.879395 0.457031 0.0566406 0.0498047 0.805664
6 0.527832 0.00949097 0.0332031 0.0189209 0.804199
4 0.449219 0.466797 0.0244141 0.0566406 0.803223
18 0.35498 0.153839 0.0576172 0.0629272 0.801758
6 0.168091 0.0150757 0.0383301 0.0300293 0.79834
4 0.496826 0.782227 0.0268555 0.0488281 0.796875
10 0.07164 0.237671 0.0329895 0.067627 0.795898
4 0.223633 0.864746 0.0246582 0.0449219 0.786621
7 0.899414 0.696289 0.0380859 0.0566406 0.78418
7 0.727539 0.543945 0.0390625 0.0664062 0.782715
2 0.127197 0.401855 0.0302734 0.0390625 0.775879
14 0.187256 0.701172 0.019043 0.0605469 0.774414
22 0.938965 0.929688 0.0605469 0.0390625 0.774414
13 0.761719 0.608887 0.0195312 0.0644531 0.774414
14 0.548828 0.300781 0.0146484 0.0576172 0.771973
2 0.62207 0.074585 0.0302734 0.038208 0.769043
6 0.519043 0.312012 0.0371094 0.0361328 0.769043
2 0.841797 0.928223 0.0292969 0.0429688 0.766113
5 0.394531 0.706055 0.0361328 0.0410156 0.764648
13 0.533203 0.983398 0.015625 0.0332031 0.762207
22 0.401367 0.157959 0.0361328 0.0412598 0.756348
10 0.190186 0.625488 0.0388184 0.0625 0.754883
13 0.979492 0.973633 0.0214844 0.0527344 0.754883
6 0.595703 0.313477 0.0371094 0.0400391 0.751953
4 0.159302 0.777344 0.0598145 0.0683594 0.747559
5 0.0619507 0.450928 0.0323486 0.027832 0.73877
13 0.0101013 0.313232 0.0202026 0.0766602 0.726562
11 0.671875 0.924316 0.0380859 0.0644531 0.720215
24 0.857422 0.697754 0.0410156 0.0488281 0.715332
4 0.010788 0.487305 0.0215759 0.0546875 0.715332
13 0.779297 0.764648 0.0195312 0.0605469 0.708984
5 0.52832 0.626953 0.0351562 0.0371094 0.70752
13 0.435059 0.768555 0.015625 0.0566406 0.70752
6 0.362305 0.240723 0.0380859 0.0385742 0.705566
24 0.9375 0.310547 0.0410156 0.0478516 0.700684
4 0.967285 0.772461 0.0263672 0.0449219 0.700684
14 0.675781 0.608398 0.015625 0.0625 0.690918
6 0.647461 0.698242 0.0566406 0.0410156 0.690918
10 0.272461 0.38916 0.0332031 0.0615234 0.686035
2 0.77832 0.304199 0.0292969 0.0429688 0.679199
5 0.981445 0.303711 0.0244141 0.0385742 0.668945
6 0.161865 0.167603 0.0385742 0.0383301 0.663574
8 0.134552 0.561035 0.0223999 0.0380859 0.654785
13 0.0144577 0.0810547 0.0242462 0.0648193 0.649414
13 0.442871 0.384277 0.0126953 0.0683594 0.647949
4 0.931152 0.224976 0.0605469 0.0458984 0.640625
13 0.545898 0.157593 0.0117188 0.0395508 0.631836
2 0.187744 0.244995 0.0332031 0.0368652 0.62793
9 0.563477 0.00878143 0.0351562 0.0175629 0.62793
14 0.913086 0.604004 0.015625 0.0615234 0.620605
13 0.882324 0.838867 0.0205078 0.078125 0.620605
3 0.130005 0.0794067 0.0505371 0.0657959 0.611328
6 0.825195 0.228027 0.0332031 0.0400391 0.605957
13 0.73584 0.299561 0.0224609 0.0537109 0.605957
11 0.180664 0.857422 0.0554199 0.0625 0.605957
22 0.801758 0.38623 0.0605469 0.0390625 0.600098
12 0.0085144 0.403809 0.0169067 0.0556641 0.594727
6 0.537109 0.392578 0.0546875 0.0400391 0.592773
13 0.107849 0.704102 0.0336914 0.0625 0.592773
6 0.896973 0.306885 0.0380859 0.0380859 0.59082
13 0.556641 0.352539 0.0175781 0.0209961 0.588867
0 0.750977 0.0076561 0.0351562 0.0152054 0.586914
10 0.454346 0.071228 0.0297852 0.0692139 0.586914
8 0.117737 0.561523 0.0181885 0.0371094 0.581543
6 0.827148 0.00682449 0.03125 0.0134811 0.57959
0 0.824219 0.993652 0.0566406 0.0126953 0.569824
5 0.967285 0.453125 0.0195312 0.0322266 0.567871
2 0.379883 0.78418 0.0273438 0.0390625 0.567871
8 0.782227 0.931641 0.0390625 0.0449219 0.567871
14 0.657227 0.605957 0.0175781 0.0693359 0.562012
3 0.424316 0.0113754 0.0517578 0.0227509 0.558105
14 0.566406 0.297852 0.0175781 0.0625 0.552734
0 0.927246 0.990234 0.0771484 0.0195312 0.550781
8 0.209473 0.0158234 0.0444336 0.0316467 0.550781
6 0.498047 0.0103912 0.0195312 0.0206909 0.541016
10 0.439209 0.617188 0.0561523 0.0615234 0.535156
6 0.842285 0.0694427 0.0390625 0.039093 0.517578
6 0.21228 0.941406 0.0368652 0.0488281 0.517578
4 0.278809 0.24292 0.0253906 0.043457 0.505859
0 0.0203094 0.796875 0.0403137 0.0439453 0.505859
13 0.205811 0.04953 0.0166016 0.0167847 0.501953
