18 0.599121 0.782227 0.0410156 0.0585938 0.983887
9 0.0841064 0.878418 0.0375977 0.0507812 0.981445
5 0.600586 0.884766 0.0371094 0.0429688 0.979492
2 0.156494 0.704102 0.0314941 0.0410156 0.977051
11 0.170776 0.869141 0.0405273 0.0664062 0.976562
18 0.0129623 0.783691 0.0259247 0.0585938 0.975586
0 0.432617 0.969727 0.0615234 0.046875 0.97168
2 0.459229 0.882812 0.0302734 0.0449219 0.96582
22 0.380371 0.969727 0.0380859 0.0439453 0.961426
5 0.295898 0.969727 0.0371094 0.0429688 0.959961
5 0.377686 0.52832 0.0366211 0.0507812 0.958008
22 0.567383 0.711426 0.0371094 0.0419922 0.953613
18 0.363037 0.87207 0.0419922 0.0585938 0.951172
7 0.420166 0.713379 0.043457 0.0605469 0.950684
18 0.482666 0.61377 0.0405273 0.0546875 0.94873
13 0.109375 0.777344 0.020752 0.0703125 0.944824
5 0.0482788 0.791016 0.036499 0.0439453 0.942383
7 0.253418 0.802734 0.0444336 0.0605469 0.942383
5 0.0231476 0.525391 0.0396423 0.046875 0.940918
4 0.136108 0.611816 0.0273438 0.0566406 0.939941
5 0.462402 0.710938 0.0380859 0.0429688 0.938965
11 0.374023 0.782227 0.0400391 0.0644531 0.937012
5 0.567383 0.62207 0.0371094 0.0488281 0.935059
9 0.483887 0.970703 0.0410156 0.0458984 0.933105
18 0.270508 0.609375 0.0395508 0.0585938 0.930176
22 0.333984 0.791992 0.0390625 0.0429688 0.930176
5 0.103271 0.616211 0.0341797 0.0449219 0.929199
13 0.0527649 0.871094 0.0236206 0.0683594 0.928711
13 0.350098 0.518066 0.0253906 0.0751953 0.92627
9 0.628906 0.706543 0.0449219 0.0527344 0.925781
4 0.263428 0.964844 0.0273438 0.0488281 0.923828
4 0.634766 0.880859 0.03125 0.0527344 0.92041
18 0.206299 0.958984 0.0405273 0.0605469 0.91748
7 0.468018 0.539062 0.0629883 0.0664062 0.90918
2 0.321533 0.527832 0.0317383 0.0478516 0.908203
2 0.443848 0.619141 0.0336914 0.0458984 0.907227
7 0.576172 0.977051 0.0429688 0.0458984 0.905762
5 0.619141 0.974121 0.0390625 0.0439453 0.899902
2 0.170044 0.96875 0.0292969 0.0429688 0.898926
21 0.0627594 0.623047 0.0434265 0.0625 0.893066
4 0.183838 0.791016 0.0336914 0.0449219 0.893066
13 0.327148 0.871582 0.0234375 0.0673828 0.893066
13 0.239014 0.957031 0.019043 0.0703125 0.892578
2 0.215576 0.791016 0.0288086 0.0429688 0.891113
9 0.0593872 0.965332 0.0411377 0.046875 0.890137
13 0.145264 0.78125 0.0263672 0.0703125 0.887207
13 0.632812 0.792969 0.0234375 0.0683594 0.882324
13 0.326416 0.695312 0.0195312 0.0664062 0.880859
0 0.615234 0.519409 0.0839844 0.0725098 0.854004
10 0.420166 0.871094 0.043457 0.0683594 0.850098
6 0.231689 0.616211 0.0356445 0.0458984 0.842773
13 0.300781 0.605469 0.0195312 0.0683594 0.839844
5 0.132111 0.879883 0.0380249 0.0507812 0.831055
22 0.117493 0.523438 0.0411377 0.0498047 0.830078
13 0.516602 0.602539 0.0234375 0.0800781 0.819824
22 0.0204468 0.880859 0.0371094 0.0488281 0.791992
0 0.121399 0.966797 0.0587158 0.0478516 0.782715
13 0.597656 0.700195 0.0224609 0.0664062 0.759277
2 0.490234 0.79541 0.0361328 0.0429688 0.756348
10 0.170654 0.514526 0.0439453 0.0686035 0.747559
2 0.365723 0.702148 0.0537109 0.0449219 0.73584
4 0.0200958 0.605469 0.0401917 0.0634766 0.716797
10 0.526855 0.87207 0.0371094 0.0683594 0.715332
18 0.265869 0.706543 0.059082 0.0449219 0.680664
13 0.487305 0.867188 0.0244141 0.0791016 0.668945
2 0.249512 0.527832 0.0317383 0.0527344 0.666992
14 0.18457 0.698242 0.0227051 0.0683594 0.660156
6 0.416016 0.78418 0.0410156 0.0644531 0.651367
5 0.215332 0.696289 0.0371094 0.0644531 0.62793
14 0.306641 0.692871 0.0195312 0.0654297 0.620605
6 0.539062 0.788086 0.0605469 0.0585938 0.602051
6 0.277832 0.872559 0.0546875 0.0625 0.600098
2 0.209961 0.527832 0.0336914 0.0507812 0.594727
18 0.623047 0.609375 0.0664062 0.0673828 0.592773
6 0.284668 0.518066 0.0380859 0.0615234 0.59082
21 0.555664 0.875488 0.046875 0.0634766 0.569824
10 0.465576 0.786133 0.0322266 0.0654297 0.523438
23 0.291016 0.791016 0.0317383 0.0449219 0.519531
