9 0.17395 0.0941162 0.0375977 0.0456543 0.952637
7 0.0194855 0.780273 0.0384827 0.0644531 0.944824
8 0.108154 0.431641 0.0366211 0.0419922 0.937988
0 0.12793 0.178101 0.0808105 0.0493164 0.935547
9 0.170532 0.515137 0.0393066 0.0488281 0.930176
5 0.113281 0.599609 0.0383301 0.0439453 0.927734
9 0.019104 0.599609 0.0374756 0.0449219 0.913086
7 0.0169678 0.355957 0.0339355 0.0644531 0.905273
5 0.136688 0.0982666 0.0371704 0.0422363 0.904785
8 0.0805664 0.682617 0.0410156 0.0507812 0.902832
22 0.0799408 0.852051 0.0351868 0.0429688 0.901855
4 0.0146942 0.849609 0.0290833 0.0507812 0.898926
6 0.0546875 0.345703 0.038208 0.0429688 0.889648
7 0.108643 0.949707 0.0368652 0.0654297 0.888672
2 0.0748291 0.935547 0.0316162 0.0429688 0.875977
2 0.0744781 0.427002 0.0304871 0.0463867 0.874023
13 0.182495 0.169189 0.0253906 0.0683594 0.868164
13 0.0447083 0.248291 0.0222778 0.0703125 0.867188
2 0.143555 0.429688 0.0327148 0.0488281 0.863281
2 0.137451 0.516724 0.0249023 0.0446777 0.831055
38 0.0283051 0.931641 0.0566101 0.0742188 0.827637
5 0.0245972 0.682617 0.0488892 0.0458984 0.769043
5 0.118591 0.683594 0.0328369 0.0419922 0.766113
14 0.1427 0.84082 0.0192871 0.0644531 0.746094
19 0.116211 0.851562 0.0288086 0.0449219 0.737305
10 0.111572 0.758789 0.0358887 0.0644531 0.733887
11 0.0475388 0.0172577 0.0609283 0.0345154 0.716797
22 0.0973511 0.0917969 0.0336914 0.0415039 0.713867
14 0.143311 0.755859 0.0200195 0.0644531 0.6875
13 0.181885 0.588867 0.0268555 0.0693359 0.644043
22 0.172363 0.853516 0.0405273 0.0429688 0.594727
2 0.00837708 0.0180054 0.0164795 0.0350342 0.567871
6 0.158691 0.59668 0.0522461 0.0546875 0.560059
9 0.0917969 0.34668 0.0344238 0.0478516 0.556641
23 0.0178795 0.261169 0.0307693 0.0411377 0.552734
13 0.10437 0.250977 0.0114746 0.0668945 0.515625
