29 0.330003 0.0185892 0.0819533 0.0371784 0.975913
0 0.597038 0.928246 0.0619699 0.0437516 0.954902
2 0.527345 0.839526 0.0307865 0.0453558 0.952829
18 0.549561 0.751026 0.0382011 0.050271 0.835867
6 0.650656 0.927631 0.0428195 0.0400331 0.831788
7 0.312394 0.769338 0.0401766 0.0616555 0.830766
9 0.478024 0.5015 0.0361853 0.0437311 0.755036
0 0.441739 0.0114498 0.0601186 0.0228997 0.641261
14 0.494663 0.984748 0.0192839 0.0305036 0.614206
13 0.34405 0.239868 0.0274271 0.0689162 0.600568
5 0.524773 0.995192 0.0327272 0.00961578 0.579787
9 0.811682 0.0850474 0.0362723 0.0448497 0.562515
