3 0.542847 0.492676 0.12915 0.15918 0.983398
18 0.241943 0.899414 0.0917969 0.136719 0.981445
21 0.926758 0.521484 0.106445 0.135742 0.974609
14 0.855469 0.678711 0.0507812 0.138672 0.969238
9 0.804688 0.304199 0.0927734 0.104492 0.968262
2 0.764648 0.501465 0.0742188 0.0917969 0.958008
14 0.671875 0.681641 0.0449219 0.136719 0.944336
13 0.621094 0.671875 0.0517578 0.15625 0.938965
19 0.506348 0.904785 0.0625 0.09375 0.936523
13 0.90332 0.674805 0.046875 0.144531 0.936035
5 0.035675 0.511719 0.071228 0.0917969 0.930664
23 0.839844 0.502808 0.0683594 0.0861816 0.90918
7 0.957031 0.298767 0.0859375 0.189575 0.875
13 0.442139 0.903809 0.0512695 0.19043 0.847168
1 0.018219 0.929688 0.0363159 0.138672 0.837402
0 0.696289 0.907227 0.134766 0.09375 0.825684
18 0.364258 0.911621 0.0927734 0.173828 0.813965
13 0.80957 0.0793457 0.0527344 0.154297 0.809082
18 0.428711 0.0969238 0.135742 0.129395 0.794434
8 0.0894623 0.0838623 0.102814 0.149658 0.754883
9 0.885254 0.0999756 0.0898438 0.0959473 0.747559
0 0.336914 0.705078 0.147461 0.0898438 0.733887
5 0.78418 0.70459 0.0917969 0.0888672 0.689453
5 0.583008 0.90625 0.0820312 0.09375 0.640625
6 0.11615 0.913086 0.145142 0.0996094 0.567871
13 0.164062 0.88916 0.0566406 0.152344 0.513672
7 0.981445 0.306885 0.0371094 0.17627 0.511719
