10 0.665039 0.563477 0.03125 0.0625 0.991699
24 0.462402 0.742676 0.0380859 0.0478516 0.985352
5 0.978516 0.0184937 0.0371094 0.0368652 0.973145
18 0.975586 0.78418 0.0410156 0.0605469 0.973145
12 0.743164 0.876465 0.0585938 0.0703125 0.970703
28 0.741211 0.719238 0.0488281 0.0703125 0.970215
4 0.516602 0.808105 0.0253906 0.0400391 0.963379
5 0.546875 0.80957 0.0351562 0.0390625 0.961426
6 0.533203 0.579102 0.0390625 0.0380859 0.95752
22 0.833496 0.336426 0.0371094 0.0419922 0.955078
0 0.731934 0.959961 0.0537109 0.0390625 0.95166
8 0.483398 0.811035 0.0361328 0.0371094 0.948242
11 0.956055 0.0858002 0.0351562 0.0630188 0.946777
7 0.430176 0.973633 0.0429688 0.0507812 0.946777
6 0.880371 0.643555 0.0361328 0.0390625 0.945312
21 0.485352 0.896484 0.0400391 0.0537109 0.945312
10 0.415527 0.335205 0.0332031 0.0629883 0.943848
5 0.541016 0.26709 0.0332031 0.0400391 0.943359
5 0.905762 0.0220032 0.0351562 0.0418091 0.942383
13 0.833008 0.0899048 0.0214844 0.0689697 0.942383
18 0.919922 0.169312 0.0410156 0.0510254 0.941895
7 0.783203 0.65918 0.0390625 0.0566406 0.940918
0 0.969727 0.171143 0.0517578 0.0361328 0.939453
7 0.591309 0.740234 0.0400391 0.0546875 0.937012
5 0.958008 0.952148 0.0361328 0.0390625 0.937012
18 0.82373 0.712402 0.0439453 0.0576172 0.936523
9 0.833984 0.259521 0.0351562 0.0410156 0.936035
18 0.990723 0.706055 0.0185547 0.0605469 0.935059
2 0.495605 0.347656 0.0283203 0.0419922 0.932617
0 0.652832 0.805664 0.0556641 0.0410156 0.932129
5 0.811523 0.876953 0.0332031 0.0390625 0.931152
2 0.786133 0.724609 0.03125 0.0361328 0.930664
7 0.744141 0.808594 0.0410156 0.0507812 0.930176
7 0.898438 0.961914 0.0390625 0.0546875 0.92627
7 0.801758 0.110474 0.0390625 0.0559082 0.925293
9 0.915527 0.488281 0.0351562 0.0400391 0.925293
1 0.806641 0.0307007 0.0371094 0.0551758 0.923828
7 0.975586 0.650391 0.0488281 0.0546875 0.92041
7 0.78125 0.964844 0.0380859 0.0546875 0.918945
9 0.670898 0.72998 0.0371094 0.0390625 0.918457
7 0.48999 0.589844 0.0395508 0.0537109 0.915039
13 0.937012 0.785156 0.0195312 0.0664062 0.911621
5 0.444824 0.270264 0.0332031 0.0390625 0.910645
10 0.775391 0.328613 0.0332031 0.0673828 0.909668
7 0.435059 0.589844 0.0644531 0.0566406 0.909668
13 0.640625 0.716797 0.0195312 0.0664062 0.90918
22 0.876953 0.489258 0.0332031 0.0410156 0.908691
13 0.987305 0.0839691 0.0195312 0.0691223 0.908203
32 0.483887 0.108337 0.0419922 0.0802002 0.908203
5 0.785156 0.181152 0.0371094 0.0405273 0.908203
6 0.587891 0.576172 0.0351562 0.0371094 0.90332
2 0.541016 0.0307617 0.0332031 0.0383301 0.901367
2 0.600586 0.420898 0.0292969 0.0380859 0.896973
0 0.541992 0.736328 0.0527344 0.0371094 0.896973
0 0.470703 0.504395 0.0556641 0.0439453 0.89502
6 0.848145 0.0241394 0.0380859 0.0390015 0.894043
5 0.492676 0.966797 0.0361328 0.0410156 0.891113
5 0.959961 0.716797 0.0371094 0.0371094 0.889648
9 0.920898 0.645996 0.0371094 0.0429688 0.884766
5 0.790039 0.798828 0.0390625 0.0390625 0.883301
18 0.594727 0.805664 0.0556641 0.0410156 0.880859
2 0.770508 0.572266 0.03125 0.0390625 0.878906
2 0.84668 0.567383 0.0332031 0.0410156 0.877441
2 0.435547 0.346436 0.0283203 0.0375977 0.874023
13 0.814453 0.636719 0.0195312 0.078125 0.874023
18 0.676758 0.0239563 0.0449219 0.0479126 0.873047
6 0.445801 0.811035 0.0361328 0.0361328 0.870605
5 0.59375 0.963867 0.0332031 0.0390625 0.864258
9 0.546875 0.886719 0.0332031 0.0371094 0.86084
7 0.574707 0.507324 0.0400391 0.0527344 0.856934
2 0.447266 0.887695 0.0302734 0.0390625 0.856934
6 0.481445 0.267334 0.0380859 0.0366211 0.855957
5 0.881348 0.256836 0.0351562 0.0419922 0.851074
14 0.419922 0.87793 0.0195312 0.0595703 0.84375
7 0.666504 0.890625 0.0839844 0.0664062 0.84082
14 0.416504 0.799316 0.0200195 0.0595703 0.839844
6 0.682617 0.263184 0.0214844 0.0371094 0.837402
4 0.572266 0.0296936 0.0292969 0.0403442 0.835449
18 0.894043 0.328613 0.0634766 0.0507812 0.831055
7 0.615234 0.663086 0.0644531 0.0546875 0.82666
2 0.910156 0.719727 0.03125 0.0380859 0.825684
2 0.567383 0.107727 0.03125 0.0372314 0.823242
10 0.947754 0.0189209 0.0263672 0.0378418 0.811523
5 0.589844 0.344238 0.0390625 0.0390625 0.801758
14 0.928711 0.939453 0.0175781 0.0585938 0.801758
14 0.463135 0.958984 0.0136719 0.0605469 0.785156
22 0.788574 0.416016 0.0361328 0.0419922 0.785156
13 0.750488 0.0239716 0.0214844 0.0451965 0.770508
12 0.681152 0.649414 0.0576172 0.0761719 0.766113
14 0.45459 0.179443 0.0214844 0.0625 0.759277
6 0.782227 0.495117 0.0576172 0.0380859 0.750488
11 0.841797 0.63623 0.0332031 0.0654297 0.746094
10 0.518555 0.261292 0.03125 0.071167 0.743164
13 0.519531 0.882812 0.0175781 0.0664062 0.743164
6 0.685547 0.575195 0.0332031 0.0371094 0.728027
12 0.852539 0.786133 0.0351562 0.0566406 0.71875
14 0.958008 0.555176 0.015625 0.0654297 0.710449
2 0.688965 0.495605 0.0556641 0.0390625 0.697754
13 0.974609 0.550781 0.0175781 0.0644531 0.694336
8 0.874023 0.722656 0.0371094 0.0410156 0.690918
13 0.972656 0.23999 0.0185547 0.0742188 0.680664
4 0.458008 0.423828 0.0263672 0.0458984 0.67041
46 0.907715 0.56543 0.0810547 0.0478516 0.662109
1 0.420898 0.507935 0.0366211 0.064209 0.660156
2 0.720703 0.10437 0.0273438 0.0402832 0.656738
4 0.62793 0.956055 0.0263672 0.0546875 0.642578
13 0.996094 0.317383 0.0078125 0.0654297 0.635254
10 0.813477 0.560059 0.0527344 0.0664062 0.633301
2 0.425293 0.738281 0.0332031 0.0371094 0.633301
2 0.651367 0.182495 0.03125 0.048584 0.624512
22 0.617188 0.498047 0.0351562 0.0390625 0.615234
9 0.623047 0.0300446 0.0371094 0.0468445 0.596191
13 0.697266 0.406006 0.0273438 0.0688477 0.592773
18 0.989258 0.401367 0.0214844 0.0439453 0.59082
18 0.758789 0.0935059 0.0449219 0.0605469 0.583008
2 0.65918 0.341553 0.0585938 0.0375977 0.575684
18 0.989746 0.941406 0.0205078 0.0527344 0.57373
18 0.643555 0.263611 0.0263672 0.0352783 0.569824
4 0.466309 0.345215 0.0292969 0.0419922 0.558105
6 0.795898 0.338867 0.0332031 0.0385742 0.544922
18 0.992676 0.247681 0.0146484 0.060791 0.541016
4 0.730469 0.48999 0.0234375 0.0493164 0.523438
13 0.587891 0.172607 0.00878906 0.0698242 0.519531
13 0.59375 0.0259705 0.015625 0.0442505 0.517578
7 0.902832 0.881836 0.0390625 0.0585938 0.515625
12 0.991211 0.87793 0.0175781 0.0605469 0.505859
