28 0.727539 0.910156 0.046875 0.0644531 0.995605
28 0.415039 0.686523 0.0517578 0.0664062 0.978516
18 0.502441 0.683594 0.0449219 0.0625 0.976074
24 0.568848 0.853027 0.0390625 0.0488281 0.959961
6 0.952148 0.915039 0.0390625 0.0410156 0.955566
11 0.810547 0.909668 0.0371094 0.0605469 0.948242
18 0.975586 0.974609 0.0429688 0.0507812 0.945801
21 0.694336 0.851074 0.0527344 0.0595703 0.941895
13 0.818848 0.672852 0.0195312 0.0664062 0.940918
24 0.398926 0.62793 0.0371094 0.0507812 0.939941
2 0.462402 0.696777 0.03125 0.0400391 0.93457
7 0.786621 0.692871 0.0410156 0.0566406 0.930664
5 0.726074 0.606445 0.0361328 0.0410156 0.926758
10 0.82959 0.592773 0.0341797 0.0644531 0.924805
6 0.67041 0.767578 0.0341797 0.0371094 0.923828
4 0.664062 0.923828 0.0253906 0.046875 0.923828
9 0.60791 0.990234 0.0361328 0.0195312 0.922852
10 0.402832 0.84082 0.0400391 0.0683594 0.921387
5 0.608398 0.769043 0.0361328 0.0390625 0.920898
24 0.744141 0.6875 0.0390625 0.0507812 0.919434
5 0.850586 0.683594 0.0371094 0.0410156 0.916504
6 0.5 0.773438 0.0380859 0.0390625 0.914062
0 0.772461 0.605469 0.0566406 0.0410156 0.912598
2 0.850586 0.604492 0.0292969 0.0410156 0.908691
9 0.986816 0.911133 0.0263672 0.0410156 0.908691
6 0.933594 0.601562 0.0585938 0.0429688 0.905273
10 0.584961 0.759766 0.0351562 0.0722656 0.901855
4 0.80957 0.830078 0.0585938 0.0654297 0.892578
6 0.790039 0.764648 0.0332031 0.0390625 0.890137
10 0.899414 0.748047 0.0332031 0.0673828 0.888184
9 0.484375 0.851562 0.0371094 0.0429688 0.883301
9 0.541016 0.768555 0.0390625 0.0429688 0.879883
21 0.480469 0.94043 0.0537109 0.0664062 0.879883
7 0.977539 0.685547 0.0429688 0.0566406 0.878418
4 0.981934 0.599609 0.0351562 0.0488281 0.877441
5 0.658203 0.989258 0.0332031 0.0214844 0.868652
2 0.867676 0.76123 0.0292969 0.0390625 0.867188
22 0.563965 0.928711 0.0371094 0.0439453 0.865234
13 0.766602 0.831543 0.0214844 0.0634766 0.859863
4 0.640625 0.765625 0.0253906 0.0488281 0.85791
14 0.453125 0.761719 0.015625 0.0644531 0.844727
13 0.921875 0.902832 0.0195312 0.0683594 0.831055
6 0.773438 0.921875 0.0371094 0.0371094 0.820801
21 0.924805 0.988281 0.0605469 0.0234375 0.816406
2 0.532227 0.850586 0.0332031 0.046875 0.81543
8 0.525391 0.929688 0.0351562 0.0410156 0.790527
0 0.677734 0.607422 0.0527344 0.0371094 0.786621
5 0.719238 0.765625 0.0527344 0.0371094 0.777344
4 0.546387 0.691895 0.0283203 0.0498047 0.769043
1 0.884766 0.610352 0.0361328 0.0556641 0.759277
8 0.643555 0.848633 0.0361328 0.0439453 0.746094
6 0.739258 0.844727 0.0371094 0.0390625 0.740234
14 0.473145 0.760742 0.0175781 0.0703125 0.733887
3 0.879883 0.82959 0.0507812 0.0654297 0.726562
4 0.760742 0.76416 0.0273438 0.0439453 0.716797
6 0.911133 0.917969 0.0390625 0.0390625 0.710449
18 0.776367 0.978516 0.0390625 0.0429688 0.697754
14 0.64209 0.677246 0.0195312 0.0664062 0.679199
0 0.419434 0.993164 0.0644531 0.0136719 0.662109
14 0.686523 0.97998 0.015625 0.0400391 0.660156
46 0.415039 0.773438 0.0527344 0.0429688 0.658203
23 0.821777 0.762695 0.0332031 0.0390625 0.651367
22 0.417725 0.931641 0.0629883 0.0410156 0.635254
13 0.706055 0.977539 0.0195312 0.0449219 0.598145
1 0.016861 0.0753784 0.0335388 0.150757 0.596191
14 0.660156 0.676758 0.0175781 0.0664062 0.563965
6 0.983398 0.836914 0.0332031 0.0390625 0.539062
13 0.975586 0.74707 0.0195312 0.0683594 0.535156
6 0.689453 0.689453 0.0380859 0.0410156 0.521484
13 0.956055 0.799805 0.015625 0.0175781 0.517578
