18 0.91451 0.469553 0.0407563 0.0570339 0.970192
6 0.919733 0.638027 0.0357422 0.0343289 0.962648
16 0.739354 0.87372 0.0444441 0.0411469 0.962118
5 0.933025 0.716306 0.0355966 0.036114 0.957529
2 0.826005 0.173907 0.027348 0.035659 0.93588
6 0.960055 0.40164 0.0376174 0.0377462 0.931628
2 0.957352 0.638864 0.0303121 0.0355151 0.916107
4 0.728402 0.954175 0.0239646 0.0418792 0.913578
5 0.527321 0.80623 0.0346885 0.0360907 0.902724
4 0.890419 0.712567 0.0271513 0.0413113 0.902149
13 0.780928 0.785557 0.0177776 0.0596926 0.887053
13 0.776261 0.854917 0.0215273 0.0801129 0.875044
0 0.908351 0.794451 0.0560228 0.0367527 0.865964
2 0.0909435 0.740855 0.0298947 0.0351048 0.854425
19 0.0964654 0.663835 0.0277595 0.0352852 0.788928
2 0.700958 0.87435 0.0308596 0.0368572 0.76392
1 0.530776 0.97002 0.0355538 0.051366 0.727165
6 0.764612 0.71796 0.0356681 0.0364472 0.718524
8 0.871175 0.486693 0.0347333 0.0344142 0.653467
5 0.480283 0.57283 0.0367811 0.0371312 0.653114
5 0.959035 0.790897 0.0363634 0.0368128 0.61252
14 0.881112 0.939052 0.0150015 0.0590177 0.612212
9 0.858644 0.172788 0.0348098 0.0370997 0.603739
1 0.948749 0.331575 0.0377579 0.0499327 0.588796
6 0.159865 0.427911 0.0370739 0.0368764 0.580472
5 0.53733 0.335384 0.0332539 0.0368932 0.569095
2 0.762617 0.0160057 0.0288454 0.0319739 0.566343
23 0.794621 0.17145 0.0295761 0.035691 0.531005
