12 0.548828 0.882812 0.104492 0.136719 0.991699
18 0.108521 0.891113 0.129639 0.119141 0.977539
9 0.0880127 0.293518 0.0891113 0.0985107 0.969238
19 0.46167 0.901855 0.0595703 0.0878906 0.967773
2 0.898926 0.515503 0.0693359 0.0939941 0.966797
9 0.221558 0.897461 0.0866699 0.0957031 0.965332
5 0.928711 0.320801 0.0810547 0.0976562 0.962891
7 0.777344 0.930664 0.118164 0.134766 0.958008
18 0.984375 0.702148 0.03125 0.12207 0.95752
5 0.749512 0.713867 0.0849609 0.0957031 0.956055
0 0.860352 0.720703 0.126953 0.0976562 0.948242
5 0.0353394 0.701172 0.0704346 0.0927734 0.947754
14 0.674316 0.885254 0.0478516 0.132812 0.941895
4 0.878906 0.111923 0.0664062 0.111359 0.935059
2 0.941406 0.121948 0.0585938 0.088623 0.918457
18 0.905273 0.899414 0.120117 0.123047 0.917969
11 0.0907593 0.475586 0.148071 0.145508 0.904785
0 0.356934 0.911133 0.134766 0.101562 0.904785
23 0.987305 0.125 0.0253906 0.0839844 0.90332
4 0.833008 0.311523 0.0898438 0.106445 0.901367
13 0.625488 0.878906 0.0419922 0.160156 0.895508
4 0.318848 0.0886841 0.0742188 0.123901 0.883301
29 0.969727 0.499878 0.0605469 0.140869 0.848145
8 0.738281 0.31665 0.0898438 0.0947266 0.801758
6 0.234619 0.696289 0.135254 0.104492 0.794434
6 0.599609 0.505981 0.130859 0.109131 0.740234
5 0.770508 0.515503 0.0820312 0.0900879 0.710449
13 0.0201111 0.265564 0.039978 0.157349 0.680664
23 0.70166 0.515625 0.0605469 0.0849609 0.666992
6 0.564453 0.305176 0.0917969 0.101562 0.62793
0 0.985352 0.326172 0.0292969 0.0917969 0.562012
5 0.231079 0.105591 0.088623 0.0910645 0.537109
29 0.552246 0.711914 0.125977 0.203125 0.529297
4 0.429443 0.0780029 0.119629 0.156006 0.521484
