4 0.776367 0.549805 0.0732422 0.112305 0.972168
1 0.881836 0.572754 0.0859375 0.133789 0.970703
18 0.867188 0.730469 0.0878906 0.123047 0.962402
14 0.831055 0.930664 0.0449219 0.134766 0.960449
2 0.628906 0.361816 0.0664062 0.0883789 0.957031
14 0.785156 0.932617 0.0449219 0.134766 0.957031
2 0.912109 0.350342 0.0703125 0.0917969 0.955078
14 0.90625 0.135864 0.0410156 0.133789 0.953613
2 0.663086 0.757324 0.0664062 0.0947266 0.953125
9 0.976562 0.950195 0.046875 0.0976562 0.94043
23 0.731445 0.757812 0.0644531 0.0839844 0.937988
6 0.785156 0.755371 0.0371094 0.0810547 0.869629
13 0.942871 0.723633 0.0419922 0.136719 0.809082
8 0.975098 0.328857 0.0498047 0.143555 0.803223
6 0.734375 0.355957 0.130859 0.0986328 0.803223
6 0.816895 0.154999 0.128906 0.0996704 0.754883
13 0.958008 0.122009 0.0439453 0.148071 0.700684
21 0.691406 0.950195 0.134766 0.0996094 0.700684
4 0.683594 0.533691 0.0703125 0.137695 0.662109
8 0.576172 0.735352 0.0917969 0.144531 0.620605
6 0.830078 0.357422 0.0546875 0.0908203 0.604004
