1 0.428186 0.928293 0.0819969 0.126948 0.975274
8 0.869633 0.701768 0.0910969 0.0920367 0.972826
22 0.626798 0.900529 0.0836134 0.0848522 0.965
6 0.525554 0.90518 0.0965984 0.0871673 0.958791
2 0.841017 0.0985217 0.072553 0.0905862 0.956708
8 0.218903 0.902582 0.0912757 0.085825 0.926572
8 0.962522 0.501875 0.0749557 0.0880038 0.902006
7 0.972606 0.328251 0.0547882 0.125512 0.876679
2 0.313841 0.90755 0.0702652 0.0905418 0.863732
5 0.775799 0.700814 0.0793473 0.0870645 0.756627
6 0.740711 0.298489 0.0936508 0.0872071 0.589348
9 0.964739 0.898677 0.0705218 0.0863671 0.53766
