19 0.852491 0.679287 0.0297697 0.0436022 0.992013
0 0.380875 0.842293 0.0593098 0.0395045 0.971176
18 0.814689 0.589791 0.0386363 0.0507048 0.963263
8 0.288142 0.846922 0.0365858 0.0361195 0.962509
11 0.157687 0.832675 0.0355767 0.0606576 0.960679
0 0.811148 0.0897075 0.0604789 0.0439596 0.958724
5 0.774292 0.594994 0.0379956 0.0444425 0.957762
11 0.0251378 0.913069 0.0364554 0.0611001 0.950427
0 0.246529 0.925323 0.0549958 0.0397315 0.934679
5 0.817109 0.681503 0.0366919 0.0446534 0.933807
8 0.608804 0.764817 0.0364175 0.0395877 0.914938
0 0.766901 0.681395 0.0580232 0.041057 0.893346
9 0.558679 0.761087 0.0357089 0.043445 0.877729
6 0.339214 0.257974 0.0392244 0.0431941 0.85961
9 0.240825 0.256072 0.0347621 0.0454029 0.839365
8 0.0194825 0.844238 0.0361881 0.0402902 0.825925
9 0.238223 0.842863 0.0350225 0.0403163 0.812238
13 0.284276 0.983593 0.0240541 0.03274 0.810229
9 0.104878 0.924784 0.0340198 0.0426593 0.795666
11 0.478581 0.752165 0.0356615 0.0617323 0.790207
15 0.771465 0.0141454 0.0752501 0.0282908 0.708767
14 0.451557 0.983195 0.013634 0.0331806 0.674517
0 0.702086 0.764111 0.0608904 0.0442586 0.673774
2 0.827218 0.014072 0.0327631 0.028144 0.664649
0 0.15913 0.0136675 0.0597048 0.027335 0.649381
14 0.672558 0.983402 0.0178533 0.0331962 0.629505
5 0.752753 0.508772 0.0377796 0.0456392 0.578549
0 0.0969334 0.0130319 0.0613401 0.0260638 0.530574
2 0.773823 0.925277 0.0303756 0.0432806 0.525048
