35 0.310486 0.824219 0.132935 0.175781 0.996094
4 0.140625 0.62207 0.072998 0.113281 0.979492
8 0.550293 0.824219 0.100586 0.0947266 0.972656
8 0.432373 0.824219 0.0991211 0.0957031 0.971191
0 0.343262 0.0435486 0.157227 0.0870972 0.969238
0 0.523438 0.0412598 0.194336 0.0825195 0.966797
4 0.359131 0.220825 0.0673828 0.106201 0.962402
0 0.791016 0.222168 0.136719 0.0966797 0.960449
19 0.358398 0.632324 0.0664062 0.0947266 0.956543
4 0.101562 0.823242 0.0688477 0.109375 0.954102
14 0.943359 0.394531 0.0449219 0.143555 0.946289
19 0.0161133 0.231812 0.0321045 0.092041 0.945312
14 0.859375 0.599609 0.0488281 0.137695 0.944336
13 0.0441971 0.804688 0.0424652 0.142578 0.935547
14 0.907227 0.597168 0.046875 0.143555 0.933594
13 0.0969849 0.0393066 0.0400391 0.0783691 0.921875
19 0.0112915 0.831055 0.0223999 0.0917969 0.901367
13 0.696289 0.202637 0.0488281 0.14209 0.896973
4 0.155396 0.422363 0.0969238 0.0966797 0.896484
13 0.954102 0.599609 0.046875 0.142578 0.879883
8 0.60791 0.602051 0.0966797 0.139648 0.879883
7 0.812988 0.843262 0.166016 0.126953 0.877441
8 0.791992 0.0355225 0.0927734 0.0710449 0.874023
2 0.566406 0.418457 0.078125 0.0996094 0.864258
14 0.949707 0.96582 0.0517578 0.0683594 0.864258
4 0.0146255 0.40918 0.0290375 0.133789 0.862305
7 0.236938 0.247925 0.158936 0.12915 0.845703
13 0.4104 0.595703 0.0415039 0.150391 0.842773
2 0.0652466 0.428223 0.0725098 0.0917969 0.837402
14 0.484863 0.969727 0.0419922 0.0605469 0.830078
6 0.0499268 0.632812 0.0998535 0.0957031 0.818848
13 0.969238 0.0350342 0.0498047 0.0699463 0.792969
2 0.429688 0.224121 0.0722656 0.0888672 0.775879
4 0.467529 0.62207 0.074707 0.117188 0.746094
13 0.688477 0.964844 0.0488281 0.0703125 0.741699
13 0.0395813 0.967285 0.0535278 0.0654297 0.741699
6 0.519531 0.216064 0.0917969 0.104492 0.733887
14 0.436523 0.968262 0.0419922 0.0634766 0.732422
13 0.539551 0.96582 0.0673828 0.0683594 0.715332
6 0.952148 0.818359 0.0957031 0.103516 0.702637
2 0.0726166 0.227783 0.0779114 0.0957031 0.682617
22 0.652344 0.825195 0.0859375 0.0917969 0.556641
22 0.986816 0.422607 0.0263672 0.0917969 0.519531
