8 0.904152 0.696605 0.0384109 0.0411673 0.958463
0 0.871994 0.0763408 0.0584342 0.0408655 0.946169
5 0.898474 0.173101 0.0349594 0.0406116 0.941751
22 0.0730568 0.859828 0.0373743 0.04331 0.938261
9 0.906531 0.259659 0.0388308 0.0429995 0.937336
0 0.613748 0.785236 0.0556138 0.0395194 0.929331
0 0.831602 0.609143 0.0575473 0.0408118 0.921668
0 0.539044 0.871871 0.0558721 0.0412248 0.915709
13 0.654287 0.869382 0.018867 0.0635972 0.914746
18 0.0899686 0.938835 0.0397514 0.0544605 0.911439
0 0.940772 0.609372 0.0586646 0.0388184 0.90301
6 0.913358 0.521569 0.0418175 0.0393589 0.897947
29 0.0256989 0.857024 0.0513978 0.072629 0.85814
2 0.218745 0.957044 0.0312143 0.0431167 0.837078
18 0.58033 0.423979 0.0407958 0.0518122 0.799031
22 0.474327 0.606709 0.0366888 0.0396446 0.780569
13 0.490167 0.855629 0.0263298 0.0765889 0.764276
9 0.514428 0.606586 0.0374423 0.0444716 0.763298
7 0.470908 0.972207 0.0434594 0.0547961 0.729227
5 0.418176 0.963685 0.0401298 0.0387068 0.661248
6 0.375685 0.962822 0.0393143 0.039886 0.638066
5 0.513781 0.96413 0.0359816 0.0402927 0.599663
2 0.663799 0.963747 0.029892 0.0399458 0.550235
23 0.548886 0.960075 0.0316243 0.0405132 0.50468
0 0.861231 0.520178 0.0585437 0.0406888 0.502251
