18 0.902344 0.551758 0.0410156 0.0546875 0.989746
28 0.674805 0.0293121 0.0488281 0.0586243 0.988281
5 0.552734 0.301514 0.0410156 0.0458984 0.983887
5 0.37793 0.921387 0.0380859 0.046875 0.98291
12 0.512573 0.55957 0.0510254 0.078125 0.981934
22 0.456055 0.645508 0.0390625 0.0429688 0.981934
11 0.989258 0.114441 0.0214844 0.0650635 0.981445
18 0.964355 0.205933 0.0429688 0.0588379 0.97998
8 0.930664 0.650391 0.0410156 0.046875 0.978516
21 0.354492 0.308594 0.046875 0.0625 0.975586
8 0.693359 0.303223 0.0429688 0.0478516 0.975586
5 0.989258 0.649414 0.0214844 0.0449219 0.972656
18 0.756836 0.204712 0.0410156 0.0598145 0.969238
0 0.973145 0.03302 0.0537109 0.0579224 0.962402
10 0.416016 0.11261 0.0410156 0.0723877 0.961426
5 0.458496 0.91748 0.0390625 0.0488281 0.961426
5 0.438477 0.0335159 0.0439453 0.0513763 0.959961
7 0.961426 0.751953 0.0429688 0.0585938 0.958984
4 0.662598 0.737793 0.03125 0.0537109 0.955078
10 0.606934 0.912109 0.0351562 0.0683594 0.955078
1 0.789551 0.751953 0.0419922 0.0625 0.954102
6 0.827148 0.476074 0.0371094 0.0429688 0.953125
18 0.977539 0.384277 0.0449219 0.0517578 0.952148
1 0.882812 0.75 0.0410156 0.0625 0.950684
8 0.615234 0.124756 0.0449219 0.0493164 0.950195
6 0.882812 0.304199 0.0410156 0.0458984 0.950195
7 0.839844 0.841797 0.0429688 0.0605469 0.950195
4 0.920898 0.827148 0.0292969 0.0498047 0.949219
5 0.631836 0.922852 0.0390625 0.0449219 0.94873
8 0.625488 0.741699 0.0429688 0.0488281 0.948242
6 0.884277 0.833984 0.0429688 0.0439453 0.947754
4 0.737305 0.388672 0.0292969 0.0546875 0.945312
14 0.915527 0.293213 0.0224609 0.0698242 0.941895
7 0.76416 0.0427856 0.046875 0.0651855 0.940918
7 0.814453 0.397949 0.0429688 0.0551758 0.939453
6 0.638184 0.213013 0.0419922 0.043457 0.938477
5 0.584961 0.741211 0.0371094 0.046875 0.937988
5 0.452148 0.388672 0.0366211 0.0410156 0.933105
22 0.865723 0.213135 0.0390625 0.0415039 0.931641
2 0.464844 0.300293 0.0449219 0.046875 0.928711
9 0.948242 0.473633 0.0410156 0.0449219 0.928223
2 0.766602 0.390625 0.0302734 0.0439453 0.92627
0 0.490479 0.0290527 0.0620117 0.0483398 0.925781
7 0.630859 0.573242 0.0458984 0.0605469 0.925293
5 0.850586 0.5625 0.0361328 0.0429688 0.924805
8 0.674805 0.92041 0.0410156 0.0478516 0.924805
2 0.695312 0.741699 0.03125 0.0449219 0.923828
13 0.646484 0.637207 0.0175781 0.0771484 0.915039
6 0.879883 0.392334 0.0410156 0.0449219 0.913086
2 0.374512 0.649414 0.0307617 0.0449219 0.912598
12 0.920898 0.0355225 0.0419922 0.0708008 0.909668
0 0.812988 0.212402 0.0625 0.045166 0.909668
2 0.428467 0.477295 0.0302734 0.0415039 0.90918
5 0.542969 0.0317993 0.0390625 0.0444336 0.906738
16 0.436768 0.740723 0.0424805 0.0478516 0.905273
7 0.367188 0.745605 0.0644531 0.0615234 0.905273
6 0.484863 0.475586 0.0410156 0.0444336 0.90332
5 0.365723 0.209351 0.0683594 0.0539551 0.902832
2 0.802246 0.831055 0.0302734 0.0449219 0.901855
0 0.784668 0.122437 0.0791016 0.0515137 0.897461
5 0.649902 0.830078 0.0371094 0.0449219 0.896973
2 0.944336 0.303711 0.0332031 0.0478516 0.896484
4 0.461426 0.55957 0.0292969 0.046875 0.896484
2 0.655273 0.127228 0.0351562 0.0497437 0.895508
13 0.936523 0.555176 0.0234375 0.0742188 0.895508
13 0.471191 0.730469 0.0234375 0.0722656 0.894043
7 0.985352 0.308838 0.0292969 0.0668945 0.887207
14 0.346191 0.637207 0.0244141 0.0683594 0.885742
2 0.949219 0.829102 0.0292969 0.0449219 0.883301
13 0.592773 0.821289 0.0234375 0.0732422 0.882324
11 0.839355 0.291992 0.0410156 0.0673828 0.881836
7 0.447754 0.127808 0.0625 0.0605469 0.878418
14 0.664062 0.552734 0.0205078 0.0625 0.877441
9 0.816406 0.652344 0.0400391 0.046875 0.874023
0 0.371094 0.82959 0.0820312 0.0527344 0.874023
21 0.500854 0.749023 0.045166 0.0664062 0.873047
8 0.700195 0.390625 0.0429688 0.046875 0.871582
5 0.540039 0.830566 0.0390625 0.0478516 0.871582
8 0.424316 0.560547 0.0444336 0.0429688 0.869629
2 0.818359 0.031311 0.0351562 0.0492554 0.862305
14 0.424316 0.819336 0.0234375 0.0644531 0.861328
14 0.848633 0.37793 0.0205078 0.0615234 0.859863
6 0.696289 0.5625 0.0449219 0.0449219 0.848145
13 0.455566 0.463135 0.0239258 0.0693359 0.847168
0 0.408691 0.299805 0.0595703 0.0541992 0.844727
5 0.992676 0.742188 0.0146484 0.0488281 0.842773
4 0.344238 0.916504 0.0322266 0.0615234 0.841797
0 0.791992 0.5625 0.0800781 0.0449219 0.839844
0 0.478271 0.831055 0.0805664 0.0488281 0.838867
2 0.962402 0.124878 0.0302734 0.0483398 0.835449
9 0.844727 0.124268 0.0410156 0.0544434 0.819824
22 0.571289 0.123108 0.0371094 0.0443115 0.813965
10 0.414062 0.638184 0.0429688 0.0644531 0.804199
4 0.880371 0.914062 0.0253906 0.0625 0.79834
23 0.941406 0.916992 0.03125 0.0429688 0.795898
0 0.833496 0.922363 0.0595703 0.0449219 0.789062
14 0.856445 0.465576 0.0234375 0.0649414 0.749023
13 0.939453 0.982422 0.0234375 0.0351562 0.744629
23 0.775391 0.919922 0.0341797 0.046875 0.726562
7 0.714844 0.842773 0.0605469 0.0605469 0.72168
13 0.553711 0.731934 0.0234375 0.0742188 0.716797
9 0.732422 0.738281 0.0410156 0.0527344 0.700684
2 0.910156 0.920898 0.03125 0.0488281 0.6875
5 0.788086 0.299316 0.0585938 0.0522461 0.662109
27 0.917969 0.749023 0.0253906 0.0625 0.656738
0 0.985352 0.829102 0.0292969 0.046875 0.642578
5 0.367432 0.55957 0.0683594 0.0449219 0.607422
13 0.813477 0.106323 0.0253906 0.0849609 0.602051
13 0.626465 0.465332 0.0253906 0.0673828 0.596191
13 0.532715 0.728516 0.0175781 0.0683594 0.567871
12 0.875977 0.0293121 0.0332031 0.0583801 0.560059
18 0.928711 0.38208 0.046875 0.0625 0.556641
18 0.911133 0.203735 0.0449219 0.0656738 0.523438
23 0.673828 0.654297 0.03125 0.0449219 0.523438
4 0.589844 0.302734 0.0332031 0.046875 0.513672
14 0.845703 0.0293427 0.0195312 0.0586853 0.509766
6 0.988281 0.915039 0.0214844 0.046875 0.503906
14 0.40625 0.0293121 0.0234375 0.0586243 0.501953
