2 0.149048 0.676758 0.0322266 0.0488281 0.973633
2 0.0740814 0.675781 0.0332336 0.0507812 0.949707
18 0.148926 0.0814209 0.0378418 0.052002 0.947266
4 0.177124 0.163818 0.0358887 0.0571289 0.942871
5 0.0738525 0.760742 0.0406494 0.0449219 0.939453
8 0.139893 0.171387 0.0368652 0.0471191 0.932617
5 0.110107 0.422363 0.036377 0.0478516 0.931152
11 0.0852051 0.835938 0.036377 0.0703125 0.930176
8 0.13501 0.508301 0.0427246 0.0478516 0.928711
6 0.148193 0.254395 0.0385742 0.0454102 0.924316
2 0.0193329 0.502808 0.0323792 0.0471191 0.913086
13 0.0349197 0.15625 0.024765 0.0649414 0.896973
5 0.0447388 0.845703 0.0393066 0.0449219 0.892578
4 0.17334 0.502441 0.0332031 0.0556641 0.880859
2 0.104126 0.164429 0.0324707 0.0490723 0.866211
6 0.167969 0.848633 0.045166 0.0478516 0.855957
13 0.104065 0.0740967 0.0233154 0.0705566 0.84082
12 0.137085 0.918945 0.0354004 0.0664062 0.84082
6 0.072876 0.085083 0.0388184 0.0444336 0.833496
4 0.183838 0.672852 0.0371094 0.0615234 0.819824
4 0.174072 0.925781 0.0368652 0.0566406 0.812988
2 0.174805 0.0138321 0.0314941 0.0276642 0.771973
5 0.140503 0.424805 0.0244141 0.0283203 0.710449
23 0.173584 0.763672 0.0385742 0.0449219 0.675781
12 0.0059967 0.325195 0.0119324 0.0722656 0.668945
4 0.13089 0.758789 0.046814 0.0507812 0.642578
5 0.0235596 0.419922 0.0461426 0.0488281 0.611328
5 0.0434647 0.333984 0.0597992 0.0532227 0.602051
2 0.0237732 0.758789 0.036438 0.0488281 0.581543
23 0.0251465 0.930664 0.0378418 0.0449219 0.562012
6 0.0702972 0.01194 0.0371399 0.023819 0.546875
11 0.0106049 0.157959 0.0208435 0.0625 0.546875
10 0.0722656 0.156738 0.0458984 0.0661621 0.542969
