4 0.628906 0.900391 0.0683594 0.107422 0.986816
23 0.0289307 0.697754 0.0578003 0.09375 0.980469
11 0.759766 0.488037 0.0927734 0.141113 0.978516
23 0.663574 0.307861 0.0732422 0.0927734 0.976562
8 0.369141 0.902344 0.0996094 0.0976562 0.969238
8 0.953125 0.913086 0.09375 0.101562 0.967285
2 0.867188 0.90918 0.0742188 0.0996094 0.967285
23 0.415771 0.307617 0.0629883 0.0917969 0.963867
2 0.488037 0.305664 0.081543 0.0996094 0.963867
0 0.750488 0.913086 0.141602 0.0957031 0.960449
2 0.462402 0.903809 0.0703125 0.0947266 0.956543
8 0.202515 0.103455 0.0983887 0.0987549 0.953125
22 0.741211 0.313232 0.0839844 0.0913086 0.95166
5 0.542969 0.90918 0.0888672 0.101562 0.949707
7 0.160156 0.930664 0.102539 0.132812 0.948242
6 0.859375 0.706543 0.138672 0.0947266 0.931152
18 0.524536 0.491211 0.136475 0.133789 0.927734
8 0.907715 0.114319 0.0888672 0.086792 0.915039
2 0.115356 0.0988922 0.0739746 0.0978699 0.912598
8 0.84082 0.290527 0.0957031 0.143066 0.895508
13 0.760742 0.678711 0.0546875 0.166016 0.887207
0 0.943359 0.298096 0.111328 0.144531 0.839844
8 0.626953 0.0875244 0.0957031 0.138184 0.838867
14 0.616211 0.689453 0.046875 0.144531 0.836426
22 0.538574 0.710938 0.09375 0.0917969 0.834473
8 0.0377808 0.923828 0.0755615 0.152344 0.825684
22 0.816406 0.11145 0.0878906 0.0905762 0.790527
6 0.714844 0.712402 0.146484 0.0976562 0.779785
6 0.266113 0.893555 0.100098 0.105469 0.732422
7 0.034729 0.126587 0.0692139 0.183105 0.663574
4 0.307617 0.0853271 0.101562 0.133057 0.565918
13 0.965332 0.0826416 0.0693359 0.162598 0.533203
