8 0.93158 0.357561 0.0350786 0.0348281 0.972082
6 0.922018 0.12087 0.0317338 0.0357277 0.959868
6 0.85472 0.276285 0.0327966 0.0365039 0.958637
18 0.758319 0.0287465 0.0416856 0.0568538 0.943108
9 0.891134 0.279294 0.0345943 0.0372324 0.936145
22 0.507731 0.432659 0.0369787 0.0407992 0.93186
13 0.816173 0.109103 0.0198328 0.0610069 0.922248
19 0.789868 0.198245 0.0290318 0.0345317 0.898251
5 0.758139 0.196491 0.0254004 0.0346336 0.852156
2 0.715925 0.276083 0.0303727 0.0364389 0.848761
2 0.79757 0.039631 0.0283713 0.0370468 0.728717
16 0.691532 0.036592 0.0465842 0.0408583 0.728636
22 0.563003 0.275969 0.0340885 0.0362086 0.682334
8 0.788801 0.354234 0.034036 0.0364218 0.675222
