11 0.944336 0.269592 0.09375 0.140503 0.981445
6 0.849121 0.294373 0.0898438 0.0928955 0.974121
8 0.871094 0.692871 0.0957031 0.0947266 0.966309
8 0.318848 0.893555 0.0986328 0.09375 0.96582
2 0.685547 0.89209 0.0761719 0.09375 0.961914
3 0.967773 0.876953 0.0644531 0.177734 0.95459
6 0.961426 0.694336 0.0771484 0.09375 0.95166
0 0.318909 0.0969849 0.191284 0.0985107 0.949707
2 0.238281 0.491943 0.0776367 0.097168 0.948242
0 0.902344 0.495117 0.131836 0.0957031 0.942383
14 0.0117035 0.465332 0.0233154 0.140625 0.934082
6 0.417969 0.895508 0.0986328 0.0878906 0.932617
0 0.539551 0.898438 0.139648 0.0888672 0.932129
11 0.742188 0.668457 0.148438 0.139648 0.930176
13 0.864746 0.0761719 0.0449219 0.148438 0.927734
19 0.789062 0.0920563 0.0683594 0.0900574 0.908691
11 0.189697 0.868652 0.149414 0.137695 0.879883
7 0.414795 0.312988 0.168457 0.129883 0.875
11 0.104431 0.666016 0.154175 0.142578 0.863281
7 0.939453 0.115662 0.105469 0.144165 0.808105
0 0.0410156 0.90625 0.0819092 0.125 0.762207
8 0.623047 0.090271 0.105469 0.0963135 0.749023
0 0.581055 0.271545 0.154297 0.142456 0.631836
27 0.784668 0.491211 0.0634766 0.0927734 0.622559
13 0.632324 0.271484 0.046875 0.135254 0.59082
8 0.79248 0.889648 0.133789 0.185547 0.550781
5 0.988281 0.46875 0.0234375 0.143555 0.541016
7 0.0416565 0.121582 0.0827026 0.158691 0.521484
