18 0.176514 0.0952759 0.043457 0.0633545 0.974609
10 0.25708 0.335449 0.0327148 0.0771484 0.974609
2 0.215332 0.185547 0.0327148 0.0402832 0.927734
0 0.159912 0.0330276 0.0571289 0.0444183 0.901367
13 0.229492 0.333984 0.0200195 0.0771484 0.878418
2 0.0301056 0.274414 0.0331726 0.0390625 0.872559
13 0.141968 0.175293 0.0195312 0.0830078 0.865234
9 0.210693 0.0290833 0.0410156 0.0418701 0.855957
21 0.0541077 0.36377 0.0512085 0.0625 0.820801
2 0.034729 0.193115 0.0297852 0.0390625 0.809082
4 0.131958 0.266663 0.0253906 0.0457764 0.786621
22 0.220703 0.426758 0.0341797 0.0454102 0.767578
8 0.0997314 0.351074 0.0380859 0.0419922 0.763672
12 0.107178 0.185059 0.0375977 0.0791016 0.704102
12 0.00995636 0.0382614 0.0199127 0.0523834 0.665527
18 0.186768 0.347656 0.0620117 0.0429688 0.656738
13 0.21936 0.0995483 0.036377 0.0689697 0.629883
7 0.172852 0.198486 0.0395508 0.0654297 0.616699
14 0.204102 0.251465 0.019043 0.0654297 0.57373
13 0.223633 0.252869 0.0200195 0.0645752 0.554688
21 0.175293 0.418457 0.0571289 0.0654297 0.523438
