19 0.304688 0.423828 0.0527344 0.0908203 0.983398
4 0.306152 0.0396729 0.0634766 0.0793457 0.972656
5 0.234131 0.0397339 0.0771484 0.0794678 0.959473
2 0.113708 0.233276 0.0697021 0.0905762 0.958496
4 0.307129 0.970703 0.0634766 0.0585938 0.954102
2 0.245117 0.423828 0.0634766 0.0927734 0.952148
2 0.159424 0.98584 0.0673828 0.0283203 0.896484
5 0.234375 0.975098 0.0761719 0.0498047 0.89502
13 0.0167236 0.956055 0.0333252 0.0878906 0.881836
2 0.0126419 0.0395203 0.0252838 0.0789185 0.754883
4 0.0318909 0.406006 0.0634155 0.140137 0.544922
