35 0.50769 0.264709 0.0588379 0.071167 0.989746
10 0.267578 0.418701 0.0341797 0.065918 0.987793
10 0.201416 0.186035 0.0349121 0.0651855 0.97998
10 0.365723 0.18396 0.0332031 0.0637207 0.979004
12 0.499023 0.186035 0.0400391 0.0688477 0.970703
24 0.0776367 0.358398 0.0563965 0.0527344 0.967773
10 0.449219 0.418457 0.0361328 0.0634766 0.956543
0 0.573242 0.0331116 0.0566406 0.0578003 0.944824
22 0.477051 0.0395508 0.0341797 0.0392456 0.943359
1 0.168091 0.127197 0.0354004 0.0512695 0.936523
18 0.456787 0.185913 0.0424805 0.0593262 0.936523
12 0.397461 0.107788 0.0390625 0.067627 0.935547
22 0.230225 0.431152 0.0361328 0.0400391 0.935547
5 0.0852051 0.272217 0.0349121 0.0395508 0.932617
2 0.137909 0.429688 0.0342407 0.0429688 0.932129
5 0.344971 0.430176 0.0366211 0.0424805 0.91748
2 0.222168 0.273926 0.0336914 0.0395508 0.915039
5 0.473145 0.430664 0.0371094 0.0410156 0.913574
2 0.123962 0.114929 0.0328369 0.038208 0.909668
7 0.383545 0.358887 0.0600586 0.0556641 0.905273
2 0.567383 0.118774 0.0332031 0.0390625 0.904785
5 0.262451 0.0375366 0.0361328 0.0412598 0.903809
0 0.296387 0.432617 0.0517578 0.0419922 0.901855
8 0.515747 0.040802 0.0368652 0.0404663 0.896973
2 0.085083 0.430664 0.0300293 0.0400391 0.884766
6 0.207031 0.115417 0.0388184 0.0396729 0.879883
6 0.541016 0.196899 0.0361328 0.0407715 0.878906
4 0.395508 0.0372925 0.0273438 0.0440063 0.856934
19 0.229736 0.0400085 0.0258789 0.039917 0.85498
8 0.436035 0.0402222 0.0361328 0.0397949 0.85498
12 0.515625 0.341553 0.0537109 0.0678711 0.827637
2 0.0339966 0.351562 0.0297852 0.0380859 0.825684
14 0.322021 0.259216 0.0146484 0.0596924 0.810547
18 0.516602 0.423828 0.0458984 0.0537109 0.803223
2 0.199219 0.0409546 0.03125 0.0370483 0.794434
14 0.110352 0.418701 0.0158691 0.0664062 0.789062
6 0.361328 0.0404663 0.0371094 0.0378418 0.786621
8 0.297852 0.352539 0.0351562 0.0400391 0.779785
18 0.0437927 0.274414 0.0422974 0.0419922 0.769043
4 0.330811 0.343506 0.0244141 0.0527344 0.763672
4 0.234131 0.193359 0.0256348 0.046875 0.760742
2 0.481689 0.117737 0.043457 0.0386963 0.751953
11 0.564453 0.343262 0.0351562 0.0605469 0.750488
12 0.0260773 0.0326538 0.0403137 0.0650635 0.747559
4 0.176758 0.273682 0.0322266 0.0390625 0.73584
13 0.227539 0.342285 0.0234375 0.0644531 0.725098
2 0.536133 0.12561 0.015625 0.0249023 0.723145
2 0.0596313 0.119141 0.0323486 0.0385742 0.67041
0 0.188232 0.35376 0.0566406 0.0410156 0.666992
4 0.512695 0.116577 0.0234375 0.0454102 0.600098
13 0.333984 0.186279 0.0185547 0.0581055 0.533203
18 0.450195 0.348877 0.0546875 0.0512695 0.503906
