10 0.121948 0.466064 0.032959 0.0673828 0.991699
20 0.87207 0.595703 0.0605469 0.0791016 0.976074
18 0.706055 0.830078 0.0429688 0.0605469 0.976074
8 0.67627 0.606934 0.0380859 0.0371094 0.973145
6 0.489746 0.385254 0.0361328 0.0390625 0.970215
18 0.914062 0.117188 0.0429688 0.0625 0.969727
21 0.801758 0.53125 0.0507812 0.0585938 0.968262
6 0.778809 0.216187 0.0166016 0.034668 0.965332
6 0.391602 0.0753784 0.0380859 0.0374756 0.963867
29 0.054657 0.0226288 0.0576782 0.0452576 0.963379
2 0.802246 0.601562 0.0292969 0.0371094 0.963379
1 0.660156 0.84668 0.0371094 0.0546875 0.963379
20 0.447754 0.92334 0.0600586 0.0810547 0.961426
11 0.654297 0.978027 0.0361328 0.0439453 0.961426
5 0.374023 0.468262 0.0351562 0.0380859 0.959961
4 0.922363 0.360352 0.0283203 0.0439453 0.954102
1 0.736816 0.768066 0.0361328 0.0517578 0.951172
5 0.313477 0.856934 0.0341797 0.0380859 0.951172
0 0.313965 0.625 0.0556641 0.0371094 0.94873
6 0.770996 0.760742 0.0351562 0.0371094 0.94873
5 0.594727 0.765625 0.0351562 0.0390625 0.947266
22 0.745117 0.916504 0.0332031 0.0380859 0.946777
21 0.131714 0.791992 0.0429688 0.0576172 0.946289
8 0.819824 0.677734 0.0351562 0.0410156 0.944824
2 0.57666 0.30127 0.0302734 0.0390625 0.944336
21 0.0147781 0.647461 0.0294342 0.0585938 0.942871
2 0.294678 0.935547 0.0297852 0.0371094 0.942871
2 0.858398 0.676758 0.0351562 0.0390625 0.942383
18 0.191162 0.460938 0.0454102 0.0605469 0.941895
0 0.795898 0.0584717 0.0537109 0.0385742 0.941406
5 0.536621 0.84668 0.0351562 0.0371094 0.939453
7 0.53125 0.77832 0.0390625 0.0527344 0.9375
2 0.802734 0.986816 0.03125 0.0263672 0.937012
10 0.648438 0.210449 0.0292969 0.0620117 0.936523
11 0.799805 0.826172 0.0380859 0.0625 0.93457
2 0.0404358 0.950195 0.0307007 0.0361328 0.933594
10 0.270996 0.691406 0.0351562 0.0634766 0.933105
5 0.760742 0.137451 0.0351562 0.0375977 0.932617
14 0.716797 0.907227 0.0195312 0.0605469 0.930664
13 0.0121002 0.076416 0.016571 0.0620117 0.927734
7 0.251892 0.867676 0.0421143 0.0527344 0.927734
7 0.485107 0.0790405 0.0405273 0.0563965 0.925293
2 0.39209 0.38916 0.0332031 0.0361328 0.924805
9 0.0762787 0.786133 0.0361633 0.0390625 0.924805
2 0.735352 0.450439 0.0283203 0.0380859 0.922852
5 0.738281 0.987305 0.0292969 0.0253906 0.921875
0 0.666992 0.919434 0.0527344 0.0351562 0.921387
11 0.18042 0.852539 0.0366211 0.0605469 0.918945
2 0.707031 0.682129 0.0273438 0.0380859 0.918457
2 0.580078 0.61084 0.0292969 0.0371094 0.91748
13 0.385254 0.298828 0.0214844 0.0595703 0.916016
0 0.804688 0.132935 0.0527344 0.0415039 0.915527
7 0.893066 0.98291 0.0410156 0.0332031 0.915527
10 0.717773 0.592773 0.03125 0.0644531 0.913574
5 0.437012 0.151489 0.0371094 0.0405273 0.913086
13 0.0447388 0.77832 0.0203247 0.0683594 0.913086
0 0.693359 0.293945 0.0664062 0.0371094 0.912598
0 0.306641 0.390137 0.0576172 0.0371094 0.911621
16 0.874023 0.047699 0.0488281 0.0420532 0.909668
13 0.540039 0.287109 0.0185547 0.0693359 0.908691
9 0.895508 0.286621 0.0371094 0.0429688 0.908203
5 0.957031 0.980957 0.0371094 0.0371094 0.907227
22 0.14917 0.320312 0.0351562 0.0366211 0.905762
22 0.841797 0.366211 0.0351562 0.0395508 0.905273
0 0.820312 0.447754 0.0410156 0.0400391 0.900391
8 0.753906 0.526367 0.0371094 0.0371094 0.896973
22 0.609375 0.92041 0.0380859 0.0400391 0.895508
8 0.407227 0.775391 0.0351562 0.0419922 0.89502
13 0.209473 0.852539 0.019043 0.0703125 0.89502
5 0.301758 0.313477 0.0366211 0.0400391 0.894043
0 0.340576 0.936523 0.0551758 0.0390625 0.893066
7 0.323242 0.785156 0.0419922 0.0546875 0.890137
13 0.013649 0.231689 0.0249176 0.065918 0.889648
13 0.0825195 0.0752563 0.0197754 0.0665283 0.888672
2 0.925781 0.518555 0.0332031 0.0371094 0.888672
8 0.408691 0.466553 0.0380859 0.0366211 0.88623
1 0.862793 0.921875 0.0361328 0.0546875 0.88623
10 0.6875 0.670898 0.03125 0.0644531 0.884766
13 0.685547 0.974121 0.0214844 0.0517578 0.884766
9 0.17041 0.94043 0.0375977 0.0390625 0.882324
9 0.519531 0.222656 0.0332031 0.0380859 0.880859
5 0.908203 0.675293 0.0371094 0.0410156 0.878906
8 0.741211 0.681152 0.0351562 0.0390625 0.870605
6 0.887695 0.364014 0.0390625 0.0375977 0.867188
22 0.128448 0.942871 0.0365601 0.0429688 0.863281
11 0.575684 0.979004 0.0400391 0.0419922 0.863281
13 0.591797 0.523438 0.0214844 0.0703125 0.862305
6 0.482422 0.230469 0.0332031 0.0378418 0.861328
6 0.562988 0.539062 0.0332031 0.0410156 0.86084
13 0.320801 0.450439 0.0234375 0.0742188 0.859863
10 0.564941 0.212524 0.0380859 0.0681152 0.855957
6 0.642578 0.762695 0.0546875 0.0371094 0.855957
2 0.370605 0.854004 0.0517578 0.0380859 0.855957
8 0.337646 0.310303 0.034668 0.0366211 0.85498
6 0.016571 0.87207 0.0328979 0.0371094 0.853027
22 0.760742 0.837891 0.0371094 0.0410156 0.851074
7 0.705078 0.225586 0.0410156 0.0566406 0.850098
13 0.207275 0.229248 0.0200195 0.0668945 0.849121
12 0.019165 0.379883 0.0380859 0.0795898 0.847168
5 0.660156 0.45459 0.0546875 0.0361328 0.845703
6 0.235107 0.0828857 0.0424805 0.0383301 0.84375
7 0.361572 0.161133 0.0415039 0.0561523 0.839844
2 0.856445 0.753906 0.03125 0.0371094 0.839844
5 0.827148 0.212646 0.0351562 0.0371094 0.838867
6 0.133759 0.556641 0.0317993 0.0390625 0.834473
14 0.286133 0.845703 0.015625 0.0605469 0.833496
13 0.446289 0.52832 0.0161133 0.0615234 0.832031
13 0.911133 0.0376587 0.0214844 0.0706787 0.831055
4 0.476074 0.614258 0.0234375 0.0429688 0.831055
5 0.618164 0.988281 0.03125 0.0234375 0.831055
4 0.1073 0.0854492 0.0253906 0.0446777 0.827637
4 0.0985107 0.86377 0.0251465 0.0439453 0.827637
10 0.526367 0.37207 0.03125 0.0644531 0.824219
1 0.868652 0.136353 0.0400391 0.0541992 0.818848
13 0.647461 0.364258 0.0214844 0.0717773 0.817383
2 0.0459671 0.241333 0.0333099 0.0407715 0.812988
22 0.852539 0.985352 0.0390625 0.0292969 0.810547
9 0.144531 0.631836 0.0356445 0.0429688 0.803223
6 0.394775 0.695312 0.0380859 0.0371094 0.800781
2 0.362305 0.229492 0.0273438 0.0373535 0.795898
5 0.911133 0.831055 0.0332031 0.0390625 0.795898
18 0.635254 0.681641 0.0527344 0.0449219 0.790527
10 0.508301 0.835938 0.0292969 0.0625 0.790527
22 0.797852 0.916016 0.0605469 0.0390625 0.790527
13 0.211426 0.541016 0.0185547 0.0683594 0.786621
13 0.865234 0.274658 0.0205078 0.0644531 0.78125
10 0.628906 0.0505981 0.03125 0.0655518 0.763672
2 0.444824 0.849609 0.0263672 0.0371094 0.759277
13 0.158447 0.0730591 0.0161133 0.064209 0.757812
10 0.84082 0.830078 0.0332031 0.0742188 0.756348
2 0.640625 0.609375 0.0332031 0.0351562 0.749023
14 0.179565 0.307129 0.0178223 0.0629883 0.746094
2 0.286133 0.547852 0.0322266 0.046875 0.740234
4 0.68457 0.757812 0.0253906 0.0429688 0.737305
13 0.45459 0.604492 0.0205078 0.0683594 0.73584
22 0.449951 0.464844 0.0336914 0.0400391 0.733887
6 0.117676 0.39917 0.0400391 0.0375977 0.732422
10 0.539062 0.529297 0.0371094 0.0644531 0.729492
23 0.548828 0.612793 0.03125 0.0361328 0.728027
18 0.349121 0.694336 0.0576172 0.0478516 0.715332
18 0.0661011 0.477051 0.057251 0.0458984 0.713867
6 0.256592 0.938477 0.0356445 0.0400391 0.708984
19 0.414062 0.310059 0.0283203 0.0371094 0.704102
0 0.512573 0.929199 0.0646973 0.0439453 0.699219
6 0.874512 0.832031 0.0361328 0.0390625 0.694336
22 0.490234 0.771484 0.0371094 0.0390625 0.692871
8 0.566406 0.925781 0.0410156 0.0410156 0.692871
14 0.541016 0.445312 0.0195312 0.0634766 0.680664
23 0.70459 0.449951 0.03125 0.0371094 0.679199
7 0.477539 0.700684 0.0410156 0.0517578 0.677246
4 0.754883 0.0578613 0.0253906 0.043335 0.67041
0 0.824219 0.291504 0.0546875 0.0405273 0.67041
6 0.211548 0.397461 0.0354004 0.0410156 0.668945
10 0.34082 0.22229 0.0283203 0.0656738 0.665527
6 0.209961 0.317383 0.0380859 0.0410156 0.660156
6 0.899414 0.909668 0.0390625 0.0390625 0.638672
7 0.0167847 0.790039 0.0334473 0.0390625 0.622559
10 0.620605 0.294434 0.0537109 0.0771484 0.618652
13 0.0869141 0.383301 0.0219727 0.0742188 0.609375
4 0.0519104 0.392578 0.0250854 0.0561523 0.607422
13 0.162109 0.985352 0.0209961 0.0283203 0.605957
13 0.0193634 0.992188 0.0137329 0.015625 0.602051
46 0.746094 0.368652 0.0820312 0.0449219 0.600098
4 0.383301 0.928711 0.0253906 0.046875 0.600098
13 0.532227 0.134735 0.0234375 0.0718384 0.592773
13 0.276367 0.611816 0.0244141 0.0615234 0.584961
6 0.760742 0.216064 0.0175781 0.0341797 0.57373
10 0.127441 0.306641 0.0307617 0.0649414 0.57373
22 0.617188 0.378418 0.0341797 0.0517578 0.57373
19 0.391113 0.231567 0.0244141 0.0358887 0.569824
22 0.247803 0.626953 0.034668 0.0390625 0.556641
4 0.229492 0.240967 0.0239258 0.0488281 0.556641
10 0.14209 0.854004 0.0371094 0.0644531 0.550781
6 0.0633545 0.866699 0.0383301 0.0419922 0.550781
13 0.925781 0.980469 0.0253906 0.0390625 0.550781
18 0.502441 0.300293 0.0556641 0.0507812 0.548828
2 0.887207 0.205811 0.0546875 0.0412598 0.535156
10 0.365723 0.983398 0.0341797 0.0332031 0.535156
2 0.621582 0.224609 0.0146484 0.0178223 0.533203
13 0.560547 0.447754 0.0175781 0.0634766 0.53125
22 0.923828 0.598633 0.0351562 0.0429688 0.527344
2 0.377197 0.00831604 0.0317383 0.0166321 0.525391
13 0.013031 0.706055 0.0204163 0.0585938 0.525391
2 0.73877 0.604492 0.0292969 0.0390625 0.521484
8 0.0877075 0.945312 0.0367432 0.0410156 0.515625
13 0.937012 0.0379944 0.0195312 0.0568237 0.509766
4 0.453125 0.228394 0.0234375 0.0446777 0.505859
