18 0.274414 0.6875 0.0488281 0.0644531 0.986816
12 0.19458 0.87207 0.0512695 0.0810547 0.978027
10 0.0503845 0.95752 0.034729 0.0634766 0.960938
5 0.112427 0.966797 0.0402832 0.0449219 0.95166
9 0.283447 0.518555 0.0444336 0.046875 0.950195
18 0.06604 0.78418 0.0423584 0.0625 0.950195
7 0.134644 0.614258 0.0498047 0.0595703 0.946777
7 0.144073 0.887695 0.0438843 0.0605469 0.946777
5 0.104248 0.515747 0.0402832 0.048584 0.936523
5 0.179199 0.60791 0.0361328 0.0458984 0.931641
13 0.0319824 0.77832 0.022583 0.0722656 0.927734
0 0.231689 0.967773 0.0610352 0.0498047 0.926758
13 0.231445 0.867188 0.0209961 0.0761719 0.925781
8 0.220337 0.518555 0.0432129 0.0498047 0.922363
5 0.286133 0.962891 0.0415039 0.046875 0.906738
12 0.260803 0.602051 0.0379639 0.0722656 0.898926
22 0.286133 0.875488 0.0429688 0.0478516 0.89502
9 0.038826 0.603516 0.0414886 0.0507812 0.890137
4 0.0979004 0.602539 0.0280762 0.0507812 0.88623
13 0.230225 0.597656 0.020752 0.0761719 0.880859
2 0.0410461 0.880371 0.0336304 0.0488281 0.861328
12 0.0102921 0.781738 0.020401 0.09375 0.812988
14 0.253418 0.869141 0.0219727 0.0722656 0.805664
10 0.0267334 0.510254 0.0439453 0.0732422 0.795898
14 0.208252 0.59668 0.0219727 0.0634766 0.78125
9 0.695312 0.240601 0.0332031 0.0515137 0.740234
13 0.250061 0.510742 0.024292 0.0654297 0.728027
12 0.292236 0.610352 0.0268555 0.0742188 0.71875
2 0.109009 0.790039 0.034668 0.0527344 0.705566
12 0.177124 0.962891 0.0422363 0.0742188 0.699219
6 0.209229 0.789062 0.0649414 0.0488281 0.677246
6 0.120056 0.701172 0.0526123 0.0595703 0.611328
5 0.143311 0.791504 0.0419922 0.0527344 0.544922
13 0.253418 0.772949 0.0239258 0.0791016 0.519531
