21 0.0187378 0.701172 0.0371094 0.0576172 0.986328
6 0.149536 0.0236511 0.0383301 0.0441284 0.973145
5 0.0503845 0.35376 0.0335083 0.043457 0.945801
21 0.101501 0.866699 0.0422363 0.0576172 0.93457
5 0.188477 0.687012 0.0395508 0.0458984 0.930176
0 0.200439 0.0221252 0.0581055 0.041687 0.927734
0 0.198608 0.18457 0.0561523 0.0493164 0.927734
9 0.162109 0.852051 0.0371094 0.0439453 0.925781
5 0.0612183 0.853516 0.032959 0.0410156 0.924316
5 0.169678 0.93457 0.0390625 0.0546875 0.922852
13 0.132294 0.843262 0.019104 0.0615234 0.920898
12 0.0981445 0.676758 0.0366211 0.0644531 0.907227
11 0.152222 0.593262 0.0356445 0.0693359 0.899902
0 0.204834 0.095459 0.0625 0.0612793 0.88623
10 0.112122 0.594727 0.0362549 0.0644531 0.88623
7 0.116943 0.279724 0.0532227 0.0606689 0.878418
9 0.0107727 0.938477 0.0214233 0.0488281 0.871582
6 0.0573425 0.6875 0.0393677 0.0390625 0.866211
8 0.0217285 0.769531 0.0376587 0.0498047 0.865234
13 0.0662231 0.508911 0.020874 0.0700684 0.859863
13 0.1875 0.592285 0.03125 0.0712891 0.85498
2 0.184326 0.770508 0.0356445 0.0449219 0.854004
22 0.102295 0.771484 0.0334473 0.0410156 0.849121
9 0.129639 0.352783 0.0354004 0.0415039 0.844727
0 0.020462 0.853516 0.040863 0.0449219 0.835449
12 0.016983 0.0936279 0.033783 0.0622559 0.829102
6 0.13916 0.521484 0.0388184 0.0429688 0.820801
2 0.187256 0.43457 0.0603027 0.0458984 0.809082
2 0.153687 0.185547 0.0305176 0.0439453 0.806641
1 0.0350647 0.610352 0.03479 0.0644531 0.760742
8 0.142548 0.76709 0.0425415 0.0566406 0.741699
11 0.0627441 0.0203247 0.0544434 0.0406494 0.728027
7 0.135468 0.44873 0.0396118 0.0625 0.713867
18 0.0272522 0.511719 0.053894 0.0576172 0.677246
22 0.0601196 0.183838 0.0324707 0.0405273 0.673828
