46 0.54541 0.75 0.0751953 0.0449219 0.995605
18 0.678711 0.111084 0.0429688 0.0605469 0.98291
11 0.98584 0.0273438 0.0283203 0.0546875 0.97998
11 0.98584 0.875977 0.0283203 0.0605469 0.978027
5 0.606445 0.827148 0.03125 0.0380859 0.974609
24 0.905273 0.742188 0.0410156 0.0527344 0.972168
21 0.736328 0.285645 0.046875 0.0576172 0.96875
10 0.719727 0.890625 0.0292969 0.0742188 0.965332
2 0.59375 0.983887 0.0292969 0.0322266 0.965332
21 0.881836 0.0420532 0.0429688 0.0570068 0.961426
2 0.949219 0.575195 0.0283203 0.0351562 0.961426
5 0.952637 0.888672 0.0361328 0.0371094 0.961426
5 0.943359 0.8125 0.0332031 0.0390625 0.960938
7 0.582031 0.2146 0.0410156 0.0537109 0.960449
2 0.730469 0.120728 0.03125 0.0371094 0.958008
4 0.862305 0.502441 0.0283203 0.0380859 0.955078
2 0.854492 0.349609 0.0292969 0.0375977 0.95459
2 0.790527 0.200439 0.03125 0.0371094 0.950195
4 0.856934 0.893555 0.0253906 0.0429688 0.950195
2 0.829102 0.896484 0.0273438 0.0371094 0.949707
18 0.657715 0.897949 0.0429688 0.0507812 0.949707
7 0.571289 0.0579224 0.0390625 0.0518799 0.94873
6 0.870605 0.580078 0.0390625 0.0351562 0.94873
2 0.530273 0.985352 0.0292969 0.0292969 0.945801
5 0.798828 0.434814 0.0351562 0.034668 0.944824
2 0.489746 0.831543 0.03125 0.0390625 0.943848
13 0.794922 0.0314941 0.0205078 0.0629883 0.942383
12 0.506958 0.0456543 0.0622559 0.0689697 0.941895
7 0.576172 0.371094 0.0400391 0.0527344 0.941406
5 0.667969 0.356934 0.0351562 0.0380859 0.940918
2 0.868164 0.736328 0.0332031 0.0390625 0.938477
6 0.728516 0.821289 0.0390625 0.0410156 0.936035
21 0.735352 0.442383 0.0507812 0.0546875 0.931152
0 0.427246 0.986328 0.0419922 0.0273438 0.930176
2 0.524414 0.908691 0.03125 0.0380859 0.921875
11 0.987305 0.641113 0.0253906 0.0615234 0.915527
9 0.826172 0.0358582 0.0361328 0.0392456 0.915039
10 0.833984 0.341797 0.0292969 0.0625 0.915039
13 0.614258 0.192139 0.0214844 0.0722656 0.913086
2 0.876465 0.270996 0.0332031 0.0410156 0.911133
11 0.930664 0.102356 0.0371094 0.0599365 0.910645
6 0.614258 0.126465 0.0351562 0.0356445 0.910645
11 0.977539 0.95752 0.0410156 0.0664062 0.909668
13 0.690918 0.889648 0.0185547 0.0703125 0.908691
13 0.959961 0.103027 0.0195312 0.0720215 0.907227
5 0.574707 0.518066 0.0351562 0.0390625 0.905273
13 0.429443 0.121033 0.019043 0.069458 0.903809
4 0.864258 0.8125 0.0253906 0.0429688 0.901855
5 0.609375 0.904297 0.0351562 0.0390625 0.898926
9 0.919922 0.190063 0.0371094 0.0385742 0.898926
0 0.932617 0.270264 0.0605469 0.0444336 0.898438
2 0.692871 0.279053 0.0292969 0.0375977 0.898438
18 0.789551 0.352539 0.0517578 0.0439453 0.896484
2 0.639648 0.0452881 0.0302734 0.036377 0.893066
7 0.644531 0.832031 0.0390625 0.0527344 0.890137
2 0.486816 0.291504 0.0283203 0.0380859 0.889648
21 0.768555 0.977051 0.0458984 0.0458984 0.888672
7 0.980469 0.817383 0.0390625 0.0546875 0.888184
2 0.541992 0.20874 0.03125 0.0366211 0.88623
2 0.891602 0.499023 0.0273438 0.0351562 0.88623
10 0.609375 0.503418 0.03125 0.0556641 0.88623
13 0.641113 0.339355 0.0185547 0.0732422 0.885742
21 0.446777 0.453857 0.0458984 0.0556641 0.874023
7 0.572754 0.601074 0.0673828 0.0537109 0.873047
0 0.663086 0.589355 0.0576172 0.0380859 0.873047
5 0.943848 0.348389 0.0341797 0.0400391 0.872559
13 0.484863 0.118042 0.0209961 0.0656738 0.866211
22 0.878906 0.192871 0.0371094 0.043457 0.858887
2 0.78125 0.508667 0.0351562 0.0354004 0.858887
5 0.896484 0.970215 0.0371094 0.0400391 0.852051
22 0.795898 0.274902 0.0351562 0.0400391 0.850098
13 0.768066 0.268311 0.0166016 0.0649414 0.849121
10 0.72168 0.575195 0.03125 0.0664062 0.848145
4 0.848633 0.114319 0.0253906 0.0457764 0.848145
13 0.643555 0.110718 0.0214844 0.0656738 0.845703
7 0.687012 0.981934 0.0410156 0.0351562 0.84375
2 0.868164 0.428955 0.0332031 0.0410156 0.842773
0 0.809082 0.739746 0.0537109 0.0410156 0.841797
2 0.6875 0.665527 0.0332031 0.0410156 0.839844
2 0.450195 0.753906 0.03125 0.0390625 0.838867
2 0.729492 0.739258 0.0458984 0.0390625 0.835449
1 0.574219 0.132812 0.0351562 0.0527344 0.833496
2 0.818848 0.504395 0.0351562 0.0371094 0.832031
1 0.986328 0.277405 0.0273438 0.055542 0.831055
2 0.756836 0.897461 0.0644531 0.0419922 0.82666
1 0.830078 0.585938 0.0351562 0.0507812 0.823242
4 0.681641 0.739258 0.0273438 0.0488281 0.819824
5 0.445312 0.0555115 0.059082 0.0377808 0.817383
18 0.410889 0.288574 0.0556641 0.050293 0.804199
2 0.806641 0.660156 0.0546875 0.0419922 0.804199
10 0.505371 0.97168 0.03125 0.0556641 0.804199
13 0.580566 0.896973 0.0166016 0.0712891 0.79834
13 0.695312 0.422363 0.0253906 0.0634766 0.794434
0 0.848145 0.973633 0.0527344 0.0410156 0.791992
4 0.641602 0.202148 0.0224609 0.0439453 0.790527
10 0.901367 0.641602 0.0332031 0.0625 0.785156
14 0.92334 0.879395 0.0166016 0.0595703 0.774414
23 0.5625 0.984375 0.03125 0.03125 0.770508
2 0.714844 0.042511 0.03125 0.0357056 0.764648
6 0.783203 0.584473 0.0390625 0.0390625 0.759277
2 0.727539 0.979492 0.0292969 0.0380859 0.759277
10 0.50293 0.898438 0.03125 0.0664062 0.744629
10 0.694336 0.187988 0.03125 0.0634766 0.73877
4 0.915039 0.345703 0.0234375 0.0449219 0.73877
14 0.974609 0.563965 0.0175781 0.0615234 0.737305
2 0.421387 0.836426 0.0322266 0.0410156 0.730957
10 0.922852 0.415527 0.0556641 0.0639648 0.728027
14 0.59668 0.738281 0.0175781 0.0625 0.723145
18 0.424805 0.598633 0.0585938 0.046875 0.716797
6 0.837402 0.816406 0.0253906 0.0390625 0.716797
23 0.416016 0.757812 0.0341797 0.0390625 0.686035
10 0.459473 0.824219 0.0488281 0.0703125 0.686035
5 0.48999 0.368652 0.0581055 0.0400391 0.684082
18 0.478271 0.517578 0.0551758 0.0478516 0.666992
6 0.645508 0.74707 0.0390625 0.0390625 0.665527
18 0.646484 0.662109 0.0429688 0.0507812 0.662109
13 0.475098 0.967773 0.0244141 0.0644531 0.654785
18 0.686523 0.503052 0.0566406 0.0563965 0.651367
18 0.973633 0.424072 0.0429688 0.0390625 0.640625
13 0.475342 0.898438 0.0175781 0.0644531 0.635254
13 0.529297 0.274902 0.0195312 0.0703125 0.62793
13 0.660645 0.65332 0.0166016 0.0683594 0.615234
2 0.458496 0.130615 0.0302734 0.0383301 0.611328
6 0.53418 0.675293 0.0371094 0.0429688 0.604004
14 0.510742 0.273926 0.0175781 0.0722656 0.600098
6 0.415283 0.524414 0.0488281 0.0371094 0.596191
8 0.647461 0.436523 0.0371094 0.034668 0.594727
7 0.386719 0.00948334 0.0449219 0.0188141 0.586914
2 0.994141 0.572266 0.0117188 0.0380859 0.586914
2 0.95166 0.730957 0.0527344 0.0380859 0.584961
6 0.813477 0.11676 0.0380859 0.0426025 0.577637
2 0.917969 0.0279388 0.0273438 0.0436096 0.571777
6 0.768555 0.815918 0.0371094 0.0410156 0.560059
13 0.505859 0.658691 0.0224609 0.0771484 0.556641
7 0.993652 0.490967 0.0126953 0.0532227 0.550781
4 0.45752 0.289062 0.03125 0.0410156 0.546875
6 0.765625 0.115479 0.0351562 0.0498047 0.541016
4 0.662598 0.279297 0.0273438 0.0366211 0.541016
10 0.89209 0.104004 0.0371094 0.0649414 0.537109
4 0.804688 0.972168 0.0244141 0.0400391 0.505859
