4 0.114737 0.812266 0.0241752 0.0386633 0.950478
7 0.939695 0.400446 0.0615329 0.0585965 0.937466
22 0.809935 0.0123212 0.0341029 0.0246424 0.911381
2 0.936807 0.152005 0.0315026 0.0370395 0.907035
13 0.762405 0.543359 0.023101 0.0612974 0.901898
8 0.511809 0.956798 0.034559 0.0368502 0.892233
7 0.23159 0.818756 0.0389839 0.0522639 0.891991
7 0.834595 0.560094 0.039238 0.0509384 0.882475
2 0.810544 0.398348 0.0304894 0.035229 0.879318
2 0.783293 0.708057 0.0300117 0.0361524 0.872437
6 0.953629 0.702026 0.0375202 0.0364318 0.872408
2 0.787635 0.554407 0.0261796 0.0318336 0.838327
11 0.655672 0.238599 0.0350196 0.0588534 0.726902
1 0.862861 0.170801 0.0327506 0.0496756 0.726611
14 0.174111 0.880137 0.0147171 0.0569813 0.692948
11 0.181265 0.102403 0.0355564 0.0582388 0.68584
9 0.765059 0.629748 0.03338 0.0375955 0.675964
0 0.830142 0.864462 0.054163 0.0376546 0.605887
5 0.494569 0.877215 0.0339162 0.0359887 0.5758
2 0.965559 0.935186 0.031152 0.0376205 0.527293
