1 0.848914 0.614069 0.0852709 0.129478 0.97602
14 0.356968 0.947348 0.0469913 0.104335 0.942035
19 0.577265 0.787971 0.0642684 0.0886679 0.939687
0 0.049277 0.78415 0.098554 0.0896132 0.936249
22 0.28279 0.971519 0.0839717 0.0569626 0.934629
4 0.735421 0.784527 0.0687865 0.0963495 0.913324
6 0.427627 0.973874 0.0894415 0.0522521 0.909469
4 0.614933 0.962978 0.0715661 0.0740433 0.906689
5 0.653097 0.790496 0.0774446 0.0868989 0.905636
5 0.693512 0.970888 0.0801623 0.0582231 0.892078
2 0.974941 0.793013 0.050118 0.0896873 0.863485
14 0.917216 0.769088 0.043891 0.129589 0.831382
22 0.879398 0.196018 0.0863107 0.0875432 0.822564
7 0.966197 0.219663 0.0676011 0.13476 0.805106
16 0.180708 0.968396 0.096736 0.0630946 0.75347
0 0.95413 0.974273 0.0917403 0.0514545 0.678968
5 0.0159722 0.186005 0.0319443 0.0904374 0.625043
14 0.868258 0.771556 0.0384483 0.131973 0.609592
5 0.523596 0.0181488 0.087477 0.0362976 0.591606
5 0.855379 0.393873 0.0880601 0.089643 0.530738
