14 0.859847 0.357316 0.0470455 0.134095 0.976742
9 0.872797 0.572463 0.0820439 0.0898185 0.974294
8 0.787364 0.77221 0.0958105 0.0877423 0.956664
14 0.804125 0.357161 0.0402665 0.129277 0.945776
14 0.965985 0.746409 0.0454526 0.136746 0.944775
6 0.815479 0.179872 0.089016 0.0826854 0.944635
22 0.917066 0.179215 0.0806358 0.0833992 0.94099
5 0.787276 0.576681 0.0810156 0.0866619 0.935479
0 0.942429 0.373155 0.115055 0.0901927 0.916776
22 0.891316 0.771891 0.0832434 0.0837865 0.692826
0 0.792158 0.963871 0.134374 0.0721803 0.563398
