12 0.724609 0.456787 0.168945 0.14502 0.995117
18 0.949219 0.0697021 0.0996094 0.139404 0.992188
19 0.601562 0.873047 0.0566406 0.0917969 0.976074
19 0.540527 0.870605 0.0615234 0.09375 0.970215
4 0.421387 0.0816498 0.0693359 0.117462 0.967285
0 0.75293 0.292236 0.139648 0.0991211 0.965332
7 0.43457 0.892578 0.149414 0.138672 0.950195
2 0.30249 0.863281 0.0776367 0.0917969 0.94873
21 0.0608521 0.519043 0.121338 0.195312 0.94873
19 0.853027 0.486328 0.0693359 0.0908203 0.946777
5 0.672852 0.874023 0.0849609 0.0957031 0.943359
2 0.491455 0.085022 0.0708008 0.0975342 0.941406
22 0.0665894 0.861328 0.0875244 0.0898438 0.941406
4 0.349365 0.0740967 0.0751953 0.132568 0.930664
2 0.865234 0.288086 0.0722656 0.0908203 0.913574
2 0.860352 0.0910645 0.0800781 0.103271 0.908691
2 0.0139999 0.268127 0.0279083 0.0877686 0.900391
8 0.186035 0.449707 0.0957031 0.137695 0.873047
8 0.145996 0.0829926 0.0488281 0.0849915 0.766113
8 0.972168 0.686523 0.0556641 0.113281 0.757812
6 0.950195 0.285095 0.09375 0.110474 0.723145
23 0.785156 0.0684814 0.0683594 0.127197 0.558105
8 0.15799 0.865234 0.0892944 0.0859375 0.513672
