8 0.258318 0.872632 0.0341171 0.0351036 0.9688
18 0.493994 0.624144 0.0408615 0.0581119 0.961844
6 0.172018 0.87094 0.0320442 0.0359163 0.957218
6 0.437074 0.867672 0.0369508 0.0353897 0.947947
18 0.0144673 0.778835 0.0288597 0.0579758 0.923066
13 0.0662005 0.857877 0.0199068 0.0630685 0.920694
2 0.29653 0.868182 0.0309599 0.0366771 0.914286
1 0.309289 0.953873 0.0348918 0.0529425 0.909076
23 0.570706 0.867075 0.0294018 0.0352095 0.87898
14 0.332194 0.8567 0.0119354 0.0607364 0.871062
19 0.0401036 0.948267 0.0293146 0.0353911 0.86664
5 0.475567 0.869047 0.0343705 0.0352001 0.854874
9 0.0739378 0.55467 0.0320128 0.0376067 0.846299
22 0.13196 0.0136535 0.0342385 0.0273071 0.819196
2 0.47294 0.0902443 0.0297339 0.0356798 0.81413
4 0.583667 0.555074 0.0219554 0.0414386 0.811174
5 0.524762 0.94615 0.0350583 0.0366857 0.799783
2 0.0479222 0.789824 0.0288416 0.0365403 0.787093
4 0.666547 0.947191 0.0207312 0.0405699 0.718962
5 0.0106114 0.946591 0.0209921 0.0340428 0.710411
16 0.0170388 0.552356 0.0338712 0.0361791 0.595556
