21 0.119934 0.469971 0.041626 0.0620117 0.983398
6 0.114807 0.961914 0.0394287 0.0429688 0.960449
6 0.112 0.792969 0.038208 0.0419922 0.956543
10 0.0157776 0.789062 0.0314941 0.0722656 0.945801
0 0.0613403 0.794922 0.0601807 0.0488281 0.942871
6 0.0770874 0.459473 0.0395508 0.0478516 0.942383
7 0.0419312 0.887695 0.0548096 0.0605469 0.931641
2 0.085144 0.709473 0.0311279 0.0517578 0.924316
5 0.201538 0.958984 0.0356445 0.0488281 0.909668
5 0.0723724 0.962891 0.0405579 0.0498047 0.905762
13 0.178223 0.858887 0.0236816 0.0761719 0.905273
7 0.0388794 0.550293 0.0352783 0.0537109 0.903809
5 0.195679 0.459473 0.0383301 0.0493164 0.901855
4 0.200439 0.704102 0.0351562 0.0605469 0.900391
18 0.137451 0.541992 0.0385742 0.0585938 0.888672
4 0.198486 0.535156 0.03125 0.0546875 0.884766
13 0.171143 0.530273 0.0263672 0.0693359 0.866211
21 0.100464 0.637695 0.0410156 0.0585938 0.861328
5 0.059021 0.375 0.0396729 0.0517578 0.837402
6 0.0620117 0.628906 0.0388184 0.0488281 0.832031
14 0.143188 0.779297 0.020752 0.0673828 0.803223
8 0.157593 0.455566 0.0358887 0.0419922 0.792969
18 0.14624 0.874023 0.0371094 0.0595703 0.774414
10 0.032959 0.615234 0.0282593 0.0761719 0.771973
5 0.137451 0.625 0.032959 0.0449219 0.730957
18 0.182617 0.37207 0.0637207 0.0507812 0.728027
10 0.00852966 0.96875 0.0170593 0.0566406 0.726562
6 0.046814 0.710449 0.0412598 0.0488281 0.716797
13 0.173828 0.947266 0.0212402 0.0683594 0.716797
4 0.1604 0.706543 0.0429688 0.0576172 0.668945
1 0.172363 0.799805 0.0368652 0.0546875 0.62793
13 0.0692139 0.540039 0.0200195 0.0488281 0.620605
22 0.0983887 0.544922 0.0327148 0.0488281 0.562012
4 0.202393 0.869141 0.0334473 0.0683594 0.546875
0 0.107056 0.366699 0.0583496 0.0595703 0.523438
