2 0.869141 0.349609 0.0761719 0.0986328 0.971191
2 0.212891 0.537109 0.0727539 0.0957031 0.968262
14 0.483887 0.320312 0.0488281 0.140625 0.961914
23 0.431885 0.541504 0.0708008 0.0888672 0.961914
11 0.127838 0.913574 0.146667 0.147461 0.958008
38 0.0664062 0.333496 0.127441 0.160156 0.957031
8 0.256836 0.940918 0.0947266 0.100586 0.944336
13 0.0165405 0.912109 0.0330811 0.148438 0.943848
13 0.150879 0.51416 0.0378418 0.141602 0.931152
7 0.910156 0.180542 0.102539 0.134521 0.918945
22 0.949219 0.353516 0.0878906 0.0927734 0.911133
7 0.0652466 0.563965 0.130493 0.134766 0.911133
1 0.736328 0.94873 0.137695 0.102539 0.908203
7 0.471436 0.949219 0.0942383 0.101562 0.902832
13 0.532227 0.320801 0.0488281 0.142578 0.890137
4 0.983398 0.142456 0.0332031 0.112549 0.884766
22 0.878906 0.949219 0.0878906 0.100586 0.845703
18 0.753906 0.538086 0.136719 0.12793 0.844727
13 0.318848 0.709961 0.0419922 0.148438 0.833496
5 0.0682526 0.735352 0.0903015 0.0917969 0.782715
23 0.875977 0.550293 0.0722656 0.0888672 0.767578
2 0.949219 0.553711 0.0703125 0.0917969 0.746094
5 0.820312 0.755859 0.0957031 0.101562 0.744629
18 0.22937 0.725586 0.130615 0.126953 0.675781
6 0.641113 0.737793 0.142578 0.110352 0.672363
7 0.965332 0.90332 0.0693359 0.193359 0.571777
