10 0.312988 0.29248 0.0371094 0.0722656 0.970703
9 0.240356 0.213867 0.0368652 0.0427246 0.970215
7 0.276123 0.06073 0.0380859 0.0603027 0.95166
4 0.229492 0.0447083 0.0317383 0.0553589 0.946777
2 0.300781 0.216675 0.0322266 0.0441895 0.944336
5 0.316406 0.0500488 0.0395508 0.0473633 0.938965
2 0.476562 0.215576 0.0322266 0.0415039 0.931152
2 0.0641937 0.210571 0.0320129 0.045166 0.926758
5 0.0844727 0.0428467 0.0371094 0.0426025 0.925293
5 0.172852 0.131104 0.0371094 0.0439453 0.922363
6 0.385498 0.132812 0.0419922 0.0454102 0.921387
0 0.25238 0.30127 0.0762939 0.0527344 0.917969
7 0.386719 0.222656 0.0673828 0.0615234 0.906738
0 0.283447 0.134277 0.0800781 0.0458984 0.905762
13 0.208618 0.205078 0.0258789 0.0620117 0.905762
9 0.474365 0.300781 0.0366211 0.0478516 0.898438
5 0.375488 0.0472717 0.0351562 0.0441284 0.870605
2 0.469971 0.0527954 0.0268555 0.0413818 0.856934
24 0.331787 0.221436 0.0317383 0.0490723 0.853027
18 0.507935 0.0435486 0.048584 0.0532837 0.850098
13 0.562012 0.290527 0.0292969 0.0751953 0.813965
14 0.345703 0.0355835 0.0185547 0.0645752 0.810547
5 0.359131 0.29541 0.0341797 0.0644531 0.804199
13 0.00837708 0.0321655 0.0166931 0.0638428 0.744629
9 0.591309 0.300293 0.0361328 0.0498047 0.737305
21 0.402344 0.29248 0.0541992 0.0683594 0.732422
7 0.00978088 0.301514 0.0194397 0.0786133 0.716797
4 0.0861816 0.122375 0.0334473 0.0516357 0.679199
18 0.134064 0.0397034 0.0526733 0.053772 0.672363
4 0.493164 0.133911 0.0410156 0.0461426 0.656738
5 0.186768 0.0409546 0.0507812 0.0650635 0.607422
18 0.106689 0.211426 0.0318604 0.0429688 0.588867
4 0.568848 0.205078 0.0439453 0.065918 0.556641
12 0.0196228 0.123657 0.0328369 0.0483398 0.521484
13 0.124023 0.121521 0.0390625 0.0611572 0.517578
