0 0.378334 0.831789 0.0584836 0.0388789 0.973435
18 0.0995785 0.0738921 0.0371109 0.0528863 0.944393
13 0.294967 0.823365 0.0237271 0.059687 0.943573
8 0.18302 0.752261 0.0356984 0.0397086 0.929524
7 0.320036 0.921677 0.0388482 0.0578587 0.920158
0 0.0421601 0.751523 0.0577195 0.0409191 0.9051
8 0.56257 0.988595 0.0332763 0.0228102 0.852165
5 0.602384 0.986233 0.0375853 0.0275335 0.813647
6 0.589402 0.75043 0.0378798 0.0417411 0.800839
0 0.0262639 0.833333 0.0525277 0.0391157 0.799081
5 0.0639468 0.986406 0.0356299 0.0271883 0.783732
8 0.469113 0.749661 0.03901 0.0415637 0.657044
5 0.187786 0.831454 0.0335613 0.0394065 0.629142
