29 0.774414 0.105225 0.0546875 0.0710449 0.983887
11 0.981445 0.025177 0.0371094 0.050354 0.970703
10 0.901367 0.189697 0.0390625 0.0639648 0.967773
8 0.865234 0.112061 0.0439453 0.045166 0.964355
7 0.982422 0.394043 0.0351562 0.0605469 0.961426
5 0.907227 0.114685 0.0410156 0.0447998 0.95752
8 0.897949 0.380615 0.0410156 0.0488281 0.938965
2 0.753906 0.0213165 0.0332031 0.0426331 0.930176
18 0.839355 0.188843 0.0400391 0.0578613 0.927734
4 0.790527 0.192139 0.0302734 0.0527344 0.925293
11 0.844727 0.0219727 0.0390625 0.0439453 0.922852
10 0.956055 0.4646 0.0390625 0.0664062 0.922852
2 0.967773 0.206543 0.03125 0.0473633 0.921387
5 0.692383 0.198364 0.0390625 0.0454102 0.920898
9 0.895996 0.561523 0.0390625 0.046875 0.914062
2 0.882812 0.0235291 0.03125 0.0444336 0.874023
18 0.991211 0.284424 0.0175781 0.0693359 0.866211
2 0.926758 0.205078 0.0449219 0.0444336 0.848145
7 0.700195 0.570312 0.0644531 0.0644531 0.823242
13 0.970215 0.2854 0.0205078 0.0698242 0.822266
0 0.835938 0.561523 0.0800781 0.0566406 0.820801
13 0.873047 0.181641 0.015625 0.0769043 0.79834
16 0.919922 0.286133 0.0761719 0.0678711 0.795898
13 0.791016 0.0230103 0.0234375 0.0458984 0.749023
18 0.95752 0.554688 0.0576172 0.0585938 0.746094
11 0.509277 0.984375 0.0742188 0.03125 0.737305
22 0.822266 0.111511 0.0371094 0.0506592 0.682617
2 0.938477 0.378418 0.03125 0.0576172 0.675781
18 0.90332 0.466309 0.0605469 0.0576172 0.658203
13 0.8125 0.021759 0.0214844 0.043457 0.649414
29 0.708008 0.116211 0.0898438 0.131348 0.618652
10 0.988281 0.110168 0.0234375 0.0665283 0.565918
18 0.988281 0.464844 0.0234375 0.0546875 0.501953
