1 0.954102 0.021698 0.0371094 0.043396 0.993652
24 0.579102 0.506348 0.0390625 0.0537109 0.974121
3 0.772461 0.321777 0.0605469 0.0703125 0.972656
5 0.471436 0.106812 0.0356445 0.0378418 0.96875
5 0.567871 0.184814 0.0351562 0.0405273 0.963867
9 0.956055 0.404297 0.0380859 0.0419922 0.961426
11 0.894043 0.395508 0.0361328 0.0644531 0.960449
5 0.771484 0.409912 0.0371094 0.0390625 0.946777
7 0.806152 0.0254669 0.0390625 0.0508728 0.943359
0 0.674805 0.102905 0.0585938 0.0418701 0.94043
0 0.822754 0.489258 0.0576172 0.046875 0.94043
10 0.451172 0.333008 0.0371094 0.0654297 0.9375
6 0.985352 0.0152206 0.0234375 0.0304413 0.936035
18 0.874023 0.0181427 0.0429688 0.0362854 0.930664
5 0.973633 0.169434 0.0351562 0.0385742 0.927734
5 0.53125 0.262756 0.0351562 0.0389404 0.923828
21 0.525269 0.195801 0.0510254 0.0673828 0.922363
0 0.694336 0.259033 0.0537109 0.0371094 0.913574
46 0.834961 0.407715 0.0761719 0.0478516 0.913574
5 0.615234 0.497559 0.0351562 0.0390625 0.911133
0 0.643555 0.415527 0.0585938 0.0429688 0.906738
2 0.542969 0.496826 0.0322266 0.0405273 0.905273
9 0.606445 0.18042 0.0351562 0.0397949 0.904785
24 0.911133 0.335449 0.0371094 0.050293 0.904785
2 0.874023 0.328613 0.0322266 0.0380859 0.902832
7 0.785645 0.18042 0.0400391 0.0532227 0.894043
13 0.924805 0.39502 0.0214844 0.0732422 0.884766
5 0.827637 0.172119 0.0380859 0.0422363 0.883301
13 0.521484 0.0244904 0.0195312 0.0469055 0.880859
11 0.592773 0.0924072 0.0351562 0.0626221 0.877441
5 0.873047 0.488037 0.0390625 0.0415039 0.874023
8 0.909668 0.48999 0.0371094 0.0444336 0.874023
13 0.524902 0.328613 0.0175781 0.0634766 0.871582
14 0.894043 0.1604 0.0166016 0.0610352 0.870605
6 0.57373 0.262695 0.046875 0.0375977 0.869629
14 0.772949 0.240234 0.0185547 0.0668945 0.868164
9 0.838867 0.0936279 0.0371094 0.0412598 0.865234
2 0.596191 0.0234985 0.0429688 0.0431519 0.863281
22 0.92334 0.173584 0.0371094 0.0410156 0.859863
22 0.678711 0.0223694 0.0371094 0.0407715 0.85498
6 0.693359 0.18042 0.0390625 0.0410156 0.849121
7 0.844238 0.260498 0.0390625 0.0537109 0.848145
7 0.550781 0.345215 0.0371094 0.0507812 0.847168
6 0.490234 0.262451 0.0361328 0.0380859 0.841797
5 0.477783 0.420654 0.0288086 0.0380859 0.841797
2 0.557129 0.416016 0.0292969 0.0380859 0.84082
13 0.894531 0.240479 0.0195312 0.0664062 0.836426
5 0.754883 0.490234 0.0371094 0.0410156 0.829102
13 0.598145 0.248291 0.0263672 0.065918 0.823242
5 0.723633 0.411377 0.0390625 0.0424805 0.800781
13 0.723633 0.47998 0.0214844 0.0693359 0.78125
6 0.796875 0.0946655 0.0371094 0.0391846 0.775879
2 0.754395 0.0210266 0.0302734 0.0419312 0.766113
4 0.439453 0.108276 0.0273438 0.0424805 0.757812
8 0.757812 0.0979004 0.0351562 0.0395508 0.740234
6 0.865234 0.174072 0.0371094 0.0415039 0.730957
4 0.911133 0.0180054 0.0263672 0.0360107 0.672363
6 0.742188 0.255859 0.0371094 0.0395508 0.67041
14 0.554688 0.0223541 0.0351562 0.0447083 0.663574
7 0.450195 0.00636292 0.0263672 0.0127258 0.65332
10 0.552734 0.0914154 0.0390625 0.0661926 0.633301
18 0.992188 0.319824 0.015625 0.050293 0.624512
13 0.624023 0.0898438 0.0234375 0.0688477 0.616699
10 0.463867 0.340332 0.0380859 0.0507812 0.616699
18 0.518066 0.417969 0.046875 0.0410156 0.609375
2 0.989258 0.48584 0.0214844 0.0458984 0.59082
13 0.837891 0.015976 0.0195312 0.0319519 0.525391
13 0.990723 0.4021 0.0175781 0.0961914 0.519531
