n 266 203 20 21
m 382 192 30 31
i 789 190 14 35
n 855 201 22 26
d 158 240 21 27
u 180 244 22 23
i 260 237 11 31
a 449 245 20 22
p 723 247 18 31
a 744 246 18 22
e 786 246 15 22
m 846 247 30 22
a 283 287 20 23
n 555 287 21 23
l 602 276 10 34
n 785 289 21 23
i 826 282 12 32
a 857 291 20 22
l 286 320 9 33
a 296 331 19 22
m 406 331 31 23
s 608 331 19 23
n 665 331 21 24
u 198 374 21 21
b 274 364 18 33
l 295 366 8 30
n 326 377 20 20
i 682 365 14 34
a 697 375 18 23
D 760 365 38 34
e 800 376 16 22
n 191 416 21 24
a 213 416 19 23
l 319 407 9 32
e 368 418 16 23
t 424 415 15 26
h 441 410 18 41
e 461 419 16 22
s 511 418 18 23
t 683 418 14 24
g 744 422 20 29
m 784 419 31 22
s 375 462 17 22
n 440 463 20 20
a 462 461 19 23
s 556 461 18 22
n 583 462 9 23
m 626 462 31 21
l 156 490 11 35
a 169 503 18 21
a 309 503 19 23
a 410 505 15 22
i 445 493 10 34
b 457 493 18 33
n 524 503 22 22
m 569 504 31 23
n 264 548 17 21
n 466 548 22 23
a 489 547 18 22
b 539 537 19 32
u 560 549 20 20
s 582 550 19 22
n 609 550 18 20
m 649 548 27 21
l 843 540 8 31
f 155 578 18 34
m 290 591 28 20
e 319 590 15 22
n 336 591 21 21
m 514 591 29 23
n 605 593 19 21
a 626 591 17 22
b 675 579 19 33
s 717 593 19 23
n 745 591 21 23
u 768 591 18 22
m 788 591 30 22
n 154 675 22 24
u 178 677 18 21
m 196 674 29 22
l 316 666 8 31
a 458 677 18 22
m 477 677 31 23
a 744 678 19 22
a 771 677 19 23
d 791 673 20 26
i 152 710 12 33
f 363 710 13 33
b 454 710 17 31
b 494 710 18 32
l 515 709 9 32
n 583 723 19 19
m 620 722 28 21
a 656 721 20 22
m 677 721 30 22
p 709 722 18 31
h 731 713 17 40
i 749 710 14 38
m 763 723 29 21
a 793 721 19 23
c 813 720 15 23
h 287 754 16 41
h 434 754 18 30
u 518 766 7 7
n 547 763 18 22
a 566 764 18 21
b 620 754 18 31
s 661 763 18 22
n 687 766 18 20
u 706 763 21 22
N 151 795 42 42
p 313 807 19 30
n 385 806 18 20
b 456 795 18 31
s 497 805 18 21
n 522 808 19 19
m 564 805 30 20
h 789 797 17 40
h 225 837 17 39
a 288 848 17 20
n 312 846 22 21
a 335 847 18 20
i 373 836 14 33
b 388 836 18 31
s 429 847 17 21
m 496 848 28 20
e 773 847 15 22
n 151 891 20 21
a 173 890 18 21
n 289 890 19 20
m 330 889 27 22
i 524 880 11 33
s 656 890 17 21
l 724 879 9 33
s 797 890 18 24
n 824 890 21 24
a 847 891 19 23
i 171 921 14 35
b 187 921 17 33
u 207 933 20 21
s 228 932 17 22
n 254 934 18 20
m 295 932 32 23
s 631 933 18 22
p 658 935 19 30
h 681 924 17 41
a 151 977 21 22
s 174 976 17 21
l 271 966 8 32
e 280 975 16 23
n 368 976 22 23
s 480 976 17 23
n 504 977 20 21
I 718 968 14 40
m 767 977 30 22
m 192 1020 31 21
e 151 1062 18 24
a 260 1062 19 22
b 360 1052 19 33
s 400 1063 18 22
n 424 1062 22 24
n 796 1065 20 21
n 209 1106 21 22
e 232 1108 15 20
P 310 1093 43 45
h 403 1097 17 41
t 561 1103 15 26
h 578 1098 17 41
p 702 1108 19 31
n 189 1151 20 20
l 301 1138 9 33
m 541 1151 28 22
a 570 1152 18 21
b 611 1140 18 32
l 740 1140 9 32
a 750 1151 18 22
e 151 1192 18 23
n 259 1193 19 20
a 280 1193 18 21
u 299 1195 20 20
i 319 1174 12 42
h 590 1186 17 40
p 728 1196 18 28
a 748 1195 20 21
e 390 1236 15 23
a 512 1238 19 21
n 544 1238 20 22
n 651 1238 21 23
N 758 1227 38 41
n 350 1282 36 23
n 462 1282 18 22
u 481 1282 20 23
m 819 1281 32 25
