q 582 171 19 36
u 604 170 19 28
a 624 172 19 27
s 645 174 18 25
h 926 169 18 35
t 1021 174 16 31
i 590 194 14 48
p 663 221 18 32
h 760 213 17 41
b 831 211 19 34
u 852 224 21 22
s 875 222 18 23
d 953 220 19 27
I 1050 217 21 42
u 541 263 21 21
d 563 257 20 28
m 673 264 30 23
l 712 254 9 33
m 845 267 30 23
m 955 269 31 22
s 436 302 19 23
m 462 302 39 24
l 440 334 9 33
d 525 344 19 27
C 790 342 26 34
n 835 356 20 22
q 944 355 19 32
p 398 388 22 32
m 444 389 29 21
m 493 391 29 20
n 648 397 18 20
n 852 397 22 23
q 876 397 20 32
e 917 399 15 22
s 457 430 18 23
h 622 428 17 40
n 852 441 19 21
e 873 440 16 22
m 889 441 29 21
D 940 430 39 34
n 396 468 21 27
e 598 478 16 23
s 670 479 17 22
d 773 478 19 26
m 953 484 30 21
s 1077 484 18 24
n 428 515 21 24
e 557 519 15 24
s 804 525 17 22
m 830 525 31 24
i 938 517 11 34
m 968 528 31 22
m 479 560 29 21
i 514 551 15 33
l 621 554 9 32
i 669 557 13 32
s 683 565 20 23
m 797 569 27 21
q 869 569 17 31
s 499 604 18 22
d 548 601 18 25
n 646 609 20 21
m 760 610 31 22
q 843 611 19 32
m 987 613 31 21
u 393 642 21 24
m 675 651 37 23
l 931 645 8 32
s 994 657 18 22
t 391 681 18 27
s 542 690 18 22
m 599 692 29 22
m 630 694 30 22
s 855 697 17 21
n 880 701 19 19
n 920 700 20 19
q 481 731 18 33
u 502 734 21 20
n 542 735 20 23
s 587 735 18 22
b 726 728 18 30
s 766 738 17 21
m 822 740 31 22
n 1011 742 20 21
a 492 776 19 20
n 554 779 19 19
u 835 784 20 18
e 413 814 15 23
m 505 818 29 21
b 568 808 19 32
s 923 825 17 20
m 622 863 31 22
l 684 852 8 32
p 954 868 19 30
m 1018 867 28 21
s 1067 868 19 21
m 385 899 32 26
m 483 902 31 23
e 523 903 16 23
s 571 904 18 22
m 705 906 31 23
s 785 907 17 21
r 835 910 16 20
m 855 909 29 24
m 943 910 28 20
P 992 898 38 42
q 458 944 20 32
u 480 947 21 20
l 594 937 8 33
m 624 948 27 23
q 735 949 19 32
q 851 952 18 32
u 872 952 19 21
m 913 953 30 21
i 1024 943 12 33
r 474 989 16 20
l 595 980 9 32
m 690 993 31 21
b 809 983 18 32
m 869 995 29 21
m 1039 996 31 21
q 586 1031 19 33
u 607 1035 20 20
b 826 1027 18 31
i 845 1027 14 33
t 976 1034 16 25
d 465 1069 19 25
m 866 1082 27 20
d 1022 1078 18 25
q 460 1118 19 29
l 507 1105 10 33
d 589 1114 19 27
u 657 1122 21 20
a 818 1123 18 21
i 984 1114 12 33
q 581 1160 19 33
m 971 1167 19 22
s 1041 1167 17 22
e 436 1201 16 22
n 459 1201 21 22
u 591 1206 17 19
u 739 1207 18 22
d 866 1205 18 24
g 751 1250 34 31
n 984 1252 18 21
a 381 1282 28 29
i 437 1270 13 43
q 692 1293 20 31
i 988 1285 13 35
