p 597 273 33 30
n 854 274 18 19
u 992 272 17 19
o 1015 272 19 19
n 452 313 18 22
m 649 314 29 21
p 899 313 20 28
p 899 313 20 28
a 1007 313 18 19
m 1026 310 29 20
i 489 343 9 34
e 733 353 20 20
e 808 353 16 20
q 885 355 19 27
q 885 355 19 27
n 912 355 19 19
n 970 354 19 19
o 992 352 18 20
n 1047 352 19 19
c 1085 352 13 19
m 611 395 28 20
n 997 393 19 19
e 1019 393 16 20
i 584 414 10 42
u 634 435 19 19
l 880 423 9 32
o 891 436 19 19
i 958 414 10 40
n 975 435 18 18
o 997 435 18 19
l 441 465 8 32
a 452 478 18 19
n 471 478 18 19
e 765 477 17 19
o 790 476 17 20
a 885 477 16 19
a 929 477 17 19
p 948 476 18 26
a 1014 475 18 19
i 441 505 11 34
Q 553 504 36 33
b 684 504 19 31
a 761 516 17 19
m 788 517 18 18
n 815 518 18 18
o 836 517 17 19
a 1028 515 16 18
a 417 560 19 19
l 493 545 8 31
t 582 556 12 21
p 621 558 21 27
n 661 557 18 18
d 683 546 20 30
o 706 557 18 20
m 731 557 27 19
a 762 558 18 19
m 781 556 28 19
i 879 545 9 32
q 923 557 18 26
o 966 555 18 20
u 1070 556 18 19
t 491 596 12 22
h 511 586 21 35
t 602 597 11 20
v 615 593 25 22
n 642 598 18 19
d 663 585 22 30
e 687 597 16 19
u 767 598 9 17
n 824 598 18 19
p 994 595 19 29
o 543 638 18 19
m 569 637 29 19
s 647 636 17 20
o 805 637 17 20
n 829 640 17 18
p 880 638 26 28
a 965 636 17 18
q 1057 636 18 27
a 520 677 18 19
d 540 666 21 29
e 571 676 15 19
i 776 665 10 32
u 791 677 19 18
t 811 676 12 19
t 859 677 11 21
g 877 677 24 28
z 931 679 12 20
a 952 676 18 19
u 971 678 17 18
t 449 716 12 22
n 466 717 18 19
a 769 716 17 18
n 789 717 18 17
q 942 717 18 25
o 984 718 18 18
a 1073 717 18 18
i 584 743 11 32
d 650 744 21 29
e 675 755 15 19
m 692 755 27 18
p 721 755 20 27
m 775 754 28 20
i 869 744 13 31
s 883 756 17 18
m 923 756 27 18
a 951 755 19 19
d 1028 746 22 28
o 1052 757 19 19
a 592 795 18 19
a 985 797 18 19
u 1004 796 19 18
t 1092 785 19 14
a 418 838 19 21
b 483 826 18 31
i 596 824 13 32
m 615 837 27 18
a 708 834 19 20
a 853 836 18 18
m 945 836 19 19
m 999 836 28 19
m 453 877 28 19
d 626 865 22 30
x 1037 878 19 23
p 1058 877 20 27
s 468 918 18 19
n 524 917 18 20
a 544 916 19 20
t 596 915 11 21
n 613 918 17 19
i 674 904 9 33
u 846 917 18 19
t 867 914 12 22
a 954 915 18 19
e 1018 916 15 19
s 1034 915 17 20
c 440 959 15 18
a 680 957 17 18
l 741 946 6 30
n 913 956 19 18
p 1050 957 20 26
s 1072 957 17 19
e 464 1000 15 17
s 567 996 18 19
a 649 998 21 18
i 694 984 12 32
m 787 996 27 18
m 874 995 27 18
a 470 1037 18 19
o 757 1034 17 20
e 820 1035 15 18
a 871 1034 17 18
a 932 1034 17 18
m 1028 1035 28 19
p 1059 1036 20 27
i 444 1065 10 33
a 504 1076 17 19
a 528 1076 18 19
i 625 1062 12 33
a 811 1074 17 19
a 862 1074 17 18
a 970 1075 17 19
n 996 1076 8 17
n 1057 1076 17 19
i 448 1105 13 32
n 826 1115 18 18
o 879 1114 18 18
s 900 1114 17 19
u 1034 1115 17 20
d 1053 1104 21 31
o 1076 1116 19 19
a 423 1158 18 19
a 663 1154 18 20
t 703 1153 12 21
s 860 1154 18 19
q 885 1153 19 28
e 927 1154 15 19
a 950 1156 18 19
m 1032 1157 28 18
n 1067 1156 18 19
o 1089 1155 18 19
n 470 1198 17 19
a 686 1195 27 20
a 745 1194 19 19
c 860 1194 15 18
z 938 1197 13 26
n 988 1196 17 19
m 447 1237 27 18
m 476 1237 28 19
u 596 1236 18 19
s 682 1235 18 20
a 708 1235 18 20
t 746 1233 13 21
m 807 1235 26 19
u 835 1235 19 19
u 879 1236 18 19
s 899 1234 18 20
a 924 1234 18 19
t 963 1234 12 21
a 982 1235 18 19
u 1001 1235 19 20
a 1022 1236 18 19
r 1041 1236 16 19
o 941 1275 17 20
i 1007 1263 11 33
s 599 1355 17 20
q 532 1358 19 27
h 623 1344 20 35
p 762 1357 22 28
u 786 1357 19 19
i 828 1342 11 34
