i 725 476 23 70
n 748 495 47 49
v 894 492 50 44
u 947 489 48 45
a 1094 486 46 45
l 1142 457 23 69
u 1177 485 39 44
o 1221 481 44 45
s 1269 478 45 49
e 1388 480 36 47
e 1598 474 38 49
n 1638 475 46 48
i 1683 451 25 72
n 1725 474 49 48
o 1779 477 44 46
n 1827 471 50 48
o 1903 471 44 46
e 1953 471 37 45
s 1994 468 45 50
e 2080 472 38 45
m 644 606 69 48
u 716 604 43 43
l 762 576 23 69
p 869 596 42 66
l 917 572 22 66
u 946 593 42 45
s 1065 586 43 48
n 1123 589 50 43
o 1179 587 42 44
u 1289 587 45 42
t 1340 578 33 54
a 1413 585 45 45
l 1460 560 22 69
v 1581 583 51 42
i 1634 553 22 71
d 1662 565 45 62
v 1745 581 50 45
q 1855 578 45 67
z 1904 576 23 67
n 1942 574 49 46
o 1997 575 44 45
e 2109 571 37 46
q 653 709 42 67
d 702 688 43 62
u 833 698 23 46
s 886 693 42 48
v 941 695 50 44
u 1363 689 43 42
a 1417 687 43 46
n 1464 687 49 45
a 1522 688 42 44
z 1640 684 24 66
w 1681 686 82 46
l 1771 661 21 69
u 1797 683 45 45
t 1846 674 33 54
a 1884 680 42 46
m 2023 679 72 45
d 651 799 42 63
i 696 789 22 69
n 759 804 48 48
w 902 798 81 46
l 987 776 23 68
u 1013 797 46 44
t 1065 784 31 55
a 1097 791 43 46
t 1143 783 32 54
e 1177 794 35 43
i 1295 764 21 70
Q 1375 764 65 68
u 1445 791 49 43
a 1499 789 43 45
n 1545 792 47 42
e 1699 787 36 40
i 1735 760 25 72
q 1776 788 43 65
u 1825 785 47 45
e 1878 784 35 44
a 2130 779 45 47
q 653 914 43 67
u 703 912 47 43
a 758 909 43 46
n 889 903 18 45
o 943 899 42 45
e 1049 895 37 46
s 1087 891 43 48
a 1173 895 46 47
l 1222 870 22 69
a 1386 894 45 44
t 1487 888 35 50
r 1544 890 36 44
o 1814 886 43 44
l 1862 864 22 68
e 1890 885 36 44
t 1928 878 34 51
a 2129 882 44 47
c 741 1012 29 43
i 782 991 23 72
p 805 1014 45 63
i 853 984 23 69
n 898 1003 47 45
o 951 1002 40 44
l 998 976 20 68
u 1021 1001 46 42
t 1119 989 36 54
t 1119 989 36 54
d 1265 972 44 68
q 1327 995 45 66
z 1527 992 24 66
d 1572 975 43 54
i 1619 967 20 69
p 1796 989 48 66
u 1849 987 49 44
u 1901 986 47 43
l 1952 966 23 68
i 1976 962 24 73
s 2004 985 43 47
n 2074 985 50 46
o 2130 985 44 45
q 801 1110 41 64
u 850 1106 44 46
o 900 1105 42 45
n 1016 1098 47 46
o 1069 1098 43 45
e 1242 1095 42 45
l 1371 1072 22 67
l 1398 1073 19 67
e 1422 1094 39 47
e 1497 1093 38 44
u 1563 1095 20 40
n 1596 1089 46 46
o 1648 1091 42 43
l 1699 1068 19 68
l 1719 1065 23 68
e 1748 1090 38 45
N 1852 1063 62 79
a 1930 1087 34 44
q 1983 1086 45 68
d 2039 1071 46 61
m 2101 1087 69 48
n 724 1214 44 44
l 839 1189 18 65
m 899 1209 71 44
o 976 1205 42 43
u 1234 1201 50 43
t 1286 1192 32 52
e 1400 1197 36 45
o 1438 1199 40 42
w 1560 1197 84 41
l 1652 1170 24 70
u 1678 1194 47 44
n 1729 1193 48 44
t 1780 1185 42 52
a 1824 1189 42 46
i 1929 1167 25 72
u 1956 1191 46 45
i 2067 1166 21 71
c 2094 1193 32 43
a 2128 1191 44 47
r 649 1321 32 42
e 834 1310 34 44
e 929 1305 33 46
t 975 1298 32 53
i 1042 1278 24 69
b 1069 1278 44 68
u 1118 1304 47 43
e 1173 1300 34 45
n 1211 1300 49 46
u 1325 1302 47 43
b 1510 1273 44 68
a 1558 1293 40 46
p 1603 1292 53 69
z 1714 1294 25 66
a 1742 1290 43 47
n 1787 1290 48 46
u 743 1419 17 40
t 765 1406 34 55
q 815 1412 42 66
u 862 1410 47 44
a 914 1407 47 46
n 964 1408 45 43
p 1092 1406 50 68
t 1206 1397 31 51
e 1252 1402 35 45
a 1346 1403 42 45
n 1400 1403 46 45
o 1451 1401 44 44
l 1500 1376 21 69
n 1567 1398 47 44
s 1689 1394 44 46
e 1759 1393 36 46
o 1796 1395 42 44
s 1849 1389 44 49
a 1946 1395 48 45
l 1996 1369 24 67
u 2024 1391 48 44
o 2079 1397 40 42
s 2127 1388 45 49
e 708 1518 31 45
r 743 1520 32 41
d 807 1497 43 60
i 857 1491 20 66
r 946 1513 35 42
e 983 1509 35 46
m 1021 1513 65 43
u 1094 1508 42 43
S 1227 1481 53 69
a 1331 1507 44 42
p 1381 1510 45 63
u 1483 1506 45 41
s 1534 1500 44 48
d 1596 1487 45 63
s 1702 1496 44 48
m 1763 1499 70 44
a 1940 1497 43 44
o 2130 1497 42 44
l 776 1596 21 69
l 799 1596 22 66
a 825 1616 42 44
s 874 1616 41 44
p 1035 1613 48 66
i 1090 1590 19 69
a 1117 1612 41 44
t 1316 1604 34 53
a 1361 1610 33 44
t 1397 1603 35 48
e 1434 1612 34 42
q 1495 1609 43 66
u 1547 1607 45 42
o 1601 1606 41 43
e 1701 1606 37 44
s 1744 1603 43 46
m 1811 1603 45 46
q 1889 1603 44 65
t 1941 1595 34 53
w 1987 1600 83 44
l 2076 1575 24 68
g 825 1718 48 66
a 876 1717 39 44
e 922 1717 36 44
l 1016 1695 23 66
i 1042 1694 23 69
o 1070 1716 40 44
s 1111 1711 45 47
o 1251 1716 43 44
s 1301 1708 44 48
a 1510 1709 41 42
l 1554 1686 20 66
l 1580 1685 24 69
m 1606 1704 68 46
a 1682 1707 44 45
p 1740 1707 49 67
u 1796 1707 46 42
l 1844 1681 25 66
l 1870 1681 25 67
o 1900 1704 43 43
s 1948 1697 46 49
o 2082 1702 42 42
s 2131 1696 45 49
n 720 1823 15 45
o 770 1824 38 41
l 813 1796 23 68
t 1022 1812 35 49
a 1059 1813 40 46
n 1103 1815 44 42
i 1312 1788 20 69
l 1421 1790 21 68
u 1446 1813 46 43
t 1498 1804 34 50
a 1536 1809 40 44
s 1578 1806 42 46
p 1709 1812 46 62
a 1760 1801 44 50
t 1947 1797 34 50
i 2085 1777 23 68
m 2132 1802 48 65
v 664 1925 45 45
o 715 1928 38 43
l 759 1900 21 69
u 781 1924 45 43
t 830 1915 31 51
a 863 1920 43 45
t 909 1915 29 48
e 941 1917 34 46
m 1041 1918 69 45
m 1212 1917 75 45
s 1471 1907 44 48
n 1531 1909 49 45
o 1587 1910 42 43
l 1635 1883 23 70
e 1665 1908 36 45
m 1798 1905 72 44
e 2030 1901 35 44
n 665 2030 44 46
o 714 2026 37 44
v 1760 2010 51 44
o 1817 2006 45 44
l 1870 1984 21 67
e 1897 2007 34 42
b 1936 1981 45 68
a 1986 2006 43 45
u 673 2126 45 43
e 802 2122 35 45
i 846 2102 22 69
l 895 2100 22 67
a 921 2122 43 46
o 978 2121 41 45
i 1024 2096 24 70
a 1260 2114 43 45
q 1319 2119 42 64
u 1369 2117 47 44
m 1474 2115 70 45
l 1624 2088 22 68
o 1652 2111 41 45
m 1768 2111 73 44
t 1851 2100 35 55
r 1923 2109 36 43
o 2064 2106 44 44
i 2112 2080 23 70
a 2140 2105 44 46
q 670 2227 44 69
u 719 2230 45 44
e 767 2230 35 42
c 803 2228 30 44
u 835 2231 42 41
n 878 2224 47 45
q 928 2227 42 66
z 976 2224 24 68
v 1005 2224 49 44
o 1059 2221 42 45
l 1106 2197 22 68
l 1581 2193 23 68
l 1605 2191 23 71
i 1629 2191 23 72
e 1708 2217 38 43
l 1811 2191 18 67
i 1831 2187 23 72
o 1859 2212 43 45
s 1912 2207 44 48
i 1968 2186 25 68
h 1995 2187 55 66
m 2139 2209 49 67
v 669 2331 47 43
n 961 2326 47 45
i 1164 2298 21 71
t 1188 2315 33 54
A 1283 2300 62 74
n 1349 2319 48 46
n 1409 2319 50 45
o 1465 2321 42 43
i 1785 2293 23 68
l 1811 2292 23 66
l 1837 2295 24 64
a 1867 2312 42 47
q 1926 2312 44 68
o 759 2433 42 45
s 811 2430 41 47
o 939 2431 42 43
s 991 2425 43 48
a 1052 2426 41 47
b 1100 2402 44 66
i 1159 2401 22 80
l 1367 2402 17 66
i 1491 2398 19 67
n 1523 2422 45 46
o 1577 2422 40 44
l 1626 2398 22 67
t 1732 2410 27 54
S 1819 2392 54 71
z 1877 2415 23 65
e 1924 2415 36 45
a 1964 2413 42 46
q 2028 2414 43 69
u 2085 2414 47 44
o 2140 2412 44 44
q 675 2534 42 68
z 722 2535 24 66
n 761 2534 44 45
o 807 2535 39 44
l 853 2511 21 69
e 879 2532 32 44
l 1098 2507 21 66
i 1124 2506 24 69
o 1151 2533 42 43
s 1201 2525 44 48
e 1277 2527 35 46
u 1336 2527 47 46
s 1389 2524 43 46
l 1527 2501 22 69
l 1552 2501 22 67
e 1581 2522 34 45
q 1873 2519 42 66
u 1921 2516 49 45
o 1977 2517 43 43
s 2027 2515 44 48
v 2085 2516 51 44
o 2145 2514 43 45
l 678 2615 24 69
o 1096 2632 42 45
m 1218 2633 73 45
r 1375 2631 35 43
q 1628 2629 45 66
u 1680 2627 47 43
e 1735 2623 35 44
a 1830 2621 45 45
v 1888 2621 50 45
o 1948 2622 41 44
l 1996 2595 24 71
t 2099 2617 29 45
t 784 2734 32 53
q 840 2743 43 65
u 887 2742 46 43
e 939 2741 35 43
d 976 2724 44 59
a 1027 2745 14 11
v 1265 2738 52 45
l 1369 2714 22 66
t 1471 2732 35 49
n 1578 2731 48 46
c 1802 2727 31 44
i 1833 2703 21 70
o 2008 2726 42 43
q 2143 2723 44 67
z 854 2846 21 60
w 889 2846 79 43
l 976 2823 22 67
t 1074 2836 29 53
t 1238 2838 29 55
Q 1307 2817 68 70
s 1454 2836 45 48
r 1603 2839 34 43
r 1639 2839 35 43
o 1675 2836 43 45
t 1733 2824 36 55
a 1771 2834 41 45
m 1816 2834 69 44
m 1897 2831 72 46
p 2019 2831 51 68
t 676 2942 33 52
p 900 2953 40 61
i 947 2924 22 71
a 975 2949 41 42
t 1020 2937 36 55
d 1179 2930 45 61
i 1227 2922 23 71
t 1332 2935 36 56
u 1477 2945 20 43
m 1510 2943 67 45
a 1584 2942 44 44
l 1632 2918 23 68
a 1658 2938 44 45
s 1706 2935 46 49
i 1854 2912 25 71
m 1880 2936 72 46
v 1964 2936 50 44
o 2019 2933 43 44
l 2067 2910 22 67
u 2093 2935 22 41
n 2142 2929 51 48
t 680 3045 35 50
a 716 3052 38 43
s 824 3048 39 46
q 882 3053 41 63
u 929 3050 46 41
a 980 3047 44 45
s 1028 3045 44 48
v 1088 3049 50 44
o 1144 3051 42 43
l 1193 3026 25 67
u 1220 3048 48 45
e 1274 3049 39 46
q 1473 3048 43 64
n 1521 3046 15 42
v 1579 3043 51 41
o 1638 3041 43 43
l 1686 3015 22 69
u 1712 3039 47 42
t 1825 3030 34 53
t 1826 3030 33 53
v 1954 3038 48 43
b 2008 3010 48 69
i 2058 3012 20 71
v 2093 3036 50 41
o 2151 3033 42 45
m 857 3154 70 48
n 1015 3151 50 47
u 1066 3152 49 45
n 1129 3150 48 47
o 1182 3152 42 44
e 1380 3147 38 48
e 1563 3144 35 47
r 1601 3145 35 45
r 1708 3140 39 44
S 1841 3111 53 69
S 1841 3111 53 69
t 2165 3123 33 51
