S 479 239 25 33
p 745 254 24 35
t 971 249 14 34
m 1029 259 32 23
m 1029 259 32 23
t 505 288 23 32
e 630 302 17 21
t 713 297 14 28
m 956 307 30 21
m 360 339 32 23
n 436 341 20 22
e 457 342 16 23
r 473 342 17 23
i 602 335 10 33
m 689 347 31 22
m 808 350 31 20
m 434 389 31 21
o 465 389 18 20
i 723 383 11 33
a 735 395 20 20
d 761 387 20 27
i 835 383 19 34
r 909 395 16 21
u 971 397 20 20
u 495 435 18 20
s 568 435 19 22
m 633 437 31 21
s 802 437 18 23
b 846 429 19 32
i 929 431 13 32
d 944 432 20 28
e 395 469 26 33
o 422 482 19 20
u 648 486 19 20
a 669 485 19 22
b 713 475 21 31
u 736 485 21 20
s 788 484 20 22
n 816 484 18 21
m 974 486 31 22
s 1006 486 20 22
a 1075 488 20 22
r 388 522 16 23
b 429 516 19 31
i 501 519 12 31
p 632 531 22 30
b 753 520 18 30
n 860 530 20 21
u 909 532 19 20
m 929 531 30 21
A 464 564 30 38
n 496 573 21 21
u 519 576 20 19
i 669 567 12 31
i 789 567 12 30
m 826 576 29 21
m 922 577 29 20
q 770 618 20 29
z 792 618 10 28
u 853 620 19 20
i 995 614 10 31
m 538 662 31 20
m 571 662 30 21
c 623 663 14 19
r 981 666 17 20
t 354 700 16 25
m 390 706 31 22
e 468 706 16 22
n 686 706 19 23
m 881 711 30 21
d 918 704 19 28
m 962 713 30 21
i 376 740 9 32
l 492 739 10 32
t 588 748 14 26
p 646 754 21 29
o 670 753 18 20
s 722 749 20 23
a 859 753 18 20
u 945 755 21 21
t 385 791 16 24
l 442 785 10 32
e 460 796 15 21
m 626 799 29 22
a 663 798 19 22
m 685 796 30 21
m 816 797 29 21
l 896 787 10 32
m 916 799 29 21
a 947 798 18 22
m 966 800 30 20
a 998 802 20 20
r 353 840 18 22
o 373 840 18 21
q 489 842 19 29
u 511 842 19 21
m 625 844 29 20
a 835 846 18 21
s 1008 849 19 22
d 1053 844 20 27
q 350 885 22 29
s 405 885 20 21
e 433 885 16 23
g 450 887 21 29
r 472 886 15 21
s 541 886 20 22
s 838 890 20 22
s 1037 896 19 20
u 419 932 20 19
a 467 928 18 23
m 486 932 31 19
m 518 933 30 20
e 549 933 16 22
n 569 933 21 21
e 592 934 14 20
a 630 933 17 20
u 648 934 20 20
r 891 936 16 20
r 972 937 15 21
m 995 939 29 20
n 1032 939 20 22
a 1054 942 17 20
m 451 976 31 20
a 483 976 20 21
m 584 977 30 21
i 692 968 11 31
n 734 978 20 20
a 1041 984 18 20
q 1068 987 19 28
b 349 1007 20 30
n 534 1022 21 21
r 664 1023 17 22
m 810 1024 30 21
u 841 1025 21 20
i 1031 1019 11 40
p 1048 1029 22 29
a 1072 1031 19 21
m 348 1060 31 22
s 380 1061 19 22
s 568 1066 21 24
n 595 1068 21 21
m 795 1069 30 21
m 851 1070 30 20
a 882 1071 18 19
n 1056 1076 21 20
t 350 1102 16 24
e 518 1111 17 21
a 589 1114 16 20
m 608 1114 31 20
n 837 1114 20 21
h 996 1107 25 34
o 1023 1120 20 19
q 1053 1121 17 27
q 1053 1121 17 27
s 1073 1121 20 21
m 345 1150 31 22
e 378 1151 17 22
b 423 1143 20 31
m 684 1160 29 20
N 383 1189 27 36
o 412 1197 19 22
a 552 1204 19 21
i 627 1184 15 42
m 646 1203 28 22
i 714 1197 10 32
o 781 1209 19 19
i 886 1197 10 41
p 902 1208 21 29
m 1050 1210 28 20
d 420 1235 20 28
e 488 1247 16 22
q 544 1250 21 30
u 566 1251 20 20
a 588 1252 20 19
p 614 1252 22 28
a 638 1251 19 21
r 657 1249 16 21
e 716 1251 16 21
m 860 1251 32 20
l 1012 1242 11 32
a 1038 1254 19 21
m 596 1296 31 20
i 861 1286 10 32
m 900 1296 29 20
u 930 1297 21 21
s 952 1296 20 21
i 1030 1287 10 34
n 450 1336 21 23
p 495 1340 21 29
p 663 1341 22 29
i 864 1333 11 32
n 1020 1345 20 21
i 646 1366 11 42
n 686 1387 21 21
a 841 1388 19 21
u 915 1390 21 20
m 1020 1390 31 21
z 1074 1388 12 29
e 634 1431 16 21
f 656 1419 18 33
n 706 1432 21 22
o 728 1434 19 20
n 776 1433 20 22
c 799 1435 15 21
l 818 1423 11 33
o 964 1435 19 20
