n 908 495 48 48
a 970 496 45 46
u 1019 500 46 43
t 1067 488 36 56
p 1122 496 48 62
e 1178 493 37 46
t 1275 485 36 56
o 1396 499 43 45
t 1451 473 40 70
a 1622 495 45 47
m 1682 497 67 45
a 1755 495 42 47
t 1800 488 34 53
e 1929 493 35 46
s 1965 493 43 46
d 2037 477 47 61
q 842 601 43 66
m 908 599 68 42
t 1049 587 31 54
i 1152 574 21 69
u 1176 600 45 44
c 1247 598 31 43
a 1352 598 43 46
r 1603 599 34 42
o 1638 598 44 46
m 1770 599 72 45
q 1858 598 44 67
u 1909 598 43 43
e 1959 596 36 46
l 2002 574 21 70
i 2023 572 24 73
b 2049 572 47 67
z 2097 594 27 67
p 617 713 47 70
u 738 708 44 45
r 1052 701 36 39
e 1092 693 35 45
l 1300 676 24 67
u 1327 702 44 44
a 1378 700 45 45
r 1501 702 37 43
m 1557 701 71 45
q 1644 700 45 69
u 1697 703 47 43
o 1749 699 43 45
i 1849 677 22 69
b 1876 676 45 67
a 1971 700 45 45
t 2075 689 29 55
a 618 813 40 46
u 661 812 43 44
d 899 783 45 62
i 948 778 24 68
a 1153 796 45 45
m 1248 799 70 46
q 1324 799 45 66
u 1376 801 47 42
a 1429 799 44 44
n 1555 800 47 44
a 1690 800 45 44
l 1737 779 22 67
i 1760 776 24 71
o 1790 801 41 44
p 2016 807 46 62
m 2090 797 49 68
a 689 909 45 46
m 754 909 47 64
l 816 881 39 67
m 856 905 68 46
a 1010 900 43 44
e 1067 896 36 46
l 1106 877 24 68
e 1134 897 37 45
m 1173 900 70 43
t 1246 889 33 53
a 1280 899 42 45
t 1440 894 35 52
a 1475 901 42 46
t 1521 894 40 49
m 1593 903 71 45
n 1610 903 54 45
q 1680 903 41 64
u 1727 903 48 43
o 1781 902 42 42
q 1974 901 43 69
z 2021 903 27 66
a 2062 898 46 48
i 2109 875 25 72
a 621 1017 41 45
l 663 997 23 65
i 686 993 22 70
u 710 1014 44 44
l 766 988 39 67
i 976 980 23 69
m 1021 1005 46 63
b 1142 977 45 68
u 1194 1004 46 43
n 1581 1009 46 44
e 1632 1007 36 45
q 1673 1006 44 68
z 1722 1007 27 67
e 1924 1004 35 45
t 1962 999 41 51
i 2039 984 24 69
l 2066 984 22 69
l 2090 984 24 68
a 619 1119 40 46
i 659 1098 24 70
h 731 1091 52 68
u 790 1113 44 43
a 836 1111 44 45
n 883 1110 47 45
e 936 1106 34 46
p 980 1110 47 64
u 1033 1107 47 43
o 1146 1104 41 45
i 1304 1081 23 72
s 1332 1104 44 46
q 1595 1109 45 68
i 1746 1084 22 71
l 1770 1082 24 68
l 1797 1086 21 67
a 1821 1107 41 45
p 1873 1108 49 66
u 618 1218 43 45
t 663 1207 34 56
r 1049 1212 34 41
e 1087 1208 33 44
r 1212 1209 33 43
e 1247 1210 35 44
t 1284 1201 36 55
v 1350 1210 51 45
i 1407 1190 23 67
u 1432 1212 47 42
i 1673 1185 23 71
t 1826 1198 32 57
P 618 1295 68 93
i 768 1292 24 70
t 792 1308 31 51
a 825 1314 40 44
q 872 1314 41 66
z 918 1311 23 65
t 956 1301 33 56
n 1134 1306 49 47
a 1185 1307 43 47
m 1245 1311 69 45
a 1319 1309 44 45
e 1468 1309 38 47
s 1510 1306 43 48
q 1572 1310 46 69
q 1574 1310 44 69
d 1642 1293 47 64
i 1694 1290 23 70
e 1871 1308 35 43
a 1994 1311 47 45
i 2041 1287 27 71
a 2072 1309 45 49
t 664 1416 31 48
c 709 1421 27 44
a 740 1419 38 45
a 841 1413 42 46
u 886 1416 43 43
t 1172 1401 37 55
a 1211 1411 42 46
o 1529 1418 44 44
e 1581 1417 37 45
p 1711 1420 48 64
a 1764 1413 45 45
b 1814 1390 46 69
r 1866 1415 38 43
u 1939 1414 47 45
e 2039 1412 36 47
a 2077 1413 42 48
q 622 1526 39 65
d 678 1505 43 61
i 726 1498 20 71
l 750 1497 20 68
a 773 1519 42 45
b 816 1495 46 68
u 889 1516 22 44
r 984 1516 35 42
m 1092 1517 70 44
a 1175 1514 44 45
l 1223 1494 22 67
i 1246 1493 24 69
a 1273 1515 44 44
s 1326 1514 44 48
a 1389 1514 44 44
t 1437 1511 35 55
q 1474 1515 41 68
z 1521 1517 26 65
a 1563 1515 43 44
l 1610 1494 22 66
i 1634 1493 23 69
a 1661 1515 42 45
s 1708 1512 44 47
a 1773 1515 41 44
l 1820 1492 20 65
i 1842 1492 23 68
a 1871 1515 42 43
r 1989 1518 34 42
e 2021 1515 39 43
p 642 1632 42 61
e 691 1623 32 45
s 725 1623 41 46
m 875 1623 67 43
a 949 1615 42 47
s 997 1616 44 48
r 1222 1621 35 42
q 1450 1619 46 69
u 1502 1620 48 44
a 1556 1618 43 44
s 1676 1616 45 47
a 1740 1622 45 43
d 1793 1602 44 60
p 1968 1625 46 59
u 2019 1621 46 41
s 2071 1618 44 46
e 735 1723 35 47
a 776 1723 40 43
n 819 1721 47 45
t 868 1710 31 56
v 924 1721 49 44
n 976 1722 18 43
d 1044 1704 44 60
i 1093 1686 18 77
l 1118 1699 22 67
a 1145 1720 42 44
p 1191 1720 49 68
a 1274 1720 46 45
t 1417 1710 33 55
t 1417 1710 33 55
d 1539 1704 45 60
e 1607 1720 35 45
a 1647 1722 37 43
p 1996 1725 48 62
i 2048 1696 24 70
s 2076 1718 44 47
p 618 1831 43 65
t 668 1823 24 45
v 779 1823 47 43
b 832 1796 44 69
i 879 1797 25 69
t 1067 1811 31 53
i 1241 1797 22 68
e 1272 1821 36 43
n 1323 1821 20 44
c 1376 1821 31 43
t 1534 1815 35 48
o 1721 1819 42 44
q 1774 1820 42 67
n 1821 1821 46 44
c 1942 1820 30 42
a 1975 1817 41 45
p 2020 1822 49 65
l 622 1906 23 67
u 648 1927 43 44
s 695 1923 40 48
c 749 1924 32 45
i 882 1899 22 72
s 964 1919 43 48
d 1094 1903 45 63
i 1145 1899 23 69
t 1171 1914 36 50
q 1221 1922 44 67
d 1274 1905 46 62
t 1338 1913 35 56
a 1377 1922 44 45
c 1435 1923 32 45
r 1472 1923 34 42
e 1509 1922 35 47
b 1548 1899 45 66
t 1693 1913 32 53
o 1727 1922 43 44
t 2010 1915 33 50
x 620 2031 35 62
t 680 2022 30 52
t 680 2022 30 52
v 812 2025 48 46
n 865 2023 46 45
b 1045 1998 47 70
u 1094 2022 49 46
s 1147 2020 45 47
q 1219 2024 45 65
u 1270 2027 48 44
o 1324 2025 43 44
d 1375 2007 45 61
e 1584 2022 36 46
n 1646 2019 27 47
s 1679 2020 44 47
m 1818 2023 71 44
p 1893 2025 47 64
t 1994 2016 36 55
o 753 2128 41 45
m 911 2127 67 44
o 983 2131 43 45
t 1183 2121 34 51
a 1217 2129 43 45
m 1372 2128 71 46
c 1514 2128 29 44
n 1580 2124 51 47
s 1639 2124 43 46
t 1863 2114 32 55
a 1897 2124 40 44
n 1941 2125 48 45
i 677 2208 22 69
r 962 2233 34 43
o 1134 2231 44 44
n 1184 2230 49 46
e 1235 2230 39 47
m 1297 2232 46 63
c 1370 2233 33 45
a 1408 2232 40 45
m 1485 2228 73 46
s 1563 2230 46 47
n 1624 2229 49 46
o 1680 2230 41 44
n 1728 2231 47 44
c 1799 2229 31 44
r 1834 2231 33 41
e 1956 2230 34 44
o 621 2329 38 44
u 725 2331 42 46
r 770 2333 34 43
t 862 2320 32 56
m 904 2334 69 45
t 1174 2324 32 54
a 1207 2333 43 47
s 1255 2331 44 49
q 1399 2337 43 66
u 1448 2336 47 44
e 1501 2335 36 43
a 1540 2332 42 46
d 1588 2316 45 63
m 1642 2332 68 44
o 1717 2333 43 44
d 1768 2307 46 68
a 1958 2329 42 45
a 2079 2330 43 46
i 692 2412 23 69
u 715 2437 43 43
i 808 2412 23 70
b 835 2412 42 66
o 949 2438 42 44
l 995 2414 22 69
u 1021 2438 46 43
b 1071 2414 45 68
i 1119 2414 20 71
l 1145 2414 24 70
i 1173 2413 20 71
s 1199 2434 45 49
m 1271 2438 72 44
e 1348 2437 37 45
t 1388 2429 30 52
a 1421 2436 43 46
i 1515 2412 21 70
a 1567 2438 44 44
u 1615 2435 49 44
t 1667 2431 37 50
i 1714 2409 22 71
n 1796 2433 46 44
e 1848 2434 41 46
l 1908 2409 25 68
i 1934 2411 22 67
q 1961 2435 43 66
u 2008 2435 48 43
e 2063 2433 34 43
l 810 2513 39 67
m 1156 2541 69 46
p 1240 2540 50 69
u 1295 2540 49 44
l 1346 2516 23 69
u 1371 2540 49 44
e 1431 2538 35 45
r 1471 2540 34 43
e 1507 2537 37 45
a 1572 2540 44 44
u 1619 2538 48 44
t 1669 2529 38 52
n 1857 2534 48 45
e 1974 2536 38 45
m 615 2639 67 46
m 694 2640 65 45
a 764 2639 40 45
a 859 2642 43 44
m 923 2644 48 65
m 1160 2645 68 44
l 1323 2618 23 69
l 1352 2621 20 67
e 1377 2642 36 45
t 1417 2637 33 52
a 1467 2641 44 46
x 1661 2641 39 59
s 1919 2635 45 48
e 1979 2636 37 46
x 2018 2637 38 58
i 2070 2613 23 69
l 619 2717 20 70
i 639 2715 22 73
u 663 2742 42 42
s 708 2737 42 47
m 763 2741 68 44
a 838 2743 41 44
e 1008 2741 35 45
q 1062 2745 43 66
u 1113 2746 48 44
a 1165 2744 41 44
n 1208 2745 50 44
t 1310 2735 37 53
a 1348 2743 44 45
t 1394 2736 41 53
e 1437 2742 35 46
r 1498 2744 38 42
e 1539 2741 34 45
p 1576 2747 49 64
a 1628 2743 42 46
r 1673 2747 34 42
c 1847 2739 33 47
h 1882 2715 56 69
i 1943 2714 22 73
l 1970 2717 21 68
m 2013 2741 70 45
t 2087 2713 37 71
e 620 2835 34 47
a 754 2840 31 44
d 788 2823 44 62
m 849 2843 67 45
g 988 2841 50 67
t 1093 2837 36 51
a 1132 2844 42 45
u 1324 2843 49 45
s 1377 2840 47 50
q 1441 2845 45 66
u 1493 2844 47 43
e 1546 2841 36 43
p 1596 2849 48 63
l 1780 2820 22 66
a 1807 2841 46 46
m 1867 2842 67 42
a 1936 2838 47 45
i 692 2919 21 65
e 796 2942 33 46
m 831 2944 66 45
b 900 2921 47 68
a 1110 2945 43 46
e 1229 2945 35 47
e 1475 2945 37 43
u 1703 2945 48 44
t 1765 2934 36 54
e 2042 2939 36 45
x 2080 2942 41 58
q 623 3040 40 66
u 669 3043 44 43
o 720 3043 40 43
n 845 3046 48 46
t 1046 3037 32 56
a 1079 3047 43 46
e 1212 3048 33 46
t 1328 3041 33 52
t 1604 3037 36 58
a 1644 3044 45 46
r 1701 3047 35 44
e 1738 3047 34 46
m 1842 3049 68 43
e 1916 3047 40 45
i 2020 3021 24 69
t 2044 3035 37 55
a 2081 3042 44 47
b 894 3124 44 69
i 991 3121 22 74
t 1013 3121 37 71
a 1061 3147 44 48
t 1107 3140 35 60
q 1146 3149 46 70
z 1195 3151 27 67
m 1238 3148 70 48
e 1314 3149 35 47
a 1409 3149 44 47
b 1458 3128 43 66
i 1555 3126 24 71
t 1580 3123 37 71
t 1580 3123 37 71
a 1631 3150 45 46
x 1832 3150 40 62
