n 879 472 51 48
i 1045 449 21 72
t 1068 462 37 59
a 1105 472 43 47
v 1161 475 51 44
i 1218 450 20 72
r 1384 473 37 44
a 1436 473 43 44
b 1481 451 47 67
u 1693 471 47 44
n 1768 470 49 45
o 1822 470 43 44
e 2012 472 34 47
r 2075 477 35 44
e 2112 477 34 46
p 2150 482 45 65
e 2233 481 36 45
d 2350 464 48 71
a 2402 489 42 46
t 2447 466 36 70
m 879 579 72 47
i 1223 553 20 68
d 1337 559 46 61
i 1387 552 22 68
c 1416 576 27 41
a 1447 575 42 44
i 1730 547 21 71
d 1756 555 46 62
i 1808 547 18 67
n 1994 574 47 46
o 2046 576 43 43
n 2095 578 46 46
r 2189 582 31 41
i 2309 560 21 71
d 2334 566 50 67
i 2385 566 21 69
n 977 679 50 45
p 1106 677 51 69
u 1162 677 46 43
t 1210 667 37 56
a 1250 677 40 44
t 1445 666 36 56
n 1492 674 46 45
o 1543 676 43 43
e 1676 674 40 44
q 1717 673 45 68
u 1769 675 48 44
e 1824 676 33 44
n 1862 676 46 43
s 1910 675 44 45
e 1974 676 34 42
u 2118 680 47 45
t 2169 678 30 46
n 2212 681 45 45
o 2263 685 40 44
v 2309 689 45 42
i 2358 665 18 68
a 2444 695 37 45
r 996 782 34 40
s 1068 775 43 47
q 1129 777 47 67
u 1184 779 47 43
u 1330 776 21 45
n 1353 777 49 44
c 1584 775 34 45
i 1748 750 22 71
r 1845 777 35 44
S 1934 751 53 80
m 2037 778 70 45
e 2112 779 35 45
l 2150 760 15 66
i 2171 759 19 69
u 2193 784 45 44
s 2244 785 41 46
h 2304 763 51 69
a 2358 789 36 45
n 2399 793 42 44
c 2448 795 28 43
a 885 882 44 44
p 933 882 43 66
l 1060 856 21 68
l 1083 856 25 68
a 1112 878 43 45
m 1159 880 69 45
m 1457 880 71 44
q 1543 876 44 67
u 1593 877 47 44
a 1646 873 43 46
m 1691 876 70 45
d 1775 859 46 61
i 1828 854 25 68
n 1928 876 50 45
a 1992 896 12 9
e 2040 879 34 43
l 2077 856 23 69
o 2106 883 41 42
q 2156 883 42 68
a 2279 885 38 45
e 887 985 40 45
e 1079 979 35 47
a 1118 981 39 45
l 1310 955 24 70
i 1335 955 21 71
c 1359 980 31 45
z 1392 981 26 65
r 1506 978 34 44
u 1568 978 18 45
q 1602 979 43 66
u 1650 977 47 45
e 1704 976 35 47
n 1753 977 51 46
o 1808 978 43 45
n 1855 977 50 47
v 1923 980 51 43
i 1977 955 24 69
r 2192 985 36 43
D 2256 964 56 72
p 2396 995 42 64
e 2445 995 34 45
q 883 1086 46 67
u 937 1086 44 43
o 989 1084 41 44
a 1127 1085 45 44
o 1330 1084 43 45
l 1381 1058 25 71
v 1928 1080 50 43
n 2188 1087 42 43
o 2237 1088 38 43
e 2292 1088 33 44
p 2361 1094 41 62
e 2410 1097 31 42
Q 887 1153 67 85
u 958 1189 46 43
e 1134 1187 36 47
i 1224 1163 23 71
v 1257 1187 51 45
i 1311 1163 24 70
t 1410 1180 31 56
q 1458 1187 44 67
q 1665 1183 42 65
d 1792 1158 56 68
p 1894 1181 46 66
e 1948 1179 37 47
S 2170 1163 51 77
i 2224 1165 23 70
a 2260 1189 44 47
u 2308 1191 43 43
q 884 1285 48 68
u 936 1289 47 44
o 989 1289 42 44
d 1038 1274 46 61
n 1108 1288 49 47
o 1163 1290 42 44
v 1231 1289 50 44
i 1284 1259 24 71
d 1315 1263 55 70
e 1377 1287 37 45
m 1417 1287 69 43
u 1489 1286 46 44
s 1541 1283 47 51
p 1646 1288 48 64
m 1817 1283 71 45
p 2020 1288 47 64
p 2091 1289 45 66
a 2145 1285 38 47
e 2239 1288 35 47
n 2277 1291 18 44
a 2376 1292 40 47
e 887 1394 35 48
x 924 1427 31 25
e 1048 1391 36 46
m 1189 1392 69 44
u 1263 1391 44 43
s 1316 1386 45 48
u 1465 1389 47 43
e 1526 1387 36 45
r 1566 1389 33 42
g 1600 1386 53 66
o 1653 1388 41 43
m 1791 1386 72 45
s 1869 1383 44 45
n 2010 1386 47 46
a 2061 1386 43 45
e 2364 1393 34 46
e 952 1494 36 44
d 989 1469 54 72
u 1049 1495 46 45
n 1098 1492 47 48
c 1367 1491 28 44
h 1400 1467 53 68
a 1531 1491 46 44
l 1578 1465 25 69
i 1603 1465 23 70
u 1629 1489 48 44
d 1682 1471 45 62
n 1958 1487 46 48
r 2075 1489 37 44
I 2235 1491 40 69
m 2330 1497 62 42
a 887 1597 44 44
q 1128 1598 42 65
d 1254 1579 45 63
d 1316 1578 46 61
i 1367 1567 22 73
c 1396 1593 31 45
a 1431 1593 40 45
n 1625 1592 47 44
e 1679 1593 36 47
q 1734 1595 42 65
u 1780 1593 50 45
o 1835 1591 43 44
s 2012 1589 43 45
c 2142 1593 29 43
h 2176 1570 51 67
i 2230 1571 20 68
l 2254 1573 22 65
p 2293 1596 54 65
S 875 1673 65 69
s 1020 1695 42 47
n 1305 1695 45 45
e 1358 1694 37 45
a 1414 1695 44 45
m 1463 1695 68 45
n 1650 1693 19 45
o 1704 1697 43 44
n 1753 1695 47 43
e 2064 1693 36 44
e 2156 1695 35 43
D 2240 1673 56 83
e 2304 1696 33 44
q 2407 1698 38 65
z 2449 1696 22 65
u 880 1800 50 44
t 934 1794 34 55
a 984 1803 47 44
i 1033 1778 22 69
t 1057 1793 36 54
a 1109 1802 45 45
o 1309 1799 42 44
l 1357 1774 23 70
u 1382 1798 47 45
s 1438 1797 43 46
i 1497 1773 24 71
a 1525 1791 44 49
b 1652 1772 47 70
u 1705 1797 46 44
m 1992 1796 65 42
o 2062 1795 45 43
n 2118 1799 39 41
u 2404 1797 40 43
t 2447 1790 32 53
e 1097 1903 37 45
t 1341 1892 33 54
n 1416 1898 49 47
e 1473 1899 35 46
c 1510 1901 29 43
e 1888 1894 34 45
n 2005 1895 46 45
t 2054 1891 34 53
a 2218 1896 37 45
m 2258 1896 65 43
a 2329 1895 38 46
n 2370 1897 41 43
e 913 2008 36 43
d 953 1981 51 69
u 1159 2007 45 43
s 1209 2001 45 46
q 1272 2003 45 69
u 1324 2006 46 42
o 1377 2003 43 45
d 1429 1977 55 71
n 1497 2000 47 45
o 1551 1999 42 46
s 1600 1997 44 48
m 1841 1999 73 45
a 2036 1999 42 44
m 2083 1998 67 45
a 2155 1997 43 45
m 2203 1999 66 44
c 2382 1999 28 43
n 954 2107 52 46
d 1013 2083 53 70
o 1072 2109 44 45
m 1413 2103 71 46
e 1508 2103 40 45
e 1508 2103 40 45
e 1609 2101 36 45
d 1867 2084 45 62
a 1923 2101 42 45
t 1968 2091 32 54
P 2049 2075 74 84
r 2129 2101 32 43
o 2162 2100 40 44
p 2206 2097 50 68
q 2385 2098 40 67
d 2432 2071 41 68
a 955 2210 46 46
m 1134 2208 74 46
a 1265 2207 45 45
o 1464 2205 43 45
l 1514 2181 23 71
u 1537 2205 48 45
s 1593 2202 45 49
p 1661 2205 54 71
a 1720 2204 42 48
u 1764 2205 49 45
l 1816 2181 21 71
u 1841 2207 48 44
s 1897 2202 43 47
v 1966 2203 49 44
a 2020 2203 41 45
s 2068 2197 43 48
d 2131 2184 42 61
l 2203 2178 21 67
e 2231 2200 33 45
o 2325 2200 39 44
s 2436 2193 37 48
m 1010 2311 70 44
q 1096 2311 44 68
u 1147 2310 44 44
p 1257 2309 49 67
d 1334 2291 45 62
i 1384 2284 21 72
l 1411 2287 21 68
e 1439 2307 36 46
o 1563 2310 41 45
n 1610 2309 45 45
m 1721 2310 51 45
o 1798 2308 41 44
p 2179 2301 51 70
o 2317 2302 39 43
b 2362 2278 40 68
a 889 2414 48 48
t 941 2412 34 47
q 975 2413 44 69
l 1186 2389 23 68
i 1209 2389 25 70
t 1235 2402 33 56
e 1269 2410 33 46
r 1308 2411 35 43
m 1412 2412 68 45
e 1487 2410 37 47
n 1527 2411 49 46
d 1583 2388 54 69
a 1643 2412 43 46
q 1757 2409 43 70
u 1806 2412 48 44
v 1918 2409 50 44
q 2030 2406 41 68
z 2075 2404 23 65
n 2170 2405 47 44
e 2222 2405 34 43
p 2293 2406 45 64
n 2389 2401 43 46
t 972 2507 32 56
e 1006 2514 35 46
e 1123 2513 38 46
o 1406 2513 41 43
a 1746 2510 44 46
m 1792 2511 66 45
n 1994 2506 49 46
e 2051 2506 32 45
p 2128 2511 45 62
e 2181 2504 35 45
e 2238 2501 35 48
n 2366 2501 44 46
n 932 2616 48 44
e 985 2618 36 43
m 1094 2615 70 48
e 1236 2612 36 47
p 1318 2613 51 68
n 1492 2611 49 46
e 1547 2612 36 46
c 1585 2615 29 43
v 1627 2615 50 44
m 1806 2614 69 43
n 2019 2605 48 48
m 1210 2716 70 44
q 1493 2715 45 67
u 1544 2715 48 45
e 1598 2714 35 46
q 1852 2714 43 67
d 1977 2694 44 62
c 2056 2710 31 44
r 2090 2710 35 42
d 2165 2681 52 71
e 2223 2706 34 44
d 1117 2800 46 63
u 1170 2817 48 45
m 1222 2819 67 44
t 1364 2803 32 56
q 1443 2816 43 65
u 1492 2817 49 43
o 1545 2816 45 44
d 1595 2799 45 62
a 1670 2816 48 46
d 1724 2799 46 62
i 1889 2776 23 96
g 1915 2812 53 67
o 1994 2813 42 44
n 2041 2809 49 46
e 2098 2809 35 44
m 2136 2808 69 45
p 2226 2810 46 66
n 2324 2803 43 46
e 2369 2803 34 46
n 886 2919 50 48
n 1051 2924 47 43
a 1104 2919 46 48
e 1362 2917 34 47
u 1429 2917 45 46
m 1477 2919 71 47
i 1562 2895 23 71
t 1586 2909 35 55
a 1622 2920 42 45
a 1822 2920 42 45
n 1868 2917 51 46
q 2183 2909 44 67
u 2232 2910 46 43
e 2286 2908 32 48
m 2323 2908 60 45
a 2388 2901 38 47
d 2434 2887 39 61
m 884 3022 68 47
o 959 3021 44 44
d 1010 3000 55 68
u 1069 3024 46 44
m 1137 3023 48 63
a 1212 3023 46 42
b 1263 2997 46 67
e 1328 3017 35 48
i 1364 2996 20 70
s 1387 3016 44 49
q 1456 3021 43 66
u 1505 3022 49 44
o 1559 3020 43 45
s 1613 3018 43 48
g 1677 3022 51 67
r 1730 3023 34 42
e 1767 3023 34 45
p 1877 3020 49 68
h 1932 2996 57 69
i 1994 2992 20 71
s 2146 3009 44 50
c 2300 3009 31 45
a 2334 3006 39 46
n 2374 3005 44 45
n 882 3124 52 47
m 1020 3124 69 46
e 1094 3122 36 45
e 1214 3120 35 46
n 1252 3121 50 44
d 1305 3104 46 61
u 1358 3123 48 44
m 1408 3122 70 44
q 1621 3125 45 66
u 1672 3125 48 43
a 1762 3125 44 45
m 1864 3124 72 43
u 2045 3118 45 43
a 2112 3115 46 45
b 2162 3091 45 67
e 2223 3113 33 45
i 2258 3086 19 70
d 2302 3084 50 71
m 2410 3107 41 64
