q 363 255 22 30
d 154 293 19 29
u 272 302 19 21
s 293 301 19 22
h 320 290 26 38
c 389 301 16 22
l 474 291 11 32
m 543 305 31 20
a 771 303 20 23
d 792 298 21 28
d 244 340 21 27
u 267 347 21 21
r 378 348 17 21
n 464 348 20 20
p 522 351 22 29
b 185 383 21 31
a 219 392 20 23
d 241 386 20 27
i 298 383 13 32
q 311 394 19 29
u 332 393 22 21
e 356 393 16 21
a 390 394 20 21
n 412 393 20 21
u 569 397 20 20
a 721 396 18 23
s 885 395 21 25
b 182 429 22 30
q 212 439 21 31
d 278 432 19 27
u 318 439 18 21
p 338 441 21 29
e 447 439 15 21
d 464 431 20 30
i 486 428 11 33
a 512 440 19 22
e 566 441 15 22
C 598 431 28 32
o 624 441 19 21
n 646 441 21 22
u 668 441 21 22
i 760 423 12 42
r 835 445 18 22
a 860 446 19 21
i 183 474 11 33
u 217 485 19 20
e 239 485 16 21
a 281 486 21 20
n 303 485 22 21
o 357 486 19 20
l 442 477 10 30
a 473 487 20 21
n 494 488 21 20
q 610 488 21 30
a 664 486 18 22
p 751 490 30 30
i 841 480 11 33
m 151 530 32 24
l 214 520 11 31
n 359 531 18 21
e 378 532 16 20
t 464 529 14 23
i 564 523 12 33
q 799 536 19 29
u 823 537 18 20
d 880 533 20 26
m 151 576 32 23
u 229 578 22 20
a 329 578 17 19
a 411 577 21 20
c 442 577 15 20
r 458 578 16 19
i 478 568 10 31
a 602 580 18 19
a 637 579 19 19
m 736 579 30 20
e 768 580 16 20
d 854 574 21 28
o 434 621 18 18
i 459 617 12 25
o 472 623 18 18
h 545 611 25 35
o 718 621 20 19
i 871 615 12 32
o 883 625 21 20
b 246 655 20 28
a 361 664 18 19
a 431 664 20 20
n 452 664 19 20
a 536 664 19 20
b 784 658 21 29
z 890 666 13 30
n 173 710 20 20
l 234 699 9 31
u 279 709 20 20
z 461 708 11 30
b 843 704 21 30
u 865 714 20 21
s 887 714 21 23
b 269 744 19 30
u 290 755 19 20
s 311 753 20 22
n 378 755 22 20
u 482 755 19 20
s 503 753 19 22
A 721 746 28 38
i 791 747 11 32
e 825 759 15 20
e 203 800 15 20
n 253 800 21 21
a 326 801 17 19
d 346 792 21 28
a 377 801 19 20
u 445 800 20 20
e 468 800 16 21
a 502 800 19 21
n 524 801 21 20
u 683 800 18 21
i 205 837 11 33
i 291 836 12 32
q 311 846 21 30
u 333 847 22 19
a 357 845 18 21
a 400 846 19 20
d 426 839 20 27
e 449 847 14 20
u 477 846 8 20
o 486 844 19 20
n 550 847 22 21
i 639 836 11 33
u 869 851 20 20
n 206 893 20 21
q 390 891 21 30
u 413 892 19 20
a 435 892 19 21
p 503 893 21 29
u 594 892 12 19
q 151 939 21 30
u 175 937 19 21
a 195 938 18 21
u 305 939 22 20
s 662 937 20 22
u 236 984 19 21
s 257 982 19 21
a 343 984 19 21
n 364 983 22 21
p 503 983 21 29
l 526 971 8 30
u 535 982 21 20
d 729 976 20 27
u 752 985 20 19
n 185 1028 22 22
u 235 1028 19 21
s 256 1029 19 21
s 360 1028 20 21
n 387 1029 20 21
o 410 1027 17 21
g 569 1027 21 29
s 648 1027 19 21
s 830 1030 19 20
s 219 1073 19 20
i 440 1065 10 31
a 467 1074 18 20
i 618 1061 11 33
o 648 1073 19 20
l 669 1063 10 31
l 787 1064 9 31
e 799 1077 17 20
g 843 1078 21 28
t 151 1111 13 27
e 225 1118 25 26
s 300 1118 19 20
q 423 1120 21 31
z 446 1121 11 28
d 571 1111 19 28
a 639 1120 19 20
p 727 1121 22 30
a 761 1121 20 21
d 782 1114 19 27
u 821 1122 19 20
n 841 1122 20 20
d 863 1115 21 28
e 154 1160 17 23
a 207 1163 19 20
i 545 1154 12 33
d 582 1157 22 28
p 624 1165 21 30
u 649 1166 20 20
t 671 1161 15 26
a 687 1167 18 20
s 740 1165 20 23
s 740 1165 20 23
o 182 1208 18 19
s 291 1208 18 21
a 318 1209 20 20
d 340 1201 20 27
n 552 1211 22 20
o 603 1211 18 20
e 732 1213 16 21
e 808 1212 15 22
p 829 1213 30 31
n 864 1216 21 21
t 217 1252 13 23
s 317 1254 20 22
i 374 1243 12 32
q 387 1252 19 31
s 482 1255 19 21
n 624 1259 21 20
p 766 1259 23 30
n 203 1301 21 22
d 453 1293 21 28
q 639 1305 20 29
a 710 1305 21 20
n 731 1306 21 21
s 801 1306 20 20
p 151 1348 22 30
p 151 1348 22 30
d 354 1340 21 27
n 399 1347 22 21
e 596 1349 17 21
e 652 1351 15 22
a 816 1352 19 19
d 837 1344 20 27
e 861 1348 17 21
u 152 1392 22 22
o 239 1393 19 21
s 366 1392 19 22
o 394 1394 19 20
t 516 1389 13 26
n 657 1395 20 21
e 721 1394 16 21
t 206 1435 14 25
a 226 1437 21 23
t 269 1434 15 26
q 433 1440 21 30
n 628 1439 22 23
u 690 1439 23 21
d 721 1431 21 28
e 745 1441 15 21
i 790 1420 13 40
a 803 1438 18 21
z 887 1433 12 29
