m 576 207 29 23
l 679 198 9 33
n 813 210 21 25
b 361 237 17 32
m 479 250 31 22
m 758 254 30 20
e 791 254 15 23
e 835 255 16 22
b 853 245 18 32
n 344 291 22 22
l 397 280 9 31
m 457 293 31 21
l 513 282 8 32
t 580 290 16 25
b 767 287 18 31
I 835 288 15 42
h 205 322 19 40
l 476 325 9 32
n 506 338 18 19
m 608 339 29 20
b 698 329 18 32
g 724 343 19 28
e 746 339 15 22
s 822 341 18 22
n 876 343 21 21
n 236 375 20 21
n 310 378 19 19
e 447 378 15 22
h 509 370 16 40
n 565 381 19 20
a 586 381 19 21
n 613 382 20 21
p 659 382 29 31
r 775 385 17 19
i 241 406 15 33
u 277 419 21 19
s 298 418 18 21
d 345 415 18 25
b 431 409 18 32
m 694 426 30 20
s 745 427 17 21
n 296 462 18 19
m 363 463 29 20
s 457 463 18 22
s 630 466 18 21
l 659 457 9 32
i 808 459 13 33
n 198 500 23 22
u 404 506 19 21
m 535 508 32 21
n 640 511 20 21
m 807 512 31 21
h 329 538 16 39
q 541 552 19 29
n 634 553 18 20
n 673 553 21 22
r 765 556 18 20
l 888 544 10 32
h 366 581 16 40
u 568 595 21 20
e 826 598 15 20
i 861 580 15 39
b 197 618 20 32
m 358 632 31 22
b 417 624 17 32
h 542 627 16 40
b 613 626 18 31
n 660 641 19 18
p 743 641 18 29
m 807 641 28 18
m 858 640 32 21
s 343 673 17 21
r 520 679 15 20
m 550 680 27 19
m 637 682 32 20
l 692 671 8 31
e 702 682 14 20
s 809 681 18 21
n 263 717 19 20
q 578 721 20 32
e 679 724 15 21
t 745 721 16 25
u 813 727 19 20
m 253 759 27 21
m 338 761 27 21
i 542 753 13 33
d 614 761 18 24
u 752 769 22 20
m 291 802 44 22
m 344 803 31 21
m 714 811 25 19
e 747 809 16 20
D 800 800 38 32
e 840 810 17 21
m 358 845 33 21
u 472 847 21 20
m 562 848 31 21
n 745 853 21 20
n 817 854 21 20
a 576 892 19 20
n 746 896 17 19
t 764 891 17 25
s 866 897 19 22
m 331 929 31 21
s 385 928 17 22
l 560 922 9 31
s 717 936 18 22
n 803 939 21 20
m 504 976 31 20
h 550 967 16 40
b 706 968 18 32
i 732 970 13 32
i 770 972 14 30
u 306 1015 20 21
m 327 1016 30 21
i 608 1011 10 32
i 646 1002 13 40
m 807 1024 22 21
m 850 1024 31 21
s 277 1058 18 21
d 378 1055 18 24
z 512 1065 10 26
m 214 1099 30 22
m 250 1100 31 21
i 363 1091 12 33
m 382 1102 29 20
h 836 1101 17 40
s 252 1143 18 22
h 279 1134 17 40
l 313 1134 9 31
m 378 1144 28 20
n 415 1146 21 20
n 655 1151 17 20
n 770 1154 18 20
n 831 1153 21 21
i 463 1178 11 32
s 475 1189 17 20
n 699 1194 21 20
i 740 1184 11 32
m 758 1194 31 21
n 477 1274 21 22
m 677 1280 29 20
m 835 1280 30 21
b 498 1307 19 33
q 525 1320 21 30
l 576 1309 9 33
n 627 1322 19 22
b 673 1312 17 33
e 854 1324 16 23
