i 1321 488 23 71
n 1375 509 50 50
o 1430 514 43 44
i 1488 489 21 71
p 1511 517 46 65
m 1561 512 72 49
e 1645 513 40 48
o 1758 514 43 45
m 1872 513 69 48
d 1956 495 47 64
i 2007 490 23 74
n 2117 512 49 48
u 2167 515 50 47
l 2218 492 24 70
l 2243 491 25 71
u 2271 519 46 44
m 2331 517 64 50
a 2400 519 38 46
l 2441 498 25 71
u 2469 525 41 49
n 1067 613 47 46
u 1117 615 48 44
u 1223 615 46 43
n 1364 615 46 42
u 1413 612 49 46
m 1540 616 69 46
a 1618 612 43 45
l 1663 589 25 71
u 1689 613 46 45
q 1751 612 46 70
u 1801 613 48 46
o 1856 613 44 46
n 1917 612 50 46
o 1971 615 43 43
n 1006 711 48 47
u 1058 714 48 44
m 1108 712 71 46
q 1196 714 44 65
r 1586 713 33 43
e 1637 711 36 50
e 2049 713 34 46
i 2249 692 24 72
e 2367 718 33 47
o 2469 726 39 44
q 1096 810 46 68
d 1228 794 46 63
n 1288 812 47 47
o 1341 813 43 44
c 1400 812 34 47
u 1463 811 20 48
e 1486 812 37 50
i 1524 788 27 73
a 1553 812 44 48
t 1599 800 34 60
l 1655 789 43 69
q 1709 812 47 71
d 1839 796 45 63
p 1899 812 54 71
o 1987 815 42 46
u 2034 813 45 47
e 2087 813 38 48
a 2203 813 42 48
t 2249 804 30 57
N 2328 798 61 81
a 2393 822 44 46
m 2440 827 64 46
p 1170 915 51 67
e 1263 914 36 46
p 1320 919 49 65
m 1372 915 72 49
e 1461 914 37 48
a 1698 913 49 49
u 1749 915 49 46
t 1799 903 32 57
m 1846 915 70 46
a 1921 912 43 47
g 1970 916 53 65
u 2076 915 48 44
m 2137 916 72 46
m 2292 918 66 46
a 2361 921 43 47
g 2408 926 46 66
l 1091 992 24 73
p 1128 1017 48 67
u 1181 1013 48 47
u 1233 1014 46 47
m 1283 1017 71 49
m 1363 1016 71 47
p 1547 1016 51 69
u 1601 1017 48 48
a 1653 1014 48 49
t 1732 1002 38 60
n 1771 1018 44 67
e 1855 1017 36 46
m 1892 1019 67 48
p 1960 1021 51 65
e 2029 1014 36 47
m 2076 1015 72 49
a 2153 1015 43 46
l 2200 994 22 68
u 2225 1018 47 44
Q 2328 995 62 69
s 2464 1022 40 49
e 1008 1111 38 50
n 1049 1115 47 46
i 1099 1082 23 80
e 1300 1116 38 48
n 1454 1117 50 46
s 1505 1115 45 49
m 1575 1118 71 49
a 1649 1116 45 48
l 1698 1093 22 70
u 1723 1116 48 48
m 1774 1119 69 47
n 1855 1117 50 47
e 1912 1117 35 47
t 2035 1106 36 60
a 2122 1117 47 46
p 2172 1117 51 69
p 2228 1117 51 69
o 2312 1119 40 44
b 2357 1095 43 69
a 2405 1121 41 47
l 1080 1192 23 71
a 1130 1221 49 47
p 1187 1217 55 71
o 1275 1219 44 45
r 1417 1220 32 45
i 1452 1194 21 70
s 1475 1214 46 54
m 1710 1220 71 48
p 1782 1219 53 69
o 1869 1221 42 45
b 1916 1194 46 69
a 1966 1220 43 46
e 2049 1217 36 47
p 2279 1222 50 68
p 2279 1222 52 68
l 2488 1206 19 71
s 1062 1320 44 48
a 1141 1319 45 47
u 1190 1322 49 44
t 1240 1310 37 59
e 1399 1319 36 49
t 1557 1311 34 56
a 1593 1320 44 47
p 1656 1319 52 71
o 1742 1320 44 45
m 1810 1322 70 47
s 2041 1317 44 51
a 2131 1324 41 44
u 2179 1324 48 46
t 2230 1311 35 61
m 2275 1325 70 46
t 2448 1315 27 57
a 2476 1328 34 47
p 1010 1422 51 69
o 1103 1420 42 45
r 1228 1421 31 44
s 1323 1413 45 53
S 1421 1395 55 79
z 1479 1421 27 67
a 1521 1419 48 49
l 1571 1397 23 71
i 1596 1395 23 73
u 1619 1420 51 46
d 1675 1402 45 62
e 1748 1418 34 48
n 1953 1419 46 47
u 2002 1422 48 45
m 2051 1421 70 46
t 1007 1513 37 58
a 1045 1520 44 47
q 1175 1521 47 69
m 1313 1521 70 51
u 1462 1520 47 47
s 1512 1517 46 50
e 1576 1519 36 49
q 1695 1519 46 68
d 1750 1495 47 70
e 1815 1520 37 48
e 1932 1519 36 50
i 2111 1497 23 69
s 2139 1517 43 49
a 2275 1518 46 49
l 2324 1498 22 71
i 2347 1498 23 72
u 2374 1525 41 45
d 2422 1510 40 59
e 2481 1527 30 46
e 1011 1620 38 48
x 1050 1625 41 61
c 1198 1622 29 44
m 1242 1620 68 49
a 1313 1620 46 47
l 1363 1598 23 74
o 1390 1621 45 45
a 1463 1622 45 46
l 1510 1598 25 72
i 1535 1596 24 75
u 1559 1621 49 47
d 1613 1604 47 64
m 1685 1620 73 48
a 1761 1621 44 47
l 1808 1595 22 73
u 1833 1620 48 46
m 1884 1621 69 47
n 1972 1617 51 49
o 2028 1621 42 43
p 2087 1618 51 69
a 2143 1617 43 48
m 2319 1625 67 45
c 2391 1622 28 46
n 1013 1725 48 47
o 1069 1724 41 45
a 1185 1723 42 45
t 1230 1711 32 58
m 1371 1727 69 45
q 1561 1726 45 64
e 1998 1722 37 48
e 2039 1722 35 46
u 2212 1722 47 45
e 2413 1725 31 44
q 2445 1726 39 69
z 2489 1729 22 62
a 1017 1824 50 47
u 1122 1828 45 45
d 1174 1808 47 64
e 1239 1826 38 48
a 1362 1821 44 50
m 1408 1824 73 47
v 1496 1824 51 47
i 1551 1798 24 75
a 1578 1824 45 46
p 1637 1826 48 67
u 1690 1825 46 44
t 1739 1812 37 60
a 1777 1824 43 47
q 1914 1824 45 67
q 1914 1824 45 67
n 1973 1823 50 46
o 2027 1824 43 44
e 2090 1822 33 46
i 2133 1799 27 73
p 2165 1824 40 66
a 2209 1820 40 48
a 2330 1824 39 47
i 2393 1803 21 71
u 2416 1829 42 44
e 1010 1928 41 48
e 1068 1928 37 48
x 1105 1930 40 66
c 1253 1929 33 46
r 1382 1928 35 44
o 1419 1928 42 46
i 1499 1902 22 73
s 1521 1925 45 48
m 1582 1929 71 48
a 1657 1926 46 48
l 1706 1905 22 72
o 1733 1927 44 46
a 1803 1926 44 47
l 1850 1904 21 71
i 1874 1902 24 74
q 1903 1928 44 67
d 2033 1909 46 64
l 1096 2006 26 73
u 1127 2032 47 46
t 1177 2022 35 55
a 1222 2026 46 49
b 1272 2003 47 70
m 1335 2028 69 47
s 1565 2025 42 49
m 1629 2028 73 47
a 1708 2029 46 46
l 1757 2003 26 73
u 1857 2031 46 45
m 2026 2030 67 49
l 2118 2005 23 74
i 2142 2005 24 73
o 1388 2128 44 48
a 1481 2123 48 56
n 1532 2129 48 49
e 1586 2129 37 48
v 1638 2130 50 46
t 1695 2121 34 56
u 1773 2130 45 45
e 1246 2228 40 50
a 1343 2230 47 47
m 1547 2233 69 46
o 1622 2231 42 46
e 1762 2229 37 48
r 1801 2232 37 45
r 1841 2231 34 47
o 1878 2232 42 46
e 1959 2231 38 47
s 2002 2228 45 50
m 2339 2228 65 49
n 1378 2330 49 49
e 1432 2332 36 48
e 1507 2335 38 46
n 1549 2331 47 47
t 1652 2323 35 59
q 1714 2334 44 67
u 1763 2333 47 47
a 1816 2334 43 46
s 1939 2332 45 48
t 2047 2324 38 59
n 2104 2331 49 47
e 2158 2332 35 47
u 2443 2333 41 45
t 2487 2323 32 57
p 1010 2437 51 72
s 1226 2431 45 50
q 1287 2432 47 70
u 1341 2433 48 48
e 1393 2433 38 47
e 1629 2437 37 47
n 1667 2434 48 47
s 1793 2431 45 50
p 1958 2440 50 65
i 2011 2412 23 70
s 2036 2433 45 51
c 2111 2436 32 45
a 2143 2433 41 48
p 2186 2435 51 69
c 2491 2433 29 46
t 1217 2531 35 55
n 1263 2534 50 48
o 1318 2539 44 44
s 1446 2532 45 51
m 1575 2540 76 47
l 1677 2514 23 71
i 1702 2515 23 73
a 1727 2538 43 48
q 1794 2538 46 69
u 1846 2540 47 44
e 1900 2539 36 45
i 2045 2514 24 71
i 2099 2513 24 72
t 2215 2527 35 56
a 2254 2536 43 46
n 2299 2533 46 46
c 2424 2534 26 46
o 2451 2535 37 44
p 1012 2646 49 65
o 1070 2641 42 46
a 1220 2638 46 48
u 1269 2640 48 45
t 1320 2626 36 58
p 1487 2643 47 65
o 1542 2640 43 46
t 1681 2627 34 61
a 1716 2639 43 48
n 1761 2638 49 49
q 1817 2640 43 68
u 1867 2642 48 45
a 1920 2640 43 46
i 2069 2615 24 71
i 2123 2614 23 70
e 2264 2637 36 44
n 2303 2635 46 46
u 2400 2635 41 43
n 2445 2634 41 44
t 2488 2608 35 69
q 1013 2743 46 70
u 1065 2743 49 45
p 1248 2742 45 68
u 1300 2742 48 46
t 1351 2731 35 55
a 1387 2740 41 47
b 1430 2716 48 70
e 1580 2742 38 50
e 1619 2741 36 49
s 1862 2737 44 48
a 1925 2738 46 47
o 2130 2737 42 45
l 2177 2713 22 70
u 2201 2738 43 43
s 2248 2734 41 49
u 2457 2732 16 44
s 2476 2728 39 48
q 1017 2847 46 69
u 1069 2848 50 44
a 1117 2846 50 46
n 1171 2848 47 44
e 1427 2841 38 49
x 1468 2846 39 59
i 1508 2820 19 70
m 1617 2844 77 47
a 1700 2845 45 46
b 1748 2819 48 69
v 1894 2843 49 45
i 1947 2816 24 73
m 2045 2842 69 45
v 2124 2841 50 45
i 2178 2818 20 69
d 2206 2822 42 61
e 2326 2835 36 47
t 1012 2941 37 53
e 1050 2950 34 43
a 1238 2945 45 46
u 1287 2948 48 45
v 1573 2947 51 48
m 1628 2944 72 51
l 1787 2920 19 70
i 1810 2919 22 72
s 1837 2940 46 49
l 1905 2920 20 71
i 1926 2919 23 73
s 2176 2940 42 46
r 2303 2937 36 43
a 2353 2933 39 46
n 2396 2934 42 44
l 1014 3024 23 75
u 1041 3050 46 45
m 1092 3048 69 46
a 1204 3052 48 45
n 1275 3049 26 44
u 1394 3050 18 44
m 1415 3049 70 45
a 1519 3047 45 47
u 1566 3049 50 44
t 1620 3038 32 55
m 1675 3046 71 48
i 1761 3021 22 71
p 1785 3044 51 70
s 1896 3042 45 50
b 2039 3021 44 68
u 2087 3043 44 44
s 2138 3039 44 49
s 2477 3028 39 34
l 1011 3124 25 77
e 1129 3149 31 48
p 1174 3153 48 67
u 1228 3151 47 46
t 1277 3138 37 61
a 1315 3152 42 47
e 1483 3149 37 50
q 1626 3150 43 69
d 1679 3132 46 62
a 1742 3148 44 46
e 1985 3146 35 48
l 2191 3117 23 72
d 2230 3122 43 64
u 2283 3140 43 43
l 2329 3113 23 72
q 2428 3136 38 66
d 2477 3119 38 60
