e 517 247 16 20
o 567 247 18 21
m 594 247 29 21
i 709 237 12 33
r 788 248 16 19
e 841 248 24 19
f 872 236 18 32
n 1008 251 18 20
C 492 276 30 35
s 575 286 19 20
l 675 277 8 31
a 994 291 18 20
a 1073 293 18 19
C 414 318 31 35
a 616 329 18 19
p 760 330 21 27
C 874 319 26 34
m 1026 333 26 19
s 1072 334 18 21
C 510 360 26 32
s 588 369 19 20
i 668 357 11 35
x 809 371 20 24
p 832 372 20 27
q 932 370 18 28
a 1078 376 17 18
e 613 412 16 19
n 630 413 17 18
a 651 413 18 19
h 873 399 19 34
n 933 413 19 19
a 954 413 18 20
m 1037 416 29 19
t 437 449 13 22
h 537 439 20 35
N 762 440 30 40
h 848 440 20 36
q 918 452 18 28
c 1012 456 15 17
l 412 481 9 31
m 441 492 28 18
q 628 495 19 26
p 848 494 21 27
e 873 492 16 20
i 957 482 11 31
r 1040 496 15 18
t 1078 496 11 20
n 556 533 17 19
u 629 535 19 19
i 672 522 11 33
q 689 533 18 27
i 791 521 10 33
r 857 534 15 18
N 889 522 29 38
s 994 533 18 20
q 1020 534 18 26
a 521 575 18 18
h 546 561 19 34
s 619 575 18 19
m 643 576 28 19
u 674 576 18 18
i 801 561 10 34
a 828 574 18 19
t 972 571 11 20
q 989 574 17 27
l 456 601 8 30
e 817 614 15 19
i 978 602 10 33
s 1027 616 18 19
i 1081 597 17 40
i 678 632 10 42
p 773 655 20 27
q 952 653 19 27
d 1005 645 21 30
x 1032 657 20 25
a 411 693 18 19
n 430 693 17 19
u 450 692 19 19
a 478 691 17 19
g 496 690 24 29
e 520 691 17 19
m 603 692 29 20
p 667 692 33 28
a 917 694 18 19
S 979 683 24 32
i 1004 684 11 40
g 1021 697 24 27
a 561 732 19 18
q 650 733 19 26
m 750 733 29 19
n 787 734 18 18
u 807 732 18 19
c 828 734 12 17
u 841 733 17 18
p 860 733 22 26
r 932 733 17 18
e 994 736 17 19
p 641 772 20 27
e 747 772 15 19
q 968 774 17 26
i 473 799 9 32
a 528 812 18 18
q 795 812 18 26
a 837 813 18 19
n 982 814 18 19
u 1026 815 18 18
a 1057 815 17 18
u 456 851 17 20
s 476 850 18 20
o 543 852 18 19
m 707 853 27 19
a 884 852 18 20
t 925 850 12 22
o 554 893 17 18
n 617 894 18 19
m 410 931 28 19
u 441 931 19 20
e 469 932 15 19
l 553 921 7 30
s 1036 935 17 19
u 428 972 17 19
a 447 972 17 19
i 568 952 12 40
e 623 973 16 19
o 731 972 17 17
m 749 972 29 18
t 835 971 11 19
s 955 971 18 19
d 978 966 21 26
i 1001 953 12 40
e 1015 973 16 19
n 1038 975 18 18
o 1059 976 18 18
c 1080 976 16 19
r 537 1014 15 17
o 770 1010 17 19
q 795 1009 18 26
m 997 1012 29 21
e 1072 1014 17 19
i 432 1040 10 32
m 575 1050 28 19
u 605 1051 18 18
n 656 1051 19 18
o 678 1049 19 19
n 734 1051 17 18
p 793 1050 19 27
o 859 1051 18 19
d 885 1044 21 25
i 906 1031 14 48
n 1006 1052 19 20
m 413 1092 29 18
e 444 1091 16 18
p 465 1091 20 27
c 487 1091 13 18
b 569 1079 18 31
n 590 1092 18 18
o 611 1090 17 19
a 813 1091 18 20
g 870 1089 25 29
s 952 1092 17 18
e 978 1093 16 18
u 618 1130 18 19
o 639 1131 18 19
d 660 1119 22 30
e 773 1131 16 20
m 796 1132 27 19
r 967 1132 16 19
n 1053 1135 18 18
t 468 1169 12 21
m 589 1170 28 20
i 706 1158 12 33
u 743 1171 18 19
s 783 1170 17 19
n 842 1172 18 19
a 893 1171 18 20
q 918 1173 17 26
d 414 1205 19 26
t 507 1209 12 22
p 659 1210 21 27
q 763 1211 19 27
e 804 1211 16 18
i 850 1190 11 41
r 923 1212 16 18
q 417 1251 19 28
e 458 1250 17 19
r 594 1253 16 18
d 805 1240 22 31
c 922 1253 15 19
m 1046 1254 27 21
o 1076 1255 17 20
n 519 1292 18 19
S 625 1278 23 32
t 795 1290 12 22
s 964 1293 17 20
i 989 1272 11 42
n 1055 1296 17 19
o 1076 1296 17 18
n 758 1332 18 20
m 847 1333 28 20
n 971 1335 19 19
r 1079 1334 16 19
