e 482 312 16 19
o 508 312 18 19
N 702 294 29 39
u 733 304 19 19
m 753 304 28 20
i 235 347 10 32
u 285 357 19 19
p 312 357 18 27
q 438 355 18 27
o 479 352 18 19
n 505 352 18 18
i 648 335 11 33
m 678 348 29 19
a 787 341 19 20
s 856 339 19 21
q 289 397 18 27
u 310 399 18 18
o 331 397 18 19
n 365 396 9 18
a 416 395 18 19
u 458 393 20 19
e 649 387 16 19
n 746 387 18 18
l 429 424 8 30
i 620 415 10 34
a 634 428 16 19
p 698 426 20 26
p 197 478 21 28
p 478 473 20 26
a 500 473 18 19
m 577 470 27 18
a 728 464 18 18
r 783 463 16 18
e 800 464 14 18
s 815 463 18 19
n 218 520 18 18
n 315 518 18 19
p 368 517 20 27
q 460 514 18 27
t 571 506 10 21
d 587 502 19 26
t 763 502 12 21
p 782 502 19 27
l 804 491 8 31
l 530 540 9 30
g 623 546 28 30
u 669 547 19 19
t 717 543 11 21
m 736 543 27 18
q 860 541 19 25
q 860 541 19 25
a 239 597 18 19
e 281 598 14 18
m 298 598 28 19
s 476 593 19 19
m 568 590 28 19
r 820 582 16 19
u 866 580 19 19
d 201 631 22 26
a 246 637 18 19
r 296 637 15 18
o 499 632 18 20
s 519 631 19 20
d 598 618 22 30
u 622 630 18 17
e 643 627 15 18
i 687 605 10 41
n 821 624 18 18
d 842 610 21 29
l 327 667 9 31
b 356 666 18 31
i 376 653 11 44
n 413 677 18 19
o 434 674 17 19
m 458 674 29 20
n 600 670 9 18
n 750 665 17 17
a 233 718 18 19
l 259 708 7 29
q 290 717 18 26
r 381 717 15 18
a 406 716 19 19
i 515 689 12 43
a 528 712 17 18
q 564 710 18 25
t 708 703 13 20
u 846 702 18 18
e 866 702 16 18
a 235 758 17 18
n 439 754 19 18
s 581 748 18 19
a 609 747 17 19
d 628 734 21 30
a 747 743 18 19
u 766 742 19 19
t 833 738 14 22
a 853 741 18 19
c 873 742 14 18
m 353 795 29 19
n 544 791 18 18
e 566 789 15 19
e 587 788 15 19
a 645 787 18 19
p 759 783 20 26
i 779 771 10 31
s 811 781 18 20
m 835 781 29 19
a 866 780 19 19
n 521 830 19 19
o 544 831 18 19
e 735 822 16 19
v 751 821 23 21
i 776 802 11 40
l 810 810 8 30
e 266 876 16 19
q 647 868 18 26
t 751 862 12 21
p 769 864 21 24
a 792 861 18 19
l 831 849 8 31
n 878 860 19 19
a 212 920 18 19
l 345 904 8 30
o 356 915 19 20
r 500 911 15 18
p 516 910 20 27
i 536 889 11 42
a 548 911 18 19
a 548 911 18 19
a 661 906 18 19
u 739 904 17 18
q 762 902 19 26
h 847 887 20 36
i 251 945 11 32
s 357 954 17 19
m 380 955 29 20
n 487 951 18 19
n 487 951 18 19
Q 571 937 32 34
a 669 946 18 18
u 824 942 16 18
d 841 934 21 27
Q 347 976 33 39
p 593 989 21 26
o 693 985 17 19
n 712 985 18 19
e 733 985 14 18
g 788 980 36 28
Q 218 1025 36 32
p 372 1034 21 26
r 428 1035 15 18
m 513 1030 28 18
p 543 1030 20 24
Q 218 1060 37 35
d 289 1063 21 29
a 318 1073 18 19
d 338 1062 21 28
o 416 1071 18 19
c 437 1072 15 18
a 453 1070 18 19
l 554 1056 8 29
i 669 1042 10 41
n 249 1117 8 18
e 270 1115 16 19
e 325 1113 16 19
a 461 1110 16 18
s 480 1107 16 20
a 503 1106 17 20
d 522 1096 22 30
u 573 1105 17 19
m 723 1102 29 19
d 866 1089 21 30
q 218 1158 19 26
s 242 1158 17 17
n 318 1155 17 18
i 424 1139 11 32
n 539 1148 19 18
o 562 1145 18 18
m 781 1140 29 21
a 812 1138 18 19
s 251 1196 18 20
a 361 1192 18 20
n 379 1193 18 18
u 400 1191 17 19
s 421 1190 18 20
o 529 1187 18 20
r 588 1185 15 18
e 773 1180 15 19
i 791 1159 11 41
o 825 1178 18 20
r 219 1240 17 18
o 237 1237 18 20
q 325 1234 18 27
o 366 1233 18 19
p 393 1231 20 27
l 454 1220 8 29
a 491 1229 17 20
n 510 1228 19 19
l 567 1216 9 30
o 579 1227 18 19
s 665 1222 18 20
l 782 1210 7 29
C 820 1206 30 36
q 221 1279 19 26
s 314 1275 18 20
r 525 1267 15 19
p 546 1267 21 28
m 692 1263 28 19
t 884 1258 13 21
e 348 1315 15 18
C 381 1299 30 35
u 413 1312 18 19
d 505 1298 21 30
m 619 1305 27 19
n 667 1304 18 19
s 708 1302 18 20
z 886 1300 13 26
f 222 1347 15 30
e 345 1354 14 19
m 575 1346 28 20
p 621 1345 36 28
s 794 1340 18 19
p 818 1341 20 28
n 222 1400 20 20
o 245 1398 18 19
d 343 1389 21 26
m 407 1392 29 22
n 457 1392 18 20
e 501 1390 16 20
e 584 1386 28 20
n 652 1385 19 20
e 722 1384 16 19
