C 910 488 62 90
u 975 524 48 46
m 1027 525 71 47
i 1110 502 24 71
s 1223 521 45 48
o 1405 525 43 43
v 1465 524 50 44
l 1644 497 25 73
o 1673 520 44 45
q 1724 521 47 70
a 2016 525 42 48
m 2061 529 72 47
i 2247 509 19 70
o 2372 541 41 45
o 939 624 42 43
q 1012 622 44 67
n 1145 622 47 45
o 1199 624 40 42
o 1284 622 45 45
l 1335 599 21 67
u 1360 623 48 43
m 1411 621 69 45
v 1482 623 50 43
i 1536 598 24 70
r 1670 621 36 44
o 1709 624 42 44
s 1761 619 44 50
m 1828 620 69 49
e 1903 622 36 46
n 2052 627 47 45
u 2103 630 45 44
e 2254 632 35 46
p 908 726 47 60
a 1066 722 43 42
e 1149 721 35 44
v 1207 722 52 41
i 1263 698 20 68
u 1287 721 47 43
e 1419 716 35 48
n 1479 718 49 45
e 1534 721 35 44
u 1653 720 46 45
t 1702 710 37 58
i 1787 701 23 67
m 1811 724 74 45
m 1886 722 70 46
n 2025 723 49 47
n 2025 723 49 47
e 2296 737 35 44
d 2344 718 42 62
i 2391 715 20 73
t 992 816 31 22
q 1040 821 44 65
d 1093 803 45 60
n 1154 817 48 45
e 1207 818 35 45
n 1416 817 50 46
o 1470 820 43 43
p 1538 820 53 68
n 1596 818 18 44
N 1733 799 64 79
e 1806 817 36 48
q 1842 821 44 67
z 1888 819 24 65
q 2068 825 46 68
q 2218 829 40 69
u 2264 832 42 45
a 2309 833 39 47
m 907 920 72 46
e 1117 921 38 45
n 1168 919 46 45
e 1221 914 37 51
v 1423 920 50 44
i 1476 898 21 67
u 1500 919 49 44
q 1700 917 46 70
n 1751 921 41 59
q 1801 920 46 67
n 2091 921 45 47
o 2140 925 42 43
n 2185 925 48 46
v 2241 931 47 43
i 2292 907 21 71
t 2378 922 32 60
n 908 1015 48 48
o 961 1021 42 41
t 1109 1009 38 56
a 1169 1017 44 45
l 1216 995 23 71
i 1241 993 23 73
q 1269 1019 42 66
d 1395 1001 46 63
l 1465 994 42 68
n 1517 1019 48 46
e 1571 1018 37 47
q 1794 1017 45 69
u 1848 1019 46 44
o 1900 1017 43 45
n 1957 1019 46 47
o 2008 1021 43 44
o 2105 1021 45 46
u 2180 1025 45 45
e 1081 1117 35 46
a 1173 1116 44 47
n 1230 1119 48 45
e 1284 1117 36 47
i 1544 1098 23 72
u 1569 1122 47 44
n 1663 1117 46 46
S 1993 1093 55 73
v 2088 1122 50 44
i 2142 1098 23 72
e 2227 1127 34 45
t 2373 1119 31 57
n 906 1218 48 46
o 959 1216 45 46
a 1022 1218 47 46
e 1124 1216 37 48
n 1163 1217 48 47
e 1266 1218 35 46
n 1305 1217 48 47
v 1564 1221 50 44
i 1618 1196 22 71
u 1641 1221 48 44
a 1696 1216 45 47
n 1743 1217 48 45
t 1792 1205 34 58
c 1840 1216 33 46
a 1875 1217 48 45
b 2128 1201 45 67
i 2176 1197 20 73
e 2208 1227 34 43
r 2244 1228 32 41
o 2314 1230 39 44
e 2362 1230 34 45
v 909 1320 50 45
i 965 1295 21 69
e 1055 1317 35 46
n 1092 1319 46 44
e 1354 1316 36 45
a 1451 1320 41 43
n 1665 1317 49 46
u 1886 1317 47 43
m 1936 1316 68 47
c 2008 1318 30 44
a 2043 1319 42 44
n 2087 1319 44 47
v 2245 1327 47 45
i 2295 1303 23 72
u 2319 1330 42 43
e 2369 1328 36 45
q 910 1419 43 66
u 962 1420 14 13
o 1013 1419 41 43
n 1068 1417 49 45
o 1123 1418 42 44
t 1269 1409 35 58
q 1319 1418 44 67
n 1451 1416 46 48
o 1503 1420 41 43
i 1617 1394 22 70
t 1713 1406 34 57
t 2184 1417 32 51
g 2311 1427 49 67
n 908 1519 45 44
v 1071 1520 50 42
i 1126 1496 23 70
u 1152 1520 47 44
r 1243 1518 31 43
e 1278 1516 36 48
n 1328 1517 50 45
o 1383 1520 43 45
o 1475 1518 44 45
l 1522 1495 22 68
u 1547 1518 48 45
u 1723 1519 45 44
a 1936 1518 45 46
r 2060 1521 34 44
e 2176 1522 34 44
i 2232 1501 22 69
t 2254 1519 32 49
r 1114 1621 37 41
t 1154 1607 37 57
a 1192 1617 42 45
t 1316 1613 34 50
m 1363 1619 70 46
u 1444 1620 38 43
l 1489 1595 20 70
t 1511 1606 33 55
a 1545 1617 44 46
q 1607 1619 43 67
n 1840 1617 28 46
o 1873 1619 43 44
a 1936 1618 47 45
n 2073 1617 44 47
i 2198 1598 23 71
a 2237 1624 41 46
b 2281 1601 42 68
t 2370 1621 34 52
u 908 1717 49 46
t 962 1712 32 54
a 1032 1720 45 46
i 1134 1693 24 70
a 1164 1719 44 42
d 1503 1700 46 63
m 1599 1719 68 44
e 1677 1720 35 44
a 1769 1719 45 46
n 1835 1717 50 45
i 1935 1695 22 70
n 2005 1717 48 46
a 2109 1721 36 45
q 993 1820 45 64
u 1096 1820 45 43
a 1257 1816 46 46
u 1308 1816 44 44
t 1357 1811 32 52
b 1477 1793 47 69
u 1529 1818 45 44
s 1578 1813 46 49
m 1652 1818 68 45
h 1756 1796 56 68
m 1886 1819 69 46
t 1956 1811 37 51
e 1997 1818 36 46
a 2125 1820 42 45
d 2172 1806 43 61
c 2243 1820 30 46
a 2275 1818 40 48
e 930 1917 39 45
n 972 1916 19 45
d 1027 1900 45 61
u 1080 1918 47 44
u 1318 1917 45 44
i 1444 1893 21 69
v 1475 1916 50 45
t 1530 1907 35 57
u 1606 1917 46 44
c 1671 1918 32 44
e 1745 1916 37 45
a 1842 1915 43 46
n 1887 1915 49 46
a 2052 1916 45 47
n 2099 1917 46 46
n 2155 1917 47 48
o 2206 1919 40 45
n 2251 1918 46 47
v 906 2018 51 46
t 962 2009 34 56
m 1082 2016 70 46
u 1388 2020 47 45
e 1440 2018 37 45
n 1541 2015 49 47
t 1593 2011 34 53
u 1689 2017 48 45
e 1744 2014 36 47
p 1801 2015 53 71
u 1859 2018 44 43
n 1977 2016 48 46
a 2152 2017 41 46
l 2318 1997 17 66
a 2362 2021 44 49
I 905 2117 47 70
n 956 2117 48 46
h 1018 2093 57 69
s 1131 2118 40 45
r 1230 2118 35 45
e 1345 2118 42 46
e 1509 2116 36 44
a 1558 2118 42 46
l 1603 2093 23 70
u 1651 2119 48 45
d 1707 2099 44 61
p 1764 2118 60 67
i 1907 2093 21 69
o 1932 2115 42 45
p 1988 2115 51 68
u 2047 2117 46 44
t 2095 2105 33 55
a 2128 2115 42 47
e 2175 2119 37 46
n 2221 2119 45 45
o 2270 2118 40 44
a 2326 2118 42 46
r 2369 2119 35 43
b 905 2193 47 69
i 956 2185 21 80
t 981 2210 34 54
n 1096 2216 46 45
d 1149 2199 45 61
e 1210 2215 35 46
e 1262 2215 36 48
e 1299 2216 36 45
p 1347 2217 53 68
c 1407 2215 29 22
a 1575 2216 46 45
m 1840 2216 70 46
m 1915 2215 69 45
u 1989 2216 46 46
e 2049 2215 35 44
e 2085 2215 35 46
a 2133 2213 44 46
l 2254 2194 22 69
m 955 2319 69 43
u 1027 2320 47 43
P 1133 2288 75 97
o 1217 2319 43 44
e 1363 2317 34 44
m 1399 2317 72 45
o 1476 2318 42 43
q 1547 2319 45 67
l 1597 2295 24 69
u 1695 2319 45 44
q 1746 2318 43 66
z 1792 2316 26 68
i 1841 2293 22 71
l 1869 2292 24 71
l 1896 2292 22 71
d 1921 2293 45 68
q 2047 2316 44 69
n 2095 2316 45 45
n 2286 2317 41 43
q 2333 2317 40 67
z 2377 2313 25 67
t 957 2408 37 56
a 1029 2415 41 46
d 1074 2400 47 64
i 1135 2383 21 83
l 1160 2393 23 71
l 1185 2396 21 69
a 1212 2418 43 46
v 1267 2419 51 44
i 1322 2393 24 70
a 1348 2417 44 45
n 1413 2419 45 43
o 1466 2421 43 45
p 1522 2424 48 64
n 1628 2420 46 44
z 1675 2419 26 67
q 1719 2419 44 67
u 1768 2418 47 44
a 1819 2416 44 47
i 1880 2395 21 67
m 1902 2417 75 47
a 2027 2417 44 45
d 2078 2399 43 62
q 2277 2416 40 66
u 2320 2417 42 43
e 2366 2414 36 48
v 906 2521 49 44
e 1152 2516 36 48
s 1190 2516 43 47
e 1248 2517 37 45
c 1300 2517 31 47
i 1456 2496 20 71
q 1511 2522 44 64
u 1559 2519 50 44
e 1615 2518 35 47
p 1661 2521 50 66
d 1732 2502 46 62
i 1782 2491 22 70
l 1810 2495 21 68
o 2001 2513 43 48
p 2050 2521 48 65
N 2279 2493 57 85
e 903 2615 41 51
i 945 2596 23 71
a 983 2619 45 48
b 1034 2594 45 70
h 1091 2597 58 68
a 1154 2616 46 48
c 1207 2618 33 45
v 1252 2619 49 44
i 1308 2593 24 73
a 1335 2617 44 45
a 1537 2618 46 47
b 1585 2596 47 67
m 1985 2616 71 45
l 2163 2593 20 68
s 2233 2610 41 47
g 2289 2614 46 68
s 982 2718 43 47
i 1042 2696 24 69
l 1069 2696 22 67
l 1094 2696 22 71
e 1122 2717 37 47
p 1170 2719 51 69
a 1227 2718 42 45
e 1310 2718 34 44
n 1348 2715 49 47
e 1540 2719 40 47
r 1581 2718 37 44
r 1619 2720 36 43
o 1658 2718 43 44
a 1781 2715 42 46
u 1826 2716 48 45
t 1877 2706 34 54
a 1936 2713 49 46
b 1987 2692 46 68
h 2061 2694 57 67
v 2212 2715 48 44
i 2263 2689 23 71
a 2288 2712 41 45
a 981 2821 46 44
b 1030 2794 46 70
a 1081 2819 42 46
t 1126 2809 35 55
a 1180 2819 41 45
o 1382 2817 43 46
l 1429 2793 23 70
u 1454 2819 49 44
s 1509 2817 42 47
t 1644 2812 32 56
r 1679 2820 34 43
q 1763 2818 44 66
u 1811 2819 48 43
a 1862 2814 46 46
e 2027 2816 36 43
e 2075 2815 38 47
a 2329 2811 38 45
s 2372 2805 40 49
v 904 2923 51 45
i 959 2898 21 69
v 1062 2920 51 45
i 1117 2897 22 69
e 1208 2920 34 46
a 1331 2916 46 49
l 1380 2896 22 67
i 1404 2895 23 72
u 1427 2921 49 45
p 1549 2923 48 66
a 1691 2917 44 47
i 1764 2883 22 82
o 1791 2917 43 45
c 1901 2915 34 44
p 1949 2914 45 61
u 2000 2915 21 42
t 2051 2908 33 49
a 2085 2914 41 45
b 2132 2892 43 65
a 2177 2913 41 46
a 2362 2907 38 45
a 1275 3019 40 45
g 1322 3020 49 66
b 1476 2997 42 67
u 1521 3018 49 45
s 1579 3014 43 50
m 1638 3020 70 46
q 1723 3021 44 66
e 1888 3016 36 44
e 1938 3014 36 45
e 1975 3013 34 44
a 2022 3012 44 46
r 2068 3016 34 43
b 2107 2991 43 66
i 2152 2988 19 70
b 2283 2985 42 67
a 2329 3006 38 46
t 2369 2979 36 71
m 1083 3121 70 45
q 1169 3121 45 62
e 1313 3116 37 47
t 1435 3110 35 54
p 1593 3119 51 60
a 1649 3118 43 47
n 1702 3120 48 45
o 1755 3119 42 44
d 1817 3099 48 63
m 1874 3113 68 48
o 1948 3115 41 46
t 2093 3100 34 60
m 2339 3105 65 49
