s 798 206 19 25
n 174 256 35 23
h 290 246 17 42
s 680 253 18 23
h 778 244 17 41
n 815 252 21 23
m 395 299 31 21
u 427 298 22 20
d 478 294 19 24
u 723 296 20 22
I 800 285 17 43
s 328 341 17 22
i 434 330 14 34
e 450 339 15 23
b 467 330 19 32
l 522 328 10 32
n 587 341 20 20
i 771 330 12 31
b 243 374 18 31
l 401 373 10 32
m 568 383 28 21
h 604 373 17 40
s 690 381 18 22
C 723 369 26 33
p 535 427 19 30
m 714 424 29 22
n 174 471 31 22
r 444 469 16 21
s 639 466 17 21
m 703 466 31 22
n 750 467 21 21
m 840 466 32 23
d 194 509 20 26
l 350 501 10 31
t 426 506 16 26
u 475 512 22 20
m 563 509 32 22
b 772 498 18 32
n 353 557 20 20
u 604 553 22 20
s 627 552 18 21
m 684 552 31 22
s 777 551 18 22
b 349 587 18 32
u 369 600 21 19
s 391 599 17 21
n 436 597 22 21
p 535 598 19 30
m 603 596 30 21
u 779 594 21 20
q 240 640 19 32
u 555 640 22 19
n 584 639 21 21
g 623 642 20 28
i 742 625 13 34
r 840 636 18 20
n 254 728 19 20
i 355 717 11 31
b 394 717 18 32
m 738 721 30 21
d 844 716 20 26
u 175 770 21 21
t 333 765 16 24
q 357 768 21 32
h 557 758 17 39
l 590 756 9 31
n 617 765 21 22
n 828 763 25 22
i 256 803 12 31
m 612 807 43 21
m 756 805 37 21
m 813 805 32 20
m 246 854 29 20
h 393 844 17 39
n 591 849 21 22
n 641 849 21 22
s 745 848 18 21
i 812 836 15 34
m 313 895 33 20
e 586 892 16 21
q 811 889 20 32
m 188 939 28 21
m 285 938 31 21
i 348 928 12 33
b 360 929 18 31
b 429 927 18 31
r 469 937 18 20
b 489 926 18 31
n 688 933 22 22
t 780 928 16 25
l 863 920 10 33
p 207 983 18 31
s 317 982 18 21
p 343 983 19 30
i 529 969 13 32
e 592 978 16 22
u 692 976 30 21
b 829 964 19 32
a 850 974 19 22
I 235 1014 15 42
r 317 1025 17 20
m 407 1023 31 21
u 440 1024 20 20
s 639 1020 17 21
e 713 1020 14 20
s 729 1019 16 20
m 289 1067 32 21
m 426 1066 32 22
D 577 1054 38 32
e 617 1063 15 21
n 737 1061 13 21
s 795 1059 18 22
q 820 1061 19 31
q 820 1061 19 31
d 842 1056 20 26
m 289 1109 29 21
n 425 1112 20 19
p 551 1109 19 30
s 622 1106 17 21
q 649 1105 20 32
m 709 1104 31 22
m 788 1102 31 22
n 675 1150 20 20
p 174 1192 21 34
n 406 1196 20 20
m 507 1193 32 22
s 620 1191 18 22
s 601 1235 19 23
r 756 1232 17 20
n 821 1229 22 23
e 844 1228 17 23
m 406 1282 30 22
s 471 1279 17 22
s 558 1278 18 22
i 632 1267 14 43
n 667 1277 18 21
d 728 1271 19 25
m 827 1272 33 23
m 282 1324 32 25
h 418 1316 17 41
n 458 1323 21 24
u 574 1322 20 25
m 594 1322 30 24
m 631 1320 33 25
m 834 1315 30 24
