a 389 259 18 22
a 469 260 18 23
a 593 262 18 23
n 471 307 20 22
o 493 308 20 20
i 525 298 11 41
i 823 302 12 33
a 835 311 18 23
a 894 314 18 25
s 484 353 18 21
o 683 355 21 21
d 779 349 22 28
s 838 357 20 23
o 163 395 21 21
n 218 394 23 22
P 322 385 34 41
m 684 400 31 21
e 717 401 16 21
q 162 440 23 29
s 262 438 19 22
i 371 430 10 33
o 463 444 19 20
u 538 445 20 21
s 560 445 20 21
o 588 446 19 20
s 641 445 20 22
m 723 447 31 21
n 766 448 32 21
m 813 448 30 23
p 212 485 21 29
e 280 484 15 23
i 317 475 10 43
a 361 486 19 21
q 388 488 22 29
r 540 492 16 20
a 666 493 21 20
n 697 491 21 22
u 759 493 20 22
n 889 497 21 23
q 270 532 21 30
u 292 534 22 21
m 379 534 31 20
i 439 524 10 33
i 622 524 14 36
d 638 528 20 28
u 843 542 19 20
a 890 541 19 23
r 154 576 20 21
e 221 579 15 20
e 404 578 14 22
m 486 580 29 20
p 519 581 22 28
n 577 581 19 20
a 625 581 18 19
u 696 583 19 20
m 717 583 33 19
a 797 588 19 20
m 818 587 31 21
n 462 622 21 20
e 485 623 16 20
q 512 624 21 28
n 872 633 20 21
t 893 630 13 27
e 157 666 17 20
e 368 665 15 21
i 468 655 12 32
m 512 666 30 20
a 543 666 19 21
t 715 666 15 24
o 766 672 19 20
m 200 711 31 19
q 275 710 20 30
u 298 710 21 20
a 321 711 19 20
u 378 709 19 20
s 399 708 19 20
p 424 711 22 29
t 544 709 14 23
t 629 709 15 23
h 686 703 23 30
e 744 715 15 23
n 800 718 21 21
o 823 719 18 20
m 844 719 29 21
e 225 755 15 21
e 287 754 16 21
n 410 754 19 21
d 645 750 20 27
d 708 751 21 27
a 730 760 19 21
s 751 760 19 22
A 156 790 29 36
a 276 800 19 20
n 335 799 20 20
t 356 796 16 23
o 377 799 19 20
a 419 800 18 21
p 443 800 29 30
q 482 800 20 31
s 578 801 18 21
m 604 802 30 20
d 636 795 20 26
g 694 804 21 29
a 777 807 18 22
s 797 809 19 21
n 858 810 20 23
i 332 834 9 32
i 531 837 11 32
e 567 846 15 22
m 299 892 30 20
d 372 883 20 28
i 488 881 11 34
a 518 893 21 21
r 571 892 15 20
s 621 892 19 22
m 706 896 32 21
u 801 899 18 21
s 822 899 19 22
p 163 937 21 29
t 293 934 14 23
l 379 926 10 31
t 504 932 12 26
e 593 937 15 20
b 609 929 19 29
r 709 941 15 19
o 725 942 19 19
a 750 942 17 20
m 802 945 29 20
a 833 946 19 21
a 859 949 20 20
a 859 949 20 20
s 219 979 20 23
q 248 981 20 30
n 459 982 21 21
n 503 982 22 21
o 592 983 19 19
a 734 986 19 21
p 152 1026 22 29
s 248 1026 21 22
a 409 1026 19 22
m 496 1029 30 21
u 528 1028 22 20
m 550 1027 30 21
q 588 1029 20 29
a 633 1029 19 21
m 709 1031 31 21
e 742 1033 16 21
m 208 1072 19 20
u 269 1074 21 19
a 362 1073 19 20
d 383 1064 21 29
i 411 1062 11 33
o 444 1073 18 21
s 464 1072 19 22
q 493 1073 19 30
u 515 1075 21 20
u 566 1074 21 20
o 842 1081 19 20
d 153 1106 23 28
m 200 1115 31 21
d 370 1110 21 28
s 551 1119 19 22
i 635 1109 10 34
r 718 1122 16 22
g 756 1124 22 30
v 842 1125 22 20
b 177 1150 20 31
c 383 1162 16 22
n 486 1163 21 22
m 616 1165 31 21
q 649 1166 20 31
a 252 1204 17 21
n 450 1209 21 21
e 473 1207 16 22
e 691 1212 16 21
i 737 1202 12 32
u 182 1251 19 21
n 367 1250 21 22
m 749 1259 31 21
g 792 1261 21 29
a 873 1261 19 22
q 153 1297 22 31
u 177 1298 20 20
o 448 1299 19 21
m 533 1298 30 22
p 691 1304 23 28
a 777 1305 20 19
i 453 1332 13 35
a 513 1343 17 22
e 705 1348 15 20
u 735 1349 19 20
a 824 1349 18 22
n 849 1348 22 21
o 872 1346 20 20
o 336 1387 20 20
s 598 1392 19 21
r 737 1394 17 23
o 844 1392 19 20
e 872 1390 16 21
s 411 1435 19 23
