n 208 194 17 22
m 348 187 29 25
n 397 191 16 21
n 434 187 20 25
m 482 187 30 23
n 512 185 19 23
n 767 180 21 23
p 218 238 19 31
a 663 226 19 23
c 684 225 13 22
p 778 226 19 28
r 193 281 15 22
P 235 267 43 44
u 432 276 22 20
m 490 273 29 23
d 587 269 19 24
i 606 260 14 37
n 696 270 19 20
m 249 324 30 21
s 395 320 17 22
p 510 317 19 31
a 672 312 20 23
m 847 309 31 23
l 224 356 10 33
a 235 366 18 21
m 254 366 31 23
t 631 353 15 28
a 654 356 19 22
m 708 355 30 22
a 741 354 18 21
d 760 349 20 26
i 264 400 13 31
a 491 402 20 24
i 582 390 14 35
s 597 401 18 21
l 684 388 9 32
n 392 450 16 20
n 560 444 21 21
s 600 443 18 21
n 702 441 17 20
q 313 492 20 31
u 335 493 19 20
e 355 492 15 21
s 470 489 18 24
n 536 489 10 20
n 570 486 21 23
n 592 488 18 19
t 734 479 16 25
a 795 481 21 24
u 817 482 19 20
a 224 539 19 22
h 259 530 17 38
u 516 531 20 23
s 586 528 18 22
p 720 527 20 30
u 742 526 19 21
n 784 525 18 20
a 804 524 19 23
t 823 524 16 22
n 190 582 18 20
i 286 568 14 34
s 356 577 18 21
d 445 571 19 26
u 651 570 21 21
s 199 622 18 22
p 224 623 20 31
u 524 617 17 20
g 543 618 18 28
t 598 615 15 21
q 779 608 21 31
a 841 608 18 21
q 166 666 23 32
s 301 664 17 21
s 424 661 17 21
p 486 661 20 31
g 531 660 19 30
a 570 658 20 20
n 597 657 20 21
r 861 650 19 23
n 238 708 20 20
a 558 700 19 21
q 616 697 19 32
f 772 682 16 32
b 186 742 17 31
n 302 748 21 24
e 324 749 15 22
m 340 749 29 21
a 608 742 19 21
n 628 741 19 20
t 648 736 15 25
P 695 727 32 42
p 803 736 19 30
a 825 736 17 19
r 842 735 18 20
s 862 735 19 23
p 331 793 20 31
s 534 785 18 22
e 614 783 15 22
l 700 770 10 31
e 712 780 15 21
m 167 838 30 22
a 200 837 18 20
l 324 823 10 32
m 355 831 31 20
a 495 826 17 19
m 514 827 28 21
d 548 822 19 23
m 591 824 31 22
n 699 822 19 20
t 719 817 16 24
n 167 878 22 24
t 430 865 15 26
p 495 871 19 30
i 561 857 12 34
n 594 868 19 21
t 866 859 17 27
q 166 919 20 33
u 239 907 22 32
u 289 916 20 22
m 311 917 27 19
m 398 913 29 22
a 492 912 19 22
d 672 903 19 25
u 693 908 21 20
n 715 908 18 18
D 794 894 36 32
u 831 905 20 20
m 852 904 30 22
a 167 963 21 22
p 277 961 20 30
n 567 954 19 23
s 661 950 17 23
t 686 947 14 24
s 777 948 18 22
t 179 1001 16 26
u 289 1003 22 20
p 360 1002 18 31
p 360 1002 18 31
a 674 994 17 19
d 822 985 20 24
e 375 1043 16 21
i 416 1036 11 39
p 476 1044 18 29
h 587 1028 17 40
q 714 1033 20 32
a 761 1033 31 21
m 338 1087 31 21
m 388 1086 30 21
l 576 1070 9 32
n 608 1081 20 22
A 795 1063 29 42
s 236 1132 19 22
m 262 1131 31 24
e 296 1130 15 23
m 312 1131 28 20
n 341 1131 18 19
s 618 1122 17 21
e 644 1121 15 22
a 782 1118 19 22
c 803 1116 14 27
c 354 1173 13 23
p 497 1170 19 30
s 684 1163 19 22
m 852 1159 32 22
n 169 1219 24 25
n 169 1219 24 25
e 356 1216 16 21
m 392 1214 32 22
s 552 1209 18 23
u 688 1207 20 21
a 764 1203 18 20
c 783 1203 14 21
b 334 1248 19 34
e 608 1250 16 28
a 696 1249 20 25
