p 534 191 20 39
e 770 196 14 22
a 416 241 18 23
m 473 240 30 23
p 511 243 19 30
n 608 242 20 22
t 629 237 16 26
t 629 237 16 26
a 706 242 17 21
m 725 241 29 22
n 807 241 20 20
i 918 232 10 31
m 959 241 29 22
t 1048 239 15 22
n 619 286 20 22
s 958 284 18 21
t 452 329 16 22
m 615 329 31 22
i 665 320 11 32
p 711 331 20 30
a 733 329 18 21
i 817 308 14 42
t 862 323 16 26
p 417 372 19 30
m 438 372 28 22
t 804 367 17 26
r 860 372 18 20
P 482 404 42 42
i 638 405 13 35
e 796 415 14 20
u 830 414 22 22
g 1052 416 19 28
a 1072 412 19 22
m 377 456 33 22
n 448 458 20 22
n 489 459 18 21
e 509 457 16 22
m 526 459 27 21
m 608 458 32 22
a 642 458 18 21
a 723 458 17 20
s 1070 455 17 23
p 489 502 19 31
g 529 504 21 30
n 551 501 19 21
p 621 503 19 31
a 718 502 17 20
c 737 500 15 22
s 1022 498 17 23
s 406 542 17 23
a 432 544 19 21
r 591 546 16 20
s 669 544 17 22
n 1044 542 20 22
i 374 575 15 34
s 389 586 18 22
i 435 576 13 33
g 590 590 18 29
a 608 587 18 21
m 627 587 27 22
u 789 587 18 20
s 855 586 17 21
t 931 583 16 23
d 1006 580 18 25
s 1068 583 18 22
l 542 618 8 32
e 601 629 15 23
m 632 631 40 21
m 680 628 29 23
u 845 630 17 20
n 864 630 20 21
e 936 628 15 22
d 470 668 19 26
u 491 673 20 21
s 542 672 17 21
a 568 673 31 22
s 696 674 17 21
n 911 672 21 21
s 963 672 17 22
n 1048 671 20 21
A 374 706 25 30
g 399 718 22 29
m 432 715 39 22
n 489 717 20 21
n 511 714 21 22
u 601 718 20 20
d 659 712 19 25
f 748 704 15 32
n 796 716 20 21
t 818 710 15 25
t 941 710 16 26
a 964 715 18 21
d 984 710 19 25
a 1011 715 18 21
h 1046 706 17 40
l 373 746 11 33
e 385 759 15 21
m 403 761 25 19
e 497 757 15 23
m 513 759 30 22
n 578 761 17 19
m 775 758 29 21
g 964 760 19 29
n 998 757 20 22
t 1020 752 16 26
u 1060 757 19 22
u 457 803 19 18
p 513 802 19 30
i 585 790 13 32
h 675 790 17 40
s 740 801 18 19
m 766 801 29 19
i 913 791 12 30
m 947 800 30 20
u 374 842 20 23
e 397 844 13 22
n 468 845 18 19
n 509 845 19 20
p 922 841 20 30
h 376 878 17 40
a 489 886 18 21
t 531 882 15 24
p 710 886 18 30
a 792 882 18 21
e 885 884 12 20
n 1048 885 17 18
a 1067 881 20 22
l 415 918 10 32
a 461 929 19 21
m 481 930 30 20
b 530 919 19 30
m 691 928 31 22
s 813 924 18 23
a 839 925 17 22
n 374 970 34 23
i 480 964 10 30
a 735 970 20 21
p 761 971 20 30
a 783 968 18 22
l 944 958 10 32
a 955 968 17 21
u 1042 969 21 20
n 374 1013 22 23
a 398 1015 18 20
g 460 1018 20 29
m 594 1015 27 20
n 639 1016 20 20
u 768 1013 21 20
b 911 1001 18 32
a 939 1011 19 22
h 975 1004 17 39
a 1051 1012 17 20
u 488 1058 19 21
n 558 1058 20 20
a 579 1058 18 21
n 644 1059 19 19
A 755 1046 23 29
m 817 1055 29 21
n 864 1055 20 22
n 905 1055 21 21
t 592 1098 13 24
q 756 1100 24 30
t 928 1093 17 25
p 417 1144 19 30
t 469 1139 16 25
q 592 1142 18 32
i 670 1129 10 36
v 723 1143 20 21
n 893 1142 19 20
h 1002 1129 18 41
f 490 1175 16 33
i 828 1173 14 42
n 911 1185 18 18
a 931 1184 18 20
d 987 1179 18 24
b 601 1260 19 34
p 688 1273 28 31
