e 643 492 34 49
q 827 488 45 71
p 952 491 43 65
p 999 485 52 72
e 1059 485 39 49
n 1108 483 50 52
a 1162 481 45 50
m 1371 482 72 51
p 1641 487 46 67
u 1859 486 51 45
a 1983 489 42 43
P 554 576 72 93
r 700 600 36 41
o 738 598 42 45
m 912 593 70 48
p 1175 588 54 70
t 1466 585 33 49
q 1515 589 46 69
u 1567 590 48 45
e 1623 590 38 48
r 1793 591 31 44
u 1853 590 18 46
p 1875 597 49 61
i 1928 566 19 70
o 1971 592 44 44
i 2018 566 23 71
n 2043 589 49 47
o 2099 595 44 44
n 555 700 46 48
t 876 683 35 61
u 1014 695 49 45
l 1065 668 25 69
e 1183 690 36 45
p 1227 687 55 72
o 1317 687 43 45
l 1449 665 23 72
u 1537 693 49 44
b 1590 668 47 69
i 1638 669 22 73
o 1667 695 44 45
l 1725 673 23 70
a 1753 694 44 47
u 1798 695 49 44
a 1918 695 44 46
b 1966 670 45 71
i 2014 670 25 73
o 747 800 42 47
u 945 800 44 44
p 993 797 51 69
i 1049 769 21 74
t 1072 770 42 73
i 1143 767 27 73
m 1297 788 71 48
l 1420 767 24 71
u 1448 792 47 45
e 1510 791 35 47
u 1688 795 46 44
s 1742 793 45 49
p 2000 798 48 68
o 2110 795 42 48
e 642 900 36 45
a 679 904 42 47
q 734 904 45 68
u 782 903 48 46
i 904 877 25 71
n 1010 897 48 46
p 1143 893 51 72
i 1228 869 24 72
u 1255 892 47 46
a 1309 888 46 49
t 1361 885 33 55
n 1484 894 49 48
o 1539 897 43 45
N 1632 876 64 86
a 1701 900 46 44
n 1831 898 50 45
u 1883 898 50 45
l 1937 876 22 72
l 1959 876 24 70
o 1989 901 42 44
m 2033 904 69 45
o 2106 899 45 46
p 553 1011 45 66
i 632 981 22 70
u 657 1009 45 43
n 929 1003 45 46
o 979 1002 42 46
n 1160 997 46 48
o 1210 996 43 47
t 1326 986 34 57
a 1371 1000 45 46
u 1418 999 49 45
a 1521 998 47 48
d 1573 982 47 63
e 1731 1001 36 46
n 1959 1002 48 45
u 2010 1006 46 44
m 2083 1008 46 60
Q 551 1084 64 72
d 717 1092 44 62
i 847 1082 22 71
t 871 1097 37 53
a 907 1103 41 47
n 1034 1102 48 46
a 1088 1101 45 48
u 1448 1099 44 47
p 1495 1102 52 68
i 1550 1078 21 72
m 1708 1103 72 46
e 1786 1101 37 46
e 1905 1102 36 45
i 1943 1079 21 70
n 2053 1107 49 46
u 2105 1109 50 46
q 555 1211 43 65
u 603 1209 47 44
o 656 1209 42 44
p 712 1213 42 61
i 792 1181 23 73
u 817 1206 45 46
e 869 1204 34 48
p 1146 1206 50 66
c 1301 1201 30 45
n 1402 1201 51 47
a 1460 1205 44 45
e 1614 1204 36 46
a 1661 1202 46 48
l 1709 1183 23 72
i 1732 1182 25 74
q 1761 1204 45 69
d 1893 1189 46 61
m 2028 1211 70 44
a 2104 1207 45 47
n 551 1309 46 47
b 644 1287 43 65
i 689 1284 21 72
i 858 1281 24 72
a 885 1306 43 46
m 931 1306 69 47
r 1119 1306 33 45
u 1157 1306 42 44
p 1203 1302 55 71
i 1265 1280 20 72
n 1297 1302 52 48
u 1463 1307 27 47
e 1500 1306 33 47
a 1534 1305 43 47
t 1579 1297 34 55
p 1661 1308 46 68
o 1741 1308 43 45
o 1914 1310 44 45
n 1980 1311 49 45
a 2033 1309 45 46
m 640 1409 69 46
r 817 1406 27 45
b 1000 1381 46 69
t 1222 1398 37 57
a 1342 1404 46 47
c 1553 1411 33 45
m 1695 1412 68 45
m 1774 1414 70 46
a 1849 1410 48 48
g 1903 1415 48 65
n 1957 1411 48 47
u 2009 1413 47 44
n 552 1502 44 45
u 602 1509 42 45
p 846 1512 46 65
o 950 1507 44 46
n 1005 1506 49 47
o 1059 1507 44 44
p 1119 1512 49 64
u 1173 1508 48 46
e 1226 1508 35 47
e 1340 1508 34 46
a 1444 1509 44 48
r 1713 1514 37 45
u 1753 1515 44 47
m 1804 1516 68 44
n 1961 1513 50 49
o 2015 1517 44 45
e 653 1609 36 45
t 693 1598 32 54
n 778 1613 47 45
e 831 1610 35 48
c 870 1611 30 47
n 990 1609 46 46
u 1041 1611 48 42
v 1098 1610 52 44
h 1292 1586 55 69
n 1555 1614 49 46
e 1610 1615 36 45
t 1651 1608 35 52
q 1720 1616 44 67
u 1770 1615 50 45
o 1826 1616 42 45
e 1888 1614 36 45
a 1927 1616 43 45
p 553 1711 46 67
i 632 1686 19 68
u 679 1711 21 44
a 703 1712 40 43
u 973 1714 47 44
p 1024 1716 47 64
o 1131 1711 42 44
u 1272 1713 49 44
a 1324 1712 46 46
s 1665 1714 45 48
e 577 1814 33 44
r 613 1814 31 42
t 664 1809 33 48
t 664 1809 33 48
o 820 1814 41 45
n 883 1815 47 46
u 934 1815 48 44
l 984 1790 25 70
l 1014 1792 20 68
u 1038 1816 46 45
n 1209 1819 25 44
u 1238 1817 49 46
m 1299 1818 70 47
e 1376 1817 38 48
n 1631 1817 50 47
a 1686 1819 43 46
n 1895 1821 50 45
u 1950 1822 46 44
a 2048 1824 49 45
e 2116 1824 36 47
r 549 1910 44 48
t 603 1905 32 57
Q 670 1891 61 71
u 734 1916 47 47
o 785 1917 42 44
a 970 1915 41 47
n 1100 1919 52 47
u 1155 1922 47 43
m 1333 1924 73 45
e 1412 1922 37 47
r 1647 1924 34 45
n 1871 1923 49 46
o 1926 1929 44 44
m 785 2020 70 46
e 860 2020 36 44
n 1011 2019 50 49
a 1063 2022 47 46
s 1405 2022 44 49
e 1472 2024 35 46
n 1547 2026 48 43
a 1599 2023 43 47
n 1887 2029 49 44
u 1939 2031 47 43
e 2012 2029 36 45
e 2012 2029 36 45
m 549 2115 66 52
a 620 2117 38 48
u 767 2121 46 45
u 1081 2125 18 43
p 1101 2123 54 70
i 1160 2101 23 70
n 1195 2123 48 46
o 1247 2129 43 43
t 1396 2115 37 58
p 1455 2129 48 65
u 1508 2125 49 47
u 1561 2127 46 46
t 1773 2123 34 52
N 1871 2109 64 82
e 1947 2130 35 47
g 1983 2130 52 67
a 2035 2129 43 47
n 589 2222 40 65
n 721 2223 46 46
u 772 2223 46 45
i 988 2203 27 70
l 1187 2203 22 70
a 1297 2226 41 47
m 1430 2228 72 45
p 1515 2228 48 68
i 1569 2203 22 72
t 1593 2220 34 56
e 1628 2225 36 49
p 1678 2228 61 68
s 1845 2229 44 49
n 1901 2230 49 48
o 1956 2233 43 43
t 2112 2221 36 61
Q 552 2295 62 71
p 963 2327 53 68
e 1102 2329 38 48
t 1366 2325 41 49
e 1502 2328 34 46
c 1540 2329 32 45
i 1583 2306 23 72
p 1606 2332 53 67
a 1666 2333 42 45
p 1916 2334 50 68
r 2071 2338 36 44
e 2113 2336 36 46
m 547 2421 63 52
a 615 2422 43 49
n 660 2423 47 47
e 711 2424 36 46
b 752 2403 43 66
i 797 2402 19 71
n 889 2426 49 46
u 941 2428 47 45
l 993 2405 20 68
l 1018 2406 21 69
a 1043 2429 45 46
b 1147 2407 46 67
i 1196 2405 21 72
e 1238 2431 35 45
e 1274 2432 36 45
t 1488 2418 34 57
u 1565 2432 44 45
b 1613 2408 45 68
e 1778 2434 34 45
t 1818 2425 33 53
e 1852 2433 35 45
n 1897 2431 46 49
a 1950 2436 44 46
C 769 2503 61 84
p 840 2530 49 65
c 996 2530 32 45
n 1039 2529 49 47
u 1090 2532 48 46
l 1164 2509 24 68
u 1191 2534 46 44
q 1371 2534 44 67
d 1426 2507 47 71
d 1488 2515 46 61
m 1581 2535 66 45
a 1656 2535 42 44
l 1699 2509 24 70
u 1724 2535 49 45
l 896 2605 25 70
u 924 2632 47 44
m 974 2631 73 46
t 1109 2622 37 57
n 1248 2635 47 47
S 1393 2611 54 79
z 1451 2637 28 69
n 1575 2636 21 45
u 1625 2637 47 44
m 1680 2636 68 45
o 1775 2636 42 44
m 1823 2639 72 44
i 1896 2612 22 72
m 1944 2638 70 45
a 2022 2639 43 45
l 2069 2614 25 69
o 2098 2638 44 45
c 550 2727 31 46
a 583 2727 42 48
e 661 2730 38 49
n 700 2728 48 48
s 755 2731 45 47
s 758 2731 42 47
m 1122 2737 71 46
n 1291 2739 49 46
u 1342 2741 49 44
m 1393 2742 71 44
e 1485 2738 37 47
C 1632 2713 62 76
r 1867 2741 35 41
o 1903 2742 42 44
m 1970 2742 71 45
e 2048 2745 37 44
m 544 2831 65 49
a 614 2831 43 46
l 661 2811 20 67
u 684 2834 49 44
m 736 2834 69 45
i 893 2811 20 68
a 977 2836 45 45
l 1194 2816 20 69
v 1228 2844 51 42
i 1286 2818 21 70
o 1367 2841 44 44
m 1486 2842 71 45
n 1648 2841 48 44
u 1699 2841 48 44
e 1761 2840 36 44
n 1889 2840 49 46
e 1942 2839 36 45
c 1980 2842 32 44
m 2024 2845 72 44
a 2102 2842 43 48
l 549 2912 22 71
u 579 2937 39 43
m 622 2936 70 45
v 704 2937 50 44
m 761 2939 66 43
q 834 2938 44 65
u 883 2936 47 44
a 936 2936 42 45
t 1082 2930 37 56
e 1134 2940 35 45
e 1172 2940 35 45
v 1219 2944 51 45
l 1276 2919 23 69
l 1301 2919 22 70
u 1326 2944 47 43
m 1376 2942 68 63
v 1490 2942 51 44
b 1546 2918 48 68
i 1596 2918 21 72
e 1632 2941 36 45
n 1759 2940 50 46
u 1813 2941 49 46
m 1864 2943 71 46
n 1945 2944 49 46
u 1997 2946 47 44
u 2100 2949 12 30
s 756 3036 44 47
t 1157 3017 44 70
t 1271 3032 36 60
o 1422 3043 42 43
i 1467 3019 25 71
s 1493 3040 45 48
n 1562 3042 50 48
a 1618 3045 45 46
m 1838 3048 70 44
q 1915 3046 44 68
u 1967 3049 49 45
a 2022 3048 42 46
n 546 3139 46 49
a 594 3141 42 48
e 798 3140 37 49
n 996 3141 47 48
u 1046 3144 48 47
m 1099 3149 69 46
c 1326 3150 31 48
h 1361 3124 53 72
a 1480 3147 45 49
l 1527 3123 22 71
i 1550 3123 24 74
u 1576 3149 47 47
d 1629 3132 45 64
d 1693 3132 46 63
i 1744 3125 24 72
v 1843 3154 50 46
i 1897 3127 20 74
a 1995 3153 41 46
