s 229 188 18 27
u 419 188 23 26
n 602 188 22 26
a 625 189 20 24
e 667 191 15 23
s 751 187 19 29
n 778 189 20 25
e 353 235 15 23
s 415 235 18 23
r 469 236 19 32
p 584 237 19 32
u 605 233 20 24
s 626 235 19 23
e 691 236 15 22
n 795 237 20 22
h 393 270 17 42
s 504 279 19 23
e 532 279 17 22
m 671 279 31 23
q 750 278 20 34
m 840 278 33 26
e 152 323 26 24
u 323 323 18 22
n 342 323 19 22
t 410 319 17 26
a 441 323 19 23
m 493 324 31 22
f 551 311 14 34
d 644 319 19 28
d 794 321 18 27
u 813 326 23 22
m 836 326 32 23
i 151 360 12 32
t 212 365 16 25
n 323 367 20 22
a 344 367 19 22
s 781 368 18 23
i 834 359 12 44
v 293 412 20 21
i 313 400 13 34
b 355 401 18 33
a 376 411 18 23
D 454 401 37 33
m 833 412 33 23
i 149 444 16 34
p 259 457 20 29
n 454 455 20 21
n 494 456 20 21
i 542 443 15 34
n 639 457 19 19
e 730 455 15 22
q 845 458 21 31
q 845 458 21 31
t 235 493 17 26
a 327 497 21 23
n 410 498 22 22
a 433 497 19 22
l 527 487 11 33
n 690 498 21 22
a 779 499 19 21
d 799 494 19 26
m 199 540 32 24
n 331 541 22 23
d 461 537 20 26
m 482 541 28 22
s 847 541 19 22
m 264 582 31 24
n 295 582 22 25
n 395 583 20 24
a 418 583 18 24
i 510 573 11 33
m 765 585 31 22
e 799 585 15 22
n 844 586 22 22
u 263 627 19 23
n 500 626 21 24
d 522 623 19 26
a 542 628 20 21
m 640 627 29 22
t 268 664 16 27
e 435 670 16 23
a 452 671 18 21
m 476 669 32 24
u 509 671 21 21
s 574 670 18 23
n 667 670 21 23
e 690 669 15 24
s 707 671 17 22
a 846 671 20 25
e 233 715 14 22
b 288 703 18 34
i 306 702 15 35
a 328 712 19 24
u 348 714 19 23
l 454 703 8 33
m 502 714 32 22
e 535 715 13 21
n 577 715 21 21
m 694 714 28 23
m 723 714 30 22
s 803 714 18 24
e 829 716 13 21
N 148 746 42 41
a 192 757 18 21
m 211 756 31 23
m 448 758 30 21
n 176 798 21 23
t 198 795 16 26
n 296 800 21 22
s 406 800 19 23
v 434 798 19 24
t 588 798 14 23
a 610 801 20 21
m 733 800 31 22
q 774 800 20 31
i 854 791 13 33
b 443 831 18 29
n 694 841 19 22
a 720 840 20 23
u 741 839 19 25
a 295 881 19 24
s 366 881 18 24
s 522 883 17 22
I 684 872 15 43
n 754 884 21 24
q 812 885 20 33
i 854 876 13 36
m 182 927 31 23
l 565 915 11 34
t 626 924 16 25
n 699 927 22 23
d 721 923 20 27
m 833 929 32 24
n 272 969 21 24
b 416 958 19 32
a 721 972 19 22
m 261 1013 32 23
a 455 1013 19 22
a 535 1014 20 23
m 646 1013 30 23
m 727 1016 41 23
b 787 1004 19 33
a 808 1016 18 22
m 149 1056 33 25
b 348 1045 19 33
b 406 1045 20 34
a 428 1057 19 22
u 739 1060 22 20
n 799 1061 17 20
a 818 1061 20 21
m 248 1101 29 20
m 501 1101 32 23
i 669 1083 14 51
n 771 1103 20 21
p 150 1146 21 32
d 272 1139 19 26
p 299 1145 20 31
u 429 1145 22 21
a 515 1145 20 23
a 796 1147 20 22
e 262 1186 16 23
l 388 1177 10 33
h 413 1177 18 42
i 581 1179 11 34
a 782 1191 19 21
b 803 1179 18 33
m 290 1232 31 22
u 322 1233 22 20
s 640 1231 18 22
l 249 1265 10 35
a 260 1275 19 27
m 301 1276 31 27
t 654 1271 16 29
e 815 1277 16 24
s 849 1277 20 25
