N 422 272 31 39
a 456 284 17 19
m 476 285 27 18
n 538 284 18 19
u 598 285 18 19
e 696 285 16 19
l 776 272 9 30
a 787 285 18 19
p 811 286 21 27
n 946 287 18 18
m 996 287 29 20
n 1050 290 7 17
o 479 324 17 20
m 671 325 27 18
t 740 324 12 21
f 879 313 16 32
e 918 326 15 18
c 940 328 13 16
u 451 365 17 19
s 470 364 18 19
m 495 364 27 20
a 525 365 18 18
d 545 353 20 29
l 802 355 6 29
a 811 367 17 18
f 836 353 16 31
m 845 366 27 19
e 877 367 14 18
o 1015 367 19 20
e 469 404 15 19
s 486 405 17 19
p 505 405 34 27
n 657 405 18 18
d 678 393 21 29
e 702 406 15 18
i 748 385 11 41
c 760 408 14 17
m 811 406 28 20
p 887 407 20 27
m 997 409 27 19
s 466 444 18 20
t 491 443 12 21
m 523 445 28 19
p 558 445 22 27
s 648 445 18 20
i 671 433 10 40
n 707 445 18 19
a 757 446 18 20
n 777 447 17 19
e 847 445 15 19
o 933 448 18 19
b 954 437 17 31
e 472 484 15 20
n 495 486 18 18
o 517 484 17 18
m 615 486 27 18
e 830 488 16 19
x 847 489 21 25
q 941 490 17 25
c 1030 489 14 18
e 421 526 16 19
m 439 526 27 19
p 468 526 20 26
g 591 522 24 30
e 615 525 16 19
e 833 528 15 17
b 925 518 17 29
a 946 530 17 18
n 965 530 17 17
f 419 553 18 34
l 493 553 7 32
e 590 566 15 18
m 611 567 27 18
o 816 568 19 19
d 885 557 21 29
b 927 558 17 29
a 947 568 15 18
n 965 568 18 18
t 986 566 12 21
i 1004 557 10 31
D 475 592 27 36
e 504 605 16 18
s 619 605 18 18
p 694 607 19 26
t 716 605 14 21
a 936 609 17 18
u 955 610 18 18
e 1025 610 15 17
m 421 647 29 20
n 472 646 18 18
q 676 644 17 26
n 834 648 17 17
t 855 646 11 19
i 932 638 9 29
m 1035 650 27 19
v 420 682 24 21
m 464 685 29 19
i 581 664 11 40
n 695 684 17 18
e 716 686 14 17
a 758 686 17 17
d 826 678 20 27
e 851 687 15 17
o 901 688 18 18
l 927 677 7 29
o 937 689 18 18
u 976 690 17 18
u 995 689 18 19
r 1046 691 16 19
n 463 725 18 19
a 488 724 18 18
b 508 713 18 30
e 565 723 15 18
c 692 724 13 17
u 706 724 17 18
h 762 714 20 30
s 807 724 17 18
q 830 727 17 25
r 884 726 16 18
e 902 726 15 17
p 919 727 20 25
m 463 765 27 18
d 496 759 21 24
p 559 764 21 27
a 581 762 18 20
b 724 752 18 30
s 919 766 17 19
q 942 766 18 25
v 995 765 24 20
a 1021 769 17 18
t 1083 770 12 17
l 493 792 9 29
u 504 804 9 17
n 524 804 18 18
t 545 802 12 21
a 558 803 17 19
s 641 802 16 20
i 691 789 11 34
o 733 805 18 19
m 752 804 28 20
m 782 805 28 18
q 820 805 17 25
v 870 802 23 21
a 895 805 18 19
d 916 796 20 29
m 965 806 29 19
e 1002 807 15 18
e 1082 809 15 18
i 554 831 11 33
i 591 831 14 32
u 620 843 17 19
n 638 844 17 18
t 658 841 12 21
n 693 843 18 19
o 714 843 18 19
n 735 845 17 18
m 802 846 8 18
m 811 845 19 19
p 916 845 20 27
e 938 845 13 18
r 954 846 15 19
m 1010 848 29 20
a 1042 848 16 18
l 1062 840 6 29
a 509 884 18 19
q 535 883 17 27
e 610 884 16 18
n 630 885 18 18
b 673 873 17 30
i 693 871 9 34
s 706 884 17 20
m 750 884 29 19
m 782 884 27 20
o 814 886 18 18
s 918 884 18 20
l 944 874 9 29
m 419 925 27 19
m 479 925 18 18
a 500 923 18 19
a 528 923 17 19
d 548 912 20 30
n 619 925 17 18
q 666 923 18 27
t 755 923 12 21
m 786 924 27 19
p 822 925 20 27
m 846 926 28 19
e 1077 929 16 18
m 511 965 26 18
a 545 963 18 18
c 565 964 14 18
e 684 964 16 17
m 804 966 25 17
u 832 965 18 17
n 908 967 18 17
e 930 964 16 18
l 953 954 7 29
n 1020 968 17 18
m 1071 969 27 18
s 519 1002 18 18
f 543 992 17 29
m 635 1003 26 17
t 813 1001 12 20
p 830 1003 19 26
a 853 1004 17 17
c 891 1004 15 18
a 908 1003 17 17
n 517 1043 18 18
d 539 1029 22 30
e 650 1040 14 18
i 750 1029 11 35
t 861 1041 13 20
i 902 1031 9 31
s 914 1043 18 18
e 1000 1044 15 18
A 422 1069 29 34
d 454 1070 20 30
a 476 1082 17 18
m 495 1081 28 19
a 531 1080 19 18
s 694 1081 17 19
m 801 1081 27 19
m 880 1082 27 19
p 420 1121 20 28
p 511 1120 20 26
i 531 1108 9 32
m 566 1120 27 18
u 595 1121 19 18
e 740 1120 16 18
a 763 1121 18 19
n 781 1121 18 19
p 808 1118 19 28
c 874 1123 15 17
a 889 1121 18 18
a 938 1122 18 18
d 963 1117 21 25
a 987 1124 18 18
m 1007 1125 27 19
s 453 1160 18 19
I 540 1148 23 37
q 590 1159 18 26
u 610 1159 19 19
o 632 1160 17 18
e 811 1161 13 18
s 943 1162 18 20
u 997 1164 18 18
m 1034 1163 28 21
o 1066 1165 19 19
r 506 1200 16 19
l 559 1188 7 29
m 586 1199 27 18
o 654 1200 17 19
n 754 1201 18 19
m 818 1202 27 18
u 914 1201 18 20
s 936 1202 17 18
a 979 1204 17 18
a 1029 1204 18 17
d 422 1234 21 25
m 466 1241 26 18
p 495 1242 20 25
n 517 1241 18 18
s 589 1238 19 19
o 684 1240 17 19
m 703 1242 28 19
n 733 1242 18 18
s 770 1242 17 19
o 826 1240 17 19
d 851 1234 21 26
a 874 1241 18 19
m 893 1240 27 19
n 944 1244 18 18
r 1033 1243 15 19
e 1056 1245 14 18
m 442 1282 27 19
p 471 1280 20 27
a 562 1279 17 19
o 667 1279 19 20
n 727 1282 18 18
p 772 1280 22 28
i 842 1268 11 33
e 855 1282 15 18
a 893 1281 17 18
r 487 1320 15 17
m 519 1320 28 19
e 550 1319 15 19
t 599 1318 12 21
n 653 1319 18 19
d 674 1308 22 29
s 836 1321 18 19
Q 913 1309 38 33
d 984 1312 21 29
l 1035 1312 7 29
v 426 1357 27 22
m 454 1360 29 21
e 505 1359 14 18
s 565 1359 18 20
i 610 1347 11 36
c 623 1359 15 19
m 644 1359 27 19
u 674 1361 18 19
l 839 1350 7 30
o 899 1362 19 20
o 1081 1356 12 6
