o 494 285 19 20
i 591 271 12 34
m 815 283 28 19
v 901 280 26 20
a 929 281 18 19
n 948 281 18 19
a 967 284 18 19
o 470 326 17 20
n 489 326 8 18
e 512 326 14 19
e 544 327 15 19
c 607 326 14 18
Q 668 312 35 38
n 856 322 17 19
u 877 321 17 19
z 1109 324 14 27
n 446 367 19 19
n 485 368 18 18
h 513 355 19 35
b 555 355 18 30
Q 616 353 38 33
m 904 362 27 18
o 1099 364 19 19
o 445 406 19 19
n 533 408 18 18
n 749 405 18 19
e 886 404 15 18
a 946 405 17 19
u 1017 405 17 18
Q 449 433 36 40
f 518 434 15 31
n 601 445 18 19
o 622 446 17 18
h 738 433 19 34
u 760 446 17 19
m 779 443 29 20
n 827 445 17 19
s 866 442 17 20
s 946 446 18 19
s 1106 444 18 20
m 480 487 28 18
s 574 486 18 20
l 614 475 7 31
e 670 487 15 19
n 687 487 18 18
n 835 486 18 18
e 857 487 15 18
n 878 486 18 18
a 960 486 17 18
d 979 474 22 29
s 574 525 18 19
m 599 527 27 19
o 657 527 17 18
n 702 527 17 18
m 768 527 26 18
d 904 521 20 23
p 1008 526 22 26
c 1034 526 13 17
c 1048 526 15 17
Q 446 555 35 33
e 925 565 16 18
Q 1003 552 35 32
m 453 608 27 18
e 483 608 15 18
i 536 588 9 40
n 573 610 17 17
o 594 609 17 17
p 697 608 21 26
e 936 606 16 18
u 974 606 17 18
p 1019 605 19 27
o 1042 607 18 18
l 495 637 7 28
e 511 649 15 17
i 547 636 16 31
a 566 647 17 18
m 593 647 18 18
s 674 647 18 19
e 701 645 16 18
x 722 648 19 22
p 743 646 19 27
i 762 634 12 33
o 816 647 18 19
q 843 648 18 26
m 987 647 29 19
h 1034 632 7 31
u 547 687 18 18
m 571 687 27 17
m 683 686 29 19
s 862 688 18 18
i 908 666 11 41
m 1001 688 29 19
t 502 725 13 21
m 522 727 27 17
t 814 724 12 19
e 833 726 15 17
u 978 728 18 17
t 999 725 11 20
n 1016 728 17 17
e 1037 727 15 17
q 1055 728 17 25
q 1055 728 17 25
n 804 764 19 18
a 849 765 17 19
d 869 754 20 29
u 1042 767 10 16
t 1063 764 11 20
n 572 807 17 19
p 834 807 22 26
u 858 806 17 18
m 971 804 28 19
n 1020 808 7 17
s 1063 805 17 18
o 469 846 18 17
i 512 834 11 32
n 678 846 18 18
o 699 845 16 19
u 882 845 17 19
o 1099 844 19 20
f 440 873 18 33
n 470 887 19 19
x 542 887 19 22
i 617 873 11 32
p 851 886 20 27
i 1051 866 12 40
p 1069 887 21 26
o 1104 886 18 19
m 497 926 28 19
a 596 926 17 19
q 625 925 18 27
Q 885 912 36 32
n 986 927 18 18
e 1008 926 16 18
q 1025 928 17 25
a 1102 925 17 18
q 441 968 19 26
q 441 968 19 26
e 593 966 15 18
u 728 965 16 18
p 773 966 20 26
a 876 966 18 18
n 928 966 17 17
e 987 966 15 17
x 1003 967 21 23
n 441 1008 18 18
t 554 1004 13 20
r 585 1006 27 18
A 735 991 28 33
m 765 1005 28 18
a 826 1003 18 18
n 935 1004 19 17
u 994 1006 18 17
d 1051 997 21 25
t 469 1044 11 21
u 503 1046 7 17
q 526 1046 18 25
h 616 1031 21 34
i 745 1023 9 38
i 786 1031 10 31
v 822 1040 26 20
e 881 1044 16 18
u 923 1043 18 17
a 1073 1044 16 18
m 1091 1044 28 18
q 441 1084 19 26
l 498 1074 7 29
q 527 1085 17 26
r 606 1083 16 18
i 670 1071 9 34
r 684 1083 15 18
u 763 1083 18 18
i 831 1069 10 32
i 891 1070 14 40
i 1034 1071 11 33
q 1051 1083 18 26
o 1093 1083 18 19
d 488 1113 22 30
e 548 1124 15 18
i 630 1113 10 31
a 664 1125 18 18
i 737 1102 10 40
Q 796 1110 33 34
s 865 1123 16 19
e 889 1124 15 18
m 950 1124 26 17
m 1004 1125 26 18
q 1103 1124 18 27
q 1103 1124 18 27
p 674 1164 20 26
i 750 1150 10 32
e 785 1163 15 19
i 862 1151 11 33
s 892 1164 17 19
u 557 1204 16 18
a 575 1205 17 18
a 600 1203 18 20
m 624 1204 28 18
i 797 1192 10 31
u 848 1205 16 18
n 892 1205 17 19
e 912 1203 16 19
l 935 1191 6 31
u 982 1203 19 18
a 1003 1204 17 18
r 1053 1203 15 18
e 543 1245 15 18
a 611 1243 17 19
m 635 1245 27 18
f 750 1232 17 29
a 761 1244 18 18
c 781 1245 15 17
q 917 1243 18 27
a 1028 1243 18 19
t 1104 1242 11 21
p 438 1284 21 28
u 507 1285 10 18
e 527 1286 17 18
e 550 1284 16 19
a 567 1285 18 18
m 635 1285 26 18
i 731 1262 11 42
s 759 1283 17 20
u 813 1284 17 19
s 832 1285 17 20
n 894 1283 19 19
q 442 1325 18 27
m 498 1325 29 20
m 498 1325 29 20
n 595 1325 18 18
u 663 1324 19 19
q 708 1325 18 26
m 732 1324 28 19
n 779 1324 18 19
n 852 1326 18 18
n 898 1325 18 18
q 996 1325 17 24
b 439 1354 19 31
l 530 1353 7 31
n 578 1365 20 19
o 599 1366 18 19
l 625 1352 8 31
q 654 1365 18 27
n 897 1366 18 19
o 919 1365 17 18
m 943 1364 30 20
s 1095 1364 18 19
