m 430 190 44 26
q 613 188 20 34
e 732 188 17 23
C 307 227 26 32
e 580 235 16 23
t 646 230 17 26
a 669 234 20 22
a 369 282 19 22
u 389 281 22 21
m 543 278 32 23
a 577 278 19 22
p 755 277 19 31
n 863 275 21 22
a 628 322 20 22
s 823 319 19 22
f 849 307 18 33
b 558 354 19 33
b 787 352 19 32
u 807 365 21 19
s 830 363 18 22
s 249 414 19 22
m 359 412 32 22
h 688 399 18 40
a 709 408 19 22
m 802 408 31 20
p 181 463 21 31
u 415 456 23 21
i 494 443 13 34
n 526 453 20 22
p 783 450 21 31
l 825 439 11 33
m 181 504 32 22
a 214 502 19 22
a 408 498 19 23
n 566 496 20 21
e 782 493 14 21
b 184 535 20 32
l 206 536 9 32
m 262 544 30 22
m 529 537 32 22
b 620 526 19 33
m 661 538 31 21
b 785 526 18 32
m 851 536 32 21
e 883 535 16 23
b 183 577 21 33
b 183 577 21 33
u 283 587 21 21
b 442 574 18 33
i 483 564 14 42
a 537 581 19 21
b 576 570 19 32
m 760 579 29 21
a 258 631 20 22
m 311 628 32 23
m 371 629 30 21
l 669 613 10 32
i 822 610 12 44
a 223 673 20 22
m 243 673 31 23
p 345 673 19 29
D 430 660 38 33
b 525 656 19 33
m 567 668 31 21
h 633 659 17 38
e 652 666 16 22
u 714 666 22 21
l 806 653 9 32
p 857 663 20 32
a 879 665 19 21
i 296 705 9 34
n 404 715 21 23
f 628 699 16 33
m 703 709 29 22
h 739 699 17 41
l 774 697 10 32
u 822 708 22 20
l 869 696 9 32
e 880 706 16 22
m 182 757 33 25
m 365 757 32 23
m 473 755 30 23
a 695 752 18 22
h 847 741 17 40
p 241 804 19 30
v 405 799 21 23
l 448 789 10 32
m 602 795 32 22
u 722 795 20 20
l 777 783 10 31
a 824 793 19 21
n 213 845 22 21
m 308 842 33 20
m 426 841 32 22
s 551 836 19 21
p 577 838 20 28
h 645 827 17 40
e 663 835 15 22
p 825 836 19 31
l 319 874 8 32
n 481 882 21 22
l 774 866 9 34
i 887 860 13 41
b 460 914 18 33
a 481 926 18 21
m 507 924 29 21
a 600 923 19 21
a 626 923 19 22
q 646 923 18 31
n 687 921 19 23
m 291 971 29 22
a 529 968 20 20
i 577 948 13 41
a 591 968 18 20
d 704 961 19 25
m 759 963 32 22
a 792 965 18 21
c 811 965 15 21
h 828 956 17 40
a 848 963 18 22
m 866 963 32 25
c 285 1015 15 21
l 301 1003 10 33
a 312 1014 19 22
s 357 1013 18 22
d 444 1010 19 24
i 463 1001 15 34
a 499 1012 19 21
a 499 1012 19 21
n 568 1010 10 22
m 721 1009 30 21
m 850 1006 29 21
i 348 1047 14 34
u 486 1056 20 20
m 568 1052 32 23
n 659 1053 21 21
d 680 1048 20 24
m 867 1047 32 24
e 482 1099 14 22
n 570 1096 20 23
m 719 1094 32 24
s 831 1093 18 22
p 438 1143 19 31
P 591 1128 42 44
i 846 1125 13 35
a 880 1136 20 22
a 184 1189 21 23
m 247 1188 28 22
l 529 1173 9 33
n 559 1186 18 20
p 184 1234 22 31
s 252 1230 18 23
l 434 1218 9 32
m 685 1227 31 21
m 723 1225 30 22
b 791 1212 19 33
d 867 1218 20 27
g 185 1276 34 32
p 378 1274 20 32
h 430 1262 19 33
