d 1010 508 45 62
u 1064 529 45 44
l 1115 502 20 68
a 1278 524 43 44
m 1538 519 46 65
m 1597 517 71 48
p 1670 520 49 66
Q 1831 492 61 71
a 2035 523 43 46
i 2179 503 28 71
a 2213 531 39 44
n 2261 529 44 49
p 933 637 47 66
c 989 633 26 42
m 1071 632 53 45
e 1154 627 33 44
d 1337 608 47 61
a 1394 622 44 47
i 1474 598 24 71
m 1592 621 70 47
a 1671 620 39 45
p 1727 623 46 63
c 1783 623 29 44
a 1849 623 42 45
n 1894 623 44 45
a 2080 625 42 46
p 2125 627 48 68
l 2177 604 21 69
i 2199 604 21 71
c 2223 632 30 44
a 2253 631 39 47
a 2303 632 40 48
u 2345 640 41 45
i 1042 708 20 69
t 1067 724 35 53
a 1104 727 40 46
s 1150 725 46 47
a 1357 725 40 44
e 1711 722 39 48
q 1764 723 45 68
d 1895 706 44 61
d 1951 707 44 60
u 2105 726 46 45
d 2242 718 41 62
i 2287 709 19 71
A 941 813 67 89
u 1013 832 47 44
q 1182 827 45 68
q 1338 828 45 66
u 1389 826 48 44
a 1442 825 45 46
v 1500 825 50 43
d 1727 808 45 60
u 1778 824 48 44
a 2038 824 44 47
l 2082 804 22 68
t 2108 822 30 54
e 2140 828 32 44
n 2249 831 43 48
u 986 936 46 44
h 1048 908 54 68
n 1107 930 50 46
s 1160 928 44 47
i 1220 909 24 66
u 1271 930 23 44
d 1300 912 45 61
i 1352 904 22 66
c 1383 928 30 43
a 1418 926 41 45
r 1463 927 34 43
e 1499 924 35 48
a 1546 923 41 47
p 1591 925 50 68
d 1648 907 46 63
i 1710 905 20 66
m 1732 927 74 44
q 1812 922 45 69
u 1863 924 47 45
o 1916 924 41 45
n 2091 926 45 45
o 2142 930 39 44
n 2186 930 45 47
a 2242 931 40 47
p 2284 937 38 63
u 2325 938 40 46
d 2369 925 40 62
s 1047 1029 44 50
t 1204 1026 33 50
p 1249 1031 49 69
a 1304 1029 42 45
u 1351 1028 48 45
l 1401 1003 26 69
o 1432 1027 43 45
S 1699 1000 52 69
e 1760 1025 36 47
c 1797 1025 30 45
a 1902 1025 43 46
a 2002 1024 42 47
i 2057 1006 23 70
g 2084 1029 47 64
i 2189 1006 21 72
u 2210 1029 42 47
d 2258 1016 41 63
i 2303 1012 19 72
a 2375 1043 34 48
h 992 1112 57 68
a 1052 1134 44 45
h 1099 1111 55 68
u 1160 1134 48 45
e 1214 1135 35 43
i 1290 1107 20 68
s 1365 1126 44 48
m 1439 1130 71 45
q 1517 1129 44 68
t 1644 1119 32 53
e 1711 1127 34 44
o 1748 1128 42 44
s 1800 1123 43 49
q 1863 1122 45 72
t 1976 1119 33 53
e 2010 1128 32 43
p 2046 1128 43 67
b 2144 1105 41 69
e 2232 1135 31 45
s 2265 1132 38 47
t 2388 1133 23 56
m 944 1239 72 46
c 1085 1237 31 44
a 1173 1234 45 47
s 1340 1235 45 45
l 1477 1212 23 68
l 1504 1211 20 70
o 1532 1231 42 48
c 1581 1234 32 44
a 1617 1231 44 46
t 1662 1223 35 55
e 1698 1230 35 48
a 1746 1228 47 48
d 1800 1211 45 63
i 1871 1210 24 64
u 1897 1229 46 45
d 1949 1212 44 63
i 1998 1208 23 69
c 2024 1230 30 44
a 2057 1231 39 47
n 2098 1233 45 47
d 2145 1218 41 61
A 2237 1211 62 92
d 2304 1224 40 61
u 941 1340 48 45
e 995 1336 34 48
n 1033 1338 47 45
a 1137 1336 43 46
v 1196 1338 51 43
o 1255 1338 41 44
b 1299 1311 47 68
d 1374 1317 46 63
i 1425 1312 22 69
S 1580 1309 52 76
i 1638 1311 22 70
c 1667 1334 32 44
n 1721 1331 48 46
o 1775 1333 44 43
e 1837 1330 36 46
q 1888 1330 44 69
q 2033 1336 41 65
u 2079 1334 42 44
a 2124 1334 40 47
m 2177 1339 62 47
t 2240 1315 35 70
v 2285 1344 45 44
o 2333 1345 38 43
s 2376 1341 39 49
a 965 1444 48 48
p 1015 1445 48 63
i 1066 1415 23 71
e 1096 1439 36 46
n 1135 1436 49 47
s 1190 1434 45 48
q 1276 1440 45 65
q 1277 1440 44 65
t 1506 1428 33 51
f 1552 1408 41 71
r 1596 1437 32 41
m 1667 1435 72 45
u 1844 1432 23 44
u 1902 1434 48 44
d 1957 1414 43 62
i 2005 1409 22 70
c 2031 1433 28 43
a 2062 1433 39 47
f 2265 1416 34 70
r 2301 1443 33 42
f 942 1517 40 75
e 1006 1541 49 46
i 1067 1516 23 70
u 1091 1540 49 45
d 1148 1522 45 62
i 1196 1514 22 72
c 1226 1538 30 46
a 1258 1536 43 46
r 1377 1539 36 43
c 1607 1536 32 44
a 1655 1535 41 45
p 1702 1536 50 67
u 1757 1536 49 43
d 1809 1517 47 62
m 1872 1537 69 44
l 2060 1510 22 69
e 2090 1534 32 46
s 2122 1536 41 48
N 2206 1519 56 80
a 2264 1541 38 46
p 1113 1641 55 69
u 1174 1643 50 45
t 1226 1628 35 58
a 1262 1639 43 45
u 1398 1641 46 43
i 1504 1614 21 72
u 1587 1642 44 43
h 1647 1616 57 67
e 1746 1638 35 45
a 1799 1638 41 47
d 1845 1623 46 60
u 1896 1639 46 43
s 2088 1636 42 48
a 2144 1638 43 45
l 2188 1617 23 66
t 2212 1629 30 56
n 2337 1642 41 46
e 950 1741 38 49
e 990 1741 35 46
p 1037 1742 51 69
c 1098 1742 29 45
m 1162 1745 69 45
t 1314 1733 32 53
a 1348 1739 43 46
m 1464 1741 73 45
o 1543 1741 43 44
i 1599 1718 25 69
d 1626 1722 48 62
e 1786 1738 35 45
a 1904 1737 60 65
l 2107 1717 22 68
e 2134 1741 31 43
i 2175 1716 23 70
u 2199 1742 40 44
d 2249 1723 39 61
i 2294 1722 16 63
m 947 1848 72 47
e 1105 1846 37 46
c 1145 1844 29 45
u 1175 1845 46 46
s 1302 1841 44 48
a 1365 1843 45 45
d 1416 1825 47 62
i 1470 1820 24 69
u 1495 1842 48 44
e 1600 1844 38 47
I 1708 1843 38 69
q 1819 1842 44 67
z 1936 1841 25 67
o 1978 1843 41 43
i 2023 1820 25 69
o 2052 1842 42 45
l 2173 1818 21 69
i 2194 1817 23 71
u 2273 1843 39 45
e 2327 1846 29 45
m 2367 1850 59 45
v 1062 1947 51 43
o 1117 1948 44 45
s 1170 1943 45 49
s 1747 1941 44 49
v 1806 1944 50 47
o 1863 1946 43 43
b 1917 1923 43 64
i 1963 1920 21 73
u 2048 1943 42 46
m 2092 1945 66 44
n 2277 1944 41 44
q 2368 1949 37 66
q 947 2049 46 68
u 1000 2049 47 45
a 1053 2046 45 47
c 1204 2047 31 45
i 1247 2023 19 70
a 1304 2046 41 44
x 1399 2050 39 59
c 1442 2048 30 44
u 1502 2046 19 43
a 1550 2044 48 51
d 1777 2028 46 62
i 1826 2023 22 71
c 1854 2045 32 46
e 1888 2044 38 46
t 1928 2035 31 54
i 1969 2020 24 71
u 1994 2045 45 45
h 2158 2021 52 68
e 2312 2046 33 44
n 2356 2046 37 45
e 2398 2043 29 47
o 1005 2152 41 44
u 1107 2151 44 42
m 1285 2150 45 44
q 1339 2151 45 66
t 1391 2143 35 50
a 1430 2148 46 44
e 1586 2151 37 44
p 1639 2152 48 65
a 1691 2147 42 46
l 1967 2123 23 70
l 1992 2123 24 71
e 2022 2147 33 47
t 2061 2135 28 57
a 2101 2145 42 46
e 2181 2148 34 43
i 2233 2122 21 70
u 2257 2145 40 45
d 2301 2130 39 61
i 2344 2123 21 68
i 1024 2229 24 70
a 1053 2252 45 45
r 1111 2254 32 43
e 1147 2251 34 46
m 1186 2250 69 46
o 1258 2251 43 45
u 1308 2250 48 45
e 1363 2248 34 45
n 1589 2251 48 44
u 1640 2248 48 46
o 1693 2250 43 44
t 1753 2237 33 57
a 1787 2249 43 46
l 1833 2227 23 70
i 1857 2224 23 73
t 2118 2241 32 53
a 2152 2246 38 45
i 2262 2224 21 68
u 2358 2247 38 43
l 2400 2221 33 67
e 952 2355 37 47
u 1091 2353 16 43
a 1138 2352 47 46
i 1267 2328 23 71
o 1387 2351 44 45
c 1437 2351 31 45
c 1470 2351 31 45
r 1552 2354 35 42
r 1591 2353 31 41
a 1693 2350 48 46
t 1745 2341 33 55
z 1780 2350 24 67
a 1824 2350 46 46
i 1873 2327 25 71
t 1902 2346 31 53
u 2035 2349 46 43
a 2086 2348 41 46
e 2134 2349 35 45
n 2188 2347 43 47
o 2238 2348 37 44
m 2289 2348 59 45
a 2353 2346 36 45
g 2394 2341 41 73
q 1051 2460 44 63
t 1104 2445 35 58
a 1141 2453 42 46
t 1186 2445 34 55
e 1224 2454 37 47
p 1276 2459 47 62
a 1331 2454 44 45
m 1431 2455 69 45
u 1654 2457 47 43
a 1708 2453 44 46
e 1761 2454 40 46
n 1812 2451 45 48
o 1866 2453 42 44
f 2099 2422 39 71
u 2201 2448 44 45
a 2307 2446 36 45
m 2360 2449 42 42
u 955 2563 47 45
t 1006 2553 34 55
a 1054 2559 46 46
d 1105 2543 47 63
a 1169 2557 46 45
l 1222 2537 19 71
i 1242 2535 24 71
u 1268 2558 49 45
d 1322 2541 46 62
d 1458 2541 44 63
e 1514 2559 35 44
a 1551 2557 42 46
q 1717 2558 43 67
d 1769 2538 45 62
d 1832 2539 48 62
n 1885 2554 52 46
s 1941 2548 44 50
a 1998 2551 48 47
a 1998 2551 48 47
q 2199 2553 40 62
s 2246 2545 40 49
w 2299 2547 69 45
l 2375 2524 21 67
u 2399 2547 38 44
e 958 2663 39 47
t 1064 2653 33 56
m 1181 2662 74 46
c 1260 2661 30 45
a 1293 2662 44 45
a 1425 2660 44 46
l 1565 2637 24 68
l 1592 2637 22 67
e 1621 2661 40 46
m 1755 2658 72 46
i 1838 2633 22 72
u 1862 2657 49 44
i 1974 2631 21 73
o 2053 2655 42 45
t 2338 2639 26 54
n 2396 2644 40 47
d 1137 2749 45 63
i 1189 2742 19 70
m 1210 2766 70 45
e 1382 2762 35 47
e 1432 2763 36 45
i 1470 2738 21 70
p 1566 2764 51 67
a 1621 2760 42 48
l 1667 2739 23 70
l 1692 2739 25 69
u 1743 2762 47 45
a 1984 2756 46 46
l 2035 2736 19 68
i 2056 2733 23 72
o 2082 2756 41 45
l 2139 2731 21 69
o 2166 2754 37 45
Q 2320 2724 55 67
a 956 2868 49 46
b 1007 2845 46 67
l 1169 2844 25 69
e 1202 2870 34 45
t 1262 2862 37 51
m 1321 2866 70 49
q 1398 2865 44 68
t 1525 2857 35 55
a 1647 2863 48 46
n 1718 2864 45 45
e 1769 2861 37 48
r 1820 2865 35 45
e 1857 2864 34 44
t 1972 2853 34 56
a 2008 2858 42 47
s 2055 2857 41 48
h 2293 2827 47 67
u 2404 2841 38 49
i 958 2944 24 72
t 984 2966 34 51
i 1035 2949 19 69
t 1059 2964 34 54
a 1096 2968 42 46
q 1144 2970 44 67
z 1194 2968 26 66
o 1312 2969 42 44
s 1366 2964 44 49
e 1560 2969 37 44
l 1673 2942 23 70
a 1703 2963 42 47
i 1780 2943 22 69
b 1808 2943 44 67
u 1855 2965 48 43
b 2049 2936 42 67
u 2097 2959 45 44
s 2149 2953 40 47
a 2301 2948 41 46
s 2406 2942 36 49
i 1040 3049 23 69
b 1069 3050 44 65
u 1116 3073 28 41
s 1170 3070 44 46
h 1245 3049 55 66
a 1307 3070 40 45
e 1458 3070 34 46
i 1518 3048 24 69
u 1544 3068 48 48
i 1656 3045 20 73
u 1739 3070 48 45
m 1791 3068 68 47
x 1948 3065 39 59
q 2013 3062 43 67
u 2066 3062 41 43
a 2114 3057 44 46
m 2342 3046 59 51
a 2407 3047 35 47
a 965 3171 49 51
p 1017 3177 48 66
l 1070 3150 25 68
u 1096 3175 50 42
s 1147 3169 46 47
d 1213 3156 46 60
i 1268 3148 19 69
l 1515 3149 22 70
m 1594 3172 47 62
t 1981 3155 37 57
m 2040 3162 68 46
c 2159 3158 28 48
c 2188 3155 29 47
i 2217 3130 23 74
a 2243 3155 39 47
t 2294 3147 30 57
a 2326 3150 37 48
l 2365 3126 18 74
i 2384 3125 22 76
a 2409 3146 35 48
