a 202 312 18 20
c 223 313 15 18
e 289 310 18 19
z 364 309 13 26
p 385 307 33 28
h 572 290 22 35
a 595 299 19 21
n 613 302 18 19
o 634 300 19 20
e 762 296 15 20
e 786 295 24 20
b 200 343 20 30
n 222 354 18 18
s 410 347 18 20
m 436 346 28 19
s 567 343 18 19
m 591 342 29 18
a 622 341 18 20
n 641 341 19 19
u 680 339 19 19
m 827 336 28 19
m 201 394 29 19
n 360 389 17 18
i 379 375 11 32
q 404 387 18 26
i 444 374 11 32
a 456 386 17 19
m 510 383 28 18
s 589 381 18 19
e 613 382 15 18
s 660 380 18 19
m 685 379 28 19
d 259 420 22 29
p 325 428 20 28
i 422 406 10 40
o 434 425 18 20
i 500 412 11 31
b 573 411 17 30
e 239 472 15 19
i 289 458 10 33
d 303 459 21 30
r 373 470 16 18
a 394 467 17 19
m 723 459 27 18
o 760 457 17 18
b 780 445 18 30
n 847 456 18 18
c 867 455 15 19
c 204 513 15 18
m 286 511 28 20
n 356 508 18 19
a 443 506 17 19
m 553 502 27 19
l 313 539 8 29
o 418 546 18 20
r 570 543 16 18
m 647 540 28 18
i 767 516 11 40
p 205 594 21 26
m 261 591 27 19
D 364 576 28 35
o 396 587 18 20
c 417 587 13 18
i 537 571 13 40
u 668 580 19 18
r 723 577 15 19
t 747 577 12 19
a 801 576 18 18
o 825 574 17 20
p 843 574 22 28
a 867 574 19 19
o 265 632 18 19
o 441 625 17 20
s 461 624 17 20
e 520 624 16 18
h 578 610 19 33
m 619 620 28 18
n 670 620 18 18
s 711 619 18 19
m 855 613 29 21
z 311 671 12 26
u 360 669 19 19
e 425 665 16 18
l 523 652 8 29
t 606 658 12 20
a 628 661 17 19
p 752 658 22 26
t 874 651 12 21
q 209 711 19 28
o 371 709 18 18
u 442 704 18 18
s 463 705 18 18
p 488 704 33 26
m 522 703 28 18
i 737 675 10 42
p 769 694 32 28
b 803 682 19 30
r 874 692 15 18
e 247 753 15 18
e 396 747 14 17
a 483 743 17 18
m 530 742 28 18
a 561 740 18 19
m 579 739 28 19
n 680 738 17 18
d 701 725 20 29
a 272 790 16 18
n 328 787 20 19
d 490 772 20 29
e 516 781 14 18
r 579 781 16 17
e 639 778 15 18
q 662 777 19 26
u 683 778 18 18
o 704 776 17 19
d 725 765 20 29
i 775 761 10 39
u 849 773 19 17
l 211 819 8 30
s 272 829 17 19
a 407 824 17 19
p 453 824 20 27
a 620 818 17 19
m 649 817 18 18
u 669 817 19 19
c 695 857 13 18
s 806 853 18 19
t 229 907 12 22
o 248 909 18 19
b 269 898 18 30
a 352 906 18 19
r 420 905 15 17
e 437 903 14 18
m 587 900 27 18
n 778 896 18 18
e 837 893 16 18
l 861 881 7 30
o 372 946 17 19
s 433 944 18 19
m 501 943 18 19
p 522 941 19 27
m 608 938 27 18
u 637 938 18 18
s 657 937 18 20
n 841 933 18 18
m 861 931 29 19
m 261 991 27 17
m 346 986 27 18
o 494 984 31 18
d 538 970 22 29
t 585 979 12 20
u 598 979 16 18
e 648 976 25 20
t 648 976 25 20
e 683 978 15 19
o 726 976 29 19
t 757 974 12 21
a 757 974 12 21
a 794 973 18 19
n 813 971 29 21
i 841 963 2 30
m 843 971 28 18
a 873 970 19 19
t 213 1027 12 21
d 631 1012 21 24
i 654 1005 10 30
o 788 1014 18 19
u 870 1011 20 19
u 246 1066 18 19
c 293 1067 12 17
u 308 1066 7 18
e 478 1059 14 17
p 589 1057 20 26
p 756 1054 20 25
p 756 1054 20 25
u 872 1049 20 20
n 453 1100 17 18
l 553 1085 7 30
a 581 1097 17 18
r 699 1083 13 7
r 699 1083 13 7
o 824 1090 18 19
m 843 1089 29 20
o 269 1147 18 19
b 290 1136 17 29
i 409 1129 11 32
n 455 1141 18 18
s 476 1139 18 19
h 539 1124 19 33
d 607 1129 20 25
o 649 1135 18 19
m 708 1134 28 19
a 738 1133 18 19
a 781 1130 18 20
l 303 1174 8 29
n 389 1183 17 18
d 411 1170 21 30
t 487 1178 10 19
Q 628 1163 32 40
d 705 1163 21 30
n 797 1171 18 19
i 840 1158 15 32
n 856 1168 19 21
s 877 1170 18 19
p 215 1228 21 28
n 322 1227 17 18
e 342 1225 15 18
c 359 1225 13 17
m 381 1223 26 18
i 475 1207 10 33
d 545 1210 20 25
u 567 1216 18 19
o 588 1215 18 19
b 609 1205 18 29
s 649 1215 17 19
d 741 1203 21 29
a 765 1212 17 19
e 271 1267 15 19
t 295 1266 13 21
m 327 1266 28 18
l 364 1252 9 30
s 424 1261 18 20
n 657 1256 18 18
r 721 1254 14 18
e 736 1254 16 18
p 759 1253 20 28
i 212 1298 15 31
l 275 1296 7 30
z 341 1306 12 26
l 426 1291 7 30
q 496 1299 18 27
l 754 1282 8 31
i 829 1280 11 33
e 221 1350 16 19
n 238 1349 19 19
a 276 1348 18 19
a 341 1346 18 19
d 400 1332 22 30
l 464 1331 6 28
q 633 1336 18 26
u 653 1336 19 19
t 829 1329 12 23
p 255 1388 33 31
m 321 1387 28 20
i 604 1364 10 34
e 637 1378 15 19
l 658 1364 9 30
e 668 1377 15 19
m 782 1372 29 20
