a 438 285 18 20
a 478 286 16 19
m 538 285 27 20
u 569 285 18 19
n 851 284 18 20
a 989 284 18 19
b 1009 274 18 30
i 1052 272 13 32
a 1065 285 18 18
b 412 316 18 30
i 517 314 9 33
i 734 313 13 32
i 830 313 10 32
s 919 326 18 19
e 576 366 15 19
n 625 366 18 19
a 887 365 18 19
d 907 354 21 30
u 964 366 16 18
m 987 366 26 19
a 1017 366 17 19
n 1035 366 9 17
u 1056 365 18 19
s 1076 364 18 19
d 497 396 20 30
i 634 394 11 41
u 736 407 17 18
i 880 385 14 42
o 1015 405 18 20
t 1079 404 11 21
v 409 445 24 22
o 463 448 18 18
s 485 449 17 18
a 541 449 17 19
o 634 447 17 18
m 681 448 28 19
l 714 431 21 36
l 788 436 7 30
e 798 447 15 19
u 815 447 17 19
a 835 448 17 19
s 883 447 16 19
l 895 433 28 33
a 916 447 18 19
n 935 449 17 18
a 987 448 18 19
s 1007 446 17 20
m 1031 446 27 18
u 430 488 18 18
s 451 487 17 19
m 603 487 27 18
d 657 475 21 31
z 732 490 13 27
m 754 488 28 20
e 865 488 15 18
x 881 487 18 24
m 980 487 28 19
a 1011 485 17 20
n 1028 486 18 19
u 1049 487 17 17
s 1070 485 17 19
i 407 516 11 32
e 441 529 15 19
p 464 528 21 28
n 579 528 17 19
e 601 527 15 19
n 697 530 17 19
n 795 529 18 19
q 875 528 17 26
d 931 521 20 25
i 953 506 10 41
e 979 528 15 18
n 447 569 18 19
o 469 569 17 19
d 529 562 19 25
n 550 569 18 18
e 571 568 15 18
n 660 569 17 17
n 815 569 18 18
o 837 567 17 19
b 474 597 18 30
m 523 608 26 18
m 552 607 28 19
a 925 607 17 19
q 957 607 18 26
a 1043 606 16 19
d 1061 595 22 30
p 486 648 20 26
n 526 648 18 18
m 585 647 27 18
a 615 648 18 18
n 653 648 19 18
m 783 648 29 19
a 814 647 17 19
l 866 636 8 31
t 895 646 12 21
a 907 650 17 18
l 931 635 8 30
i 979 628 10 39
b 1062 635 20 31
m 460 688 29 19
a 564 686 18 19
q 728 687 18 25
s 822 687 17 18
t 924 687 12 21
h 995 676 19 34
i 1015 675 11 35
p 532 726 21 27
s 783 726 17 19
m 828 727 27 19
m 858 727 27 18
m 956 728 28 17
r 1003 727 16 18
r 1063 728 15 17
a 406 767 20 20
u 426 767 19 18
a 538 765 17 19
n 557 766 17 18
a 647 766 18 18
p 673 766 20 27
m 711 766 29 19
s 773 766 17 19
p 798 766 20 27
s 854 766 16 19
n 908 767 18 18
d 930 754 21 30
e 536 806 15 18
q 558 807 18 27
u 579 806 17 18
o 598 805 18 19
d 620 795 21 29
t 757 803 13 22
S 792 793 26 35
m 890 805 27 18
m 921 807 28 18
q 1000 806 18 26
o 1042 804 17 20
s 1063 805 18 19
n 454 849 17 17
q 491 847 18 26
u 631 846 18 18
p 741 846 32 28
n 805 847 18 19
d 826 835 20 30
a 849 847 18 19
c 873 846 15 18
t 425 884 13 22
u 459 888 17 18
p 549 887 32 28
e 642 887 15 18
t 756 884 12 22
a 813 887 18 19
t 852 883 13 22
p 869 886 21 26
r 961 887 13 18
m 993 884 27 20
r 1061 887 15 18
v 533 924 24 21
i 559 906 10 41
u 826 927 19 18
a 1018 926 18 18
u 1037 924 19 18
a 473 967 16 18
n 563 968 18 17
o 585 967 17 18
m 687 966 28 19
f 904 953 17 29
l 935 954 7 28
s 964 966 18 18
b 1010 954 18 30
u 1047 966 18 18
e 405 1005 15 19
t 466 1004 13 20
a 486 1006 18 18
t 525 1005 12 20
m 617 1005 28 18
s 448 1045 18 19
a 475 1045 18 19
n 537 1046 18 18
q 582 1045 17 25
o 623 1044 18 19
o 650 1043 18 19
e 813 1042 14 17
c 968 1043 15 18
m 467 1085 27 18
i 529 1073 9 31
u 581 1085 19 19
m 652 1084 28 19
n 783 1083 18 19
t 957 1080 12 21
e 978 1084 15 18
l 404 1114 9 32
u 447 1124 16 18
m 465 1124 30 19
m 580 1123 27 19
S 872 1110 24 32
v 404 1162 26 20
a 479 1163 18 19
d 498 1153 20 29
i 591 1151 11 32
s 604 1161 17 19
i 656 1151 10 32
q 669 1162 17 27
a 732 1163 16 19
e 812 1161 14 18
x 827 1163 20 24
a 488 1205 17 17
t 527 1202 12 21
n 600 1204 18 18
o 623 1204 18 19
a 756 1204 18 18
o 885 1203 18 19
d 905 1191 22 29
p 928 1202 32 28
i 982 1191 10 34
t 1067 1202 12 20
q 405 1245 18 26
a 447 1244 18 18
v 493 1242 23 21
n 519 1246 18 17
m 558 1243 28 18
n 687 1243 18 18
s 767 1243 17 20
n 793 1244 17 19
o 814 1241 17 19
n 833 1243 18 18
m 915 1243 19 19
m 915 1243 19 19
a 974 1242 17 19
m 404 1284 27 18
n 569 1284 17 18
d 590 1271 21 29
o 615 1284 17 18
o 702 1282 17 20
a 728 1282 17 19
i 768 1271 11 33
t 891 1281 12 21
a 909 1282 19 19
d 969 1271 21 29
l 1044 1272 7 30
h 528 1311 20 35
o 552 1324 18 19
c 715 1322 14 18
a 893 1324 18 18
a 432 1364 16 18
n 450 1366 17 18
a 495 1362 18 20
p 519 1364 20 27
m 768 1363 28 20
m 848 1363 27 19
m 954 1364 29 19
t 1066 1362 11 19
