a 741 474 43 52
a 1224 476 48 48
b 1273 451 46 71
n 1402 476 48 50
a 1451 477 46 49
t 1881 477 36 56
l 1998 462 23 71
t 2070 478 37 55
a 2109 487 42 48
q 712 583 43 66
u 759 580 42 43
a 809 576 45 46
t 1024 569 36 58
t 1222 568 38 57
a 1261 579 43 45
t 1305 571 37 56
e 1542 582 39 49
u 1630 586 49 44
t 1682 577 37 58
l 1808 565 22 69
e 1901 587 36 46
a 1990 589 45 45
n 2045 588 49 47
o 2100 589 45 43
l 549 662 22 69
t 643 671 32 56
q 693 682 42 67
m 1022 676 68 46
a 1094 675 46 47
l 1312 656 23 68
l 1339 657 21 69
e 1367 682 39 44
N 1444 663 64 79
o 1513 686 42 43
m 1610 688 70 45
b 1742 664 45 69
i 1789 666 21 71
q 1827 690 44 67
m 1887 689 71 47
e 1965 688 36 47
n 2003 690 50 46
t 2105 665 46 73
v 551 786 48 45
i 602 761 19 70
r 841 782 36 44
a 1118 777 45 45
l 1167 755 24 69
i 1194 755 21 68
u 1218 780 48 43
m 1279 780 71 45
e 1366 780 37 47
r 1407 785 34 42
r 1445 785 35 41
e 1548 786 35 45
m 1623 790 71 45
e 1841 789 36 48
c 1888 792 32 44
r 1921 793 34 41
e 2057 793 37 46
n 2096 790 51 49
b 747 858 46 70
m 911 882 69 47
e 996 878 37 47
a 1034 877 42 46
q 1172 878 45 68
n 1386 881 47 46
o 1440 886 42 42
e 1510 883 36 47
r 1551 885 35 43
t 1670 879 32 55
q 1717 891 44 65
u 1770 891 48 45
a 1823 892 45 45
m 1887 895 69 46
e 1962 894 35 43
e 2050 893 38 48
n 2091 890 53 51
t 823 972 33 57
n 945 980 48 47
t 1116 967 35 56
i 1159 957 22 70
q 1273 983 44 65
d 1400 966 46 61
t 1656 982 37 51
m 1782 993 69 45
c 1956 995 32 45
l 2072 974 24 68
r 616 1090 36 45
q 663 1089 43 65
d 712 1063 44 69
d 712 1063 44 69
p 771 1087 50 68
u 826 1085 48 44
t 877 1077 33 51
a 910 1082 43 47
t 956 1079 33 48
b 1049 1055 45 70
i 1100 1057 21 71
u 1205 1082 45 45
n 1263 1081 50 48
o 1320 1084 44 44
o 1382 1086 45 44
b 1438 1060 45 67
e 1492 1084 36 47
e 1531 1083 37 47
m 1582 1089 68 44
e 1653 1087 38 46
d 1694 1071 46 63
a 1745 1090 43 47
u 1849 1094 47 44
m 2021 1099 71 45
a 2096 1096 46 48
g 548 1188 60 68
s 625 1186 44 49
p 1038 1180 52 70
a 1095 1181 42 47
o 1351 1184 44 44
b 1401 1159 44 69
t 1498 1176 37 57
e 1672 1188 37 46
c 1798 1191 31 45
e 2103 1197 39 47
h 639 1268 54 67
d 769 1272 44 60
i 818 1263 21 71
l 969 1263 21 68
l 994 1261 19 69
a 1117 1285 46 46
l 1238 1260 23 71
a 1267 1284 43 49
t 1313 1274 32 59
b 1423 1261 49 71
m 1688 1293 68 46
a 1764 1294 42 44
g 1832 1292 60 72
m 1960 1297 71 48
q 547 1392 43 68
u 597 1390 43 45
e 646 1390 35 45
o 767 1387 44 45
u 978 1385 49 45
a 1030 1383 45 49
i 1084 1361 24 72
a 1115 1384 45 48
m 1161 1387 72 49
g 1250 1390 51 68
l 1471 1367 20 72
i 1491 1367 25 73
b 1519 1367 46 70
n 1903 1399 48 46
n 2046 1402 49 45
e 2102 1403 38 45
s 765 1482 44 51
n 823 1487 46 45
o 871 1486 43 45
s 920 1483 44 50
v 967 1486 48 46
r 1022 1486 34 44
g 1057 1486 52 68
e 1109 1488 34 44
e 1182 1483 38 52
t 1224 1481 34 53
a 1273 1490 46 48
b 1323 1467 46 69
l 1454 1469 19 51
v 1695 1496 50 45
u 1829 1497 45 47
a 1888 1499 46 47
d 1942 1484 47 64
o 2016 1505 42 44
u 602 1592 44 45
i 743 1564 24 71
s 770 1586 43 47
i 827 1567 23 68
u 850 1586 49 46
a 997 1584 45 48
l 1043 1564 24 69
i 1068 1564 24 69
q 1096 1588 44 69
n 1146 1590 42 65
p 1209 1596 50 66
n 1317 1590 48 47
t 1458 1587 33 53
m 1501 1596 72 45
e 1578 1593 37 49
n 1617 1595 47 48
n 839 1690 42 43
n 885 1688 44 45
u 931 1688 47 45
l 979 1666 23 67
e 1064 1689 41 47
m 1108 1691 72 47
e 1194 1691 38 47
o 1232 1694 43 45
u 1292 1694 49 45
p 1457 1697 50 67
o 1543 1697 44 46
i 1775 1676 25 72
u 1801 1703 47 44
r 1924 1707 35 44
v 2041 1709 51 43
t 2098 1701 34 53
e 1008 1790 36 47
r 1199 1797 36 43
e 1237 1797 33 45
a 1365 1796 48 46
d 1418 1780 46 63
i 1554 1780 21 66
l 1675 1777 23 72
p 1780 1804 50 66
a 543 1888 43 50
c 589 1889 30 49
i 709 1867 23 73
n 961 1891 48 47
a 1015 1891 43 48
l 1300 1874 23 70
a 1419 1900 47 47
l 1469 1877 24 67
i 1493 1877 25 71
q 1524 1905 43 62
d 1653 1885 46 62
d 1718 1888 46 61
i 1769 1882 21 70
n 1982 1908 50 46
o 2038 1911 43 45
n 2086 1911 48 48
u 548 1992 44 47
n 595 1989 44 47
q 645 1992 40 68
u 692 1993 45 44
a 743 1992 41 46
n 877 1993 46 47
u 925 1997 48 43
p 987 1997 45 66
o 1196 1998 44 45
p 1245 1998 52 69
u 1303 2001 47 45
s 1355 1998 46 47
e 1431 1999 35 45
e 1468 2000 37 47
n 1635 2004 49 45
a 1755 2010 42 44
t 1803 1996 31 57
i 1988 1985 22 72
c 2015 2011 31 45
h 2048 1988 54 68
i 2105 1988 25 73
a 543 2090 42 48
u 586 2094 45 43
t 633 2091 34 51
v 678 2094 49 45
i 729 2071 25 70
e 949 2095 35 47
e 986 2097 35 46
c 1152 2100 30 45
a 1183 2099 46 46
o 1317 2104 44 46
e 1369 2100 37 45
m 1421 2105 68 43
e 1495 2103 37 45
n 1535 2105 47 46
a 1649 2105 48 46
u 1759 2110 48 44
m 1912 2111 70 46
u 1985 2112 49 44
l 2036 2089 23 72
m 547 2194 67 48
t 616 2183 32 59
e 756 2195 34 46
q 807 2196 42 68
u 856 2196 48 45
o 912 2198 41 44
a 969 2198 44 46
i 1015 2165 23 79
o 1041 2201 43 43
q 1181 2201 43 67
q 1564 2206 46 68
m 1800 2211 69 46
n 1916 2211 49 45
a 2025 2212 41 45
t 2070 2189 44 72
N 542 2271 61 84
n 652 2294 45 47
e 711 2297 36 45
m 751 2298 68 47
c 881 2298 32 44
c 1011 2302 27 45
c 1047 2300 32 46
a 1083 2302 39 45
t 1127 2296 35 50
i 1174 2278 23 72
l 1203 2282 19 67
l 1226 2280 23 67
e 1255 2303 38 46
q 1318 2306 43 66
l 1571 2286 23 69
e 1599 2308 35 45
n 1636 2308 49 45
d 1690 2294 46 63
q 1790 2312 44 67
u 1842 2312 47 45
i 1952 2289 22 69
l 1974 2290 23 69
l 2001 2289 22 69
e 2030 2317 34 42
q 2078 2318 46 63
n 540 2389 43 47
o 589 2396 39 45
n 694 2395 45 47
v 836 2400 49 44
o 892 2403 42 44
l 939 2378 24 70
u 964 2405 48 44
n 1015 2401 48 46
t 1065 2394 36 55
a 1102 2402 42 46
m 1233 2406 69 46
e 1309 2406 36 46
n 1348 2405 18 47
r 1527 2409 35 43
n 2031 2415 48 45
o 2083 2419 44 44
t 604 2487 33 50
q 652 2498 39 65
v 781 2501 48 43
i 834 2475 23 70
a 861 2501 40 44
e 1013 2505 35 43
z 1049 2504 30 67
m 1096 2506 70 46
e 1172 2507 38 46
n 1212 2507 45 45
e 1318 2507 35 46
n 1356 2507 50 48
o 1476 2510 42 44
m 1535 2512 71 45
d 1634 2493 46 63
i 1687 2489 23 70
u 1713 2513 43 43
e 1767 2511 35 47
r 1806 2514 30 42
m 1908 2516 70 45
i 2002 2492 21 68
t 2024 2506 34 54
t 710 2593 31 50
q 773 2600 41 69
u 821 2603 44 45
a 872 2603 42 45
i 998 2581 23 72
l 1025 2587 19 65
l 1049 2584 21 68
e 1076 2605 37 48
q 1128 2607 45 69
v 1266 2609 51 46
i 1322 2586 20 69
a 1349 2610 45 46
v 1406 2612 52 46
i 1463 2588 24 72
t 1490 2603 33 58
e 1526 2610 39 46
m 1577 2611 74 46
e 1658 2613 36 44
n 1698 2614 45 43
d 1751 2596 44 61
a 1802 2613 43 44
o 1908 2619 44 43
l 2038 2591 24 70
l 2066 2596 21 66
e 2093 2615 37 45
p 687 2700 49 68
u 818 2703 46 45
a 870 2704 43 45
N 981 2685 65 90
m 1088 2711 68 44
a 1250 2714 49 47
n 1301 2711 50 46
e 1356 2713 40 46
m 1407 2714 65 44
e 1629 2715 37 44
n 1669 2713 47 45
s 1724 2712 43 48
i 1781 2692 23 68
u 1807 2716 44 42
d 1860 2698 45 61
i 1911 2695 24 64
c 1940 2716 32 44
a 1975 2715 42 45
e 534 2795 37 48
q 656 2801 41 65
d 786 2790 44 61
i 835 2779 23 72
t 918 2802 37 52
l 1037 2786 23 69
q 1148 2813 45 68
d 1203 2797 45 63
p 1265 2815 54 69
u 1325 2817 46 44
t 1455 2810 36 51
q 1723 2816 42 65
u 1772 2816 46 42
o 1825 2816 42 43
q 1894 2817 43 67
u 1945 2816 47 45
a 1996 2816 41 44
t 2041 2811 35 52
u 2080 2817 46 46
m 535 2899 65 50
i 612 2878 20 69
n 841 2909 46 44
o 893 2911 42 44
l 1022 2892 22 67
l 1047 2892 21 68
i 1143 2893 24 71
l 1409 2894 21 67
l 1433 2894 21 68
i 1454 2894 25 71
t 1481 2913 41 49
o 1630 2918 42 44
n 1678 2918 47 44
i 1735 2894 21 70
t 1760 2907 34 55
a 1795 2916 41 43
q 1841 2918 51 69
m 1906 2919 72 45
e 1984 2919 35 43
a 2083 2919 44 48
c 533 2998 30 46
a 687 3005 41 45
l 729 2983 24 69
i 753 2983 22 71
q 780 3010 44 67
n 829 3013 42 64
m 956 3015 69 45
t 1126 3011 36 56
a 1165 3018 40 46
s 1261 3017 46 49
a 1318 3018 46 44
e 1504 3015 39 50
n 1545 3019 48 47
e 1752 3020 34 44
q 1893 3021 44 68
l 2100 2999 24 73
a 555 3103 42 51
m 609 3107 64 47
u 754 3111 44 46
i 1068 3094 24 83
t 1093 3116 36 60
p 1306 3122 51 70
h 1649 3097 57 73
a 1707 3119 43 51
b 1752 3096 46 72
z 1798 3120 28 69
