C 150 187 27 34
n 194 196 21 25
n 628 185 23 27
n 670 188 20 23
h 700 176 18 44
a 721 185 20 26
f 223 230 16 33
h 409 229 18 41
D 590 223 37 33
s 740 230 19 23
h 730 266 18 41
i 170 318 14 35
f 224 317 16 33
e 419 324 16 23
D 459 313 37 33
m 538 322 31 23
n 232 371 23 23
a 493 366 19 23
b 541 355 20 32
C 608 352 25 33
l 655 352 9 33
h 681 355 18 40
a 701 364 19 22
s 722 361 17 23
e 746 360 16 24
a 788 361 18 20
i 312 403 14 33
p 449 411 19 31
i 688 386 15 44
i 731 397 12 32
u 363 456 21 20
s 386 455 18 21
u 433 455 21 19
a 609 451 20 21
g 629 454 19 29
m 665 450 32 21
n 716 450 18 20
n 753 449 21 21
m 781 447 31 22
l 151 490 12 33
a 164 500 19 23
s 205 500 18 23
d 239 496 20 26
m 299 499 32 23
s 376 498 18 21
a 403 497 20 21
e 479 497 16 21
m 595 494 28 19
i 205 534 14 33
n 239 542 22 24
m 370 543 28 19
a 400 541 18 20
n 438 540 21 22
p 565 537 20 31
a 697 536 19 21
r 783 532 18 23
q 153 585 22 33
s 317 584 18 22
t 548 577 17 25
s 712 578 17 21
m 737 576 30 23
e 767 577 13 21
n 781 577 21 20
e 804 575 14 22
l 819 564 10 33
t 245 627 15 23
s 370 627 19 21
t 514 621 17 25
p 670 623 19 31
m 784 617 32 23
n 291 672 20 20
p 358 673 19 29
m 448 669 31 22
i 507 660 11 31
P 620 653 40 44
i 776 651 15 33
n 344 715 20 21
e 426 712 26 32
m 544 709 32 23
u 620 709 21 21
t 663 703 17 25
n 742 706 20 21
g 192 761 20 30
i 242 744 15 45
a 412 756 19 21
g 561 755 19 28
a 605 750 18 23
n 153 846 20 20
n 203 842 20 24
n 242 843 23 21
a 312 841 19 20
m 332 840 30 21
i 368 822 12 49
a 481 836 20 23
t 559 830 15 26
a 601 833 19 23
r 621 836 17 19
s 711 832 18 22
r 852 828 18 24
u 220 883 21 23
p 357 884 20 30
u 379 884 19 19
t 462 882 16 21
m 601 877 38 23
a 759 875 20 22
h 787 866 17 40
z 310 925 11 33
p 332 927 19 30
a 354 925 18 21
t 421 921 16 25
d 498 919 21 26
n 539 921 22 22
r 591 921 17 21
A 633 911 25 30
m 697 920 30 21
n 764 918 21 22
n 806 919 20 20
i 174 953 12 42
m 246 969 31 23
m 356 968 29 22
p 394 968 19 30
r 433 968 16 21
s 609 964 18 21
i 757 951 13 32
e 770 957 16 25
a 793 961 20 21
i 346 1001 10 33
t 549 1003 16 26
m 572 1008 30 21
d 602 1003 19 25
m 799 1001 32 24
P 214 1044 43 45
m 306 1056 29 22
s 357 1055 18 21
m 494 1053 29 21
t 591 1045 16 26
d 659 1045 19 25
a 745 1047 19 21
m 373 1085 32 35
n 412 1098 18 20
t 503 1091 17 26
d 614 1089 20 26
m 740 1089 32 24
n 811 1089 21 21
d 464 1136 18 25
s 572 1137 18 21
i 708 1124 10 34
n 737 1135 19 19
n 322 1187 17 20
m 486 1181 29 20
q 565 1179 20 33
i 678 1167 14 35
d 158 1226 19 27
b 470 1214 18 33
a 570 1221 19 26
d 225 1270 19 28
P 487 1257 40 45
