i 234 294 10 33
m 381 300 29 21
r 696 294 16 17
m 774 291 29 20
p 804 291 22 28
l 827 278 9 31
i 310 330 12 33
i 414 328 11 33
u 465 338 19 20
p 490 339 21 26
s 665 333 18 20
u 711 333 19 19
q 732 332 18 26
a 771 331 18 19
p 795 330 20 27
a 820 331 17 19
n 837 332 19 19
e 859 330 15 18
s 268 384 18 19
f 292 371 16 32
t 322 381 12 22
r 413 382 16 18
n 523 378 18 19
s 543 377 18 20
C 588 363 26 33
s 664 374 18 19
n 758 372 19 19
e 265 425 17 19
n 321 424 18 19
s 517 418 18 20
m 544 418 28 18
m 639 415 29 20
n 674 414 19 20
o 741 412 18 19
p 766 410 19 27
a 788 412 18 19
r 857 410 16 19
S 361 450 24 32
b 406 451 19 30
n 607 456 18 20
e 629 456 15 19
c 646 456 14 18
a 667 453 18 20
a 769 452 18 19
u 281 505 19 19
s 302 503 19 19
l 348 493 8 30
n 388 503 18 18
s 611 495 18 20
n 638 496 18 18
e 660 494 15 19
m 677 494 27 20
o 708 494 18 19
n 734 493 19 19
d 775 480 21 29
u 799 492 16 17
s 819 490 18 21
p 529 538 21 27
a 553 537 18 19
p 591 537 21 27
n 620 536 18 19
s 699 534 18 19
a 817 531 17 19
n 373 584 17 18
u 393 583 20 18
n 419 581 20 19
o 489 579 18 19
C 614 563 30 34
n 203 627 18 19
o 328 624 18 19
q 406 622 20 26
n 471 621 18 19
o 532 618 17 19
u 652 617 17 18
r 670 616 15 18
n 724 614 19 18
s 328 664 18 19
n 459 660 19 20
t 586 656 12 20
t 625 655 12 21
h 644 645 19 34
m 666 655 28 20
x 729 655 17 22
i 769 640 10 32
a 781 653 18 18
c 205 707 15 19
A 298 693 29 33
t 370 704 11 20
t 409 702 12 21
i 456 690 10 32
s 535 698 18 19
q 790 692 19 26
q 790 692 19 26
i 331 723 11 41
n 363 746 18 17
e 432 742 15 17
q 513 737 19 26
i 639 714 10 41
q 760 734 17 25
m 857 730 27 19
o 242 788 18 18
m 262 786 28 19
t 543 776 12 21
d 814 763 21 26
i 835 749 12 41
o 319 824 18 18
i 341 803 11 41
a 375 822 17 19
n 394 823 17 18
e 413 822 16 18
t 493 817 12 21
e 615 815 15 20
a 637 815 18 20
m 656 813 28 20
l 729 801 8 31
a 738 812 18 19
p 842 810 20 27
e 865 809 16 18
a 207 869 18 20
m 225 868 29 20
a 445 860 18 18
n 464 860 18 18
e 558 856 15 19
q 631 854 18 26
q 631 854 18 26
q 631 854 18 26
m 678 854 29 19
i 707 841 11 33
z 260 908 13 27
a 294 906 18 19
m 449 900 28 19
m 484 899 29 20
r 602 895 15 19
a 707 894 18 19
i 879 877 10 32
p 206 950 21 26
a 230 948 19 20
p 269 947 20 27
e 292 945 15 19
m 309 944 28 20
n 400 943 18 18
o 470 940 18 18
p 494 938 20 28
a 516 937 17 21
b 788 921 18 30
m 847 930 27 20
t 877 928 11 21
c 497 979 15 20
c 634 977 13 18
u 658 976 8 18
m 674 976 27 18
m 830 971 27 19
r 207 1027 17 18
l 321 1012 8 29
s 488 1019 17 18
t 566 1017 12 18
m 644 1016 27 17
a 799 1011 18 19
d 817 1001 23 29
o 396 1060 17 18
t 460 1046 22 14
m 533 1057 29 20
C 598 1042 31 33
m 714 1053 28 18
m 768 1051 8 18
e 872 1049 16 19
m 242 1106 28 18
i 408 1087 9 32
n 436 1098 19 18
a 476 1098 18 19
n 498 1098 18 18
m 833 1089 29 19
m 240 1146 27 19
p 274 1145 20 27
a 296 1145 18 19
n 389 1141 18 19
i 493 1126 11 39
n 532 1137 18 18
C 625 1120 31 34
p 798 1131 21 26
m 838 1129 29 21
C 450 1166 30 34
u 586 1174 18 19
m 634 1174 27 19
e 665 1172 14 19
s 681 1172 17 18
n 706 1174 18 18
m 307 1225 27 18
i 570 1203 11 32
e 583 1215 15 19
n 613 1214 18 19
o 635 1213 18 19
q 838 1209 18 27
s 262 1265 18 21
p 284 1266 22 27
p 370 1262 19 27
m 595 1254 28 19
r 737 1251 16 18
q 215 1308 19 27
p 274 1306 21 27
a 297 1305 17 19
m 388 1301 30 21
u 419 1302 19 18
d 441 1290 22 30
o 466 1301 18 20
l 700 1281 8 31
e 730 1292 15 19
p 763 1291 20 28
l 786 1280 8 30
r 333 1344 16 18
m 392 1341 28 20
e 452 1341 16 18
s 470 1339 18 20
h 496 1326 19 34
r 598 1337 16 19
o 244 1388 18 21
n 329 1385 18 20
s 488 1380 18 21
i 582 1366 11 32
s 644 1374 18 22
a 676 1374 18 20
q 838 1370 19 28
