d 396 239 21 27
n 645 238 20 23
p 835 235 18 30
m 915 231 31 21
m 1043 228 29 21
n 1090 226 22 22
b 396 277 20 34
v 468 287 20 22
n 688 281 21 22
p 764 280 18 31
n 909 278 18 18
b 951 263 18 32
e 441 330 15 22
n 457 330 19 22
e 478 329 15 22
s 545 328 17 22
i 634 315 15 34
m 896 320 28 20
m 986 316 30 22
u 1049 317 17 20
m 594 371 28 21
m 755 365 31 23
v 992 358 20 24
n 1031 360 19 21
m 398 416 32 25
e 432 417 13 20
b 447 407 18 32
s 496 415 18 21
a 709 411 18 21
s 759 408 18 22
b 816 399 18 32
c 977 402 15 22
a 1050 403 19 21
a 506 457 19 21
a 718 453 17 21
h 848 442 17 39
l 941 435 9 31
a 952 445 18 22
P 649 486 33 43
p 808 495 18 30
h 876 480 17 42
p 979 490 20 30
s 1095 486 19 22
s 466 542 18 21
m 491 542 31 22
a 525 543 16 20
s 573 542 18 21
n 685 539 20 22
p 847 537 19 30
d 995 527 19 26
i 427 577 11 32
q 590 582 20 32
u 612 584 21 20
d 653 578 19 25
l 786 569 9 32
m 892 577 32 23
a 1014 575 18 21
q 1034 574 19 31
n 1074 574 19 20
i 529 616 15 33
f 641 613 15 33
m 718 623 28 21
g 785 625 21 30
m 995 617 30 21
h 1049 608 17 40
a 1096 616 20 23
m 400 669 31 23
l 566 658 8 32
n 593 668 18 21
l 737 655 9 32
a 748 666 18 21
m 1066 659 29 20
a 1097 659 19 21
p 552 712 19 30
a 623 710 19 21
m 677 710 30 22
h 772 699 17 39
m 849 707 29 19
m 440 754 30 21
u 472 754 21 20
m 591 752 31 22
m 886 749 27 21
q 1037 743 19 32
u 1058 745 20 21
n 1097 745 18 21
i 559 774 12 43
m 634 793 30 21
n 836 793 18 19
m 932 788 31 22
q 972 788 20 31
u 995 790 19 20
h 520 826 18 41
a 973 830 20 19
l 418 870 11 32
m 449 879 30 22
b 632 866 19 32
m 940 871 30 23
a 978 871 19 21
a 1041 870 18 21
N 403 912 41 44
m 536 922 31 22
a 569 921 17 22
g 587 923 19 29
u 629 921 22 20
u 891 916 21 21
l 919 904 9 32
m 986 913 32 22
a 1020 915 17 19
n 433 965 22 23
i 474 955 13 32
u 506 965 23 20
u 664 963 22 21
p 692 963 20 30
u 984 957 22 20
n 435 1008 20 22
h 611 998 17 39
n 650 1005 21 22
e 673 1004 15 22
l 766 992 10 32
n 956 1000 21 21
m 1006 999 30 20
m 1070 999 30 21
l 639 1038 9 32
m 722 1047 30 21
u 812 1045 22 20
i 862 1036 12 31
m 939 1043 31 21
m 1016 1042 28 21
a 1045 1042 19 21
h 1081 1033 17 40
m 437 1093 29 22
l 496 1081 9 33
e 506 1091 15 23
m 550 1092 31 23
a 751 1089 19 21
n 811 1088 21 22
h 933 1077 19 30
s 955 1085 17 21
r 980 1085 16 22
n 1047 1086 18 20
i 1084 1068 14 40
m 574 1135 29 21
P 645 1121 42 45
m 740 1132 29 21
n 814 1131 21 22
g 851 1133 20 29
l 996 1116 9 32
n 1024 1129 21 20
m 1085 1127 33 24
a 571 1178 19 21
m 681 1176 32 23
a 714 1176 19 20
n 753 1175 21 21
l 824 1163 10 32
a 835 1174 19 20
P 916 1160 42 43
m 1088 1171 30 22
m 492 1222 31 21
a 1030 1213 19 21
m 408 1264 30 28
p 704 1263 22 32
