r 411 306 15 19
b 442 296 17 29
u 461 306 18 19
s 482 305 17 20
n 507 306 17 19
p 565 306 21 26
a 589 305 17 20
a 868 302 18 19
n 886 299 19 21
u 907 302 10 17
s 929 300 17 19
i 955 288 10 33
e 987 300 14 19
e 1010 300 15 19
q 1035 299 18 25
n 411 346 19 20
o 434 347 18 19
n 455 347 8 18
n 479 347 17 18
i 518 333 12 32
e 531 345 14 18
n 584 345 17 17
z 635 345 12 25
d 681 332 21 29
q 856 342 18 25
m 954 341 28 19
o 1025 341 17 19
b 411 375 19 31
e 586 384 13 18
t 602 383 11 20
q 750 381 18 26
n 832 382 18 18
n 963 381 17 19
o 984 381 18 19
n 1037 381 17 18
n 474 425 18 18
m 525 424 27 18
a 709 423 17 19
u 760 422 17 19
s 781 421 17 20
C 837 408 30 34
e 1066 420 16 18
m 412 464 30 20
a 507 464 18 19
n 532 464 17 18
n 572 466 8 17
h 599 452 20 31
l 691 451 6 30
z 753 465 13 26
C 777 451 27 34
u 836 463 18 18
s 856 462 18 20
e 1009 461 16 19
l 1062 450 7 28
a 1072 460 17 20
i 431 492 10 34
s 489 504 18 20
m 694 503 27 20
q 782 503 16 26
n 835 504 18 18
e 937 503 16 18
n 959 500 18 19
o 980 502 17 18
n 1048 499 19 19
o 1069 499 18 20
c 413 546 27 18
t 500 545 12 21
l 519 534 7 31
d 544 534 20 30
e 567 546 15 19
r 584 545 15 18
i 697 531 11 34
m 805 543 28 19
n 1043 540 18 19
e 443 584 16 18
e 466 585 15 19
q 488 586 18 26
l 616 573 6 29
o 626 585 18 19
p 673 584 19 28
n 719 584 18 19
e 740 583 14 18
c 756 584 13 18
i 804 561 9 41
s 889 580 18 19
n 912 581 18 19
o 998 580 18 20
d 438 614 21 28
m 466 626 26 17
a 571 625 18 18
u 623 625 8 16
i 776 610 11 33
p 1004 621 22 27
i 527 644 12 39
N 832 650 29 38
q 917 661 18 27
q 1014 660 18 28
z 1073 661 12 25
l 413 692 7 30
d 446 693 11 27
a 483 703 19 19
t 524 702 11 18
o 562 702 17 18
c 582 703 13 17
e 597 702 15 18
p 619 702 20 25
a 641 702 17 18
m 818 702 27 17
r 915 703 16 17
e 949 702 16 17
e 973 701 17 18
i 1055 682 10 38
a 1066 700 18 19
i 524 730 10 31
n 554 743 17 17
s 592 741 17 19
e 619 741 15 18
q 644 742 18 26
q 644 742 18 26
i 942 729 9 29
e 1030 740 13 18
e 1030 740 13 18
n 410 783 19 20
e 432 782 16 18
n 536 783 17 18
o 557 782 17 18
e 691 781 14 18
i 731 767 10 39
S 923 767 24 32
e 952 780 14 18
d 968 768 21 29
n 995 779 18 17
e 1017 778 15 18
m 1039 778 27 18
c 1070 777 15 18
o 574 822 17 18
o 611 822 17 19
q 632 822 17 26
q 691 821 18 26
a 738 819 17 19
a 868 819 18 18
u 888 819 18 19
t 908 817 12 21
r 943 819 16 19
e 960 818 15 18
d 975 807 22 30
a 1041 817 17 19
t 1080 814 13 21
u 431 851 13 8
s 435 902 17 19
t 526 901 13 20
l 632 891 7 30
s 689 901 16 19
a 833 901 17 18
l 888 887 8 31
o 899 900 17 18
q 919 898 18 26
I 1014 884 22 40
n 413 943 19 20
l 475 929 8 30
e 486 943 14 18
g 501 940 33 29
s 535 942 16 19
i 557 930 10 40
s 624 942 18 19
c 649 943 13 18
s 713 941 17 19
p 736 940 21 28
p 736 940 21 28
n 849 940 18 19
b 891 926 19 32
a 983 938 19 19
a 414 983 18 19
i 453 969 10 33
i 630 960 11 42
n 704 983 17 17
o 724 981 18 18
u 743 980 19 19
e 765 981 15 18
i 859 967 10 31
a 871 978 18 18
e 896 977 14 20
x 912 979 19 22
l 969 967 8 29
a 979 978 18 18
p 1002 977 33 27
e 429 1021 14 19
i 764 1009 9 31
m 898 1017 27 18
u 926 1018 18 17
a 1027 1016 18 19
n 1045 1017 18 17
u 1066 1016 19 18
o 503 1061 18 18
b 522 1049 17 29
a 577 1061 17 17
p 631 1060 18 26
p 683 1058 18 26
i 701 1047 11 31
q 766 1060 18 25
p 830 1058 21 24
l 856 1044 7 29
a 867 1057 17 18
u 932 1056 16 18
s 952 1056 17 18
o 414 1101 19 20
n 482 1101 9 18
o 609 1100 17 18
e 634 1099 15 18
a 751 1099 17 19
d 771 1087 19 29
a 793 1098 18 17
a 849 1096 17 18
o 902 1096 18 19
p 927 1097 20 26
m 951 1095 27 20
m 1045 1096 27 18
s 444 1140 18 18
e 472 1140 15 18
u 631 1139 17 19
a 660 1138 17 19
u 714 1138 8 18
c 724 1139 13 18
d 744 1132 20 25
i 765 1116 11 42
e 903 1135 16 18
e 967 1135 17 19
o 1071 1136 19 18
m 414 1181 28 20
u 443 1180 19 19
l 659 1167 7 30
f 673 1166 27 31
e 702 1179 14 18
q 1031 1176 19 26
n 441 1221 18 19
l 557 1209 7 30
a 567 1219 17 19
o 667 1217 16 20
s 802 1216 18 20
n 904 1217 18 18
o 926 1217 18 19
o 520 1259 17 20
p 919 1257 22 27
l 944 1245 7 29
n 1007 1256 18 18
D 477 1287 28 34
m 697 1297 28 19
p 791 1298 22 27
n 861 1297 19 19
o 882 1296 17 20
s 997 1296 16 18
p 465 1339 20 27
a 638 1337 18 19
n 759 1339 17 19
a 901 1336 18 19
n 959 1336 18 19
t 1072 1332 12 21
n 414 1381 19 19
m 602 1378 29 19
a 824 1377 19 19
d 846 1366 22 32
m 915 1376 29 20
