e 995 513 34 45
e 1243 509 36 45
v 1290 506 50 42
i 1345 480 23 71
u 1370 502 48 44
u 1422 500 46 45
t 1473 491 35 53
n 1520 496 46 47
e 1573 492 37 51
c 1618 494 32 47
t 1829 481 30 58
t 1870 482 37 61
a 1910 494 40 49
l 1951 471 23 71
e 1979 497 36 44
v 2027 498 50 44
i 2079 474 20 71
t 2105 486 36 56
a 2143 500 41 46
m 2196 504 66 45
q 880 622 47 65
z 930 618 23 66
r 1082 616 32 41
e 1266 608 36 47
m 1364 605 70 48
i 1487 580 25 72
p 1514 607 47 62
a 1568 599 44 47
n 1758 596 47 46
a 1878 596 41 46
a 2049 597 43 48
a 2224 603 39 47
a 2339 609 39 49
e 948 723 36 45
m 987 721 67 44
o 1060 717 43 44
n 1154 714 48 46
a 1206 710 44 46
s 1257 709 44 47
e 1380 710 37 43
q 1420 707 42 68
u 1470 707 46 44
e 1522 704 36 44
t 1563 694 34 54
a 1599 700 44 46
n 1720 698 50 48
o 1775 701 42 43
n 1821 698 51 47
a 2002 701 45 45
n 2047 698 48 47
b 939 801 45 68
i 987 798 22 70
i 1025 796 22 70
o 1121 815 45 45
b 1182 793 47 64
l 1232 791 22 69
a 1256 811 47 48
n 1304 811 51 46
d 1357 794 46 63
d 1792 786 46 61
n 1844 800 48 46
s 1896 794 46 49
a 1956 800 44 47
a 1956 800 44 47
d 2105 780 61 64
a 2172 801 41 47
e 2291 808 31 47
l 2325 787 22 69
e 2347 810 34 48
m 887 926 72 50
o 964 925 43 45
n 1060 917 48 46
a 1116 918 44 46
e 1255 914 35 47
c 1296 913 32 46
o 1406 910 44 46
i 1451 886 28 70
a 1487 908 44 46
m 1541 907 72 46
u 1615 904 48 45
n 1666 902 50 46
a 1781 900 48 47
t 1907 895 33 52
b 2038 876 48 69
o 2194 904 38 45
c 2240 906 30 46
e 2281 907 34 48
l 979 1001 22 68
a 1008 1019 43 47
p 1138 1020 52 70
a 1193 1016 43 47
a 1310 1015 42 48
t 1354 1011 36 55
n 1403 1013 50 48
o 1457 1013 45 45
m 1514 1012 74 48
t 1590 1002 36 54
e 1627 1007 33 47
l 1662 982 24 69
l 1687 983 25 69
i 1713 982 23 71
u 1956 1006 49 46
t 2007 997 34 56
m 2054 1005 69 48
l 2212 983 23 71
i 2235 983 22 72
a 2307 1010 39 48
t 2348 1006 30 52
a 894 1126 49 50
t 945 1116 36 57
d 1666 1092 44 56
i 1715 1083 22 72
t 1868 1099 35 53
e 2003 1103 35 49
m 2040 1110 67 45
m 2192 1108 64 47
l 990 1205 21 67
i 1014 1204 23 70
o 1042 1226 42 43
t 1228 1213 35 56
p 1334 1220 48 66
e 1472 1215 37 44
l 1624 1187 25 68
o 1654 1208 43 45
q 1704 1208 45 69
u 1756 1208 49 46
e 1810 1208 40 46
o 2015 1207 40 43
t 2223 1198 30 56
l 2322 1186 19 70
u 2346 1211 38 47
q 904 1325 48 66
d 1037 1314 44 59
p 1098 1326 42 66
h 1147 1302 55 68
a 1207 1321 42 46
e 1333 1321 34 43
u 1425 1318 48 43
t 1475 1310 36 53
p 1532 1314 51 69
a 1819 1305 47 47
p 1867 1310 48 63
u 1919 1306 47 45
d 1971 1288 45 62
m 2189 1308 62 46
s 974 1425 45 52
b 1185 1401 46 69
t 1312 1416 35 50
P 1402 1390 76 97
h 1483 1394 57 69
a 1546 1415 46 46
s 1763 1409 45 48
a 1822 1408 45 46
u 1871 1410 48 45
t 1921 1401 33 51
p 2028 1408 49 68
m 2143 1411 63 46
l 2331 1386 31 69
e 939 1531 34 46
p 976 1532 42 66
u 1024 1530 49 45
n 1156 1527 49 46
s 1208 1523 44 49
d 1276 1509 46 63
i 1328 1500 24 73
c 1358 1525 28 44
e 1391 1524 38 45
q 1463 1522 46 69
u 1515 1521 48 45
a 1568 1515 44 48
n 1693 1516 48 47
o 1747 1515 42 44
b 1805 1490 46 67
a 1857 1510 41 47
p 1900 1512 49 67
a 2031 1510 40 47
s 2141 1507 41 51
t 2267 1504 29 53
a 2309 1511 37 45
n 2348 1512 39 63
p 910 1635 52 70
i 1109 1607 25 69
a 1481 1622 44 46
i 1528 1596 24 73
t 1552 1611 36 59
a 1601 1619 45 46
d 1651 1602 46 63
u 1776 1616 17 44
N 1831 1588 62 86
u 1896 1613 19 42
c 1945 1612 31 45
s 2073 1607 43 50
p 2131 1610 47 69
h 2182 1587 50 69
a 2236 1612 37 44
q 910 1743 48 68
d 965 1720 46 62
i 1200 1708 24 71
s 1227 1726 46 49
e 1293 1727 37 46
c 1346 1729 32 45
a 1381 1728 43 46
c 1657 1721 33 46
a 1692 1722 43 45
m 1878 1714 71 47
u 1952 1715 46 45
d 2003 1697 43 62
a 2049 1711 41 47
s 2142 1712 42 48
q 2220 1711 40 69
d 2267 1687 40 69
a 2327 1713 34 43
t 2366 1700 27 58
m 910 1837 73 49
t 985 1833 32 53
e 1067 1839 34 44
p 1278 1831 52 69
l 1337 1808 22 69
e 1364 1828 39 50
n 1404 1827 50 47
u 1456 1827 48 44
e 1519 1824 38 48
p 1648 1829 49 61
m 1701 1819 71 50
i 1891 1798 19 64
m 1912 1815 73 46
q 1991 1815 43 66
t 2038 1803 34 56
a 2072 1812 39 47
S 2213 1782 48 83
l 2329 1790 18 68
N 914 1910 66 92
e 1088 1936 36 47
q 1140 1938 48 67
i 1318 1906 26 73
d 1346 1916 47 63
q 1410 1929 46 68
d 1465 1901 48 70
i 1709 1897 25 71
s 1737 1919 45 48
e 1806 1918 35 44
e 1878 1915 36 47
a 1972 1916 43 44
i 2026 1880 25 81
d 2053 1896 44 62
q 2124 1914 43 67
d 2173 1892 42 62
m 2228 1913 61 45
t 2291 1900 29 56
e 2367 1910 31 46
i 1023 2018 20 70
q 1511 2026 47 68
a 1873 2015 43 49
e 2002 2016 33 48
l 2038 1993 24 70
e 2065 2015 34 48
m 2102 2015 63 48
o 2172 2014 40 44
n 2260 2010 42 46
a 2305 2010 37 44
m 2343 2010 57 46
o 1139 2139 42 45
i 1181 2113 24 71
a 1211 2135 45 47
m 1280 2132 71 45
u 1357 2133 45 43
t 2325 2104 30 52
l 929 2226 25 71
m 1173 2241 70 45
u 1246 2240 46 44
s 1297 2233 43 49
u 1358 2235 46 44
t 1408 2229 34 56
p 1455 2236 42 65
h 1504 2209 54 69
a 1563 2231 41 45
e 1691 2232 37 44
i 1730 2205 19 72
s 1756 2226 44 50
n 1816 2227 46 45
o 1868 2223 43 45
h 1930 2201 54 68
e 2271 2217 31 44
x 2310 2216 33 57
p 2345 2216 37 65
i 2385 2188 20 73
e 923 2351 42 49
a 1018 2347 45 45
n 1136 2341 50 47
o 1192 2343 42 43
m 1251 2342 70 45
u 1402 2336 20 45
c 1439 2336 32 45
r 1473 2336 34 44
i 1602 2306 25 72
i 1768 2305 23 71
t 1792 2320 35 55
n 2068 2321 47 45
a 2120 2320 40 45
n 2338 2315 39 44
t 2378 2301 27 57
e 925 2455 43 47
a 1026 2452 44 45
q 1076 2449 47 68
p 1222 2442 51 72
u 1281 2443 46 43
m 1462 2439 43 44
u 1535 2440 47 42
n 1742 2432 50 47
t 1794 2419 33 57
o 1843 2428 43 45
i 1888 2403 24 70
a 1918 2428 44 45
t 1974 2421 36 50
l 2202 2396 22 70
e 2229 2420 31 46
m 2265 2417 61 46
n 926 2556 50 48
a 983 2555 43 45
s 1034 2551 42 33
d 1165 2530 44 63
e 1218 2547 37 45
n 1281 2543 49 46
e 1495 2540 34 46
a 1535 2539 41 44
s 1582 2537 44 49
i 1640 2515 22 70
d 1764 2518 45 61
a 1817 2532 42 46
d 1863 2516 45 60
a 1913 2530 43 46
p 1999 2527 49 68
u 2055 2527 45 42
t 2178 2513 31 54
n 2341 2513 42 46
o 931 2662 45 44
m 1078 2657 72 47
m 1151 2653 72 44
u 1225 2651 49 45
n 1275 2647 51 48
d 1333 2629 44 62
q 1464 2643 46 70
u 1514 2644 49 46
o 1566 2649 44 44
s 1620 2639 46 50
n 1679 2639 50 47
o 1734 2639 44 44
m 1794 2638 70 45
u 1866 2635 49 45
n 1918 2635 45 44
d 1969 2615 45 62
p 2338 2620 40 65
i 2380 2591 21 70
q 1025 2763 44 68
q 1027 2763 42 68
p 1153 2760 48 67
a 1956 2734 41 46
i 2008 2710 22 70
l 2034 2709 24 69
l 2060 2710 21 66
o 2086 2732 39 43
a 2265 2721 39 47
p 2305 2720 45 69
d 938 2849 47 62
i 990 2842 23 71
n 1146 2860 49 45
m 1200 2860 64 44
u 1270 2856 49 43
a 1467 2849 45 47
u 1539 2851 24 44
t 1571 2843 27 55
m 1613 2848 72 48
l 1807 2817 24 69
i 1834 2816 20 71
m 1945 2838 71 45
c 2021 2832 30 46
h 2054 2809 53 67
e 2172 2827 34 45
m 2226 2825 62 44
u 2289 2821 42 43
n 2333 2817 41 46
d 2378 2794 39 69
l 1083 2945 22 66
l 1109 2945 20 65
t 1340 2951 36 54
e 1390 2956 36 47
o 1427 2956 43 45
m 1543 2955 72 46
a 1952 2940 43 46
Q 2050 2904 63 81
u 2116 2934 46 44
o 2167 2932 39 43
p 2285 2925 42 67
a 2386 2916 36 46
i 973 3051 19 67
e 1021 3073 37 43
i 1060 3047 17 67
s 1083 3066 44 47
a 1343 3059 41 46
m 1404 3059 68 45
u 1475 3057 49 45
n 1526 3054 49 46
a 1642 3053 46 45
e 1703 3049 37 46
e 1799 3048 34 46
n 1836 3045 50 47
t 1889 3038 33 54
e 2037 3037 35 46
l 2074 3012 22 70
m 2137 3035 67 45
o 2210 3029 38 44
n 2294 3022 42 47
a 2341 3020 35 43
s 2381 3012 38 50
d 947 3152 48 63
a 1000 3174 42 45
n 1108 3170 49 46
t 1158 3155 33 58
l 1405 3138 20 72
e 1433 3157 37 49
s 1473 3156 46 48
n 1535 3154 50 48
o 1588 3155 44 44
A 1865 3110 68 105
u 1936 3144 47 48
t 1985 3128 37 59
q 2040 3138 43 67
u 2089 3136 44 44
o 2139 3137 40 45
l 2331 3099 20 70
