i 688 476 23 71
e 815 493 36 50
o 1062 489 42 47
m 1225 490 69 48
i 1327 469 23 72
q 1446 496 44 69
u 1897 498 47 47
t 749 590 32 58
t 1059 587 34 53
h 1125 569 57 69
u 1189 593 18 44
a 1239 594 44 46
n 1286 596 47 46
a 1339 597 46 46
q 1410 595 46 71
u 1463 599 46 44
a 1514 597 49 48
a 1628 599 45 47
m 1762 600 69 48
u 1834 603 28 44
o 1890 603 44 46
l 1939 581 22 69
e 1966 602 37 45
a 2060 598 45 53
m 588 706 63 51
i 776 673 23 76
v 811 696 50 46
i 863 670 23 70
n 990 692 44 46
N 1182 673 62 94
a 1255 694 42 47
m 1303 698 68 46
r 1457 701 29 43
i 1487 674 21 71
p 1511 701 49 67
d 1735 687 46 64
i 1787 681 23 72
u 1811 707 47 45
m 1862 708 70 47
a 1937 705 48 47
a 2008 706 46 47
u 586 807 44 46
d 635 790 42 62
l 805 776 25 70
t 830 784 33 60
a 863 793 40 49
r 915 793 37 46
i 1202 762 23 83
b 1228 772 46 69
u 1348 798 20 46
a 1382 796 46 48
u 1432 801 46 44
t 1482 792 36 54
h 1619 780 55 68
a 1677 802 43 46
c 1726 806 33 44
q 1773 806 45 68
u 1827 808 48 46
e 1881 806 35 47
o 2009 814 43 45
e 2062 809 38 48
c 658 905 29 46
p 742 906 45 63
i 945 872 21 71
u 967 896 46 44
s 1021 889 45 52
l 1207 873 23 72
u 1232 900 24 43
s 1285 897 45 48
e 1347 900 35 45
o 1666 908 43 46
p 1712 909 51 68
i 1765 884 24 72
b 1792 885 46 68
u 1843 912 47 46
s 1895 906 44 49
u 1975 913 49 46
m 653 1008 43 65
p 782 1005 49 67
a 1115 998 43 47
q 1232 1000 44 69
a 1338 1001 44 45
o 1619 1007 44 45
a 1691 1011 47 47
d 1745 995 45 63
i 1797 988 24 70
u 1823 1011 45 46
u 1873 1012 49 46
a 1926 1013 44 46
n 1974 1015 46 46
i 733 1082 24 73
m 845 1104 67 45
o 917 1102 41 44
e 1237 1099 58 49
e 1445 1105 37 46
a 1534 1110 47 48
l 1583 1085 24 70
u 1610 1110 47 45
o 1662 1114 45 44
e 1888 1118 39 47
q 1960 1119 50 70
a 2053 1124 48 49
s 634 1206 41 48
i 776 1180 22 73
n 869 1201 45 46
t 916 1178 37 69
a 965 1200 40 46
p 1010 1201 50 69
l 1065 1178 22 70
u 1090 1203 45 45
s 1143 1198 44 52
p 1201 1206 46 65
a 1253 1202 43 48
u 1300 1204 49 45
l 1353 1181 23 76
u 1379 1207 47 44
s 1430 1204 45 50
p 1571 1208 52 70
t 1772 1202 34 58
d 1820 1197 46 63
i 1872 1192 22 75
n 1966 1219 49 48
I 585 1307 39 76
n 631 1309 45 47
e 823 1303 33 47
i 858 1281 27 71
i 891 1280 23 71
z 1195 1302 26 68
u 1364 1307 45 47
o 1523 1309 43 46
q 1585 1314 43 66
c 1709 1316 30 47
q 1742 1316 42 69
u 1792 1318 48 48
a 1845 1320 40 45
v 1889 1322 49 45
a 1942 1323 42 46
l 1990 1300 22 70
e 2018 1325 36 46
t 2058 1320 36 57
n 585 1409 44 47
q 670 1410 40 68
u 840 1407 45 46
u 946 1406 45 45
s 1228 1403 44 49
q 1290 1406 46 69
u 1343 1408 48 46
e 1399 1408 36 48
p 1447 1410 53 71
d 1518 1395 46 64
i 1570 1388 21 75
l 1596 1392 23 69
e 1706 1416 33 48
m 1745 1420 70 48
o 1842 1423 43 43
p 1888 1427 51 65
a 1944 1424 41 47
r 2061 1430 35 47
S 586 1487 49 71
i 641 1488 19 71
a 670 1510 44 48
u 717 1512 45 45
t 769 1501 26 55
m 808 1508 66 47
a 878 1506 42 47
e 1003 1505 35 49
t 1042 1494 33 57
n 1086 1505 49 45
o 1141 1508 45 45
n 1290 1507 47 48
e 1343 1512 37 43
o 1407 1514 44 45
p 1452 1516 51 66
a 1508 1516 44 46
l 1816 1500 22 71
d 1863 1510 45 61
u 1917 1526 48 45
b 1972 1505 43 69
i 2018 1508 22 71
o 2045 1535 44 45
m 650 1613 22 45
a 711 1610 44 46
o 902 1609 40 44
l 947 1587 22 69
u 971 1610 46 45
i 1029 1586 22 72
a 1055 1608 43 48
b 1185 1585 45 69
u 1236 1611 46 46
a 1514 1618 43 47
e 1584 1620 38 47
m 1637 1622 69 47
a 1857 1631 43 47
Q 1944 1608 69 79
s 770 1706 41 50
a 826 1709 43 47
i 871 1687 23 73
S 963 1685 53 72
i 1020 1687 23 71
d 1186 1696 45 62
i 1237 1689 24 74
t 1344 1705 37 61
q 1394 1718 45 66
s 1520 1717 46 50
h 1661 1702 57 69
e 1758 1726 38 47
o 1830 1731 42 44
p 1876 1733 51 68
a 1933 1733 43 47
a 1998 1736 42 45
u 2045 1739 48 46
n 580 1814 41 47
o 627 1812 39 46
a 737 1811 41 47
t 894 1802 29 57
u 997 1813 46 49
n 1047 1812 50 48
q 1103 1814 44 71
d 1232 1797 46 63
t 1475 1812 35 61
s 1646 1823 46 51
a 1731 1828 49 49
l 1783 1806 22 71
u 1809 1833 47 46
a 1861 1834 43 47
e 1911 1838 40 46
u 2002 1838 44 45
P 582 1890 67 97
o 746 1916 39 46
a 804 1915 41 47
u 851 1916 45 44
t 901 1901 31 58
l 1197 1895 22 72
s 1419 1920 46 50
p 1466 1926 66 68
p 1538 1931 48 63
t 1591 1916 33 60
i 1705 1906 22 72
p 1729 1933 47 67
a 1805 1936 49 48
m 1857 1936 72 51
e 2057 1942 39 46
o 607 2014 40 47
l 655 1994 16 70
a 672 2015 43 47
i 845 1995 21 70
n 924 2018 46 47
e 975 2018 38 48
a 1052 2019 44 47
l 1097 1996 27 73
u 1127 2020 48 46
a 1178 2018 47 48
b 1230 1996 46 70
i 1278 1999 23 71
e 1610 2030 38 46
a 1677 2030 45 49
i 1792 2011 19 71
p 1813 2038 51 68
i 1867 2014 22 73
e 1895 2038 37 47
n 1934 2038 45 47
u 2045 2045 47 47
q 581 2117 40 68
d 631 2093 43 69
a 690 2117 40 47
i 731 2096 21 72
t 755 2110 32 59
b 797 2095 45 70
t 849 2115 30 55
u 887 2120 43 46
s 934 2118 45 49
p 1003 2123 50 69
a 1060 2122 44 48
u 1107 2125 47 45
l 1159 2100 23 74
a 1231 2125 47 47
o 1438 2131 43 45
l 1487 2105 41 69
a 1678 2133 44 47
u 1728 2137 46 46
t 1777 2127 36 57
a 1860 2142 48 49
l 1910 2117 25 73
u 1938 2144 47 46
u 1987 2144 49 46
s 2042 2141 46 54
i 646 2196 19 69
q 910 2224 42 69
u 959 2226 46 47
a 1010 2223 43 48
p 1113 2230 50 67
i 1175 2203 24 71
P 1455 2206 77 96
o 1541 2235 44 46
t 1590 2225 34 58
t 1682 2231 35 54
a 1833 2243 48 50
l 1884 2220 23 73
u 1911 2246 48 47
a 1967 2250 42 45
e 2051 2246 37 50
m 657 2321 62 48
n 775 2323 46 46
e 826 2324 36 48
o 875 2325 41 46
p 921 2333 46 64
i 972 2303 23 70
e 1199 2329 37 48
s 1238 2327 44 49
l 1466 2309 25 71
e 1585 2336 39 47
t 1648 2323 32 63
q 1693 2340 42 68
d 1743 2326 45 62
d 1822 2327 46 63
i 1874 2322 22 74
t 1956 2337 37 62
i 2017 2328 22 71
a 2044 2349 45 49
b 647 2396 42 69
a 738 2432 40 39
o 837 2432 43 40
l 1069 2405 24 73
i 1349 2411 20 73
l 1370 2409 24 72
l 1397 2411 24 72
d 1426 2420 46 64
q 1493 2438 44 70
d 1545 2416 46 70
i 1619 2417 24 73
p 1737 2449 50 63
a 1790 2445 41 49
u 1836 2450 46 44
l 1884 2424 24 72
a 1955 2450 44 47
o 633 2525 38 43
a 741 2525 44 48
i 787 2490 22 85
t 811 2518 35 56
N 879 2506 62 85
o 948 2530 43 46
t 1047 2520 33 57
e 1081 2528 36 50
m 1129 2534 72 47
q 1207 2534 44 70
t 1336 2529 35 56
r 1545 2542 36 49
e 1583 2542 35 50
n 1649 2547 47 46
e 1703 2547 38 48
q 1742 2547 45 71
z 1790 2550 27 69
i 1981 2532 28 70
c 2014 2557 31 44
a 2045 2557 43 49
n 774 2630 46 46
z 910 2635 26 68
i 947 2611 23 72
l 1053 2614 24 69
i 1079 2613 23 72
s 1108 2636 44 50
e 1352 2642 33 47
n 1388 2642 50 48
s 1515 2642 43 51
n 1594 2643 44 50
e 1644 2643 35 52
q 1682 2650 42 67
z 1729 2648 25 66
a 1771 2651 46 47
u 1884 2656 45 45
l 1935 2631 22 70
t 1960 2646 35 59
n 575 2724 44 48
e 623 2729 37 48
q 661 2729 40 68
m 744 2734 66 46
o 814 2736 42 45
e 914 2735 34 50
n 1025 2739 47 47
m 1156 2744 70 47
a 1233 2744 43 48
l 1387 2722 22 70
o 1414 2747 44 46
n 1961 2760 48 46
s 707 2830 42 49
n 778 2835 45 46
e 828 2838 35 45
q 866 2837 42 69
z 915 2838 26 69
a 958 2841 43 47
u 1005 2843 48 45
a 1061 2840 43 51
n 1184 2846 48 46
e 1237 2843 37 47
q 1277 2849 42 66
z 1323 2845 27 68
m 1374 2847 74 49
a 1451 2848 46 46
i 1622 2826 21 72
e 1792 2856 38 47
q 1831 2860 42 66
e 1933 2858 36 48
b 1973 2837 45 70
o 573 2928 41 45
n 691 2931 44 47
e 744 2934 31 47
q 776 2939 41 65
z 823 2938 26 66
p 949 2945 45 65
a 1000 2941 40 47
r 1299 2950 34 45
e 1334 2948 34 47
u 1474 2952 46 46
b 1804 2933 45 69
u 1855 2959 47 45
S 2000 2935 54 88
i 2056 2938 25 74
a 724 3035 40 45
m 775 3038 68 45
i 851 3013 21 70
s 966 3041 43 48
r 1101 3047 35 44
e 1164 3049 37 46
u 1204 3048 44 48
e 1255 3048 36 50
s 1444 3047 47 50
c 1511 3051 32 46
r 1548 3056 33 42
i 1582 3030 19 70
m 1602 3054 73 47
i 1677 3035 24 68
m 1724 3059 49 47
a 1923 3062 42 46
m 1968 3062 69 50
e 2044 3064 38 45
p 573 3134 56 66
p 633 3133 42 64
t 679 3111 35 71
f 726 3110 37 71
e 1095 3148 37 47
t 1172 3142 34 59
q 1240 3151 46 72
u 1292 3154 49 46
o 1345 3156 44 46
m 1403 3156 71 50
n 1611 3155 44 46
o 1661 3158 43 46
i 1792 3135 19 72
n 1821 3160 50 50
o 1876 3165 43 44
e 1937 3165 37 49
t 2018 3155 29 61
