n 332 250 22 24
m 485 249 35 24
m 832 252 31 23
i 255 287 12 34
m 336 297 32 22
z 429 297 12 30
n 512 297 22 23
d 534 291 22 28
m 615 300 31 24
r 695 297 20 25
b 734 289 20 32
m 266 343 31 23
n 366 344 22 22
p 616 346 31 31
n 677 346 22 25
r 764 346 17 22
s 843 344 21 23
a 878 347 17 20
m 169 389 32 24
m 289 392 44 21
u 359 392 19 21
p 380 392 23 30
m 589 391 31 21
u 621 393 21 22
u 699 394 21 20
l 726 381 11 33
d 792 386 20 29
m 169 426 33 35
i 272 424 11 35
m 350 437 31 21
q 564 439 21 30
a 644 439 20 21
s 749 437 20 24
p 205 481 23 32
s 261 481 19 23
q 295 482 20 32
a 357 482 19 22
m 401 482 32 21
o 434 483 19 21
d 484 476 21 28
e 508 483 16 22
m 623 484 32 22
e 718 484 17 22
m 871 484 32 21
n 250 525 22 23
b 420 517 21 32
d 646 521 21 29
e 669 529 17 24
n 692 528 21 25
p 170 574 24 31
i 210 562 12 32
m 243 573 30 20
m 280 573 31 22
l 611 563 11 31
n 642 573 22 21
s 667 572 20 22
m 716 573 31 21
a 748 574 18 22
m 796 573 30 21
m 171 606 32 33
s 259 616 20 22
m 327 618 31 20
a 360 619 20 20
s 476 616 19 21
o 622 615 20 19
m 694 618 30 20
o 848 618 19 21
i 276 651 11 34
c 289 663 15 20
r 369 662 15 20
a 427 662 17 20
i 473 651 12 32
d 519 654 22 27
m 701 662 32 21
s 903 659 21 23
m 245 706 30 20
s 277 705 19 22
i 797 696 10 33
m 879 707 30 21
e 910 708 18 22
i 297 788 13 33
a 324 799 18 21
n 498 797 19 22
e 541 798 16 23
a 558 799 18 21
q 584 800 21 30
q 584 800 21 30
m 684 798 30 23
p 715 799 23 30
m 739 799 32 21
l 833 788 8 31
n 900 798 22 22
r 389 844 16 23
s 522 842 21 24
s 662 843 20 22
p 688 845 22 30
p 738 846 22 29
e 761 845 17 21
b 861 833 19 31
u 882 845 20 20
s 903 842 22 23
n 173 887 23 27
c 346 892 14 20
m 405 891 30 21
a 437 892 17 20
m 456 891 30 21
n 566 890 22 23
p 648 891 21 30
a 767 890 20 22
m 792 889 32 22
d 174 928 21 29
a 197 936 19 21
m 216 934 30 22
n 331 937 21 21
o 370 937 19 21
q 465 936 21 31
n 523 936 21 22
o 545 937 19 21
n 566 936 21 23
n 593 936 23 22
n 639 935 19 22
w 698 936 38 22
l 737 925 9 33
d 845 929 21 28
e 870 936 14 22
u 884 935 19 22
m 236 981 29 21
e 268 981 16 22
u 381 983 21 20
o 406 983 19 20
s 428 981 19 21
q 456 983 21 30
z 480 981 10 28
i 523 971 10 32
u 648 981 23 21
o 789 981 19 21
s 809 981 18 22
h 836 971 24 40
m 862 982 29 21
p 168 1021 35 33
n 239 1026 20 22
d 262 1018 20 29
a 287 1026 18 21
a 329 1026 20 22
r 382 1028 13 21
c 440 1028 14 21
i 543 1017 10 32
a 555 1028 20 20
m 170 1069 31 22
p 832 1072 22 30
c 173 1114 16 22
i 241 1096 10 41
a 332 1119 18 20
e 581 1120 17 22
a 637 1118 18 23
e 663 1116 16 25
i 870 1107 11 34
r 278 1161 15 21
d 301 1154 20 27
u 394 1164 20 21
u 478 1166 19 20
m 498 1165 30 22
b 638 1155 20 31
s 798 1162 19 23
n 855 1164 21 22
z 605 1211 11 30
w 679 1210 38 23
s 748 1209 20 23
a 775 1212 19 21
u 796 1210 20 23
e 866 1210 16 22
a 902 1211 20 22
p 227 1252 22 31
i 249 1241 12 33
l 307 1242 11 32
i 356 1234 10 42
m 402 1254 30 22
s 432 1254 20 23
a 639 1258 20 21
p 701 1257 23 31
p 771 1257 21 30
o 811 1256 20 22
n 169 1295 36 24
n 307 1298 21 23
r 636 1303 16 22
n 721 1302 21 22
a 766 1302 18 21
d 793 1295 20 28
e 845 1300 15 22
r 861 1300 18 21
w 286 1345 38 22
l 326 1335 11 32
q 452 1346 20 31
s 548 1345 20 23
n 574 1346 21 23
n 617 1347 21 22
n 694 1347 21 22
u 716 1348 21 20
i 783 1337 10 33
n 823 1347 20 21
d 845 1338 20 28
m 890 1344 31 22
l 282 1379 12 32
a 294 1390 20 22
C 329 1381 28 32
n 378 1390 22 23
t 488 1389 15 25
i 537 1382 12 33
c 549 1392 16 22
s 717 1390 20 22
n 744 1391 21 22
o 767 1392 19 20
m 800 1390 28 21
q 169 1434 23 30
r 283 1434 17 25
f 305 1424 19 33
t 498 1432 14 29
m 649 1436 31 23
r 710 1434 17 23
u 766 1434 20 23
l 804 1424 10 32
e 885 1435 15 20
s 902 1430 20 23
