m 206 308 29 19
i 330 290 12 32
m 342 301 27 20
m 376 301 28 19
m 523 295 27 18
g 553 292 22 28
l 594 280 8 30
p 693 288 21 27
C 768 271 30 34
m 176 349 29 20
o 207 347 17 19
t 284 344 15 20
e 311 343 16 18
x 328 343 19 26
e 348 342 14 18
m 363 342 28 18
v 459 335 24 21
u 506 335 19 19
u 653 330 8 18
p 668 327 20 28
m 700 327 39 20
i 740 303 13 43
p 777 323 21 26
s 243 386 16 19
c 268 386 14 17
a 285 383 18 21
o 430 380 18 18
e 452 378 15 18
e 569 374 16 18
s 671 368 17 19
c 696 368 13 18
m 179 429 29 20
e 210 427 15 19
q 289 425 19 26
q 289 425 19 26
d 312 412 21 29
p 340 423 18 26
n 452 420 8 17
o 475 418 17 19
m 524 416 28 19
t 595 411 12 21
i 612 389 9 51
i 643 388 10 43
i 727 384 11 42
s 739 405 18 20
i 845 388 11 32
a 194 467 18 20
d 219 460 21 26
a 243 466 18 19
r 323 463 16 18
m 417 460 28 18
u 446 458 19 18
d 469 446 21 31
o 493 457 19 19
d 517 451 21 23
a 541 454 17 19
n 580 454 17 19
A 663 437 28 33
b 692 437 19 29
h 743 434 20 33
a 766 445 17 19
m 783 442 27 19
d 841 429 22 30
p 182 510 22 26
d 232 495 21 30
m 425 499 28 19
e 456 498 14 18
a 508 497 18 18
t 275 547 12 20
o 356 541 17 20
t 381 539 12 19
p 395 541 20 26
e 418 540 15 18
s 503 535 18 20
q 183 589 18 26
s 300 584 18 19
s 503 576 18 19
u 558 575 16 18
n 594 574 17 18
h 723 554 21 33
r 789 563 16 19
o 807 562 17 19
p 186 630 21 26
u 320 625 15 17
s 379 621 17 19
o 451 619 18 19
o 495 617 18 19
m 794 604 18 18
d 185 664 21 24
q 252 667 18 26
d 274 655 22 30
d 365 650 21 30
m 546 655 27 18
e 576 654 14 18
o 741 644 19 20
n 762 644 17 19
g 782 642 26 29
e 850 641 16 17
n 187 710 19 19
e 281 706 15 18
p 303 707 21 26
l 418 689 8 29
o 429 700 18 19
m 567 694 28 18
a 634 690 18 19
P 816 670 29 38
o 849 680 17 20
p 188 749 20 26
u 211 749 9 17
d 300 735 21 28
a 324 744 16 17
q 403 740 17 24
e 443 736 15 18
a 467 738 17 17
d 486 725 22 29
e 527 733 15 17
s 597 729 17 18
m 642 729 26 18
u 670 727 19 19
e 815 721 16 18
a 840 720 18 19
b 191 778 20 30
i 402 758 11 40
g 442 776 21 28
p 540 773 14 27
n 584 771 17 18
e 605 770 17 18
p 647 770 20 26
a 680 767 18 19
o 790 762 18 19
d 193 822 21 25
d 193 822 21 25
t 254 823 13 21
u 384 821 17 18
t 429 817 11 19
i 487 794 10 42
l 527 802 8 30
r 588 811 16 18
c 670 809 13 17
d 735 794 21 29
r 194 868 16 18
e 212 868 15 18
p 233 866 20 27
e 398 862 15 18
n 421 858 18 19
o 441 857 18 19
s 462 856 19 19
u 507 855 18 19
P 598 837 30 40
o 687 846 18 20
l 747 834 9 30
o 758 844 17 19
q 817 843 17 25
e 856 836 16 19
a 310 903 18 19
n 419 899 18 18
e 441 897 16 19
u 518 894 19 19
a 539 894 19 19
r 648 888 14 18
h 669 876 20 34
i 730 873 9 33
u 197 949 20 18
e 220 947 14 19
t 266 944 13 21
n 592 932 17 19
a 613 931 17 18
p 632 929 31 29
n 695 929 9 17
e 200 990 16 17
p 264 987 20 25
e 623 971 14 18
c 646 970 14 18
m 761 965 27 18
e 792 963 15 18
p 852 958 29 30
a 318 1023 17 17
e 392 1020 16 17
r 435 1017 14 18
e 450 1016 14 17
h 532 1002 19 31
a 555 1013 17 18
c 574 1013 13 18
p 593 1011 19 26
e 733 1005 15 18
u 233 1066 17 18
s 252 1063 18 19
u 391 1059 20 17
e 458 1055 15 18
g 523 1053 25 26
p 673 1047 18 25
m 739 1044 28 19
i 768 1022 12 40
e 780 1044 14 16
p 801 1042 20 26
s 229 1105 17 19
s 564 1089 18 20
o 591 1091 18 19
p 612 1089 22 27
i 635 1066 10 42
s 767 1081 18 19
r 205 1147 17 18
e 223 1145 15 18
p 538 1131 19 26
p 635 1129 21 26
e 732 1124 16 18
p 753 1124 21 26
e 778 1121 15 19
u 863 1118 19 19
t 437 1174 12 20
p 493 1174 20 26
p 670 1167 21 26
e 694 1166 14 18
a 783 1160 18 20
l 469 1204 8 29
i 543 1199 10 33
q 587 1211 18 26
s 711 1204 18 19
m 795 1201 28 19
o 826 1200 18 19
e 297 1264 14 18
p 342 1263 21 27
e 366 1260 14 19
a 450 1256 18 18
l 546 1240 6 31
n 637 1248 18 19
a 211 1308 19 19
p 264 1306 21 27
a 354 1301 18 19
i 405 1277 11 43
s 420 1299 17 19
s 542 1291 17 19
i 587 1278 10 32
d 600 1278 22 30
e 731 1286 16 18
o 748 1284 18 19
i 811 1269 13 32
a 842 1278 19 20
p 283 1346 21 26
n 349 1343 19 18
o 371 1340 19 20
a 554 1332 18 20
d 575 1318 23 31
n 634 1329 18 19
q 717 1326 19 26
q 717 1326 19 26
a 829 1320 18 20
s 290 1385 18 20
o 337 1384 18 19
N 411 1368 31 41
e 533 1372 15 20
s 593 1370 18 20
i 679 1355 9 32
m 756 1364 27 18
e 787 1363 15 19
