28 0.6584225030914416 0.6787663478459084 0.016054423950536936 0.020181109642124457
28 0.19869731988285064 0.3470131059949852 0.017032455580865604 0.016870907681787096
18 0.6583605232671657 0.44487361385912927 0.01807978132118451 0.01662196854342375
12 0.37527833908233 0.13770150718030544 0.019102281809306867 0.01634116799635286
12 0.5270046156849985 0.11537401230909507 0.027612178327367395 0.017308097560975608
18 0.6076330361210543 0.11564197492591749 0.018535133094695736 0.01680496740369273
21 0.5146313101204035 0.7277912523364486 0.017103932313699968 0.01643185046728972
18 0.45917236316303284 0.25394581445178943 0.01897615619915392 0.016966258490996124
18 0.6027496257728604 0.6072977068611808 0.01885869443540514 0.01707608114884887
18 0.5180900175724048 0.6522862493731479 0.01775522030589001 0.016756183268748576
1 0.5843384523267166 0.1914685096877137 0.015669399284087213 0.016473515386368816
12 0.5496394142531729 0.3959544472304536 0.019302549951187763 0.016820606336904492
12 0.535706782948259 0.18541157419648963 0.018527468922876666 0.01597855482106223
18 0.5192486404165311 0.13891982676088444 0.018860027334851936 0.01711249418737178
18 0.2985241575008135 0.16039429952131296 0.017845357630979497 0.016669118759972647
18 0.37556441262609824 0.3227148721221792 0.01845132704197852 0.016290049692272626
1 0.4109338991213798 0.7263688096649191 0.015540624536283762 0.01676190198313198
1 0.49306349755938816 0.5637633517209939 0.015452086690530427 0.01703406610439936
4 0.30404036186137323 0.2763607239571461 0.012643734201106411 0.016148715751082742
1 0.19558116758867558 0.49019290813767946 0.013735862024080702 0.016079507636197858
4 0.6561399127888058 0.11789374789149762 0.012756764074194597 0.014853718714383405
1 0.3660588402212821 0.42142420059266017 0.015135639700618288 0.016778941417825394
11 0.2665172430849333 0.4855427763847732 0.01520386749105109 0.01661146478231137
18 0.5996309742922226 0.2800029614770914 0.01545095372600065 0.014945334852974699
1 0.40826043605597134 0.23585238568497835 0.015240555548324113 0.016361008434009575
1 0.28570349755938823 0.608118284020971 0.011736579498861048 0.016473748803282427
18 0.2120982909209242 0.4850656722133576 0.014268188740644323 0.015904444950991567
19 0.5486642316954117 0.11795525324823342 0.011559520468597461 0.011107423934351494
18 0.21353115782622845 0.1872189213585594 0.014350678555157826 0.014858036927285162
28 0.321999349170192 0.3933874447230454 0.017690741295151316 0.019106808297241852
4 0.2970654656687276 0.3950639617050376 0.012325054604620892 0.01294051698199225
11 0.21706250829808005 0.550177086847504 0.014421688773185812 0.008376247640756783
19 0.5608472658639765 0.3053130576703898 0.010295681874389848 0.011325517027581491
18 0.47142620761470877 0.5582012600866195 0.015403752424341034 0.01620193480738546
18 0.379855349170192 0.533461051287896 0.01862160494630654 0.016811736494187372
29 0.3947023494956069 0.16430951812172326 0.021604633908232997 0.02212430544791429
1 0.42718044386592907 0.32844969227262366 0.015358383859420762 0.016256787782083428
1 0.5225252404816141 0.3071416457715979 0.015215763618613732 0.015928136767722815
4 0.41385394858444513 0.5590232377478915 0.011724366807679793 0.012715152951903352
18 0.5624655724048161 0.6761610649646683 0.018200741945981126 0.016846048780487805
1 0.46634752749755937 0.14378948712103945 0.015455702180279857 0.01679329655801231
1 0.5740349729905629 0.5886138500113973 0.015052416791409047 0.016781392295418283
18 0.39693179043280186 0.6755042297697743 0.022068482915717537 0.01524177433325735
19 0.660250074845428 0.5877404039206747 0.010255461633582819 0.010520158650558468
1 0.3028564139277579 0.5148164084795989 0.01453475196876017 0.01649919124686574
12 0.340108454279206 0.4397045963072715 0.028162999023755287 0.017875417369500796
1 0.4779297572404816 0.1209043592432186 0.015131041197526847 0.01624570047868703
12 0.26822468727627724 0.1385125142466378 0.026141657012691184 0.017092303624344655
9 0.5648046443215099 0.2582096412126738 0.015550604620891638 0.011980940050148164
9 0.4066344653433127 0.32532423979940733 0.014777039765701269 0.011785103259630727
1 0.4609052990562968 0.3992107298837474 0.01519995209892613 0.0154908301800775
8 0.5312818900097624 0.7241350098016868 0.015149585161080377 0.010585632094825622
18 0.5013991174747804 0.32527522224754957 0.01526753010087862 0.015254028721221793
11 0.40711714155548323 0.18386285297469798 0.015724431369996746 0.016757116936403006
1 0.5737532313699967 0.3079088871666287 0.014152143182557761 0.01644818965124231
8 0.2899414513504719 0.2790095390927741 0.015022826423690206 0.01089172336448598
1 0.2591811478034494 0.6774752021882836 0.013657337585421411 0.015621193526327785
4 0.4434856361861373 0.395269368589013 0.01283357240481614 0.015099506724413037
18 0.654893318581191 0.4682541691360839 0.018454159453302962 0.01682690859357192
19 0.6090345798893589 0.2592306067927969 0.01028735125284738 0.010759072532482334
9 0.46919226814188086 0.443481982220196 0.015519081548974942 0.011921652154091635
4 0.48562875105759845 0.4197676407567814 0.012178352359258054 0.014519815819466606
18 0.5719941373250895 0.16387442899475727 0.015732262154246664 0.01505784180533394
4 0.45237807484542786 0.6998773904718486 0.011933598698340386 0.012332582630499201
4 0.3459610491376505 0.5805422931388192 0.01121543247640742 0.013625362206519262
1 0.400005789781972 0.5855069541828128 0.015433975919297103 0.016504443127421928
5 0.49986028506345587 0.3739714757237292 0.015010713699967457 0.01066212281741509
6 0.20562923006833714 0.5339656986551174 0.01301371376505044 0.011274993936630956
0 0.4867095658965181 0.2344259749259175 0.024329580214773834 0.01150276216093002
12 0.23005944419134397 0.4159184791429223 0.01774272437357631 0.016483435605197175
2 0.27472223885453956 0.5351828511511284 0.012332252261633583 0.011656840665602916
18 0.4084160520663846 0.41675061043993616 0.015827980995769604 0.015101957602005925
19 0.25754982883176053 0.5118859758377022 0.011057833778067036 0.010357607111921586
18 0.6002007888057274 0.537508267152952 0.015461850178978198 0.015004272623660816
7 0.4796915170842825 0.32948664691132895 0.017673746827204687 0.0164786505584682
11 0.6486491845102506 0.3510286938682471 0.014584085909534656 0.016348170503761115
0 0.5437459993491702 0.3742551939822202 0.02394153986332574 0.010068065101436062
9 0.2572937122030589 0.394534455436517 0.014000142661893915 0.011780551629815363
0 0.5333228922876667 0.7016501919307043 0.024100321509925155 0.01132969519033508
23 0.5084899759192971 0.584853036699339 0.012104059876342338 0.011596875860496923
4 0.2955356303286691 0.4171967868702986 0.010258127432476408 0.013759226806473672
19 0.2242500019524894 0.14240415773877366 0.009667503026358607 0.010736932938226577
12 0.3064589079075821 0.2993753982220196 0.01869458119101855 0.016619284248917256
19 0.5670252547998698 0.46849914018691585 0.011222780084607876 0.011065140460451333
4 0.4556813328994468 0.4187710672441304 0.01184830979498861 0.01291997629359471
9 0.32114146176374875 0.6985204212445862 0.014284000260331923 0.011264245087759289
8 0.19744156199153923 0.3263386697059494 0.014817526586397657 0.010893754091634374
4 0.675621071265864 0.3071458472760429 0.012662228180930686 0.013474108046501026
4 0.5229570999023756 0.44404843838614083 0.01121286664497234 0.012773974014132664
6 0.31964961405792386 0.5125540150444494 0.015878081353726 0.010758804103031684
1 0.5577765987634233 0.5412303332573513 0.014775823494956068 0.01617835969911101
0 0.6515570712658639 0.7051932389332117 0.023713114220631305 0.009884996216093003
6 0.6324611207289293 0.3542438601322088 0.014869926195899772 0.008230712195121951
9 0.23467844061178003 0.603724910873034 0.013741743442889686 0.011744138591292454
9 0.6643732326716564 0.2832052081148849 0.01482060891636837 0.012024822429906542
4 0.47475529059550925 0.6066705156143151 0.012834472111942727 0.013065745156143149
4 0.19628510510901398 0.14228581536357418 0.011298772014318257 0.013793889218144518
9 0.4726383130491376 0.2801328579895145 0.01525898288317605 0.012170124458627763
8 0.2125454786853238 0.3038686738089811 0.015659852391799543 0.011542769819922498
7 0.5196743351773511 0.28327651698199224 0.01743815684998373 0.016376413950307728
14 0.3807372287666775 0.48715545384089354 0.008149330556459486 0.01747032231593344
8 0.42717078034493977 0.34911560884431275 0.015903456426944355 0.011666294050604056
22 0.20404841132443868 0.4644311502165489 0.01371146996420436 0.011276802917711421
4 0.619524498535633 0.7022259147481195 0.012107808656036447 0.014172024618190107
9 0.31612092938496583 0.6286804467745611 0.01438226827204686 0.012007082744472304
5 0.4974137481288643 0.35321428146797357 0.015680412365766352 0.006177833781627536
0 0.3876291519687602 0.630965831775701 0.02329508363163033 0.012142114428994757
18 0.5103132157500814 0.5590758732619102 0.01568307816465994 0.01674824709368589
7 0.4877139056296778 0.4464107342603146 0.022376049463065407 0.01650420971050832
21 0.29199444972339733 0.46344146250284934 0.016412590693133746 0.006764865648506953
7 0.49978980800520667 0.16722524549806247 0.01708010673608851 0.015744320948256212
2 0.622492532378783 0.4697015874173695 0.012225803579563944 0.011300646455436516
4 0.3868512385291246 0.7226615655345339 0.011889279791734462 0.013466405288351949
19 0.5779102115196876 0.46847568178709825 0.010934224015619914 0.011081549669478004
19 0.3566752281158477 0.2326283145657625 0.010563894565571103 0.010949669113289264
8 0.3081921770257078 0.4652732017323912 0.01567384783599089 0.011082483337132435
2 0.5294649814513505 0.39843240118532025 0.012809363618613732 0.010797049464326419
11 0.40771494695737065 0.4630236462274903 0.015424995509274324 0.016603762024162298
18 0.5751955951838594 0.23382761066788235 0.01549232359258054 0.014625203555960795
6 0.5316082837617963 0.25826122635058124 0.015960187959648552 0.011139495418281286
4 0.34449286039700616 0.34688624390243905 0.011433878034493979 0.013686167312514246
22 0.6726290452326716 0.3552812582630499 0.015052450113895216 0.0103117640300889
9 0.3696769957696062 0.6768796389332118 0.015487475170842825 0.011879286984271712
7 0.3161252613081679 0.6788199170275816 0.015444572469899122 0.015488962844768634
9 0.5433386319557435 0.4219101746067928 0.015465449007484543 0.013223885115112834
18 0.574641942076147 0.5365320009117848 0.015813219134396355 0.01608872760428539
8 0.4261279531402538 0.14103551766583086 0.015938278424991865 0.011404563665374972
19 0.567738356003905 0.11833023751994529 0.011177344874715263 0.011239561249145203
19 0.4169434428896843 0.39568274994301345 0.010372773446143834 0.0109478601322088
1 0.6463061138952164 0.26301032687485754 0.01793982687927107 0.016915140186915888
4 0.5414479140904653 0.5366139302484614 0.01134065837943378 0.015846440847959883
5 0.6041003527497559 0.5168228602689765 0.016103707907582167 0.012030774561203555
8 0.26042860839570453 0.6514147873261911 0.015310266189391474 0.011112395714611352
2 0.4085161861373251 0.6532815390927741 0.012620608395704525 0.011015959516754046
7 0.573671091441588 0.5653591064508776 0.017168411324438658 0.014700013676772284
9 0.33934486950862347 0.20860399544107588 0.015140754702245362 0.012339701846364258
8 0.427278911812561 0.35256495062685206 0.015757137390172468 0.004878553544563483
1 0.4223675105759844 0.6570744472304536 0.014167171623820371 0.015667176658308638
9 0.3283636108037748 0.2322583487576932 0.015325227985681745 0.012134761796216092
7 0.262032369671331 0.5606311301572829 0.016294662414578588 0.016293550945976752
9 0.3675635170842825 0.6065219457488032 0.014584285844451678 0.011752191474811944
4 0.4881336023429873 0.18652018782767266 0.012350612951513178 0.013456601777980397
27 0.3002879166937846 0.6082586842945065 0.008719628246013668 0.015884371096421244
2 0.3147698691832086 0.3483552532482334 0.01282617481288643 0.011180156644631867
18 0.6137260527172145 0.3509359106450878 0.015799207028961926 0.014812053795304309
2 0.2546776471200781 0.4649962525643948 0.009509304523267165 0.01095266852062913
4 0.22674518971688903 0.7171691488488716 0.012442083176049463 0.016661999544107593
8 0.6008245857468272 0.7243257114201048 0.01704328538887081 0.010204310553909277
19 0.466941834038399 0.16401377889218144 0.011217881679140906 0.011224120720310007
18 0.3932733146762122 0.3935550380670162 0.01537496179629027 0.014779492135855938
5 0.5952928864301985 0.44661618782767265 0.016235081809306866 0.01113408014588557
21 0.2918380006508298 0.4679992778664235 0.016255875040676864 0.01591063049920219
2 0.4867995366091767 0.6081578481878277 0.01219631317930361 0.010747471711875997
2 0.540547040676863 0.6081964786870299 0.012219722225837943 0.01246411306131753
4 0.6434700370972991 0.6094953271028036 0.011951342922225838 0.014086827444723046
11 0.667432403514481 0.21097971278778208 0.01572139902375529 0.016136227946204694
19 0.2186541568499837 0.21152474128105767 0.010060375138301334 0.011559575837702302
2 0.27412543312723725 0.6048296731251425 0.01159869105109014 0.010903440893549122
23 0.5455800689879596 0.4443465584682015 0.012260475626423689 0.01100130093457944
9 0.21297150667100553 0.2802813111465694 0.013809288122356005 0.011675747435605198
4 0.24913506801171492 0.1409504372008206 0.011596441783273674 0.013626762708000912
4 0.6259629027009437 0.6789605507180305 0.012174736869508623 0.014369028493275588
1 0.2887155170842825 0.6546023286984272 0.014396363683696714 0.016463945292910873
4 0.2809850335177351 0.4881673161613859 0.011094205271721445 0.01362757966719854
6 0.6382670641067361 0.4940367011625256 0.015710385942076147 0.01109567139275131
14 0.4439783091441588 0.2777601750626852 0.007858591864627399 0.017616558012309096
6 0.3988796563618614 0.7001518887622521 0.015005748649528148 0.011364007476635513
7 0.570068264236902 0.44808858171871435 0.015726414057923854 0.01564266788237976
6 0.6047754663195574 0.5634638778208343 0.015371362967783924 0.01044282762708001
16 0.6226176583143508 0.3066063040802371 0.016767375203384317 0.010828922543879644
2 0.579392728929385 0.6791773950307727 0.012469141034819393 0.011021643218600411
9 0.4252848942401562 0.20991136357419649 0.01478936908558412 0.011118021062229314
1 0.22453490920924177 0.32919907727376335 0.013532478229742921 0.016264840665602916
4 0.25075187504067686 0.4878540706633234 0.01110493511226814 0.01410281650330522
5 0.4571316941099902 0.18706253202644177 0.016004057012691184 0.011719162981536357
0 0.2631531714936544 0.6979415472988375 0.02291970582492678 0.011243237565534534
5 0.5005315665473479 0.14153584682015047 0.016365206117800193 0.011357903624344655
16 0.2719584718516108 0.1637397474356052 0.016892334526521315 0.011519358103487577
2 0.6712579915392125 0.7046559832231594 0.012972943703221608 0.008810484795988147
4 0.19627544158802473 0.11947117939366309 0.010651132834363815 0.013736235240483246
2 0.6361964048161406 0.7252988265329382 0.01242690478359909 0.00825794027809437
9 0.31115387959648555 0.4882798231137451 0.014997151448096322 0.01184579165716891
14 0.4915621529450049 0.6519605160702074 0.008170573641392776 0.01614999954410759
8 0.6368128708102831 0.46986766355140186 0.015542090725675237 0.011923052655573285
2 0.673319820370973 0.5175704946432642 0.012835771688903352 0.011912082060633692
19 0.24871637097299054 0.23412836836106676 0.010698350797266516 0.011119234830180078
0 0.2237065122030589 0.5345495327102804 0.020872872111942727 0.011544590471848644
29 0.2959103416856492 0.5808810977889217 0.02174658769931663 0.019973718714383405
8 0.3364453133745525 0.11707130339639846 0.015977632281158477 0.01090561167084568
8 0.2596281522941751 0.5345570604057442 0.015262081874389847 0.010829809528151357
18 0.5149115189066059 0.23326425894688854 0.02176691441588025 0.01462905493503533
0 0.43219847705824926 0.37301796763163897 0.02365896518060527 0.011362583633462504
23 0.42305678620240805 0.18706194848415775 0.013967819850309144 0.011402287850467291
5 0.3204002030589001 0.2788144025529975 0.013702339602993817 0.01084024326418965
11 0.5943843488447771 0.6766205461591064 0.015316580800520663 0.01669141007522225
4 0.29828240286365115 0.43987884203328015 0.01097925935567849 0.01376529564622749
2 0.6178888643019851 0.18895927786642353 0.012408977286039702 0.01130432277182585
1 0.2216395183859421 0.6299298108046502 0.013768251480637813 0.016253870070663323
8 0.3291461893914741 0.16294776384773194 0.014985405271721444 0.01134332673808981
7 0.5520061438333875 0.3550929491679964 0.02312014057923853 0.016570266697059494
9 0.5021177168890335 0.3970433371324367 0.01564332443865929 0.011947328014588558
8 0.35059320794012366 0.30196597583770235 0.0166106928734136 0.011517887576931844
7 0.4806015541815815 0.35545143086391606 0.016771040676863 0.01065212090266697
6 0.4258588740644322 0.23300668338272168 0.016310057403189065 0.011336814406200137
4 0.34994108688577935 0.13959113380442215 0.011509486755613406 0.012671620697515387
4 0.2715586020175724 0.5108714292227035 0.011110649918646274 0.013023496694780031
14 0.3272734656687276 0.5792479963528607 0.0076496098926130815 0.01605056393891042
6 0.44485319101854864 0.32617014269432415 0.016176317604946307 0.010970921723273307
5 0.6433913960299381 0.5637081486209254 0.014872092157500813 0.010991532436744928
27 0.301967203384315 0.6546903268748575 0.00911998125610153 0.01615525142466378
22 0.5338743794337781 0.23479745794392523 0.014821475301008786 0.010897582129017551
2 0.20859026618939147 0.6274105420560748 0.012529804620891637 0.011208703533166173
6 0.43092305890009763 0.2794887440164121 0.016536716954116498 0.010848412856165944
2 0.3147728682069639 0.3520346974242079 0.012543183599088839 0.003818654023250513
23 0.30363532704197854 0.1859257916571689 0.012357060852587047 0.010933318258490997
6 0.5962119205987634 0.42302975883291544 0.016015170061828832 0.011097550398905857
2 0.35754811064106734 0.6297702703441989 0.01261312749755939 0.011607239571461135
8 0.19400767979173447 0.6265543688169591 0.014703130491376505 0.01153526546614999
2 0.31068453237878296 0.11716933850011398 0.01132604646924829 0.010656952632778664
9 0.6237206326065734 0.21218356051971735 0.014980240286365114 0.011750324139503079
8 0.2565958726976896 0.11763745612035559 0.013325862154246665 0.011829219056302713
21 0.4003178548649528 0.5154395149304764 0.018413339407744877 0.01598520720310007
5 0.660869206638464 0.166194359699111 0.01565933589326391 0.011116772281741509
5 0.6358611806052717 0.4005571953498974 0.01447838698340384 0.011546399452929108
4 0.6648832333224861 0.235847834055163 0.012889387569150666 0.01334456165944837
2 0.33172235079726653 0.35232694707089124 0.012323521770257077 0.004403141645771598
4 0.22161719232020827 0.5099235231365399 0.01040596264236902 0.014147165716890814
7 0.3343708219980475 0.4917509660360155 0.016719390823299707 0.01596244905402325
7 0.3366655750081354 0.2820508447686346 0.016574271396029936 0.01707187964440392
14 0.30370263846404166 0.3458983068155915 0.007018598633257403 0.01621710690677
2 0.6551257429222258 0.6107793535445635 0.011302287536609177 0.01099821983131981
5 0.5526840898145136 0.18785801686801915 0.014237731988285063 0.010976395349897423
23 0.5089505093394077 0.7015130594939595 0.01103082590302636 0.010527511283337133
2 0.46685619524894245 0.42032492363802143 0.01153509508623495 0.011190006838386142
8 0.5257990081353726 0.6078586077045818 0.015189705434428897 0.012546976065648507
8 0.3152237214448422 0.4181234520173239 0.01592734864952815 0.011594996854342374
2 0.41201238138626745 0.7033363490312285 0.00903747478034494 0.006171228082972419
9 0.3864269766352099 0.23261500980168678 0.01541015034168565 0.01193624071119216
6 0.28086773836641715 0.32604841577387733 0.015379293719492352 0.01095873736038295
18 0.5715074624145786 0.7235756261682242 0.02267012040351448 0.016007381809892866
22 0.502651376505044 0.30362708730339644 0.01448186918320859 0.011107692363802144
4 0.5821898184184836 0.2805341016640073 0.011650307582167264 0.014195949851834967
8 0.19537623429873088 0.41849901983131976 0.014030166221932965 0.011486738089810804
5 0.47971201041327693 0.654474299521313 0.01554568955418158 0.01107171114656941
6 0.4562916342336479 0.2801327412810577 0.01556250074845428 0.010959355915204012
19 0.4383694682720468 0.3024226560291771 0.009808323852912464 0.010774186277638478
9 0.4098572495932314 0.5355152368361067 0.014253560169215751 0.012501343059038068
8 0.3488177858769932 0.41839456576248 0.01692332443865929 0.011616214451789378
23 0.4785945408395704 0.16472826806473673 0.010174571298405467 0.0102700407567814
1 0.6024623859420761 0.6594260059266013 0.013613401887406444 0.015493047640756782
2 0.661901037422714 0.6343548119443811 0.012148562056622193 0.011104622931388192
0 0.5791329801496908 0.3292594155459312 0.023413545069964205 0.011553051834966948
9 0.37913941555483244 0.2789235249601094 0.015432359778717866 0.01238008297241851
6 0.5363004230393752 0.30439969728744015 0.01037978782948259 0.011053236197857306
0 0.45916819785226165 0.6542729774333258 0.024856741945981125 0.011601474173695007
13 0.6119636264236902 0.46287671028037386 0.009037974617637489 0.007914175518577616
5 0.6322711492352749 0.704508603783907 0.014115538431500162 0.008515737588329155
22 0.47490574162056626 0.49081344700250745 0.014238431760494632 0.010585410348757695
14 0.22308604751057598 0.5782818837474356 0.00764990979498861 0.016434768178709824
14 0.24094856622193295 0.16229197902894918 0.007207870354702246 0.017125448826077045
8 0.5440877214448422 0.5856992897196261 0.015615133615359583 0.010958025438796443
2 0.3928369567198178 0.3253788593571917 0.012167905759843802 0.010976348666514703
27 0.27194314350797266 0.6774547782083428 0.00876604646924829 0.015904211534077957
6 0.3220908193947283 0.2091540423979941 0.015222961275626425 0.010688405561887394
2 0.28766335958346895 0.11708577524504217 0.013302636381386268 0.01183972281741509
6 0.2841563345265213 0.44228862657852747 0.015220828636511552 0.009255774242078869
19 0.567020589651806 0.1886469660360155 0.011486494240156199 0.010750144335536813
2 0.4329610621542467 0.5133831119215865 0.012249712463390823 0.011420295965352177
14 0.5946174396355353 0.3499821691360839 0.007671602733485193 0.016806017779803964
8 0.34112895541815813 0.629472080237064 0.015642158151643343 0.011116667244130386
14 0.48096243670680117 0.5343632076589925 0.008265109534656687 0.017022511967175746
5 0.6467939550927432 0.5180526172783223 0.014469373250894892 0.010960896466833826
2 0.5030867347868533 0.6542294451789378 0.012408377481288643 0.011274527102803739
2 0.5299120026033193 0.4678836197857305 0.012671858379433777 0.01110237045817187
2 0.21156263195574354 0.3264586459995441 0.01101556420436056 0.010958597310234785
22 0.21207296583143506 0.5804155477547298 0.01250059746176375 0.010163672669250057
5 0.6777905317279531 0.1423701955778436 0.015558052196550601 0.012767321632094826
5 0.24813272762772537 0.5811173157054935 0.014872641978522616 0.011490939594255756
2 0.6614318568174423 0.30726348940050147 0.010035783143507972 0.011178417688625484
6 0.6004991916693785 0.2356230535673581 0.01522356108037748 0.010922160930020516
0 0.2857564803123983 0.25694732254387964 0.02210880312398308 0.011042067198541144
2 0.3621617754637162 0.7230926865739685 0.012321039245037422 0.011405462320492363
2 0.5782807575658965 0.3987367768406656 0.012864978848031242 0.01106532719398222
2 0.6209150458835014 0.2642922058810121 0.01380792190042304 0.0033963561431502166
5 0.6338939876342337 0.23632062001367676 0.014803881028311098 0.011343385092318213
9 0.4776830042303937 0.7004019949851835 0.015741642434103482 0.012140363802142696
2 0.5602369645297754 0.5859763555960793 0.012667393166287016 0.011541019193070436
2 0.44313874910510903 0.349462933211762 0.01285254956068988 0.010691381627535902
11 0.5515116381386268 0.6294059065420561 0.015374545265213148 0.016697128789605654
14 0.28631696452977545 0.13754733530886712 0.00800742674910511 0.016419712787782086
2 0.49074658509599745 0.2799317693184409 0.012565059811259357 0.011651005242762708
5 0.41030560364464697 0.1405051944381126 0.01496664471200781 0.010880145885571006
14 0.6255553686950862 0.490884639161158 0.00836454383338757 0.01709603829496239
14 0.6735227543117475 0.1637590043309779 0.008647368434754311 0.017082733530886712
7 0.6588130426293525 0.5668178454524732 0.015273294890986007 0.015799290631410987
18 0.46564892157500815 0.2089843483018008 0.02232856492027335 0.015252628219740142
2 0.39412570387243734 0.6074488443127422 0.012788020566221935 0.01082349560063825
13 0.3089435990888383 0.695736457715979 0.006805834559062805 0.016538055162981537
6 0.6072876485519036 0.21294321586505582 0.015479844321509926 0.011120191839525872
1 0.5541897663520989 0.6117971679963529 0.014381518516108038 0.01606877045817187
7 0.37290611129189716 0.1198945976749487 0.01659669742922226 0.015671728288124003
0 0.5846418535632932 0.14241267745612035 0.023088150992515457 0.012139080009117847
7 0.5981457910836316 0.4723764285388648 0.016870008460787504 0.01642356416685662
6 0.4835212704197852 0.1415294278550262 0.015627629547673282 0.010855462046956917
5 0.6125959205987634 0.42333121677684066 0.01475569671330947 0.01120750143606109
4 0.30027175528799216 0.11566099840437657 0.01142266501789782 0.014170857533622065
5 0.24610438789456557 0.5581362534761797 0.014417640091116173 0.010731027490312286
9 0.6719282733485193 0.49427466970594935 0.0155962064432151 0.012668236152268066
23 0.26520683631630326 0.46497442808297246 0.011346323202082655 0.01033824517893777
4 0.6427327770907907 0.5397072878960566 0.013078742596810933 0.014686475495782995
8 0.39313402668402214 0.6541010658764532 0.01602843241132444 0.011315153316617279
8 0.2318643566547348 0.6734115304308184 0.015061263911487146 0.011225206108958287
2 0.3665255216400911 0.30209062046956914 0.011901592450374228 0.011673646683382721
2 0.4611528851285389 0.32639842443583317 0.012642201366742597 0.01118217570093458
0 0.21573810608525867 0.3732811452017324 0.023131136999674586 0.011925853658536585
0 0.43493908493329 0.1645108402097105 0.023328572730231045 0.01201863688169592
14 0.39647377286039703 0.20703344973786186 0.008013158216726326 0.016534904034647822
2 0.4452269027009437 0.6074075295190335 0.011320681548974943 0.01094175627991794
5 0.3492601418808981 0.4656132901755186 0.015185040286365114 0.011439179393663096
6 0.24074496583143506 0.3526384536129473 0.014500629742922226 0.0050167596991110095
0 0.273605935567849 0.34961442078869387 0.022210436706801173 0.01274491360838842
11 0.6493424588350146 0.6546749213585594 0.015140021607549625 0.0163116407567814
2 0.331907623820371 0.3486918404376567 0.012142080833062155 0.011789771597902895
6 0.3679142362512203 0.48955567996352867 0.01588141360234299 0.011018760519717346
4 0.3557165401887406 0.18460021700478688 0.011211200520663846 0.014111102803738318
2 0.5207158294825903 0.5850551757465239 0.011777799414253172 0.011847308867107362
23 0.3639032085909535 0.6994222274903122 0.011879066449723398 0.010357747162069752
23 0.22115217702570777 0.395520875313426 0.011962539277578914 0.010403800319124686
2 0.222378277904328 0.6039911228630044 0.010611895606898797 0.011495864691132892
5 0.4432788701594533 0.1414289418737178 0.016257674454930038 0.011256705721449737
8 0.41698676212170516 0.5130709167996352 0.016362423690205012 0.011326123911556872
8 0.6476650048812236 0.2833138636881696 0.016583818288317603 0.011532371096421244
9 0.5000982076147088 0.6080276015500342 0.014621740318906607 0.012126825621153407
19 0.4966774877969411 0.7006378627763847 0.01089438698340384 0.010897757191702757
6 0.4283065772860397 0.7240091980852519 0.016358191734461437 0.010734563756553454
5 0.6386516055971363 0.30664738545703213 0.014329018939147413 0.011124253293822658
11 0.5607694578587699 0.13875129974925918 0.024304588350146438 0.017521674036927285
0 0.5625038932639115 0.7039762264873489 0.030302635860722422 0.00745098299521313
2 0.4044984939798243 0.442261912012765 0.011871968760169216 0.011723364485981307
5 0.33543847445493 0.5121006026897652 0.014452845297754638 0.011468589924777752
14 0.5229615984380085 0.32523519124686573 0.007960175463716239 0.016400222475495784
0 0.615928335828181 0.44677234374287667 0.02434657468272047 0.012050148165033052
4 0.44063323136999677 0.5827224071119216 0.012797617442238854 0.012936665602917712
11 0.5905752554506996 0.2094971652609984 0.01568357800195249 0.016110902211078186
2 0.6084812600065083 0.6326011506724413 0.012103210152945004 0.01117250056986551
5 0.3119549521640091 0.7228917146113517 0.015656953335502766 0.011885239115568725
5 0.2871675209892613 0.18631664827900615 0.013514983924503742 0.011573779256895372
23 0.5800896687276277 0.11826581445178938 0.011736646143833388 0.010528141509003875
5 0.6130214487471526 0.49375881832687485 0.016294928994467946 0.011681232733074995
6 0.6296991864627399 0.517248145885571 0.016225684868206962 0.011307275495782995
2 0.40831241913439636 0.25589064417597446 0.012551647510575983 0.011489772509687713
6 0.40857783273673937 0.2104763492135856 0.015897724959323137 0.011916400273535445
2 0.2710419368695086 0.11796809117848188 0.012479437683045883 0.011718462730795532
1 0.38126215789131146 0.3049619986323228 0.012768376960624796 0.016557545475267835
2 0.6346919945330296 0.6569310125370413 0.012039081028311097 0.011545675860496924
5 0.553119281483892 0.4682426149988602 0.015783612105434427 0.011657295828584454
2 0.4431830680117149 0.3524834297697743 0.012508311617312072 0.004716118714383405
2 0.23094582232346242 0.2806992441303852 0.011611303612105436 0.011320860360155003
5 0.506610254474455 0.25821407613403236 0.015604903612105436 0.012157636653749715
0 0.45088939277578916 0.5143682480054708 0.02456633647901074 0.012951254160018235
8 0.36146300292873407 0.34823889491679966 0.016710393752033842 0.010862522908593573
6 0.6544582935242433 0.49387470982448145 0.01630277643996095 0.011221214679735582
2 0.3845848429547673 0.702968659038067 0.013034606963878946 0.005431319808525188
14 0.44988605271721444 0.5573055226806474 0.008246332313699967 0.017089269204467745
5 0.6726632007809957 0.5409861791657169 0.015492373576309795 0.011636941873717803
11 0.39295575138301336 0.369181177114201 0.015258316433452651 0.01650537679507636
2 0.4397898392450374 0.6773272158650558 0.011548224145785876 0.011267489582858446
9 0.6226736400911161 0.6337419758377023 0.015415631890660593 0.011723597902894917
22 0.46723190628050765 0.6319119872350125 0.014501296192645624 0.012118072486893092
5 0.2923693276928083 0.34853323364485983 0.014286266189391475 0.01085407321632095
8 0.2593837485193622 0.6048673699566902 0.01541379915392125 0.011270302256667426
2 0.4581355340058575 0.5842448689309323 0.01233646755613407 0.011797824481422385
2 0.39415652717214444 0.5594278659676316 0.012144030198503093 0.010947696740369274
2 0.6299801283436381 0.4239750973330294 0.010367025317279531 0.011313449373147938
5 0.57107027139603 0.42325582311374516 0.016489865538561667 0.013738686118076134
2 0.2468809684347543 0.6741170330521997 0.01060224874715262 0.011279102074310463
8 0.6413298004555809 0.1177240537953043 0.01636528942401562 0.01356105584682015
2 0.35776487341360236 0.5818677510827445 0.01228671708428246 0.011882788237975839
5 0.5532387425968109 0.491553378618646 0.0149906535632932 0.011619295555049008
14 0.3613750315652457 0.4633398094369729 0.009094023039375204 0.017182869386824708
2 0.5731287679791734 0.37485881012081146 0.012770992775789131 0.008887430681559153
2 0.4639831304913765 0.7009129446090723 0.011840828896843474 0.011671545931160246
8 0.45981831955743574 0.6077241595623433 0.016551862024080703 0.011204898837474355
23 0.6763106801171495 0.3313270225666743 0.012063623039375203 0.011372737269204467
14 0.4585772235600391 0.557809469797128 0.008478440091116174 0.016952136767722815
5 0.6565074598112594 0.40073949395942554 0.015246087081028311 0.011014524002735355
13 0.3949094487471526 0.18413061718714385 0.008089883241132443 0.017703972646455436
14 0.3115884048161406 0.3694934889446091 0.007502641067360885 0.01600691497606565
7 0.6186971012040352 0.4028911310690677 0.01708360559713635 0.016506077045817188
5 0.4146321952489424 0.2795104517893777 0.014466690790758217 0.011860380214269432
2 0.19176174422388548 0.6949902238431731 0.010641286039700618 0.010799126874857533
2 0.3028470836316303 0.6289757191702758 0.011473781711682394 0.011625002598586735
27 0.39304855450699644 0.30447544107590613 0.009199172144484217 0.016105533622065193
5 0.3501933381060852 0.3719530029633007 0.014734220370972991 0.011532324413038524
2 0.5337930725675236 0.4447725443355368 0.01150480494630654 0.01140094570321404
13 0.403931511877644 0.5575626314109869 0.007384829417507322 0.015828701162525643
2 0.2130344861698666 0.6958523492135856 0.011278945135047186 0.011082413312058354
0 0.617216583143508 0.16686298244814224 0.02339221867881549 0.011452320765899247
2 0.41401522941750735 0.7003178481878276 0.012548265278229742 0.011971836790517438
5 0.23081186592905953 0.4880089427855026 0.013602838659290595 0.011322435924321859
4 0.5531434402863651 0.514236950991566 0.01198813094695737 0.013737402325051289
6 0.2446228701594533 0.2800496448598131 0.015889044451675886 0.011582427353544563
2 0.6449168994467946 0.42384613448826075 0.011291890920924178 0.011002829815363574
13 0.35499310901399284 0.6037186086163665 0.008085434689228767 0.01689238203783907
14 0.5836006924829157 0.4198074383405516 0.007621702310445818 0.01691187235012537
5 0.3318253172795314 0.6758209765215408 0.013801090790758218 0.01127406026897652
0 0.2526685844451676 0.6287167431046273 0.022289910836316304 0.011753591976293595
9 0.23683740449072566 0.6506966801914748 0.01453695125284738 0.011446905493503532
5 0.6381139472827856 0.16587807978117164 0.01610094214123007 0.011304229405060406
18 0.523541576309795 0.41969108000911787 0.021013159778717868 0.014932730339639846
5 0.2756346085258705 0.3950003555960793 0.01474056830458835 0.011501233280145885
7 0.2478184965831435 0.4676591894232961 0.02347752424341035 0.0162893494415318
8 0.6497599895867231 0.23666199224982903 0.01576220240807029 0.011357961978573057
21 0.5724728148389197 0.5152409938454524 0.019099282785551577 0.021924617278322317
13 0.256416864301985 0.16181230727148394 0.00792701958997722 0.017149724185092318
13 0.558478037097299 0.4454868467745612 0.007575334070940449 0.01566029085935719
2 0.503158694695737 0.7237070398905858 0.006642820956719818 0.011441583587873262
5 0.6758553283436382 0.2617687823113745 0.01598139772209567 0.011864931844084796
2 0.3961042264887732 0.5363384982904035 0.012501663781321184 0.011598019603373604
5 0.41510804035144805 0.1635774059721906 0.014331168239505369 0.011656560565306588
22 0.6063404568825252 0.32937122224754956 0.01471409358932639 0.010595552313653979
19 0.5134831838594207 0.46775605744244353 0.01226800650829808 0.01101965917483474
2 0.19434890205011388 0.5108808826077046 0.010972161666124308 0.0109829660360155
0 0.4099268935893264 0.11740042124458629 0.023193616661243085 0.011981056758604969
6 0.5909717930361211 0.30594048233416915 0.01615312515457208 0.011423190335080921
2 0.6773501750732184 0.23722616093002052 0.012679039375203384 0.011819182129017551
23 0.1949197162382037 0.3958579293366766 0.011756089814513504 0.010721539092774107
22 0.24908758346892287 0.442644085525416 0.01343047809957696 0.009974733348529748
13 0.5787617676537585 0.20970222201960337 0.008733557045232671 0.017174583086391613
2 0.19340487601692155 0.5339008087531343 0.011103768825252196 0.011425734579439252
6 0.602221464367068 0.18943579849555506 0.01604566013667426 0.010986082151812172
5 0.5578067556134071 0.23594750307727375 0.015810353400585748 0.011804593571917028
5 0.639166104783599 0.3300293412354684 0.013778731402538236 0.011141012628219739
8 0.6458182726976895 0.6348830344198769 0.01624181295151318 0.01240459174834739
5 0.31873807744874716 0.6529119234100752 0.01494171949235275 0.01112572382037839
27 0.6720407367393427 0.6378612008206063 0.009786514285714285 0.01605978390699795
13 0.6603901958997722 0.35192431456576245 0.0073455088838268795 0.017382790973330293
5 0.429262766026684 0.39630924093913833 0.01405129267816466 0.011598276361978573
4 0.5844359205987634 0.49048549623888765 0.012578205532053369 0.015119230453612947
13 0.29422422388545394 0.13748442945064965 0.007428548519362187 0.01670144700250741
23 0.470418535632932 0.584270661499886 0.012097528669053044 0.011392449327558696
14 0.3931092014318256 0.4400052372919991 0.007706657988935893 0.01701352541600182
13 0.5306420982753011 0.5598563027125598 0.008217641653107713 0.018044527923410075
5 0.2465192528473804 0.41841615682698885 0.01359795691506671 0.011680765899247776
2 0.6772042225837944 0.1897896585365854 0.012749416465994144 0.011464540141326647
21 0.453835433778067 0.6801670827444724 0.01677587243735763 0.015813412354684295
13 0.5828932561015294 0.37307352085707773 0.006250648616986657 0.01641796216093002
32 0.19640290009762446 0.30651247048096647 0.013408818483566547 0.01952252382037839
13 0.43546441392775787 0.11491137998632323 0.007825552619589978 0.017209362206519262
6 0.5174269000976245 0.3535841305675861 0.023161460462089164 0.006917531980852519
13 0.22766622323462418 0.1178796261682243 0.007520351968760169 0.019227951675404607
14 0.5189572352749756 0.2552969482562116 0.008232886690530426 0.016602828356507865
4 0.26962223234624144 0.5801612400273535 0.01225790979498861 0.013429525416001824
7 0.5082445058249269 0.4466064776840665 0.015928864822648877 0.01617334123546843
27 0.233374698340384 0.6315220642808298 0.007940015359583469 0.0192612135855938
18 0.2637667884152294 0.2555122753590153 0.02125658054018874 0.014390269432413949
6 0.6204496973641392 0.610656226122635 0.015318646794663196 0.010791715887850467
18 0.6576532534982102 0.4633357246409847 0.013414250048812236 0.006996286847503989
13 0.543287315327042 0.5127673581034876 0.007137226684022129 0.016284447686346022
2 0.560513874389847 0.32818476407567815 0.011456154116498534 0.011206486072486893
2 0.3154024965831435 0.16288520811488488 0.011921386007159128 0.01221143925233645
2 0.2749889853563293 0.6519796562571233 0.011764087211194273 0.01072585730567586
13 0.20029113439635535 0.6930115486665147 0.007188143442889684 0.01596525005698655
0 0.20164152814838918 0.16688784134944154 0.02136504523267166 0.011980940050148164
14 0.6332430328669053 0.6078288470480967 0.00787128773185812 0.016433134260314567
13 0.6828790419785226 0.1636085671301573 0.008340484998372925 0.017417803510371553
14 0.6511185473478684 0.3043788064736722 0.00786349027009437 0.01672875678139959
14 0.26591527237227464 0.18472789605653067 0.008385936869508623 0.01651086209254616
13 0.33569655711031565 0.5796581098700707 0.007989049397982426 0.017263048096649188
22 0.5481179095346567 0.2589327668110326 0.01508748870810283 0.010613548757693185
13 0.5144920887731859 0.32482811214953267 0.007651775854214123 0.017436826988830638
14 0.346461386267491 0.6037347143834054 0.008307295802147738 0.016242199224982903
2 0.5339110341685649 0.5147475504900842 0.011578164399609502 0.01173095053567358
5 0.5838644399609502 0.6100443236836106 0.015771632671656363 0.012295936175062685
14 0.28375363228115846 0.626133051287896 0.007341910055320534 0.01618477866423524
22 0.464968976244712 0.35017648871666285 0.014836287146111293 0.010652739457488033
5 0.3908037852261633 0.4653415928880784 0.015619998698340383 0.011394795167540462
14 0.6345364451675887 0.1403158933211762 0.00796713986332574 0.01686682288579895
14 0.24855075821672631 0.16218612445862776 0.007270083436381386 0.0171714319580579
27 0.2356581217051741 0.3293526656029177 0.0076696866905304265 0.017153575564166856
14 0.3517469990237553 0.5565603391839526 0.008313527107061503 0.01743717711420105
13 0.6134911291897169 0.5375870453612948 0.007704741945981126 0.017342759972646456
8 0.314642244061178 0.442432201322088 0.015518948259030264 0.009535326008661955
5 0.28244372534982104 0.4183990006838386 0.013803123462414578 0.011931338956006383
27 0.36773096257728605 0.6324398595851379 0.009164216856492028 0.016176492363802142
0 0.2737190654083957 0.3528182546614999 0.022004836967133092 0.005385756826988831
7 0.512123959648552 0.6809058472760429 0.027450897494305238 0.015529810804650102
13 0.29352811714936544 0.2997094178253932 0.007602025382362512 0.016874642352404833
4 0.22641613016596157 0.695903350809209 0.015183024275951838 0.011794089810804652
4 0.2544959895867231 0.34844780305447914 0.009493009827530102 0.013214665147025302
14 0.6169011858119102 0.5152272222475496 0.008086317735112269 0.018987415545931162
6 0.6611441171493655 0.37846626852062915 0.010611062544744549 0.011379984864372009
8 0.573284217377156 0.6557311328926374 0.01584964061178002 0.011657074082516527
2 0.27307894044907255 0.30227770412582633 0.011523348909860072 0.01144427955322544
14 0.4548755951838594 0.6284048981080466 0.007610172730231044 0.01634420241622977
2 0.5218932795314025 0.5376403811260543 0.012847567849007485 0.011050796991110098
13 0.5852158333875691 0.16336324595395485 0.0076927291897168895 0.016642159106450876
13 0.4872792137975919 0.16172127467517666 0.0067951047185161075 0.016737276498746297
18 0.5095919505369346 0.20963418098928654 0.022584814838919623 0.015257179849555507
14 0.32365680963228116 0.7197403528607249 0.007987616531077123 0.016840796899931617
5 0.6723159804751058 0.5885078787326191 0.014757712723722748 0.011569636106678823
2 0.4764034207614709 0.2569877036699339 0.012781406052717215 0.010906125188055619
13 0.33845449267816463 0.3700571907909733 0.00754139511877644 0.017738051515842262
22 0.23204379824275953 0.5513383359927057 0.012782855580865603 0.006053737679507637
13 0.5496174214123006 0.6993513854570321 0.008028653172795313 0.015898492819694552
13 0.28376196290270095 0.3002230517437885 0.009175579824275951 0.016753965808069295
4 0.522779657663521 0.5137174816503306 0.011161033517735112 0.01393697378618646
22 0.27921327692808334 0.558355315249601 0.014566275040676865 0.01093620095737406
13 0.31211956524568824 0.6035045653065877 0.00810969345916043 0.017164896284476865
11 0.33664924698991217 0.5334942081604741 0.024454206313049134 0.016612281741509003
7 0.21278106866254473 0.7213869924777753 0.013648723722746503 0.015185870982448144
9 0.5385513569801497 0.42293569181673124 0.005878169866579889 0.01423166263961705
5 0.502521335502766 0.35102787690904946 0.005362987569150667 0.011033710873033963
8 0.4705643215099251 0.6776126847503988 0.01617203566547348 0.011978722589468884
29 0.28786029547673286 0.5804205662183726 0.00742295034168565 0.021045569181673125
21 0.24177429742922227 0.12075088762252109 0.019322376830458836 0.017098139047184865
13 0.6801904171819069 0.21216488716662868 0.008556831239830785 0.018627720082060633
5 0.23850502831109666 0.3718786596763164 0.014810912072892939 0.011865398677912012
13 0.4196350667100553 0.46094891999088217 0.0073625200130165965 0.011769814451789377
0 0.46840952294175076 0.7243341144289948 0.02471095606898796 0.01018742284020971
14 0.21541237878294828 0.4623776649190791 0.005929836381386267 0.016088027353544563
7 0.2606635985681744 0.3746706760884432 0.021489837943377808 0.015934789149760657
5 0.22518419785226162 0.34976660861636655 0.014524138756915068 0.011418592021882836
5 0.22568370191994794 0.35279361750626853 0.013659620175724047 0.00533649418737178
23 0.3220423351773511 0.1165827617962161 0.010864679986983403 0.010561298381581947
13 0.40655349170191996 0.3936432696603601 0.00836829261308168 0.018177342147253247
13 0.4117421360234299 0.6744771953498975 0.007086393231369997 0.01704818782767267
18 0.5102550680117149 0.1862984417597447 0.02309481548974943 0.014413961249145202
13 0.37428199674585094 0.6512739202188284 0.00825168057273023 0.017981271939822203
13 0.2552655724048161 0.2772010248461363 0.008815996876016922 0.01680356690221108
13 0.25957233712984057 0.5786495153863689 0.006938491376505044 0.016985165260998403
7 0.345520359258054 0.7021341819010714 0.02494821217051741 0.01563624891725553
13 0.2412118138626749 0.4853741326646911 0.0068427725349821025 0.01635727376339184
5 0.6110162681418809 0.3771941463414634 0.014400962186788154 0.011215542648734898
7 0.24855992190042306 0.21351567084568043 0.015313848356654733 0.015246909505356737
13 0.6131494070940449 0.28143228994757236 0.008221657012691182 0.020151582402552996
5 0.408206620240807 0.4898703259630727 0.01579162616335828 0.011272449692272623
14 0.3500087315327042 0.2764824508775929 0.007839314806378133 0.01659162434465466
5 0.5891268935893265 0.5629603975381811 0.013716051806052716 0.011416082790061547
13 0.2872771519687602 0.392642611351721 0.007658057142857143 0.01657353453385001
13 0.6117037110315653 0.46747724093913834 0.008272257207940123 0.017076197857305676
13 0.4760522017572405 0.41813862411670843 0.006639422063130492 0.015838154547526784
13 0.28047353335502767 0.6948367522224755 0.007091441588024732 0.016712767722817413
22 0.31541465929059553 0.5818836234328699 0.014597698145135047 0.010755011078185548
13 0.5117435834689229 0.4883394611351721 0.0068938225837943375 0.017042585821746066
2 0.22409005401887405 0.6503078076134032 0.010459112007809957 0.0105861806245726
7 0.2611738324764074 0.32578313745156146 0.02251033908232997 0.021655254160018234
8 0.3607750602017572 0.3518737798039663 0.018038794663195575 0.003496818782767267
22 0.6021549860071591 0.3995385639389104 0.014173336283761795 0.010495649874629587
7 0.6227067959648552 0.3326669523592432 0.01668690139928409 0.015546033280145885
9 0.3215015112268142 0.7021920809664919 0.013211516042954768 0.003880812947344427
6 0.2832163071916694 0.23307880920902668 0.022015333550276604 0.011955264189651243
14 0.2918045115522291 0.6261156617278323 0.007970188870810283 0.017007689993161615
0 0.37897030393752035 0.5829164932755869 0.023835407744874713 0.011630476225210849
13 0.23759415815164334 0.20871685251880556 0.006181771038073544 0.016884445862776383
13 0.5319818288317605 0.5364490211989971 0.007272949170191995 0.016802049692272624
5 0.26817503677188415 0.44262682434465467 0.014308292352749757 0.009940222657852747
6 0.604757138952164 0.14256194757237292 0.016263156003904978 0.011885822657852747
4 0.19829711682395054 0.28026894005014813 0.015612251220305889 0.012462829268292683
6 0.33478285453953793 0.6530739147481195 0.01626295606898796 0.010421621700478688
7 0.3704005935567849 0.5157052600866195 0.01683901854864953 0.015584430362434468
23 0.4276402941750732 0.3027566756325507 0.011766753010087862 0.010946623022566675
6 0.21165560169215752 0.3956563738317757 0.005887066970387244 0.010807424846136312
6 0.6670958464041653 0.33052616913608385 0.005852211649853564 0.010051270754501938
7 0.20216918971688905 0.26075680328242534 0.025778775138301332 0.016131676316389332
22 0.19307081809306867 0.6726286501025758 0.013766985226163358 0.010681589788010029
20 0.48602295606898793 0.5136955404604513 0.02568730491376505 0.022484701162525645
4 0.6624438607224211 0.2314599462046957 0.00791613979824276 0.02235713881923866
13 0.5636450218027985 0.6290505292910873 0.007468002342987308 0.018146297697743334
6 0.38697969671330945 0.4191410330521997 0.02478326586397657 0.01228438203783907
5 0.4079881913439636 0.6308611442899476 0.014462758737390172 0.011303599179393664
18 0.5386343299707127 0.5605668237975837 0.005712173901724699 0.016421463414634147
4 0.27518742076147085 0.1847346651470253 0.011023678229742923 0.015914365169819925
7 0.5654097806703546 0.2147116991110098 0.016735385616661245 0.015875968087531344
13 0.5315049840546697 0.6537091588785047 0.007553674454930035 0.019163645315705496
7 0.4307802720468598 0.4921594456348302 0.027342432801822324 0.01545686801914748
2 0.5668764698991213 0.4649237766127194 0.011210684022128213 0.003820124549806246
13 0.3108036602668402 0.20691078914976066 0.007000137975919298 0.01676575336220652
4 0.35970407549625777 0.20821080465010258 0.017518630654083957 0.012866873945748803
27 0.23754517409697365 0.44279283045361295 0.008317459160429547 0.010272234875769318
6 0.6683399414253174 0.3784570485525416 0.025178303937520338 0.01225683884203328
13 0.2119413420110641 0.34793393571917025 0.007222082395053693 0.018097980396626398
7 0.43493025447445494 0.42130842580351036 0.027581355027660265 0.015511020743104627
22 0.5490464406117801 0.2122790280373832 0.014457343833387568 0.010775575108274446
6 0.6248947504067686 0.11887771689081378 0.015788977025707775 0.011032392067472077
13 0.37705216166612426 0.5565222922270344 0.004348401171493654 0.016484836106678825
18 0.3287868063781321 0.6047242853886483 0.02475827399934917 0.014944517893777069
6 0.6654678763423365 0.3304693321176202 0.001963794077448747 0.010112916161385913
7 0.3982865161080377 0.28245150490084336 0.015574263586072242 0.01598112240711192
13 0.660075298405467 0.5385779001595623 0.00794737962902701 0.017841922042397994
13 0.3201521171493654 0.5332227559607933 0.007937899381711683 0.016069354000455893
13 0.5886245571103157 0.23346499749259172 0.008075038073543768 0.016958789149760657
13 0.21325091571753987 0.5081506049692273 0.006349649723397331 0.01576847959881468
2 0.37616588350146435 0.16337701755185774 0.006495668857793687 0.005324461545475268
13 0.5863243058900097 0.7233474611351721 0.006997455515782623 0.021552200592660133
13 0.6730667360885129 0.6547220715751082 0.007045789781972014 0.017096271711876
13 0.5176704874715262 0.6986120373831776 0.006592587308818744 0.017246125370412584
7 0.19538539798242757 0.7217527567813995 0.018824205662219328 0.015350196489628449
22 0.508409335502766 0.5145591830408023 0.014896950732183533 0.011616599589696831
13 0.3358295138301335 0.39208789605653066 0.008143765701269118 0.017787185776156827
13 0.5861741880898146 0.46638041486209253 0.006550917539863326 0.016278728971962617
14 0.5950969502115196 0.3543021910189195 0.006852985876993167 0.008343405881012083
14 0.2511199835470224 0.16236760610895828 0.0024026678815489747 0.01751513836334625
13 0.6730630706150341 0.6776319416457716 0.008034218027985682 0.018298835650786417
0 0.5391631578262284 0.675913292910873 0.024252272046859747 0.01674602963300661
6 0.6173327120078099 0.236070747207659 0.016509475821672632 0.010877659995441076
4 0.5386439934917019 0.5360411251424664 0.005692730231044583 0.02041102530202872
6 0.20467853953791082 0.3958066943241395 0.007479898470549952 0.01087363355368133
38 0.6435140227790432 0.3761564914520173 0.02408749235274976 0.01979935627991794
21 0.2875907165636186 0.4641324932755869 0.007949012430849332 0.023387791201276497
0 0.2162307790432802 0.23703114109870072 0.021830060527172145 0.015164279917939366
8 0.24470267751383015 0.5331688483245953 0.014719825056947609 0.01596163209482562
22 0.6221488109339408 0.14281648871666286 0.014836003904978847 0.01144401112377479
18 0.2712875235925805 0.2781238386140871 0.02138687146111292 0.015146190107134716
2 0.592256874715262 0.11790973695007977 0.012430536934591603 0.011702123546842944
4 0.66121759323137 0.7221504992021882 0.010179736283761797 0.014554828356507864
13 0.3863409046534331 0.5111088142238431 0.008224189521640092 0.021087234100752222
8 0.3181417715587374 0.18396592988374744 0.01650734318255776 0.015689234556644633
13 0.2847014904002603 0.1597447002507408 0.007617370387243735 0.019933804422156372
5 0.3519246078750407 0.4893177114201049 0.015116312658639766 0.011848592660132209
6 0.5428178014969085 0.30489804239799406 0.023599984380084607 0.012321612035559608
14 0.2545596355353075 0.3525691054479143 0.00840331454604621 0.0048874583998176424
6 0.38994139928408716 0.11737521221791658 0.015802755873739017 0.011357320082060633
6 0.5968283865929059 0.1661557291999088 0.015454552554506997 0.010432475586961478
8 0.2644820722421087 0.20790444495099158 0.015111414253172795 0.01664939503077274
5 0.3521225434428897 0.6536264125826305 0.014752097884803125 0.013062944153179849
13 0.665312426944354 0.6995766327786642 0.002274526260982753 0.020571732847048097
7 0.5984063729254799 0.4655550526555733 0.01587219993491702 0.0025575958057898335
21 0.264576874715262 0.20180245999544105 0.014944751838594209 0.004857569364030089
13 0.27850617377155873 0.46285453567358104 0.007440611259355679 0.01736820241622977
5 0.23592053628376178 0.14181968178709825 0.013652289228766677 0.011395588785046729
6 0.33188962967783925 0.4189236051971735 0.015328393621867881 0.011967401869158878
7 0.2480967393426619 0.3035026760884431 0.026537361535958346 0.020645492591748346
6 0.3833945304262935 0.20967351173922955 0.017033122030589 0.011274176977433326
11 0.37808954064432154 0.11739201823569638 0.006423142466644972 0.023136167768406657
2 0.5593407562642368 0.6564500569865511 0.006285270680117149 0.005732077501709596
6 0.2949193309469574 0.2098539430134488 0.024157302961275627 0.011179257989514474
7 0.6273068985356329 0.14681737132436745 0.005000355613407094 0.020497739685434238
23 0.21355448356654735 0.6501681075906086 0.010469841848356656 0.010511323820378391
27 0.5345928122356004 0.3512574424435833 0.010204211649853563 0.01105867481194438
19 0.36408864822648873 0.702397721267381 0.011118930556459485 0.004292537041258263
7 0.3071248577936869 0.5390725105994985 0.015547922160754962 0.015109076817870982
14 0.39660123136999675 0.20149691725552768 0.008790105304262935 0.005485647595167541
13 0.5054249236576636 0.11822590015956234 0.01080583247640742 0.02368621472532482
14 0.6169849918646274 0.5607018554821062 0.008384387373901724 0.01667273672213358
13 0.24256970517409696 0.2545002963300661 0.008108160624796615 0.018273393207203097
5 0.5527039166937846 0.1648918933211762 0.015532260592255124 0.011272963209482562
13 0.39780334005857465 0.13740576795076362 0.00848633752033843 0.016636557100524276
5 0.30051950797266513 0.6758201595623433 0.014540066905304261 0.01107751155687258
6 0.2559439349170192 0.18802806108958287 0.0120505772860397 0.01279416457715979
6 0.37457006963878947 0.4657267307955323 0.016338997982427595 0.010855135263277867
7 0.5284673062154246 0.4924991839525871 0.02611699837292548 0.01945553316617278
2 0.544683860722421 0.2816924330977889 0.011493525284738041 0.010955784636425804
19 0.2871496934591604 0.2100009956690221 0.008844137715587374 0.010840500022794622
14 0.2882938210218028 0.6953264609072258 0.006555882590302636 0.016469430590380668
2 0.6756970465343313 0.4469727788465922 0.012848234298730882 0.012913207203100067
27 0.6149398242759518 0.6580732382037838 0.009963206768630004 0.018778624116708456
7 0.5936952398307842 0.37873936630955096 0.016089812430849334 0.015732650102575792
13 0.21110378132118449 0.35368593535445636 0.008868313179303613 0.0071171851379074535
0 0.26279128929384965 0.7017986684294506 0.023655133094695736 0.003095855208570777
4 0.6606677722095672 0.14214821609300204 0.016420421477383665 0.011646395258718942
11 0.26455171623820367 0.4158253457943925 0.0219291949235275 0.015534245726008662
19 0.36237503937520343 0.5515023113745156 0.010580922356003905 0.005725786915887851
8 0.6372402316954117 0.465135602461819 0.01631280650829808 0.003396472851607021
27 0.4349220904653433 0.6561130029633007 0.009354521575008136 0.015584196945520858
23 0.5039111330946957 0.2823799626168224 0.014048493589326392 0.014705032140414862
13 0.44189382102180275 0.558570525643948 0.007491361405792385 0.019540263505812627
4 0.4797753231369997 0.46427125963072713 0.014108007549625774 0.005125216868019148
6 0.4953387569150667 0.11774167677228174 0.01863626684022128 0.012095080920902668
6 0.48154691311422065 0.3976527886938683 0.024913723397331597 0.012103250512878961
2 0.6267760546697039 0.4700176339183953 0.003946865213146762 0.012419997264645544
6 0.4553529397982428 0.5517937323911556 0.015802539277578912 0.005142851515842262
11 0.5901658887081028 0.6992737743332573 0.024724618288317606 0.016408392067472077
13 0.517611006833713 0.7037172270800091 0.006467128148389196 0.006932972509687713
13 0.37686100722421084 0.6542793963984499 0.00396607562642369 0.02414336175062685
21 0.3775862044907257 0.7204067581490768 0.005390378652782297 0.016407925233644857
22 0.30001117344614386 0.37233428949167996 0.013737278229742921 0.011743905174378845
13 0.5344998424991865 0.5525826815591521 0.013979566026684022 0.00356508155915204
27 0.5664697689554181 0.6113467900615455 0.008517727302310447 0.015779800319124685
27 0.5872525037422714 0.5866829085935719 0.00963839583468923 0.02235632186004103
27 0.5449274480963228 0.35626799325279235 0.008722044126260983 0.012285198997036699
7 0.6278938574682721 0.3326006619557784 0.006179755027660267 0.016219324367449283
14 0.2895883996095021 0.5562181499886026 0.003966742076147087 0.016166338728060177
13 0.21248416531077124 0.5994868766811032 0.008895520989261309 0.018949835422840212
13 0.5975876394402864 0.6281182621381354 0.008614928994467946 0.021221915659904264
22 0.5477808525870485 0.7244973895600638 0.014969327172144484 0.009860954273991338
21 0.4274926755613407 0.5601142284020971 0.016031264822648876 0.011391865785274676
6 0.1977273023104458 0.18911578390699793 0.015161597917344614 0.010891863414634146
11 0.25308874767328343 0.2074355103715523 0.006340186137325089 0.02267808707545019
6 0.47956839049788474 0.3727566573968544 0.022998013667425966 0.012364327330749943
22 0.2716365766352099 0.628783150216549 0.01376888460787504 0.01059785147025302
4 0.6434198867556133 0.6146415631638934 0.010205511226814188 0.0038383310690677
11 0.6263360745590628 0.40004869660360154 0.003078914415880247 0.01951552131297014
2 0.6206632945004881 0.2601012518805562 0.012991820891636837 0.011569869523592432
5 0.29259158867556134 0.3520609801686802 0.013813703351773511 0.0038712195121951218
2 0.589077576309795 0.6560826587645316 0.01270773003579564 0.01150383587873262
13 0.6241784835665474 0.5833008142238432 0.010103511096648227 0.01929821016640073
4 0.4441462544744549 0.20176534670617732 0.013679663651155223 0.004853764668338273
11 0.6629915157826228 0.2108765425119672 0.006916531858119102 0.01586884887166629
13 0.6761289059550927 0.37217311511283335 0.009140274650178979 0.014254537497150672
6 0.4380369098600716 0.6318392778664236 0.025104827855515783 0.010982464189651242
13 0.44295880767979173 0.7035765350353317 0.006140617767653758 0.0066515884203328015
6 0.5309065122030588 0.6322504417597447 0.024669636186137326 0.011180331707317073
2 0.6549178106085258 0.614481439161158 0.011695259616010414 0.0035216193298381582
6 0.42530438789456554 0.6075969473444267 0.024181628376179626 0.011540995851379075
11 0.4067206039700618 0.3457389997720538 0.023507181256101527 0.016201584682015043
6 0.5382534539537911 0.16425011351720994 0.006473892613081679 0.010514229860952814
23 0.22880351968760168 0.30583637839069977 0.013140189261308168 0.015374821974014132
23 0.6639988545395379 0.6575269259174835 0.011073545330296128 0.01041528443127422
13 0.2511273228246014 0.5332407057214497 0.0024131977871786527 0.01800683109186232
13 0.6492313283436382 0.5851326701618418 0.009368883566547347 0.01745421654889446
10 0.3391575971363488 0.460727290631411 0.01230526104783599 0.01218646364258035
23 0.20518054279205988 0.5107061700478687 0.009953559908883827 0.010620341189879187
21 0.47976532639114866 0.46744923090950535 0.014568407679791735 0.01156308876225211
2 0.25204082212821344 0.2337518668794165 0.004210995899772209 0.01418824709368589
2 0.5778140761470876 0.46490253567358103 0.01064095281483892 0.0038624663779348073
13 0.28979649853563294 0.6234385447914292 0.003550494240156199 0.021438293138819238
6 0.6634113791083632 0.3759189897424208 0.015029924113244386 0.006766884704809665
13 0.31494098014969085 0.3226739074538409 0.015010063911487145 0.01673062411670846
14 0.6336069144158802 0.6142744567130157 0.007169932704197852 0.0030933459767494872
5 0.2883957878294826 0.3474135327102804 0.0063383534005857466 0.01403769318440848
5 0.422011793036121 0.25641956690221107 0.015282875105759845 0.011303003966263962
13 0.4333276095021152 0.6050709095053568 0.009363168760169216 0.017785785274675177
7 0.2523902583794338 0.42393203191246864 0.004942607744874715 0.022428214269432416
8 0.24290759518385943 0.7170070408023707 0.015007814643670679 0.01683146022338728
13 0.33866442434103483 0.13764688762252109 0.010243232281158476 0.016287832231593344
8 0.3611710979498861 0.5333151773877365 0.016071851610803777 0.01623846455436517
14 0.3528776309794989 0.5510428301800775 0.007215967718841523 0.006644632596307272
5 0.2257860019524894 0.46187815272395716 0.014198844646924828 0.016750581262821976
2 0.6268556954116499 0.5866302730795532 0.004099515522290921 0.013416220651926146
8 0.3675443566547348 0.5566118076134032 0.02270810803774813 0.016609013904718486
14 0.3039035730556459 0.35212942967859584 0.007000704458184184 0.004008106861180761
6 0.3442207822974292 0.7229923173011169 0.014255609502115197 0.01244158832915432
5 0.3392000833062154 0.5591237237291998 0.01644779589977221 0.011977905630271256
2 0.6457264692482916 0.14232012764987462 0.01269523410348194 0.010710650193754273
6 0.3715553843150016 0.2564962443583314 0.02554685063455906 0.011853611123774789
5 0.3121703820370973 0.2328907918851151 0.015211515001627074 0.011296771734670618
8 0.6395992971038074 0.4451698199224983 0.016515007354376828 0.014798865739685434
13 0.6487593153270419 0.18549591939822202 0.0065935203384315 0.019447480282653293
4 0.5133857655711032 0.46455486118076134 0.011912305629677837 0.004546156188739457
7 0.26238142271396026 0.23345204285388646 0.01617775047185161 0.021880618190107136
28 0.198289952489424 0.35274668903578754 0.016385566156849985 0.005242637246409847
5 0.552478989912138 0.4646316553453385 0.014909863195574358 0.004404367084568042
6 0.4442009033517735 0.46642289674036924 0.006186086300032541 0.009968909596535217
9 0.5036846234949561 0.6078325817187145 0.007681899381711682 0.016455075450193757
4 0.655647573055646 0.32923957510827445 0.01717290986007159 0.012609415090038751
21 0.25543161835340056 0.4449499645315706 0.010952234819394727 0.0145864563483018
2 0.5216920117149366 0.3746104545247322 0.013381893914741295 0.011226524914520173
2 0.2509183541815815 0.6739239972646455 0.001975773511226814 0.00950596216093002
8 0.503947454604621 0.4180096612719398 0.016101875170842824 0.017177267380898108
7 0.3799991523592581 0.14252903578755413 0.01022760403514481 0.021133684066560292
2 0.6225286872762772 0.46543601002963303 0.012349796550602019 0.0027955643492135855
22 0.2913513257403189 0.5352204312742193 0.01378881145460462 0.010799441987690905
21 0.502891698275301 0.4696336630955095 0.006108794793361536 0.026302234784590837
13 0.4094703755287992 0.3696329555504901 0.015585326651480637 0.017003371780259856
6 0.29855631369996743 0.3253150198313198 0.01669589847054995 0.011081841440620015
13 0.6586612587048487 0.4213589605653066 0.015045868922876668 0.01696999316161386
11 0.5039718633257403 0.16398296785958513 0.008269158216726325 0.022282445406883976
1 0.29891902896192646 0.5507190809209027 0.0211416179629027 0.0072922244814223845
16 0.4554042564269444 0.373080523364486 0.02208847640741946 0.011517852564394804
11 0.2556783380410023 0.30030929929336675 0.011516201236576637 0.016561280145885572
2 0.6774634715261959 0.28487367221335763 0.007017415684998373 0.006134149806245726
13 0.5044698012365766 0.5341949257351265 0.009132910380735437 0.0176333640300889
6 0.2274026423690205 0.2573763428310919 0.02194602277904328 0.012903053567358104
0 0.5367932626098275 0.3742546104399362 0.009347640481614057 0.010095853385001139
6 0.5389748857793687 0.6557743150216548 0.005030978978197201 0.010433269204467747
6 0.5266332365766352 0.16576685662183724 0.015954156589651807 0.010541679689993162
13 0.6265316675561341 0.6085976056530659 0.003470087081028311 0.015299311602461821
5 0.41222864432150996 0.1610605881012081 0.00857674142531728 0.018579402780943697
4 0.2522957891311422 0.13985396124914523 0.004746888122356004 0.015527710052427627
38 0.5047964782297429 0.39162549715067246 0.009918388024731533 0.023123913380442215
8 0.3508499576960625 0.39281148848871666 0.016277068141880898 0.01780200775017096
6 0.5777732561015294 0.3542728155003419 0.025748784900748455 0.008294878504672898
13 0.379070871200781 0.46104777205379527 0.008375990107386919 0.011572121996808753
8 0.19662599414253173 0.6471425575564167 0.02223059681093394 0.016631538636881694
2 0.3783153504718516 0.4426989851834967 0.020700594858444516 0.01125957674948712
8 0.2428774383338757 0.5096995596079325 0.01440850972990563 0.016364976521540918
13 0.5724913088187439 0.27990947800319127 0.007883533745525546 0.01688234511055391
9 0.6653529137650505 0.4943624344654662 0.0021936525870484866 0.011121067152951903
0 0.284746142531728 0.7019343536813312 0.013598023560039049 0.00336722571233189
6 0.4213493420110641 0.5839206528379303 0.024762939147412955 0.012793581034875769
11 0.6277736465994143 0.30331699293366765 0.005954045167588675 0.015780500569865512
6 0.4489293641392776 0.4431419754729884 0.023230271396029938 0.010970524914520174
12 0.4491986098275301 0.461433026669706 0.015467315066710056 0.010801496056530658
13 0.5693076784900749 0.48919738500113974 0.0153575674585096 0.016741244586277636
2 0.3772091772209567 0.16768811123774788 0.004660399609502115 0.014391786642352404
21 0.6310234887081028 0.6332482990654206 0.01242183976570127 0.017296543423751996
20 0.200615528799219 0.4453476836106679 0.0218278945655711 0.015381941189879188
11 0.3791619248942401 0.3685442990654206 0.008545868141880898 0.021516371096421245
4 0.4326484972339733 0.46513140095737404 0.01736851285388871 0.013006223843173011
5 0.4425254487471526 0.23337408160474127 0.015052516758867556 0.010492370366993388
8 0.23878493719492352 0.39301992979256895 0.020605958997722093 0.016230061545475266
8 0.28285759062805077 0.36925913836334623 0.020087627725349822 0.01791638203783907
1 0.28801257923852913 0.5360068245270116 0.007118416140579239 0.02154368087531343
6 0.3080800468597462 0.1399705529974926 0.018371686300032542 0.011641213403236837
13 0.5406413433127237 0.5121253448826076 0.0016980139277578913 0.017378589468885344
4 0.45274795444191346 0.703191572190563 0.010615094565571102 0.005881662730795533
6 0.2405298691832086 0.3495671538636882 0.014802564790107386 0.011247765853658536
13 0.41372532378782945 0.4439643732847048 0.005611373381060852 0.012615367221335765
13 0.3619388480312399 0.2762796115796672 0.015193687471526196 0.01664250923182129
13 0.47438841002277904 0.3005086373375883 0.007849994663195574 0.016961240027353542
12 0.45356318906605925 0.11673798404376567 0.015413199349170192 0.02060464463186688
18 0.2627737949886105 0.7183605087759289 0.02235055776114546 0.016091061773421473
13 0.3771817028311097 0.551346505584682 0.004607466840221282 0.0060372817870982445
11 0.37683848122356006 0.5091828912696603 0.003921023625122031 0.01749681513562799
8 0.1961283228115848 0.576902973330294 0.019909352424341036 0.016870907681787096
6 0.6506696934591604 0.2129169564622749 0.016657944158802476 0.011551581308411215
2 0.323467871135698 0.46055923045361297 0.014228201757240481 0.01254931023478459
13 0.32306916758867554 0.36908302530202874 0.015283858119101854 0.016463478459083657
2 0.35095275756589656 0.676355617962161 0.020420685974617638 0.011226478231137451
4 0.41477048356654733 0.6056938992477776 0.003466821477383664 0.014356890813767951
14 0.5643006417181907 0.37210414041486206 0.011936297819720143 0.014396805105994984
13 0.37445410738691837 0.7205442407111922 0.011611620175724048 0.016853984955550492
6 0.6209500344939799 0.6143517410531114 0.014778955808656038 0.0032572863460223387
6 0.34827196355353074 0.16244451698199225 0.02204832281158477 0.011343910280373832
28 0.5918923267165636 0.2560191401869159 0.022489179303612102 0.017076197857305676
6 0.226514098275301 0.7010136219922498 0.015442773055645948 0.0015241307499430133
18 0.371314962577286 0.39300032277182584 0.02294519752684673 0.01627686163665375
22 0.3784524725024406 0.34875194529291087 0.014928357175398635 0.010605530886710736
13 0.5525086469248291 0.5489843264189651 0.012845335242434103 0.010761675131069067
18 0.6271596797917345 0.5403448661955779 0.01736834624145786 0.011585881923865967
5 0.42896269703872436 0.44310703296102116 0.015528028636511553 0.010809198814679734
23 0.6488786098275301 0.7249087868702986 0.012411476472502441 0.017226751766583084
4 0.3442694331272373 0.35189077255527695 0.010673625512528474 0.0035308042853886483
13 0.3934325961601041 0.13723408981080465 0.014691417637487797 0.016923776612719398
8 0.3237174565571103 0.2532027317073171 0.02160630003254149 0.01712859995441076
22 0.37847163293198827 0.3520697216320948 0.0141409301659616 0.0038838123546842945
7 0.19612299121379762 0.26558972382037843 0.014344963748779695 0.005991392021882836
0 0.2479076342336479 0.4631510918623205 0.02341970972990563 0.00736554073398678
13 0.5823011155222909 0.4449668405744244 0.006506665278229743 0.014522033280145886
8 0.5289556472502441 0.7036667623432871 0.014347962772534983 0.006832043036243446
27 0.5660683996095021 0.39730067927969 0.011866253953791083 0.019660006382493732
21 0.6305900131467621 0.5384406510143606 0.011580230393752033 0.025645049464326417
2 0.6261332772404816 0.25993856029177115 0.002656235340058575 0.011196274082516526
23 0.4888550341685649 0.724235612491452 0.011920736218678816 0.010384473398677912
8 0.4406797162382037 0.25355344062001367 0.015979048486820698 0.01726631593343971
22 0.21924229873088188 0.44225126820150445 0.012049244386592906 0.009047274583998177
5 0.24186343507972663 0.6939693749715067 0.014259041718190693 0.016374663323455666
6 0.6731475431174748 0.47160486893093223 0.015882646534331274 0.010897908912696604
13 0.6729467751383014 0.39847931798495556 0.01593178054018874 0.017057291087303396
6 0.19807285649202733 0.5570855272395715 0.021119291897168893 0.011530795532254388
21 0.49864418093068663 0.4616748465922042 0.01564227478034494 0.010317961249145201
13 0.4174552762772535 0.3000572090266697 0.008850785551578262 0.016661999544107593
23 0.4062250986007159 0.6068530476407569 0.011040339472827856 0.011075667563255072
2 0.30760820045558085 0.39603847731935266 0.0058398823299707124 0.006360715933439708
