12 0.6364263299707127 0.46471556872578074 0.027459894565571102 0.01797590335080921
12 0.7099000794012366 0.32681028857989514 0.027474056622193294 0.017230603145657625
12 0.7960022180279857 0.37276599407339867 0.01584157657012691 0.016177659448370182
28 0.47116312658639764 0.32697181308411216 0.01840184315001627 0.01862095099156599
12 0.39157203514480965 0.4428906204695692 0.028234642369020502 0.01739271119215865
21 0.7911787881548976 0.21840633872806017 0.015438457793686952 0.015352180533394119
12 0.37309105109013996 0.37238085616594485 0.027599515782622843 0.017785435149304765
21 0.6495578887081028 0.21632962844768636 0.017421828831760494 0.015416020059266015
7 0.5368887315327042 0.42380411944381124 0.009203220826553856 0.015842939594255756
12 0.4321356641718191 0.30370166400729426 0.019388855190367718 0.016281646683382722
4 0.5469074702245362 0.2828222876681103 0.012581071265863976 0.014748097560975611
18 0.794542193296453 0.3506936238887623 0.013561285519036771 0.014016919079097334
12 0.42891737845753336 0.39561821016640075 0.029303794337780673 0.0175276261682243
4 0.6723241444842173 0.5362205060405744 0.013118679596485518 0.0141579028949168
1 0.5636893407094045 0.19313183861408706 0.015828947347868532 0.016737276498746297
12 0.7185710901399284 0.5112530658764531 0.028070862349495605 0.017323736494187374
4 0.4095526820696388 0.30516798905858217 0.01264113504718516 0.013692352860724868
1 0.4263125597136349 0.5623269040346478 0.0160289155873739 0.016582871210394347
11 0.6318267272372274 0.2800843072714839 0.014060206443215099 0.0161641212673809
18 0.5770436602668402 0.348799562343287 0.016110155808656035 0.016672386596763164
7 0.39523301008786205 0.2844964704809665 0.018531467621217053 0.014549343059038067
4 0.8154253953791084 0.6023708593571917 0.012001793166287017 0.01651389651242307
1 0.33703762056622194 0.6331989313881924 0.01571228532378783 0.016874292227034418
4 0.5908388363163033 0.21222697606564853 0.011114681939472827 0.013538881240027353
8 0.7638707608200456 0.3293365598358788 0.016437049397982427 0.011328586459995441
1 0.801958945655711 0.4013992468657397 0.013566133940774489 0.01648647002507408
18 0.39302456231695415 0.673897504444951 0.016610742857142858 0.016389135172099386
1 0.5911812248616987 0.5862430344198769 0.015502853498210218 0.016553810804650102
1 0.38996805727302314 0.35457756462274903 0.01595970478359909 0.016510395258718943
18 0.5540198216726325 0.7204090923182128 0.015694907647250244 0.01619259813084112
1 0.5590343560039049 0.35382421153407795 0.01569817325089489 0.01580162480054707
4 0.6057586462739993 0.6521053512651015 0.01228293498210218 0.012508345566446318
18 0.644016359258054 0.120002319580579 0.01607321783273674 0.015160311830408023
1 0.5649037787178652 0.5395224217004787 0.015057831695411649 0.015755758377023022
7 0.5885367523592581 0.28462951812172327 0.017758552554506996 0.0142831310690677
18 0.8097539082329971 0.41940444403920674 0.016153275105759844 0.01754069751538637
9 0.4993771090139928 0.351415582402553 0.01572629742922226 0.011912665602917712
18 0.7325597032216076 0.7187992158650558 0.014976991343963554 0.015149808069295646
18 0.6057268232997071 0.18875398769090496 0.015282158672307191 0.01494510143606109
1 0.7894301906931337 0.4474425420560748 0.013600972600065082 0.016640992021882836
4 0.5717517162382036 0.4197428985639389 0.012245847054995119 0.014219758377023023
4 0.8145118594207614 0.5359609464326419 0.011065314676212171 0.01383987235012537
18 0.4837420318906606 0.46465581399589695 0.01814759258054019 0.017155209482562116
1 0.5772837487796941 0.14724300706633234 0.015621048356654735 0.016306272167768407
9 0.4972033166287016 0.2596655792113061 0.015226576765375855 0.011447337314793709
4 0.7315097116823951 0.30597211032596305 0.011981399804751058 0.014597076817870982
19 0.6919344275951839 0.5601582274903123 0.010618210218027984 0.010620282835650786
8 0.786391179954442 0.6737199908821517 0.01430071148714611 0.010748498746295874
9 0.5024156199153921 0.44404825165260997 0.015221245167588675 0.011724298153635742
18 0.40729041848356656 0.6512839571461134 0.018376851285388872 0.016574234784590837
12 0.3417237617962902 0.5347456145885571 0.028250637162382033 0.018712333713243674
9 0.48445596615684994 0.6764726765443356 0.014690567914090466 0.01189259174834739
9 0.7029050231044582 0.6981685452473216 0.014741284738041002 0.011478755231365398
9 0.6128528369671331 0.6290779557784363 0.014679554832411325 0.011209788921814451
18 0.4070836524568825 0.18828598677912012 0.015445505499511878 0.015223334397082289
9 0.6196816140579239 0.39817074082516524 0.014999034168564922 0.011671779348073855
1 0.33850014448421734 0.6568404467745612 0.01553835860722421 0.016200300888990198
9 0.4062014396355353 0.5596831073626624 0.015044102831109664 0.011795723729199908
9 0.7031757683045884 0.35106020515158426 0.014800315522290922 0.012061235468429451
18 0.3897789521640091 0.419155154775473 0.015988712007809956 0.014942300433097789
18 0.5522833869183209 0.32661316799635287 0.015018144614383338 0.014715185776156827
6 0.6040643644646925 0.37406659311602464 0.016320653953791082 0.01047174798267609
9 0.6242687875040677 0.6989225985867336 0.015362082655385618 0.011901695007978117
4 0.6679245766352099 0.2589245972190563 0.01209119739668077 0.014105033963984501
9 0.6382535684998373 0.5371210284932756 0.015118145395379107 0.011823266925005698
1 0.5983328968434755 0.6094964941873718 0.0149555983078425 0.01603784271711876
4 0.736808820045558 0.18985431502165487 0.010530738691832086 0.013524175974470025
4 0.7264923449397983 0.5822568570777297 0.012084966091767003 0.01345811898791885
9 0.5160090782948259 0.4673091807613403 0.014004024731532705 0.012033692272623662
1 0.7963407744874715 0.721993292910873 0.013244838529124633 0.01486854068839754
1 0.6262381464367068 0.4471019867791201 0.015009080898145136 0.015836287212217918
4 0.5027788350146437 0.6301575090038751 0.012640885128538889 0.01302232961021199
9 0.6587127419459811 0.5134545374971506 0.015045868922876668 0.012031824937314793
4 0.38888957500813537 0.46697130977889223 0.012497331858119102 0.013589649418737179
7 0.41344824731532703 0.6330470936858901 0.015438907647250245 0.0172104125826305
19 0.8153309261308167 0.5597569838158194 0.00970938939147413 0.011074337086847503
9 0.6698357878294826 0.560427240483246 0.015026208656036447 0.011889440620013677
14 0.7983058014969087 0.12167988693868247 0.008319025317279531 0.01676166856621837
9 0.8120891480637813 0.6271661545475268 0.013154018093068662 0.01138114027809437
9 0.7149812587048487 0.6752905365853659 0.014451728994467946 0.011231683428310919
14 0.4473152229092093 0.37153168543423754 0.008274356524568826 0.015541598358787326
1 0.5361697988935893 0.7235439981764303 0.014615808916368371 0.011767830408023707
4 0.5570649970712659 0.48957785457032144 0.011639277839245038 0.013379690904946432
9 0.6050901972014319 0.6755940952815135 0.015079391343963553 0.012026339639844997
0 0.5262748532378783 0.44583127677228174 0.02358665538561666 0.01299863779348074
9 0.6714482629352425 0.3058192222475496 0.015242105043931012 0.012314492819694552
19 0.41316383989586725 0.4447801303852291 0.011565351903677188 0.011031715158422613
23 0.7978556147087537 0.1701370047868703 0.01057992268141881 0.01087331844084796
0 0.5600005414904002 0.37399575108274447 0.024512687276277253 0.010611016184180533
11 0.4212906944354051 0.46147107362662415 0.016101975138301333 0.010719076544335536
8 0.6496676863000325 0.37379337861864603 0.017057947282785552 0.010991275678139959
14 0.4162718281809307 0.11955660998404377 0.008530673088187439 0.01659325826304992
6 0.6151942414578587 0.6072804340095738 0.016007789131142206 0.010714303168452245
9 0.5907686924829157 0.5597413448826077 0.015197836121054345 0.011508947709140642
6 0.5574507048486821 0.420968920902667 0.015516932248616987 0.010556314930476407
8 0.5502545473478685 0.5600430362434465 0.01595552281158477 0.011007673216320948
14 0.470744762772535 0.34941578299521314 0.008084684933289945 0.0177169272851607
23 0.6399326385942076 0.30646403647139275 0.011102785811910185 0.010754602598586734
5 0.34714066514806374 0.3536945601094142 0.014627838333875692 0.007138379393663095
8 0.5116630263586073 0.5368213211762024 0.015662418223234623 0.011640431456576249
8 0.667089515131793 0.2135518504672897 0.01622563488447771 0.011143416822429907
18 0.653073077774162 0.16511527330749942 0.018033629677839245 0.016565014816503305
0 0.6118310029287342 0.2138593772509688 0.023437204035144807 0.01104445972190563
7 0.7154517722095671 0.26666124750398906 0.018083780019524893 0.008134439389104173
0 0.6242567914090466 0.3741751319808525 0.023024005206638463 0.0102194359699111
0 0.541855281483892 0.4677013211762024 0.024692961926456234 0.011598264691132893
18 0.6689559075821673 0.4426870809209027 0.015363315587373902 0.01566367540460451
1 0.3640364985356329 0.19260046501025757 0.01561553348519362 0.016591857761568272
4 0.4355015684998373 0.6054158997036699 0.012470440611780018 0.014179143834055163
4 0.5524065135047185 0.6055817424207887 0.011222630133420113 0.014240765899247778
8 0.4813904640416531 0.26420980971050834 0.015559285128538887 0.0032205465238203785
9 0.43771468141880904 0.3282595741964896 0.015288456622193296 0.012640342831091863
11 0.4296666345590628 0.14278042580351036 0.02444504262935242 0.01671008342831092
0 0.7469348571428572 0.5601024408479599 0.023202447120078098 0.011224984362890359
4 0.4451390979498861 0.6282123291543197 0.011607121640091117 0.014193732391155688
18 0.5507732118451025 0.5122892035559609 0.015149368564920274 0.01637396307271484
7 0.5472223677188416 0.30868091360838845 0.017432158802473154 0.016766220196033736
0 0.41515685779368694 0.3741387189423296 0.02304833062154247 0.01032403008889902
8 0.6138145239179954 0.35368355450193756 0.021660782297429224 0.007116368178709824
8 0.6925350654083957 0.5368314748119444 0.01634661217051741 0.01131105684978345
2 0.7426314246664496 0.6060834720765899 0.012445298795964855 0.010513517939366309
23 0.44128185356329325 0.25986223296102123 0.012018687666775137 0.010939071985411443
9 0.48716625056947604 0.2828627855026214 0.015024026033192322 0.01234810485525416
2 0.4705226684022128 0.6531251497606565 0.013071561601041327 0.011763162069751538
7 0.5114100253823626 0.23947314884887166 0.017027123983078426 0.016193531798495555
14 0.5845077305564595 0.6735783068155916 0.006825128278555159 0.0164118933211762
0 0.4384377793686951 0.3523868301800775 0.02361914480963228 0.011887806701618419
9 0.7598569840546697 0.536809650330522 0.014155308818743897 0.011538556644631867
7 0.38991774031890664 0.7238265493503533 0.016872674259681093 0.01120251798495555
16 0.6242811168239506 0.6532676507864145 0.017011629027009437 0.011599431775700934
14 0.3552331975268468 0.2797066387052656 0.007666254474454929 0.01642624846136312
2 0.49655569410999023 0.5374241203555961 0.012784921575008134 0.011100911602461818
14 0.6055457155873739 0.4421404185092318 0.0073826134721770255 0.01651412992933668
14 0.8009676016921574 0.511156664691133 0.006867464497233974 0.016780925461591063
0 0.44536235860722423 0.46793041987690903 0.02310847770907908 0.012014435377250969
2 0.5792441106410673 0.5134269943013449 0.012699516042954766 0.011306400182356964
4 0.664154803774813 0.25881489126966034 0.004589872567523592 0.014391786642352404
11 0.4732879349170192 0.6270842252108503 0.015542973771558737 0.01668394073398678
0 0.523918620240807 0.260328483245954 0.023745270419785226 0.011533211397310235
11 0.6705688825252196 0.6964232869842717 0.01496624484217377 0.016340234328698428
4 0.8009212834363814 0.3061846364258035 0.009471850048812236 0.013892157738773649
5 0.7042014344288968 0.3738484650102576 0.014826190432801822 0.01090614852974698
1 0.3963783039375203 0.17035571643492134 0.014894451545720793 0.01549689901983132
8 0.45622249007484544 0.536456840665603 0.01613536426944354 0.012103717346706178
9 0.7380604126260982 0.6287870015956235 0.013712019785226163 0.011204817141554593
6 0.5153280833062154 0.37423185229085937 0.016372087211194274 0.01014124130385229
7 0.5895927419459811 0.7052483603373604 0.018344695086234947 0.009995227353544564
8 0.6501233712984055 0.42089247686346026 0.016844350146436707 0.011538299886026898
23 0.6441516485519037 0.6988795331661728 0.01231660735437683 0.010804577159790288
19 0.7824269703872437 0.37438765808069296 0.009604140318906607 0.00982953635741965
9 0.7816022388545395 0.5590197364941875 0.013489425577611455 0.012450808297241852
23 0.7552074975593883 0.6743217396854342 0.011797976179629027 0.010108913061317528
4 0.5121756095021152 0.3051527002507408 0.011627898210218026 0.01331620150444495
6 0.5683523228115848 0.2598548803282425 0.01607616687276277 0.011200265511739228
8 0.8020812391799543 0.6052653457943925 0.01373192997071266 0.010867564713927512
9 0.7429483215099251 0.3979124650102576 0.01412711799544419 0.011958181901071346
4 0.5696504002603319 0.235219008889902 0.012935472567523592 0.014341718714383405
4 0.33367588154897493 0.35150614816503306 0.01277162590302636 0.013909547298837473
2 0.5744395079726652 0.32864202780943697 0.012172221021802798 0.011865748803282426
18 0.8122151070615033 0.7174470316845225 0.013152118711356981 0.01483854661499886
9 0.8082085779368695 0.23857811169364032 0.013570999023755288 0.011322821062229312
23 0.6585859498861049 0.35151606838386146 0.012236916628701593 0.010158409117848188
4 0.5323891962251871 0.698638063369045 0.011282094109990237 0.01337210485525416
8 0.3888292613081679 0.6539047622521085 0.01602431708428246 0.011413235103715523
0 0.5358930556459486 0.6538089446090724 0.03226799609502115 0.01172955003419193
22 0.775760807028962 0.2837544381126054 0.014185282395053693 0.010783114474583999
14 0.8128355717539862 0.2831372837930249 0.007107269768955419 0.016973260998404377
0 0.6265655398633257 0.23823242124458627 0.022211769606247964 0.012632756781399591
4 0.7769079336153596 0.626689167084568 0.00915118776439961 0.013369653977661272
4 0.5684732834363814 0.3975531196717575 0.010617627074520014 0.014064886254843856
2 0.6853209137650504 0.190787632550718 0.012866378392450374 0.011499879462046957
14 0.7614986163358282 0.7175889491679963 0.008103595444191343 0.016813253704125827
2 0.5361068193947283 0.5606957866423523 0.012277636706801171 0.011271947845908367
4 0.7802268532378782 0.397523008889902 0.009868237683045884 0.01324991110098017
5 0.5457338522616336 0.2366752970139047 0.016002140969736414 0.011612584818782768
2 0.6278574526521314 0.25987005242762706 0.012088531597787179 0.011280222475495783
0 0.4290125141555483 0.2377357100524276 0.02360914806378132 0.0122741116936403
5 0.633779691506671 0.6293544381126054 0.015341039505369346 0.011054613357647595
6 0.5811864783599089 0.5371009546387052 0.015775631369996743 0.011406104217004788
2 0.8114296960624796 0.26162067927969 0.011286492678164659 0.010859476817870983
2 0.45168480052066384 0.6537385694096193 0.012518058444516759 0.011041051834966948
29 0.766948342336479 0.19119716252564395 0.02136437878294826 0.019238572144973785
0 0.7587749029612757 0.21521424572600867 0.018037961601041326 0.012658549350353317
4 0.5433024770582493 0.5360901426943241 0.012077401887406443 0.01414098016868019
7 0.33731336413927754 0.33188267152951906 0.01809777546371624 0.016456242534761793
2 0.7763167927107062 0.7202787289719625 0.01909078555157826 0.010972508958285845
4 0.33503560559713635 0.6762059977205379 0.012568641978522617 0.01247776795076362
23 0.5002118372925479 0.3063719534989742 0.012037214969085584 0.010687950398905858
23 0.78703813602343 0.1697587526783679 0.010664345200130166 0.010954174059721907
5 0.37567004490725675 0.2837432341007522 0.0162888976244712 0.01129321212673809
16 0.5410860318906606 0.4905797966719854 0.01709343573055646 0.010898457442443584
2 0.4884834884477709 0.7234379101891953 0.01238415203384315 0.011790005014816503
22 0.5709876316303286 0.44424035377250964 0.014627605076472502 0.011286618098928652
2 0.5381736465994142 0.12261600547070892 0.006633507321835341 0.011120471939822203
19 0.39465803058900095 0.3742715331661728 0.010264458704848682 0.01006189122407112
5 0.5802151278880573 0.3741942721677684 0.015269396160104132 0.010216448233416914
14 0.5149640351448097 0.3265944946432642 0.007754425772860397 0.017088452245270117
23 0.7897717461763749 0.3074784663779348 0.010975893784575334 0.010750389423296102
2 0.39572151773511227 0.630324402097105 0.01348822596810934 0.01205645042170048
0 0.36665497949886106 0.7006789441531799 0.023270924829157175 0.012425132436744929
23 0.4944708727627726 0.21355850284932754 0.013061564855190368 0.010739033690449054
14 0.7120587100553205 0.626347678139959 0.00799186514806378 0.016463245042170047
2 0.5221478633257403 0.4906334825621153 0.012429387308818745 0.01105033015728288
8 0.3970787425968109 0.5368244723045361 0.016964977546371624 0.012144682015044449
8 0.5809995392124959 0.6067815053567358 0.01633473270419785 0.011763395486665147
14 0.7256509521640092 0.12030319398222021 0.00792090491376505 0.016656514246637794
6 0.37231397071265865 0.42163871073626624 0.015390390107386917 0.011057449373147937
14 0.38387469079075826 0.6273827654433554 0.008615795379108364 0.016591857761568272
6 0.5771934448421737 0.21389042170047867 0.016223352294175073 0.01117023642580351
5 0.7752166508298081 0.2152351365397766 0.014575022193296453 0.011039908092090265
2 0.7762528135372601 0.44471150581262825 0.012181501334201107 0.010999748712103944
21 0.807382013667426 0.6761223177570094 0.02509083241132444 0.01535556507864144
4 0.6542651897168891 0.3055995769318441 0.01588591213797592 0.012845399589696832
14 0.692880786202408 0.46531731752906313 0.008078786853237877 0.017373454296785957
14 0.7747026514806378 0.418722983359927 0.006972830198503092 0.015914481878276727
2 0.42904883566547347 0.2598981791657169 0.01260411376505044 0.011616716298153636
14 0.5917032216075496 0.37133456485069527 0.0076388300683371295 0.015935839525871895
5 0.48965377416205663 0.49016011306131757 0.016056639895867232 0.013319586049692274
11 0.5764665148063781 0.6503518067016184 0.01621595470224536 0.016539105539092776
5 0.41017181386267487 0.6765530886710736 0.015159681874389848 0.010734178618646
0 0.5413970972990563 0.6770515504900844 0.024176463390823303 0.012424548894460907
16 0.5201201900423039 0.6768662174606793 0.017002965180605272 0.011252434191930704
14 0.49537374552554503 0.37150414223843176 0.008500882785551578 0.015596684750398907
23 0.4553444425642695 0.4443220496922726 0.011405453953791084 0.010954407476635513
11 0.7739810530426294 0.25755490677000226 0.014446430719166937 0.016506077045817188
18 0.5325019928408721 0.3729137469797128 0.016002724113244386 0.015261731479370868
6 0.7790380735437683 0.3539295175746524 0.01430887549625773 0.007602003738317758
22 0.8027436902050115 0.5597802087987235 0.012225203774812886 0.010432102119899703
23 0.5920632710706151 0.5138376913608389 0.012083816465994142 0.010816037930248462
14 0.5586496479010739 0.4426036343742876 0.007597510185486495 0.01752155732847048
2 0.3473599271070615 0.6771827307955323 0.012149078555157827 0.010519411716434921
18 0.7246299511877644 0.6502039370868475 0.014388799479336155 0.014362609528151358
8 0.4512594389847055 0.1447568835194894 0.015946559062805076 0.010392689674036927
23 0.5696552320208266 0.4905384818782767 0.012432236381386267 0.010471526236608162
5 0.7903953765050439 0.5135090403464783 0.013699873739017246 0.012237698655117393
2 0.4127436433452652 0.5369851798495555 0.01292985772860397 0.011488547070891269
21 0.5036220105434429 0.6804589705949395 0.007561855125284738 0.01843643492135856
2 0.7754154194598113 0.16893023934351495 0.011377563032866906 0.011429212491452017
2 0.335633077774162 0.44455705384089356 0.014501879336153595 0.011888390243902439
2 0.5200872007809958 0.6304143843173011 0.012922993296452977 0.011859096421244586
13 0.6137283852912463 0.4440612296330066 0.00800452769280833 0.01270289856393891
2 0.6438434155548324 0.513760080237064 0.01309457077774162 0.011294134123546844
6 0.3742759986983404 0.4684254971506725 0.015998158932639114 0.010971960428538865
7 0.6544141412300684 0.6327059548666515 0.02407133094695737 0.01784355596079325
2 0.3809884969736414 0.606808231593344 0.012031416856492026 0.011363984134944154
0 0.4698099004230394 0.42095386551173924 0.024132311096648228 0.01149495436516982
7 0.5353848877318581 0.40011218600410303 0.017815534005857468 0.017128716662867565
5 0.4348156251220306 0.37414513790745385 0.01547502922225838 0.010314705083200365
0 0.5884357852261634 0.2603920893549122 0.023400382687927105 0.011544812217916572
8 0.36175407484542793 0.12261028675632549 0.016193062154246665 0.011721847276042854
0 0.7067840937194924 0.2141299074538409 0.02436340253823625 0.011608254935035332
5 0.45880431630328666 0.35183211488488714 0.01567374786853238 0.011052746022338727
23 0.33386765245688255 0.19044824435833144 0.012212291311422064 0.010860468839753818
14 0.719519281483892 0.23431346797355823 0.007628816661243085 0.015952878960565308
0 0.4718224119752685 0.7007929683154775 0.023570327367393427 0.012239332573512651
5 0.7859301633582818 0.19279256713015727 0.014471372600065084 0.011275857579211306
4 0.40172406378132114 0.5831970604057443 0.011718951903677189 0.013148141326646911
0 0.678847854214123 0.32956810941417825 0.02336889293849658 0.011748106678823797
6 0.659415013342011 0.3293974816503305 0.016070218808981452 0.01118853631183041
7 0.6451561548974943 0.5633827654433553 0.016321536999674584 0.01546550444495099
0 0.4573008057273023 0.39868484157738776 0.023203446794663195 0.011100234693412354
0 0.6766612326716565 0.6528480838842033 0.02305299576960625 0.01145737424207887
23 0.34869915782622846 0.37444717939366307 0.012782022518711356 0.009710517073170732
0 0.8044944536283761 0.1935884020971051 0.02183122681418809 0.011032473763391839
5 0.5604537273023105 0.6539197009345794 0.015038321379759193 0.011218915523136539
2 0.47200102050113896 0.5371744809664919 0.012749383143507972 0.01206426988830636
2 0.6563838333875691 0.6992283747435606 0.011786663195574358 0.011298720765899247
5 0.4834576244712008 0.37443025666742646 0.01564072528473804 0.009744432550718031
6 0.4831475587373902 0.3537002554821062 0.016073750992515456 0.007138262685206291
2 0.6293746587699316 0.30608566765443357 0.00915608616986658 0.010890929746979713
8 0.6117332014318255 0.2601153736038295 0.016695565245688253 0.011782769090494643
7 0.7196782297429222 0.5627569746979713 0.016996633908233 0.016367894232961023
4 0.4214054904002604 0.7220965798951448 0.012253244646924828 0.014461928424891725
8 0.34898356524568824 0.2595985885571005 0.015983380410022778 0.011617544928196945
5 0.47713934786853235 0.3977341344882608 0.015380576635209893 0.013095972646455437
14 0.38455948454279204 0.1424723154775473 0.00840084868206964 0.016473982220196033
7 0.6024932092417833 0.7252589122407113 0.02487257012691181 0.016163421016640072
5 0.5604365662219329 0.2138121103259631 0.01638859850309144 0.011728849783451106
23 0.5989995131793037 0.4205104900843401 0.012545082980800521 0.01060034903122863
23 0.5056352385291246 0.5597129847276043 0.013129742661893914 0.010608530294050603
6 0.7848111942726976 0.23828680738545702 0.013195637878294825 0.011092695327102803
2 0.6027869469573707 0.12287673216320949 0.011584479010738691 0.011594063186687941
5 0.5465049345916043 0.44449749751538636 0.015540807809957697 0.011672829724185091
14 0.5559990107386918 0.25715763118304086 0.007520835144809632 0.016669235468429452
2 0.518396084607875 0.7234271730111694 0.012252878099576961 0.011592102484613632
2 0.518581857468272 0.35184717027581486 0.012432536283761798 0.011900761340323683
11 0.45220729710380736 0.5809235796671985 0.015411633192320208 0.016712534305903807
14 0.6230126963878946 0.6736177542739913 0.0072531056296778395 0.016864372008206063
2 0.385360223885454 0.5601006902211079 0.012305227725349822 0.01123224362890358
8 0.4811378795964856 0.2599599179393663 0.01654388128864302 0.011318176065648507
2 0.6118938158151643 0.42090391429222707 0.012034265929059552 0.011475218965124231
8 0.7564703031565245 0.5825897095965351 0.013428728669053043 0.01084192386596763
7 0.7375592424341034 0.6775646008661955 0.023328905955092745 0.01599862867563255
5 0.3994324764074195 0.7007308794164576 0.015889510966482265 0.011085284340095737
0 0.38485688773185806 0.2603913891041714 0.02435323917995444 0.013240924549806245
2 0.6564971298405468 0.7025570633234557 0.011987481158477059 0.004612656667426487
2 0.4303169228766678 0.4446580533394119 0.01299558633257403 0.01195071255983588
8 0.6318476537585421 0.14475629997720538 0.017117261308167913 0.011473876817870984
8 0.6968393309469574 0.12225152496010942 0.016562241978522615 0.011116305447914292
1 0.6313168931988286 0.42318883245953953 0.013040571688903352 0.016114286756325508
23 0.6466331740969736 0.35137018281285615 0.01152459850309144 0.011607753088671074
0 0.670362782948259 0.46822452518805563 0.022352057273023106 0.011633078823797584
5 0.525584078099577 0.30630391246865735 0.014593049658314351 0.011236631866879418
8 0.4159274402863651 0.7032072227946204 0.015721349040026034 0.005911283337132437
22 0.6151280963228116 0.28341446637793477 0.014256042694435405 0.01074614123546843
2 0.6727096856492027 0.2826936749487121 0.012488484738041003 0.011077733302940507
7 0.6607800689879597 0.6094086127193982 0.011339325479986983 0.016429399589696834
5 0.7075954962577286 0.2365529865511739 0.014457876993166289 0.011171450193754274
7 0.6462882863651156 0.24005354000455895 0.016987303612105435 0.015155293366765443
2 0.5964155209892613 0.3538162286756325 0.013235758151643344 0.0073734068839753815
8 0.4265886365115522 0.1903776357419649 0.016021801236576635 0.011344167038978802
0 0.7199554728278554 0.44440167987235013 0.024637313374552557 0.012199184864372008
21 0.7515905916042955 0.4247767677228174 0.003657426098275301 0.017607688169591976
5 0.5015910549951188 0.699938545703214 0.015166729580214774 0.01144427955322544
2 0.35359856296778397 0.44481860916343746 0.012555362967783925 0.01135774023250513
5 0.37217951448096326 0.6541018828356508 0.015969518255776114 0.011046898928652838
9 0.5160156095021152 0.4639036279917939 0.013802506996420437 0.005860316754046045
0 0.5124347418158152 0.1463792477775245 0.023408213472177027 0.013092821518121724
5 0.5939163345265214 0.444397595076362 0.015068228311096648 0.011795840437656713
6 0.3558983143507973 0.6540949970366994 0.01663006989912138 0.010925848917255527
7 0.6267074936544094 0.19417941372236153 0.01813759583468923 0.018698211989970365
6 0.40720761210543444 0.7234717556416687 0.01618724738041002 0.011254091452017324
2 0.3725497273023104 0.7231970239343515 0.010913913960299382 0.011457736038294962
23 0.47204433973315973 0.7234844768634602 0.012307060462089164 0.011262657852746752
8 0.5904514624145786 0.16781847458399818 0.016726721770257077 0.011684617278322316
5 0.7004318281809307 0.3068091433781628 0.014632436836967133 0.010507262366081604
5 0.7718447484542792 0.6740081440620014 0.013167380410022779 0.011186610622293139
0 0.5571644646924829 0.7030420803282424 0.02589440416531077 0.0055826790061545475
8 0.3351042499186463 0.16753802416229768 0.01679336674259681 0.011871584226122636
5 0.5920659368695086 0.6530038896740369 0.014328985616661244 0.0114453766127194
14 0.48876639635535307 0.39453048734898566 0.007707774292222584 0.01691572372919991
5 0.3785667686300033 0.30602941417825397 0.0150003837292548 0.011276441121495328
0 0.5138688583143508 0.5141727613403237 0.024338743898470547 0.011405964166856622
0 0.5414067608200456 0.46431537542739915 0.023526008460787503 0.005036915249601094
5 0.33909811649853566 0.42103614497378616 0.01703362186788155 0.011166023250512878
2 0.7100518633257403 0.1680642625940278 0.012775691246339082 0.011653689537269205
8 0.6121862206313049 0.26431693640300885 0.01588886117800195 0.003433236015500342
8 0.5071411983078425 0.4905781627535902 0.014607828180930687 0.01168111602461819
22 0.5345639882850635 0.5135933038522909 0.01431833908232997 0.011277328105767039
8 0.4190685844451676 0.583106027809437 0.01648403410348194 0.011716712103943469
5 0.5652095125284738 0.6069961322087987 0.014266955808656036 0.011315678504672896
4 0.40571009957696064 0.3964711155687258 0.011443158346892288 0.014682273991338044
2 0.5384312294175073 0.16759089309323 0.012211191669378457 0.011860380214269432
23 0.7266797839245037 0.21402732072031 0.010389584640416531 0.010578944700250741
0 0.7654365011389522 0.37447623979940736 0.022507173446143836 0.009617115295190335
2 0.48136114025382365 0.21387069797127878 0.012442349755938824 0.011532651196717574
23 0.6444867061503416 0.7022650704353772 0.01138902596810934 0.004021026487348985
2 0.8114405258704849 0.2647983821290176 0.01145532105434429 0.004396104125826305
8 0.33712275951838594 0.3986839079097333 0.016884670354702244 0.01153225438796444
13 0.5036347563944029 0.37015242489172556 0.007585580735437684 0.01830011944381126
22 0.8114413589326391 0.5138791228630044 0.012207709469573707 0.01089172336448598
5 0.7236805935567849 0.1908981554593116 0.014240231174747802 0.011225241121495326
13 0.4913812118451025 0.4441365416001824 0.007160102570777742 0.01293829952131297
13 0.4641880637813212 0.5816596599042626 0.008050596029938172 0.018013950307727376
38 0.767702430198503 0.23469918942329612 0.020720754962577286 0.01648366902211078
9 0.35264887211194273 0.3060582411670846 0.014889403189066059 0.011957364941873718
5 0.5852629847054995 0.421076759516754 0.014600164009111617 0.011088272076589925
18 0.6638512359258054 0.44384788657396856 0.005196891636836967 0.01238230043309779
9 0.812461027009437 0.6955478568497835 0.013456219720143183 0.012635907909733303
5 0.5739051819069313 0.7229738773649419 0.014842968304588349 0.011408543423751995
8 0.3547113673934266 0.1450658108046501 0.016123218223234623 0.011109092865283793
0 0.7715780019524895 0.5137269350353317 0.021696937194923528 0.012354757237291998
2 0.4612988376179629 0.3061441385912924 0.012589418548649528 0.011530678823797583
0 0.5268470003254149 0.5844784025529975 0.02915884152294175 0.011897610211989972
13 0.5577056218678815 0.5816363182129017 0.007439111747478034 0.017656822429906543
5 0.7872295737064758 0.5370882334169136 0.013720067165636186 0.011501723455664463
2 0.41192640937194924 0.5133780934579439 0.013566000650829807 0.011914182812856165
5 0.5688858158151644 0.5840784426715295 0.014657078815489749 0.011539093503533167
6 0.5182228076797918 0.7027755882379758 0.01570863651155223 0.0050496948256211534
2 0.3461046690530426 0.1895542575792113 0.01192308545395379 0.011682983359927058
23 0.7811635483241133 0.6515344134944153 0.01050376413927758 0.0099428135855938
5 0.6980506033192321 0.2599745064964668 0.015747090660592253 0.011216441303852291
7 0.7526049947282786 0.35533721996808754 0.005670537455255451 0.01892952815135628
23 0.5214977416205663 0.16741676407567813 0.011154868857793687 0.010602554821062229
5 0.6466923215099252 0.2835005972190563 0.014140846859746176 0.011416012764987464
23 0.7573509664822649 0.4644786505584682 0.010794736088512854 0.0047103183040802365
2 0.7395560924178327 0.6518966765443355 0.011576265017897821 0.011102323774789149
23 0.5076680767979174 0.2140049126966036 0.011907840416531076 0.011287551766583087
2 0.5338538861047836 0.606699109186232 0.012827191148714612 0.011839606108958286
2 0.413546715261959 0.21318071757465237 0.00589533094695737 0.011673996808753135
5 0.7891567796941099 0.2605357574652382 0.01364685766352099 0.011441303487576932
2 0.3721470250569476 0.3538242348757693 0.012541100943703221 0.007397728926373376
5 0.404434681418809 0.60685001322088 0.015265547412951512 0.011572215363574197
14 0.7168429860071591 0.7187790253020286 0.008041265733810608 0.017288840665602916
2 0.7629992445167589 0.6514065010257579 0.012197296192645623 0.011012960109414178
14 0.33371686820696383 0.6980981700478688 0.008364560494630654 0.018349603829496238
14 0.7597546840221283 0.3496555021654889 0.00751896908558412 0.016740661043993618
13 0.5765934734786853 0.698095018919535 0.0072521226163358285 0.01974765443355368
13 0.43358852456882524 0.11900212810576703 0.007643045362837619 0.01715590973330294
2 0.6239712177025708 0.5837113945748803 0.012156226228441263 0.010739267107362662
14 0.33300210087862026 0.7204791173922954 0.008712064041653108 0.017864680191474813
7 0.7955268727627725 0.33286430635969916 0.013330727237227464 0.015760893549122405
13 0.591978132118451 0.11860777023022569 0.009904475886755613 0.018176992021882835
23 0.5506385890009763 0.1683533494415318 0.011791161731207289 0.012370746295874173
21 0.6479104249918646 0.26274353134260314 0.02765433127237227 0.015983223159334394
5 0.5165598490074845 0.28322983359927056 0.014625555743573056 0.011658894734442671
0 0.37008386332574034 0.537003386368817 0.027426905304262936 0.012441354912240712
14 0.5758752072892939 0.46486880692956467 0.009142740514155548 0.017443479370868476
8 0.6429232150992515 0.3287902475495783 0.01602711617312073 0.011758610439936175
13 0.5925384497233973 0.6733921568269888 0.007530715261958998 0.016776490540232506
19 0.7928732365766352 0.583083969911101 0.008964148649528148 0.01115914912240711
2 0.7927819329645297 0.6963373895600639 0.011323364009111618 0.010669312058354228
23 0.44291848747152623 0.4443102738089811 0.012001959778717864 0.011814863916115798
13 0.6907006625447445 0.3489921312970139 0.007950361991539213 0.01641492774105311
5 0.3716416895541816 0.6299427654433554 0.015613200911161732 0.011577980761340324
14 0.7341012014318256 0.12017994985183499 0.00840673010087862 0.017360849783451104
14 0.36073240741945983 0.4655533020287212 0.009033209502115197 0.0174719562343287
5 0.7040206599414254 0.5599419667198541 0.013677597657012692 0.010957010075222247
0 0.5885250894890987 0.2643752206063369 0.023310245362837618 0.0035623855937998634
7 0.7599279609502115 0.6317929446090722 0.022699110966482264 0.017087868702986096
0 0.48041661438333877 0.16758377387736495 0.02354916758867556 0.012271660816047414
5 0.5440042486169867 0.26014641805333943 0.015270745720794012 0.01203590973330294
0 0.37192709664822643 0.7034327618873946 0.03511306996420436 0.006364042124458628
2 0.33398478099576956 0.25901259539548666 0.013116130426293523 0.012263374515614316
0 0.7039406859746176 0.1906757091406428 0.0242271135698015 0.011273149943013448
14 0.5493613381060852 0.5815556726692501 0.007865772860397007 0.017427723729199908
2 0.6659407224210869 0.23655333667654432 0.012002026423690205 0.011160934761796217
0 0.523318149040026 0.2643789085935719 0.024615153921249595 0.0035436888990198314
0 0.7687619186462741 0.12355387462958742 0.021619129189716892 0.013101341235468428
0 0.3720953752033843 0.1690798595851379 0.023780092417832736 0.013979572372919991
7 0.3370942687927107 0.5635473243674493 0.017454151643345267 0.017122531114656944
14 0.39302422909209245 0.14180322589468886 0.008245132704197852 0.01605196444039207
13 0.5634834077448747 0.5120647731935263 0.008491519166937847 0.020192430362434465
13 0.7525696229092091 0.326706651470253 0.0056241192320208265 0.017076547982676087
6 0.44406761340709405 0.5598911985411442 0.016157090530426292 0.011169547845908366
2 0.4630622635860723 0.5137501600182357 0.012674424210868857 0.012168840665602917
6 0.34628377741620564 0.7001295974470024 0.015638909209241783 0.010899321085023934
4 0.528269037422714 0.5365514912240711 0.0163562423690205 0.01251511465694096
22 0.45877465929059547 0.49040881878276726 0.014696649267816466 0.011111041896512422
27 0.8134603683696713 0.4012881404148621 0.007388794793361537 0.015500983815819465
13 0.6275614823299707 0.5359827242306815 0.005525551317930362 0.020409974925917486
0 0.4551493394077449 0.23709731479370866 0.023848403514480962 0.011838905858217461
5 0.6320425903026359 0.21328785593799862 0.01470729580214774 0.011194640164121267
23 0.46631453823625124 0.28303096238887626 0.011030076147087536 0.010657209391383633
2 0.48961112137975915 0.1905693877364942 0.012439817246989912 0.01232056165944837
2 0.6559776322811585 0.39787103350809205 0.012362492417832738 0.011373542557556416
2 0.708009861373251 0.5369787608844313 0.012127685519036773 0.011541451014360611
2 0.45962738171168244 0.5597422785502622 0.012825641653107712 0.011209100341919308
0 0.556350562967784 0.7004417925689537 0.023660464692482914 0.01313530339639845
14 0.5452748350146437 0.14239131980852518 0.008501499251545721 0.016885612947344426
23 0.6045027217702571 0.5137164312742193 0.0113252633908233 0.011782418965124232
6 0.4120465369345916 0.3542470929564623 0.02448169736413928 0.008243445087759288
2 0.7378881353726001 0.21342743925233645 0.01157589847054995 0.011313694460907226
2 0.6515134188089815 0.7224400528835195 0.012325087927107061 0.011290002644175973
0 0.6204603605597137 0.12258391064508777 0.023463528799219004 0.011413036699338956
0 0.4579209371949235 0.2142855965352177 0.024002520013016594 0.012009533622065192
13 0.3602882186788155 0.4194140141326647 0.008496934070940449 0.019069111465694098
4 0.5260620891636837 0.18889625529974927 0.012012389716889034 0.015100440392067472
0 0.519406922225838 0.12288315112833371 0.023753601041327694 0.012613149760656486
5 0.5018394741295151 0.7030929185320265 0.014833687992190042 0.005684367084568042
22 0.4220071278880573 0.282841544563483 0.01456585850959974 0.010665040528835195
5 0.764187241132444 0.42097720720310006 0.013709254018874064 0.011129540186915888
5 0.45010814708753666 0.4207294351493047 0.014529087146111291 0.011659011442899476
6 0.7664736635209892 0.559784060177798 0.014702347412951513 0.01047316015500342
13 0.8076704197852261 0.3731642033280146 0.005711890660592255 0.0163255290631411
14 0.7854404894240157 0.1440890777296558 0.007459588415229418 0.01738605881012081
13 0.5039267280182232 0.4669061864599954 0.008165208721119428 0.022341966719854115
6 0.661355881548975 0.6530690129929336 0.00646872762772535 0.010652902849327558
5 0.5810893433127238 0.3979244859813084 0.014847450178978198 0.011627721905630271
5 0.4346091923202083 0.7236453011169364 0.014298878750406769 0.011442377205379531
9 0.4777621451350472 0.5829727467517666 0.0151920213472177 0.012068121267380898
7 0.33717407614708755 0.6103204558924094 0.016416872632606574 0.015296043765671303
14 0.8146099941425317 0.3722792031000684 0.005827453042629353 0.014046563027125598
22 0.8098758685323788 0.17032793982220196 0.013357585161080376 0.010633307499430134
2 0.6343925753335503 0.35413714191930706 0.012532603709729905 0.008023531342603146
0 0.7400369358932639 0.32862382129017553 0.031185348519362187 0.013198442671529519
6 0.8074733172795313 0.4451275014360611 0.02161046534331272 0.012325463414634147
14 0.7600355925805402 0.35434357583770226 0.0072753817116823945 0.008428591383633463
13 0.7822610244061178 0.41838336175062685 0.007270749886104784 0.017228385684978344
7 0.7501013263911488 0.2849085680419421 0.017246219329645297 0.013717095053567357
11 0.6295650467946632 0.326243552313654 0.009512686755613406 0.017675495782995213
7 0.7644291457207941 0.6990035942557556 0.024887232020826554 0.01549724914520173
13 0.7356405336804426 0.166472125826305 0.007899911747478035 0.018514512878960564
5 0.7403714936544094 0.5834288434009574 0.01433593335502766 0.010918262867563255
6 0.6692831343963555 0.190692281741509 0.01521133172795314 0.011191162252108502
22 0.5740587985681744 0.30589169819922496 0.014958630654083958 0.010545180943697288
2 0.6721160455580866 0.16757011898791888 0.011931432736739344 0.011378490996124915
5 0.4580289020501139 0.6298723902439024 0.01419462935242434 0.011586453795304309
13 0.686976874715262 0.581671914292227 0.00782083748779694 0.018554777296558012
11 0.6218562395053694 0.3263030736266241 0.024564836967133095 0.01683869614770914
23 0.6623550562967784 0.6761949104171415 0.008189417507321835 0.009916297424207887
2 0.3750152580540189 0.3977511739229542 0.02038786332574032 0.010874228766811033
1 0.5153074233647901 0.40069514474584 0.015298436706801172 0.015206645087759289
8 0.7110810283110967 0.39700657396854344 0.01592339993491702 0.011747173011169364
13 0.4937331129189717 0.6503445707772966 0.006388653693459161 0.017044803282425348
2 0.609344145785877 0.23699869614770913 0.011988980670354702 0.010916909049464326
5 0.40509363358281814 0.46738189012992937 0.015804971819069313 0.011903795760200593
13 0.6571487510575985 0.12036224846136312 0.008553632281158477 0.018877242762708
2 0.33498995379108365 0.3741578591292455 0.013008365506020175 0.010289297652154092
13 0.475800616986658 0.2798207795760201 0.006613930361210544 0.016586722589468885
13 0.63868176244712 0.1654120629131525 0.008029019720143183 0.01699088397538181
13 0.6375061284738042 0.6499236033736039 0.007992531597787178 0.017528909961249145
0 0.6001378093068663 0.30651293731479373 0.023293417507321838 0.01270429906542056
5 0.5124858418483567 0.19071083838614086 0.01495644803123983 0.011637583770230225
23 0.4046322837617963 0.3287483492135856 0.01074176999674585 0.0105950621381354
7 0.3749832684672958 0.23947700022794619 0.016498995899772207 0.01605266469113289
11 0.6901011910185487 0.3948093038522909 0.024785931662870162 0.017458067927968998
13 0.47380893198828505 0.5109720319124686 0.008360578457533354 0.01701375883291543
2 0.5327245870484868 0.6302406054251196 0.012420106996420436 0.011881737861864599
13 0.6306715366091767 0.6731371488488717 0.008034018093068663 0.017505918395258717
7 0.7333529450048812 0.26663351757465237 0.01791250244061178 0.008078967859585137
11 0.8038216726326066 0.14510887622521085 0.023151630328669053 0.017088919079097334
5 0.3925365545069964 0.3977245643948028 0.01428206755613407 0.010960324595395487
2 0.6387391271070615 0.39741096877136994 0.012802149300357956 0.0110530611351721
13 0.7004686495281484 0.461112311830408 0.006618745460462089 0.01144292573512651
14 0.3518926182883176 0.41920440574424433 0.007855742792059877 0.01658065374971507
5 0.5631558477058249 0.46782526555732845 0.0156461901724699 0.011329963619785732
13 0.7071831304913766 0.14254105675860498 0.009161750992515457 0.016777657624800546
13 0.6555950901399284 0.461546233872806 0.008357129580214773 0.010575093321176203
13 0.3836687744874715 0.5343018773649418 0.009906958411975269 0.01736878595851379
13 0.3612059199479336 0.2567474009573741 0.007831534005857468 0.017156960109414178
13 0.5003856140579238 0.18821164349213584 0.008830292222583793 0.017613523592432186
11 0.3398413745525545 0.11952299794848416 0.025230953465668726 0.0167874611351721
13 0.6946985278229743 0.6039359197629359 0.007364935893263911 0.01665534716206975
8 0.45544807549625776 0.12171933439708228 0.016782037097299054 0.011759310690677
13 0.5085907264562317 0.41798993754273994 0.00782258691832086 0.01732665420560748
13 0.7521848814838921 0.12072532847048098 0.004849588024731533 0.016827492135855937
11 0.7163816361861373 0.46492237611123777 0.022600976244712006 0.017159177570093456
7 0.6552468701594534 0.5860823268748575 0.018481150667100554 0.01669899612491452
14 0.7658473673934266 0.4439240038294962 0.0060873850959973965 0.012534604969227262
22 0.42477655971363487 0.6546874091634374 0.014182866514806379 0.010665519033508092
1 0.7740668584445168 0.5862378992477775 0.02022025122030589 0.015617458855710052
7 0.485976471200781 0.5626833316617278 0.025602999023755287 0.016183844996580807
4 0.5393809202733485 0.5345103770230225 0.004218876667751383 0.01761889218144518
22 0.6110759153921249 0.1448651889674037 0.014715793036121054 0.010707580761340324
6 0.7930115248942401 0.42191647686346023 0.014107974227139603 0.01017627718258491
13 0.8013601405792385 0.6937108657396854 0.006060860397006183 0.015409601094141785
13 0.669202827204686 0.582844950991566 0.007623418418483567 0.020843896968315477
11 0.4360942089163684 0.5337358413494415 0.023810249267816466 0.01673657624800547
13 0.6771300800520664 0.6038546906770003 0.008114708493328994 0.017399246865739685
13 0.48771240611780026 0.11925503533166172 0.007245124894240156 0.01708378390699795
7 0.389043691506671 0.21609539457488033 0.016950149040026036 0.016056866195577845
23 0.6209945200130166 0.7228330102575792 0.01176843579563944 0.01135446072486893
6 0.8015719049788481 0.5369973175290632 0.014121969671330947 0.010820986368816959
5 0.5730108063781322 0.6304300232505129 0.014401828571428573 0.013048939138363348
5 0.7253822063130491 0.4205047713699567 0.013613568499837293 0.011517910918623205
2 0.37640224322811583 0.722803366309551 0.003018967263260657 0.01324886072486893
1 0.653895809957696 0.6151128319124687 0.0171080976244712 0.0047868673808981075
2 0.6559746332574032 0.26015330385229085 0.010791387178652783 0.0109501242762708
5 0.5389235691506671 0.258565368589013 0.005133662219329645 0.0143331989970367
22 0.46855847445493004 0.4444884759516754 0.014352794533029612 0.01138811944381126
2 0.8121064757565897 0.3543697185320265 0.010493850699642043 0.008488696238887622
5 0.8110473205336803 0.3081202461819011 0.011591809957696061 0.010949377342147253
0 0.5677680130165962 0.28303668110325964 0.023398549951187765 0.012671503989058582
7 0.6876814786853237 0.37658271073626626 0.017699071916693784 0.016904169591976295
23 0.36054663455906283 0.35379094962388874 0.010509462284412626 0.007327750535673581
22 0.6179126898795965 0.5145001285616594 0.014334100618288317 0.012073023022566675
5 0.7870233075170844 0.12360756051971736 0.01268000572730231 0.011160152815135629
13 0.5230923891962251 0.3263909550945977 0.007628016921575008 0.018118287668110324
5 0.7477320976244712 0.3516600866195578 0.01573714389847055 0.011597821198997037
6 0.5341048044256427 0.3291036097560976 0.014771208330621543 0.010992454433553681
8 0.7564380636511553 0.3074869860952815 0.013325995444191344 0.011263218053339413
13 0.47196020045558085 0.6734316042853886 0.006904385811910186 0.017314399817643034
2 0.7914956849983729 0.6511071438340552 0.010128869508623494 0.010360653202644177
21 0.465075108363163 0.4615318787326191 0.015996059616010413 0.010603885297469797
18 0.7896722785551578 0.35029786551173925 0.003449860331923202 0.014896900843400958
7 0.7529542310445818 0.1682848415773877 0.02662683241132444 0.021120729427855027
13 0.7675286534331273 0.3497207421928425 0.007621285779368696 0.015979021654889448
23 0.5660842277904328 0.12204740186915888 0.011571716498535632 0.01083326409847276
13 0.7121826697038723 0.6501454661499886 0.006918797787178653 0.0167790581262822
6 0.647582698340384 0.44463757100524276 0.02505867621217052 0.012396888990198312
7 0.79020627139603 0.3323191611579667 0.0024054503091441586 0.01692027535901527
32 0.7672735698014969 0.40192490175518575 0.013326745200130167 0.02039468611807613
13 0.4233358620240807 0.4185356662867563 0.009059334331272371 0.017311015272395713
0 0.4452857168890335 0.46434280191474814 0.023025338106085258 0.004982062274903123
2 0.501255069365441 0.5393203993617506 0.0028236308493328993 0.014347787554137225
18 0.6115695880247316 0.1663948648279006 0.025049845753335503 0.016129808981080466
13 0.7327238164659942 0.5576046464554365 0.007327431435079727 0.015374005014816505
22 0.5790441757240482 0.12232516799635285 0.014040646143833387 0.010543838796444039
14 0.3593198672307191 0.23528261499886025 0.009122497103807354 0.01951493777068612
6 0.4308007653758542 0.6300734789149761 0.016083564464692484 0.011419957510827444
8 0.5027255190367719 0.5812758057898336 0.015979298405466972 0.017099189423296104
13 0.34869199349170193 0.21147759106450878 0.008050212821347217 0.020757182584909963
2 0.4611740449072568 0.19039070708912698 0.01163114715261959 0.011203778436289035
13 0.4260113244386593 0.21058768908137682 0.0063712926781646605 0.016772872578071578
13 0.37666850322160755 0.6968553416913609 0.0035596412626098277 0.02194889263733759
6 0.3737400065082981 0.46496672532482336 0.015494906085258706 0.003734098746295874
7 0.3652339420761471 0.21547847367221337 0.025579006833712982 0.016153967631638934
11 0.37889844399609507 0.2359374661499886 0.00804093250894891 0.023056806017779805
14 0.4246619303612106 0.11898882334169136 0.007204554767328343 0.01815353362206519
23 0.48395496257728604 0.6558649974925918 0.013176560754962579 0.015072313653977662
11 0.6944729345916042 0.4413778454524732 0.024812589651806053 0.01634618645999544
13 0.6984826293524243 0.41814679370868474 0.008971579563944029 0.018134393435149304
13 0.6909325870484868 0.35367086829268296 0.007194924568825253 0.007091007431046273
13 0.5022977916042954 0.1880265438796444 0.004897472437357631 0.025663489400501484
22 0.755799288252522 0.44468691534077953 0.012086682199804752 0.01116191511283337
8 0.6951788714611128 0.1453359908821518 0.015358967002928733 0.012082476407567813
18 0.5768225655711031 0.35360842926829267 0.015928381646599415 0.006966106040574425
5 0.5027688382687927 0.3290409373147937 0.016061654930035797 0.011797240939138365
16 0.4950258587699317 0.41933500250740824 0.01730403384315002 0.014626720765899248
13 0.6580836134070941 0.5573559407339868 0.007350807159127888 0.01659069067700023
6 0.48628137194923526 0.5136008899019832 0.016709394077448748 0.011034632869842718
16 0.6991370829808006 0.6525648324595396 0.01708110641067361 0.011143591885115113
6 0.4127628037748129 0.16742551720993848 0.016069352424341037 0.011033255710052427
8 0.4121453381060852 0.7007422001367677 0.008769561991539212 0.013064461363118304
6 0.5940851129189717 0.14487277501709597 0.016395479596485518 0.010782145794392524
13 0.655448471200781 0.44091532983815823 0.009420000260331924 0.019341509003875088
13 0.763910864432151 0.2800289874629588 0.008593785876993167 0.018511128333713243
2 0.7904281991539212 0.3984527084568042 0.010540252261633583 0.010726335810348759
13 0.6639428727627725 0.18577396562571233 0.0050135679791734455 0.021081515386368814
13 0.5767252639114872 0.7039566544791429 0.00687309599739668 0.007411827307955323
23 0.7864359986983404 0.627921725096877 0.009368650309144159 0.009755146387052655
13 0.3921818366417182 0.5807077857305676 0.007092824471200781 0.016588589924777755
6 0.5286998971688903 0.23725300387508547 0.015807854214123007 0.01177763391839526
5 0.5401510029287341 0.44503388958285844 0.002678944614383339 0.014181127877820835
46 0.34069326391148713 0.23720468657396857 0.027244964529775463 0.013026531114656941
21 0.7285808317604946 0.35202071575108274 0.014587118255776113 0.010760788146797356
2 0.37641304971038075 0.35333998814679735 0.003070167263260657 0.013218166400729427
6 0.7233705278229743 0.6288436051971734 0.014513858769931661 0.010751509824481423
2 0.48411291116173116 0.30611822931388194 0.02095884412626098 0.011038379211306133
13 0.6030318672307191 0.27936655026213814 0.00901143325740319 0.01813451014360611
5 0.48885403449397985 0.6303388739457488 0.014290048291571754 0.011325026852062913
21 0.6420716589651806 0.2666446398905858 0.015492440221282135 0.008101235833143377
7 0.5400442043605597 0.3086840647367221 0.002892275170842825 0.016904519717346706
6 0.6085172482915717 0.5840015317984956 0.015814235470224536 0.010666721130613175
11 0.7542389961601041 0.2821201695919763 0.008966131337455255 0.019086267608844312
6 0.5848449541164985 0.19093235103715522 0.02470045948584445 0.011878820150444495
0 0.6869615463716238 0.23723351356279918 0.024410387243735763 0.01265143013448826
6 0.39500225187113575 0.30622793526327785 0.015936928864301984 0.010633015728288123
2 0.7470799765701269 0.5369905484385685 0.011527914090465344 0.010713474538408936
9 0.5023708344939799 0.2591479772053795 0.005067100553205336 0.012976930020515158
8 0.8071814123006834 0.21658405288351948 0.015689259485844452 0.01161486063369045
5 0.6629072098926131 0.23387546113517207 0.007039958346892287 0.017069778892181444
6 0.6177334149040026 0.5374529473444267 0.024499691506671008 0.011666574150900387
2 0.6692957969411 0.3977550253020287 0.012112773706475757 0.01081350535673581
0 0.6708569554181582 0.4647326081604741 0.02252266840221282 0.004202438112605425
11 0.687423562642369 0.36995051926145434 0.017396170517409697 0.018684790517437884
5 0.4445769476082005 0.5138629003875086 0.01551353335502766 0.012042795532254388
18 0.7472805779368695 0.512016105767039 0.021063476732834364 0.014604312742192841
21 0.7514090573641392 0.535948925461591 0.003306240416531077 0.019980371096421243
13 0.352801155873739 0.5573282808297242 0.01125541945981126 0.02016943879644404
22 0.43577081418808983 0.5836728807841349 0.01455687809957696 0.010666371005242762
6 0.7235747946631956 0.14494326692500567 0.022593978522616336 0.011598381399589696
9 0.7026252808330622 0.7020468256211535 0.015135989586723072 0.0035849219968087528
13 0.5364248825252196 0.28282438842033275 0.008117657533355029 0.016221425119671756
11 0.38006183195574356 0.11758703806701618 0.010367708428246013 0.019992625484385688
6 0.5177906150341686 0.6997683847731935 0.016649396941099903 0.011235394757237293
5 0.5976651142206313 0.5374511967175747 0.01510771545720794 0.0114087184864372
46 0.34290920924178325 0.4679275021654889 0.0264740488122356 0.011499319261454297
6 0.43477663781321185 0.7030109074994302 0.019147100553205336 0.005520333348529747
21 0.5002349964204361 0.6768292208798724 0.014010206052717215 0.010637392295418283
13 0.6314527822974293 0.5099169874629587 0.010029268597461763 0.02015835149304764
5 0.5206936700292873 0.4208874583998176 0.015233357891311422 0.011219335673581035
6 0.3624731740969736 0.7228257743332573 0.006789023364790108 0.011737602917711419
13 0.47099684738041 0.3542348268976521 0.007490061828831761 0.008211607020743106
8 0.6625818158151643 0.4684550243902439 0.007735698535632932 0.01185256074766355
6 0.4209511383013342 0.6067557127877821 0.016323969541164985 0.011299864508775929
4 0.7201644048161405 0.37323644586277643 0.015948625056947607 0.012055283337132437
18 0.36848738301334205 0.6754974606792797 0.022604141880898147 0.014752999316161385
9 0.6651083267165636 0.30660747116480513 0.0026609504718516108 0.0108533262821974
13 0.41012183013342013 0.27773018098928653 0.009016364985356328 0.023466919534989743
8 0.7568013120728929 0.6057905338500114 0.015145503156524569 0.010878593663095508
7 0.33652612040351454 0.6153658441759744 0.014502895671981778 0.005292891907909734
8 0.38897654669703874 0.26400774068839755 0.016554744419134397 0.002819758012309095
9 0.6643718997722096 0.560443929792569 0.004155513960299382 0.012656215181217232
13 0.50433296244712 0.46156770822885795 0.008839389261308167 0.01053219129245498
2 0.4908650465343313 0.23657025940278095 0.012244214253172797 0.01173036699338956
6 0.38539604555808654 0.19087889856393891 0.024991198177676536 0.011688235240483246
2 0.6235310276602668 0.306047270572145 0.020859376505043933 0.011261665830863916
23 0.36153664562316956 0.5836847850467289 0.014290098275301009 0.011564734351493048
2 0.3883369215750081 0.32851633280145887 0.020928354051415556 0.011609200273535446
6 0.45365349300357954 0.7227438449965808 0.02365080117149365 0.012544992021882835
27 0.48849481809306866 0.7057005005698656 0.008911415815164334 0.010899519489400501
2 0.7537288955418159 0.5136366026897653 0.007936616465994143 0.011451457123318897
13 0.7314475652456882 0.23429782904034646 0.015866685063455906 0.01701399224982904
8 0.7399572951513179 0.3717438614087076 0.014211473869183209 0.016353072258946888
4 0.5011520312398308 0.16639474811944382 0.016700563618613735 0.013293443355368133
13 0.4821627126586398 0.44436147380898106 0.009533479986983404 0.013390428082972418
6 0.7984667491051091 0.6277075650786414 0.013221712723722747 0.01080568589012993
21 0.5037576330621543 0.1235841021198997 0.007840697689554182 0.02633654707089127
6 0.5925626085258705 0.6285548684750399 0.02351018027985682 0.01235534077957602
5 0.4644283189066059 0.2598875586961477 0.015380893198828507 0.011301673489856393
4 0.42793136609176696 0.5132099165716891 0.017022625447445493 0.011624138956006383
4 0.7901999401236577 0.28216346842945067 0.002418112853888708 0.015086902211078185
6 0.6951670419785226 0.6750431146569409 0.02268511552229092 0.012174209254615912
7 0.49946041522941753 0.12194096375655346 0.015969384965831435 0.021067860496922726
22 0.520467410348194 0.21387711693640302 0.014469689814513506 0.011174356234328699
2 0.34482458574682723 0.7233550471848644 0.012142514025382361 0.011679015272395715
2 0.3923546137325089 0.6074742867563255 0.005782734266189392 0.005845494780031913
21 0.5036181784575333 0.35371568434009576 0.007493377416205662 0.007180627855026214
6 0.7100835196876016 0.6048951465694097 0.022634465343312725 0.012396422156371097
8 0.7541498585095997 0.5601287002507408 0.008767012821347217 0.011276569500797813
13 0.8099336830458834 0.12193781262821975 0.013970052456882525 0.017596717574652383
10 0.3364401483891962 0.30363630727148394 0.015478511422063131 0.016580070207431047
5 0.5396841548974943 0.23560367996352857 0.003612474064432151 0.014890598586733531
23 0.7529300389196224 0.6513996152268066 0.006330839179954442 0.009911267289719625
2 0.6675168760169216 0.26430148420332805 0.012118805076472502 0.003408353772509688
14 0.5398747595183859 0.18811921039434695 0.0032314480963228113 0.016101448826077044
4 0.4138579472827856 0.3281704089354912 0.005304273348519363 0.014291417369500797
22 0.7748989209241783 0.2641206794620469 0.013834963097949885 0.0030505489856393893
13 0.7820071070615034 0.6932195231365398 0.008127670940449073 0.018031806701618417
23 0.7600592515457208 0.4678657633918395 0.016294962316954115 0.011567978846592204
13 0.7238462063130491 0.35315726938682473 0.0060171579563944025 0.0060604484157738775
13 0.45655038333875686 0.6968989906542057 0.006693937650504394 0.01771541007522225
7 0.49144019264562316 0.6074697351265101 0.01576250231044582 0.019588814223843173
6 0.47514599674585095 0.19059401322087988 0.01526969606247966 0.011321525598358787
8 0.3489803996095021 0.26406485780715755 0.015543473608851286 0.0029309111465694094
22 0.6533741464367068 0.1910434574880328 0.014259458249267816 0.011182945976749487
13 0.6569528148389197 0.5514718504672896 0.008118940449072567 0.0057774887622521085
5 0.7896139642043606 0.2643878951447458 0.012871943247640742 0.0035877346706177345
14 0.767688268141881 0.3538230561203556 0.007097672892938497 0.0073825218144517885
6 0.3519629287341361 0.16798910234784592 0.01605055854214123 0.011216056165944836
0 0.7392795157826229 0.46486472213357644 0.02229874129515132 0.00393823350809209
27 0.48540165831435084 0.3304883555960793 0.009615453302961275 0.01792980351037155
2 0.37746087862024086 0.6801698837474356 0.005165818418483566 0.017811111009801688
46 0.4468823638138627 0.2829947827672669 0.027032200455580867 0.011032893913836335
21 0.33374136023429873 0.21197150125370412 0.01508765532053368 0.011697688625484386
13 0.6343015716238204 0.7180241550034192 0.01478427074520013 0.021118745384089355
7 0.43753440676863 0.21384233781627537 0.01666157630979499 0.021169163437428765
11 0.554236251220306 0.6261524248917255 0.02377109534656687 0.01800986551173923
8 0.5703286794663196 0.5580340168680191 0.022334896192645625 0.015860212445862776
4 0.419864325414904 0.3280380615454753 0.01727004490725675 0.012962458171871439
23 0.7228798542141229 0.17015299384545246 0.01360660410022779 0.014772256211534078
12 0.7985460566221934 0.2817950198313198 0.019678094370322162 0.016360658308639163
23 0.3667682759518386 0.44658318267608843 0.014010739212495932 0.017372170503761112
11 0.41508221542466645 0.4633521805333941 0.002889326130816791 0.01686285479826761
14 0.6258473986332573 0.6751745283793025 0.0021015658965180604 0.021408765899247777
6 0.567890806378132 0.6764406984271712 0.024891230719166938 0.010872828265329383
2 0.6274888892938497 0.5861648397538182 0.005384547217702571 0.018287398222019604
22 0.7587030263586072 0.2601634574880328 0.013405502896192644 0.010532588101208114
5 0.6866668089814514 0.7020241491679964 0.014362907907582169 0.003546805014816503
13 0.528502294825903 0.28061136266241166 0.0087375057598438 0.015439361750626851
23 0.45301286820696385 0.26421502657852747 0.009566069378457533 0.00323617378618646
13 0.813986030589001 0.44253384271711876 0.00849176908558412 0.01796423250512879
14 0.5320651350471852 0.7027443803966263 0.009837114480963229 0.004987290813767951
6 0.727375057598438 0.39789951037155236 0.01570242186788155 0.010874357146113518
13 0.35493396160104135 0.7201547845908365 0.008159810478359909 0.017237022110781854
19 0.5657921561991539 0.5521544782311375 0.012575523071916693 0.004421336494187372
13 0.7885334825903026 0.4189496311830408 0.005750961275626423 0.015808160474128103
0 0.6145461191018549 0.7025439102803739 0.029673840546697042 0.0045863389104171415
21 0.7462155912788806 0.42110675359015276 0.014331818027985681 0.010914913334852975
7 0.5028594754311748 0.3986118987918851 0.006044382427595184 0.026625517209938457
0 0.5087118703547022 0.7210129418737178 0.017749222258379434 0.01673657624800547
6 0.8100789690855841 0.33090897287440163 0.013751573576309796 0.010719228265329383
6 0.3417907399934917 0.5845318550262139 0.025176304588350146 0.011479362115340778
9 0.6831849424015619 0.2033895782995213 0.013086506736088514 0.0017004422156371097
22 0.45965320663846404 0.37431891679963525 0.01493898704848682 0.009967065602917711
7 0.7332639739668078 0.2592106496466834 0.017534292222583795 0.022759316161385913
13 0.7964589027009437 0.23575306678823799 0.00839804959323137 0.016424381126054252
7 0.43456670615034165 0.42259151857761573 0.016346962056622193 0.018374229313881923
7 0.7109294109990237 0.42029516298153635 0.014388049723397332 0.021006005014816503
8 0.6569369866579889 0.5350409336676545 0.014961812951513179 0.016523349897424208
13 0.7327033231369996 0.550795174834739 0.007590679075821672 0.007140036653749715
6 0.7722557813211844 0.605289504444951 0.014501346176374878 0.011051940733986779
13 0.6112630211519687 0.46150223478459085 0.015259449397982428 0.010663289901983132
13 0.6657166287015945 0.5819041641212674 0.0014660944223885454 0.01920811123774789
2 0.7801005610152946 0.3295499028949168 0.012227736283761797 0.010320108684750398
6 0.37155055255450703 0.14541768680191475 0.016699563944028637 0.010990306997948484
11 0.38113761509925154 0.3685145384089355 0.012504696127562642 0.02157577570093458
8 0.5835692027334852 0.23899009254615913 0.014888603449397983 0.01779115386368817
2 0.5589817064757566 0.23698457442443582 0.006139351513179304 0.006123424299065421
10 0.6074510953465668 0.6965455974470025 0.014904814838919622 0.016549609300205152
27 0.3683597578913114 0.6043021509003875 0.009641728083306217 0.01672758969683155
18 0.6643089202733485 0.12019733941189881 0.004281456296778392 0.013884454980624574
4 0.7337744744549302 0.35371161121495326 0.011115481679140905 0.007172481604741281
23 0.4488662180279857 0.30350384317301116 0.012361159518385942 0.01591985046728972
46 0.6996529150667101 0.7220104490540232 0.024809090790758218 0.011725465238203784
6 0.3544091324438659 0.6303623323455664 0.01663970009762447 0.011128279735582402
6 0.7876086169866581 0.6056276088443128 0.013766901919947934 0.010065637565534535
14 0.6010215216400911 0.2343385602917711 0.011233210022779043 0.016238347845908368
13 0.5571617988935893 0.1419159662639617 0.015555719622518711 0.016622902211078185
8 0.413671674585096 0.5833031483929793 0.005590946697038724 0.012077574652382038
6 0.4647903677188415 0.26406161331205835 0.014583852652131468 0.0029286003191246863
5 0.6320220636511552 0.6069251734670618 0.014432751838594207 0.01109595149304764
11 0.6647079570452327 0.6951169692272624 0.003483532704197852 0.016646477319352634
28 0.4148672853888708 0.4883881285616595 0.014413841327692807 0.017863279689993163
8 0.6502974812886431 0.6504019913380442 0.015732228831760495 0.01618197766127194
16 0.6288103591278881 0.6539899594255756 0.007970672046859747 0.013151292454980625
23 0.5029046273999349 0.28530561021198997 0.0061178585095997395 0.012894417141554593
2 0.7899248630003254 0.5844622967859585 0.0029433085584119755 0.012762303168452246
13 0.7462147582167263 0.12027133257351263 0.01550603579563944 0.01734287668110326
23 0.4794116082004556 0.23665242215637108 0.012337317279531404 0.010881896512423068
6 0.5842886352098926 0.487702349669478 0.01544845453953791 0.01648366902211078
13 0.7954945499511877 0.623854143606109 0.0073452089814513505 0.01934489354912241
29 0.5097997328994468 0.6510018728060178 0.019922014969085584 0.018018968771369957
2 0.42907316108037746 0.26422414150900386 0.012768476928083307 0.003251369227262366
12 0.3398057194923528 0.28143999270572145 0.023992856492027332 0.019986790061545474
6 0.6951083944028636 0.26426818728060175 0.022373217051740973 0.00334831894232961
46 0.6961069027009437 0.2835734232961021 0.026737129840546697 0.010879912468657396
6 0.5686323983078425 0.2640878260314566 0.015994543442889683 0.002980932391155687
13 0.3772121429222258 0.6287930704353772 0.004668347022453628 0.017540113973102348
7 0.8086744262935243 0.6509543724640985 0.022816072892938497 0.022388766811032596
13 0.6831256283761797 0.21079426304992022 0.01615997292547999 0.016888063824937315
5 0.43535578262284413 0.698051486665147 0.0191057806703547 0.015610806473672212
8 0.6821074598112593 0.6263564312742192 0.02136504523267166 0.01643231730111694
32 0.7318899212495933 0.491761353088671 0.017228558411975268 0.019217914748119444
