28 0.6573315248942402 0.2575915532254388 0.01807728213472177 0.018440986551173925
28 0.6685448747152619 0.3276875860496923 0.01717807484542792 0.02037846364258035
21 0.4382020227790433 0.6959132710280374 0.016510342206313047 0.015598201960337359
21 0.4026254370322161 0.4452189308411215 0.016892834363813863 0.015085151584226124
18 0.3814151747478034 0.6683104372008206 0.018445495606898798 0.016768087531342603
21 0.5989207054995119 0.6043558367905174 0.027825275626423687 0.01577629906542056
18 0.4916829469573706 0.6679717492591749 0.01767874520013017 0.017181585593799863
21 0.7524942141230068 0.6035575509459767 0.01537509508623495 0.016013450649646682
4 0.7386985382362512 0.3516872796899932 0.010707064627399935 0.011657027399133804
27 0.618179769606248 0.19524519534989743 0.008093465408395704 0.017836553453385
18 0.5888003332248617 0.4393428000911785 0.01771290074845428 0.016648461363118303
12 0.3642216049463065 0.6000445096877136 0.019284222583794336 0.01701072441303852
18 0.6769633010087862 0.3947044996580807 0.0148531983078425 0.014547709140642807
1 0.5911805584119753 0.239743562343287 0.01523858952164009 0.01642052974697971
12 0.6797758854539538 0.6216486455436516 0.0188575281483892 0.016190263961705035
4 0.776914098275301 0.6872240930020516 0.012636419915392124 0.01688958103487577
1 0.5606170074845428 0.21691643856849782 0.015389940253823625 0.016930078869386824
1 0.7656639271070615 0.5357306806473673 0.013823333550276602 0.01556260588101208
12 0.34041918646274 0.48504408114884884 0.019137603644646926 0.01629016640072943
1 0.5750941282134722 0.5357713185320264 0.014569823885453952 0.015443679963528608
4 0.3181710953465669 0.39657393571917027 0.011490592905955093 0.012977046728971962
8 0.6904360820045558 0.44285405571005243 0.015807537650504393 0.01039468538864828
4 0.7162093589326392 0.3287145037611124 0.011663886495281484 0.011862714383405516
1 0.6731901958997721 0.5356118714383405 0.015069877774162058 0.01591144745839982
21 0.7597955040676863 0.33277922589468883 0.016248577416205664 0.015744320948256212
18 0.7143811207289295 0.2589638112605425 0.01793232931988285 0.01687032413950308
18 0.3629032007809958 0.18913655801230908 0.01547009749430524 0.015380190563027127
1 0.43637695021151973 0.33093184773193524 0.015074309664822648 0.016054648734898563
18 0.47742925349821025 0.48525800775017097 0.015560451415554833 0.014554361522680647
1 0.5298118685323787 0.37680947526783676 0.014814877448747153 0.015952528835194893
18 0.4515455125284738 0.2801159352632779 0.018340196550602015 0.01631082379758377
4 0.5889336231695412 0.28086753772509687 0.011875001106410673 0.014204236152268065
18 0.7137661542466646 0.4185908693868247 0.01445684399609502 0.014388168680191476
18 0.3319276173120729 0.3029621992249829 0.01843466579889359 0.01624733439708229
12 0.5807576179629027 0.418960835194894 0.018565456557110317 0.01999881103259631
1 0.3456621464367068 0.19466363710964213 0.014984338952164009 0.015747822201960335
1 0.5809218978197201 0.649754259402781 0.014958630654083958 0.01552642625940278
29 0.5741206117800195 0.19131515477547298 0.022036826553856165 0.018988582630499205
16 0.3031598151643345 0.46327480282653294 0.017234056622193298 0.00710119607932528
18 0.3569886260982753 0.554085302940506 0.015563467100553206 0.015139304308183268
18 0.36367461633582815 0.5770304189651242 0.018822872762772537 0.01748094278550262
4 0.7131906749105109 0.690347094597675 0.010747368174422388 0.012888698427171188
4 0.6427489384965832 0.4165873353088671 0.012961730686625447 0.016679739229541826
8 0.6511363748779694 0.4647796416685662 0.01594984132769281 0.011076134397082289
1 0.7284037227465019 0.1964461253704126 0.013892127822974294 0.015515572372919992
4 0.7768376231695412 0.3751679708228858 0.01187505109013993 0.012404124914520174
1 0.6801987478034494 0.1957433070435377 0.015096169215750082 0.0161586359699111
18 0.6832084347543117 0.5537431137451562 0.014854647835990888 0.01481543834055163
1 0.5663789651806053 0.5588249500797812 0.015268596420436056 0.015900010029633007
0 0.45483360885128543 0.3739741600182357 0.02374960234298731 0.010629479462046957
8 0.7400127770907907 0.4429930204695692 0.015320829417507323 0.010672614907681786
19 0.6582825486495282 0.3052857478914976 0.010461677839245037 0.010584324960109415
11 0.6998196941099902 0.281431939822202 0.015138222193296453 0.015916699338956005
8 0.30238873283436385 0.28277443720082057 0.016142262024080704 0.01069413594711648
2 0.4672835561340709 0.16852817870982448 0.011809339147412952 0.011521972372919992
18 0.5990210061828832 0.7136467709140643 0.01586052040351448 0.015081416913608389
4 0.5599680520663846 0.16802749943013448 0.012944702896192645 0.014061735126510143
4 0.37229181125935573 0.6465237693184408 0.012029550797266515 0.01299116845224527
4 0.5037315248942401 0.4428368995669022 0.012379670159453304 0.010321847640756781
4 0.6726350432801823 0.6684599407339867 0.011318265668727628 0.011808444950991566
4 0.7605292652131468 0.6673158477319352 0.00973914637162382 0.01301731114656941
4 0.31745216270745197 0.5545827143834056 0.012709546111291898 0.014127208570777297
1 0.33053590367718844 0.4222726710736266 0.015057298535632932 0.015017343970822886
18 0.6325077722095672 0.5304699302484615 0.01519916902050114 0.015966767266925003
9 0.3263622622844126 0.6248764513334853 0.014494415099251545 0.011557113289263734
9 0.580191135698015 0.14685705219968087 0.015012163228115848 0.012035209482562115
9 0.7187513647901074 0.12569454114428996 0.014592016661243084 0.012926278550262137
18 0.4965513621867882 0.394601796216093 0.015842742857142857 0.014819989970366996
8 0.38321725479986984 0.1914236936403009 0.015926898795964855 0.010564099384545247
11 0.7491078164659941 0.3719946678823797 0.01420857481288643 0.014445239115568725
11 0.3426056413927758 0.6447830626852064 0.015177792645623168 0.016264723957146114
4 0.3247457884803124 0.5099116188739458 0.011513052261633584 0.0131561942101664
18 0.7694248695086235 0.17082581809892866 0.014230767588675561 0.014668502393435149
9 0.7334524126260983 0.600381096877137 0.014109590367718841 0.011450068292682926
19 0.6618343924503742 0.714876644631867 0.009230628571428572 0.010611109550945977
7 0.6417326026684023 0.6711075887850467 0.015382042824601367 0.014229445178937771
9 0.5207916381386268 0.6925268584454068 0.014795966937845753 0.011951762935947116
19 0.6039972196550603 0.28237739503077275 0.011158484347543117 0.010953053658536585
9 0.39407488708102834 0.5788118568497834 0.014060489684347545 0.011308034100752222
19 0.6242126391148715 0.6693786697059494 0.011478813407094045 0.010539555596079326
4 0.3814726560364465 0.37252160656485067 0.012618842303937521 0.013602487348985639
8 0.6216784640416531 0.44258266186459994 0.016559776114546045 0.009851897697743334
1 0.49876214253172796 0.5820882133576476 0.015165713244386593 0.015341443355368134
4 0.31853314415880246 0.46143045908365626 0.011427996615684999 0.010806689582858445
16 0.40111292938496584 0.16942088169591976 0.017509633582818093 0.01062318887622521
0 0.6822704067686299 0.1258177852746752 0.0240143494956069 0.010974026168224299
19 0.4279768512853889 0.5790322024162298 0.010402963618613733 0.01110095828584454
8 0.46883121900423036 0.1914704937314794 0.01673588545395379 0.010888770640528836
8 0.30253618483566547 0.3513888561659448 0.015447604816140579 0.010889937725096877
23 0.6759073114220632 0.35159227900615453 0.011491475951838593 0.010389526874857533
8 0.5092339004230393 0.4647769573740597 0.01652780318906606 0.011445364941873717
0 0.6249757240481615 0.16977089035787554 0.023525008786202405 0.010787280966491909
28 0.6631779550927432 0.32763973558240256 0.006536122356003905 0.020274476407567816
8 0.3860748246013668 0.28269402507408253 0.015950224536283763 0.010831501800775016
9 0.3746757019199479 0.48754269250056986 0.014098344028636512 0.011294297515386369
4 0.7281794624145785 0.6681854424435834 0.012035965375854215 0.012616651014360611
11 0.48822024080702897 0.4167458253932072 0.015880997071265862 0.016878843856849783
8 0.7088112671656362 0.44288802954182815 0.016006822779043278 0.010462621381354
2 0.30904873153270424 0.4420242935947116 0.0129569155873739 0.010567857396854343
4 0.6868384197852262 0.7132961787098245 0.01221565688252522 0.01401936995669022
1 0.5107808301985031 0.536181992249829 0.015352119232020825 0.0156633252792341
29 0.30514666840221283 0.41927081285616596 0.02042768369671331 0.01988396991110098
9 0.4052117617962903 0.12419717164349213 0.015243504588350146 0.0114621242762708
8 0.4892080859095347 0.16886231502165489 0.01641928851285389 0.011049886665147024
19 0.7346082030589001 0.4202382092546159 0.010195114611129189 0.011169979667198541
11 0.7005637852261634 0.6667254196489628 0.014549897038724374 0.015276903578755411
23 0.7468060657338106 0.2847162325051288 0.011746926130816791 0.01039168598130841
19 0.5490036212170518 0.4420726108958286 0.011067697233973316 0.010600839206747209
2 0.5351774552554507 0.21425875359015273 0.011733963683696712 0.010699948028265328
9 0.3353153478685324 0.35148665785274674 0.015137039245037422 0.011538276544335537
9 0.677551776114546 0.6013786040574424 0.014357742922225839 0.011290294415317984
0 0.36305315196876015 0.4631033581034876 0.022943198177676538 0.007460844859813085
8 0.6753873140253824 0.14789809163437428 0.015649355808656038 0.010623609026669706
8 0.4323760859095347 0.28265551128333716 0.016026583013342012 0.01100271310690677
4 0.47269129580214775 0.7150016393891042 0.011961939472827855 0.01309025393207203
1 0.30294621802798566 0.3310248643720082 0.014752514415880246 0.015833602917711423
1 0.41967272111942727 0.23989096512423067 0.014465024666449723 0.015796489628447687
8 0.7187630276602669 0.21622669158878505 0.015858371103156525 0.011192574424435834
23 0.523414284412626 0.21442949806245726 0.011335076863000325 0.010480256029177114
11 0.30210915717539866 0.5077449263733759 0.015885528929384968 0.016257254615910644
4 0.36697404230393754 0.23642192295418282 0.01361248551903677 0.01331725188055619
2 0.6369973107712333 0.46416563847731934 0.011749292027334853 0.01131711401869159
2 0.775837115522291 0.5521244841577387 0.012412209567198176 0.004481406336904491
6 0.7617173784575334 0.5560449546387053 0.013860554767328344 0.010548798905858218
4 0.6871964698991213 0.48583466423524047 0.011158067816465993 0.01316646455436517
8 0.6668249345916043 0.17000442397994076 0.016490448682069638 0.010912509140642807
6 0.7025089853563293 0.1257300205151584 0.015624713830133419 0.01116412090266697
9 0.5835941945981126 0.25945713790745384 0.014437783534005858 0.011384898290403464
4 0.5628776049463066 0.32696014223843173 0.011587644646924829 0.013564206975153864
8 0.5749043566547348 0.2826403391839526 0.016037396160104134 0.010804973968543423
18 0.46131499902375533 0.2355424080237064 0.01513014149040026 0.015099156599042625
8 0.537137817116824 0.5566034046045133 0.015680329059550926 0.010618310462730797
18 0.5625878659290595 0.48521762662411666 0.01478440403514481 0.014400072942785502
2 0.39746078490074843 0.35095551766583083 0.012209658835014642 0.011178709459767495
4 0.7771943403839896 0.26153011351720995 0.010986290400260333 0.013417154319580578
11 0.5763430549951187 0.37114059539548666 0.023757433127237226 0.016584388420332802
0 0.3454950341685649 0.12538549715067246 0.023964865603644647 0.01165358449965808
2 0.5114706723071917 0.21435433781627536 0.01204706176374878 0.010491635103715523
1 0.3365341178001952 0.14940223022566676 0.015299353075170843 0.01559960246181901
23 0.3304387686300032 0.4633870763619786 0.01163361301659616 0.0068935834055162985
11 0.7496996238203709 0.6880237793480738 0.01408894708753661 0.015758559379986325
8 0.5495930959973967 0.3054838021426943 0.016637550797266514 0.011325983861408708
18 0.38124306410673614 0.5080119553225438 0.015216446729580215 0.014895150216548893
7 0.5091062586397657 0.19486262502849327 0.01754762121705174 0.016690826532938227
2 0.5348633908232997 0.533574958741737 0.012194813667425967 0.01134274319580579
4 0.6259584041653108 0.4635019174834739 0.010681173055645948 0.013362534761796215
5 0.6442587803449399 0.39651149669478003 0.014881205857468272 0.01077032322771826
23 0.4548069508623495 0.16914439936175063 0.012041580214773837 0.010524698609528153
9 0.5208696127562642 0.4187190152723957 0.015309899642043604 0.011505329746979712
14 0.3811696879921901 0.5537655217688626 0.007910508298080052 0.01696660861636654
22 0.7594637787178652 0.285557700478687 0.012961480767979172 0.01068211497606565
16 0.7635964834363814 0.44283539402780947 0.015170128473804102 0.010357373695007978
8 0.4079083839895867 0.26028565124230685 0.016354726195899772 0.011140650832003647
6 0.5182038138626749 0.2607159553225439 0.01586795131793036 0.010825094506496467
2 0.454138501789782 0.214572115796672 0.012111457468272047 0.010383784818782767
8 0.5617464731532704 0.7163582584909961 0.016267504588350145 0.011046350398905858
4 0.5008269703872437 0.12320106496466833 0.010873260527172144 0.012643027125598357
4 0.4467654018874065 0.41875122680647364 0.01146876667751383 0.012470648734898565
18 0.34155515001627074 0.4401575418281286 0.015177209502115197 0.014733275586961476
2 0.6485130621542466 0.1475255582402553 0.011607521509925155 0.011018760519717346
21 0.7524851670680117 0.12940073489856393 0.005448526391148715 0.014130242990654206
8 0.3801287601692157 0.14697446090722588 0.01619436173120729 0.010749607476635514
6 0.48105657273023106 0.6474447157510828 0.016725222258379434 0.010642527467517666
7 0.594874356003905 0.4629345976749487 0.017314697038724375 0.0077984940961932986
1 0.6064769124633909 0.19475338591292454 0.014373954311747478 0.015894408023706407
29 0.7506068285063455 0.5781615573284705 0.018970991213797594 0.02030878869386825
2 0.4489991747478035 0.5329663007978117 0.011201603644646925 0.01059032377478915
2 0.3808041403189066 0.5788238778208343 0.011799109144158802 0.011509741326646911
6 0.42638270354702246 0.16929203555960795 0.015714934461438332 0.010387157693184408
4 0.5608590953465669 0.4426277463414634 0.01209181386267491 0.009942066651470254
2 0.4422875261958998 0.16930160565306587 0.012556779173446143 0.010728868383861409
14 0.7407765284738042 0.26524583068155916 0.0067874572079401245 0.005210215637109643
8 0.3242441184510251 0.442545373512651 0.01612958281809307 0.009777332664691132
8 0.6875661828831761 0.21506614269432414 0.015376561275626423 0.011551663004330978
16 0.3023980631304914 0.6711358322315933 0.01690299772209567 0.011351402963300661
1 0.7474090361210544 0.5580972728516069 0.013959989066059227 0.015224034647823114
0 0.6011191565245688 0.1701825210850239 0.02429209241783274 0.010825584682015046
4 0.32771182297429224 0.1913737424207887 0.011080209827530102 0.011512168862548439
5 0.3857275376505044 0.39642559927057214 0.014848283241132442 0.009941938272167768
9 0.4978662674910511 0.6472124659220424 0.014183116433452653 0.011219802507408252
16 0.5169268961926456 0.2831356498746296 0.01710576505043931 0.010653614770914064
2 0.40322857403189066 0.21411158422612264 0.012407677709079076 0.012128809664919079
19 0.5459664432150992 0.5339898573056758 0.009954942792059876 0.010856384043765672
2 0.6205806547347869 0.6925448315477547 0.012687053433127236 0.010523169728744017
6 0.459270664497234 0.4652134470025074 0.015867634754311747 0.010655435422840209
2 0.5073823364790107 0.6251619202188283 0.013245638268792713 0.011180833553681331
7 0.3597450621542467 0.39915681057670394 0.017015127888057275 0.015454883975381811
23 0.4377011858119102 0.19199906633234556 0.011954408590953466 0.010477466697059493
1 0.5935641158477059 0.217433690449054 0.015578628831760494 0.016149182584909962
11 0.4870431239830784 0.6906786633234556 0.014371155222909208 0.015601119671757464
4 0.6630528291571753 0.46307604832459537 0.006781559127888057 0.012892433097788921
5 0.5099113465668728 0.3738101846364258 0.014737435990888384 0.010781083747435605
11 0.6924604230393752 0.6891964659220424 0.014387349951187765 0.015514872122179165
4 0.43380895281483894 0.3733116061089583 0.01153999349170192 0.012409376795076362
2 0.5131676865603645 0.39634495372692047 0.01166363657663521 0.010225761568269888
6 0.35893949105109013 0.4428153435149305 0.015923316628701594 0.010317260998404377
2 0.4215972613081679 0.35090451607020745 0.012080267621217052 0.011601450832003648
16 0.48782436967133097 0.44265447257807156 0.017162579889358934 0.009995519124686575
22 0.7031995938821998 0.21576721039434693 0.013992278555157826 0.010136444586277639
14 0.7402102128213472 0.2596926555732847 0.0076732521965506015 0.016443404604513333
8 0.5997570999023756 0.3738627034419877 0.016352876797917346 0.010740224116708457
5 0.685335742271396 0.6692604440392067 0.014015737585421411 0.010792754593116023
23 0.7461039609502115 0.3301146551173923 0.010966113634884478 0.01053694132664691
5 0.7758146228441263 0.46621083747435604 0.014612559973966807 0.011642602233872807
8 0.6602505746827205 0.3967495819466606 0.01631885453953791 0.011250741919307044
23 0.7352984783599089 0.2847070125370412 0.010657364139277578 0.010161828675632551
0 0.6408487903677188 0.3052799124686574 0.022655458509599737 0.011183237747891497
8 0.6816987595183859 0.37381905447914293 0.01476359414253173 0.010924273353088671
5 0.6651288200455581 0.6916653166172784 0.014886204230393753 0.010971213494415318
16 0.30285058249267816 0.5793792933667655 0.016828022128213473 0.010875384180533394
2 0.43322947478034496 0.7156082899475724 0.01234433166287016 0.011523991429222703
18 0.706313246989912 0.5541637310234785 0.021470177676537586 0.014317326646911328
2 0.6363453563293199 0.6919979357191703 0.011762737650504394 0.010814450695235924
13 0.6155143039375204 0.5500100770458172 0.007730633517735112 0.008710185548210623
14 0.5923576752359258 0.5765407102803738 0.007762689749430524 0.016013684066560292
5 0.3876433140253824 0.23694781126054254 0.014974092287666775 0.010759959516754047
23 0.5493298483566547 0.14644670526555734 0.012260742206313048 0.010458128105767038
8 0.303168145785877 0.2368749851834967 0.01629416257728604 0.01155449901983132
2 0.5170596863000325 0.23724938591292455 0.012455945330296127 0.01117271064508776
2 0.7528685922551253 0.17296916890813768 0.011834647575658965 0.010205430955094599
14 0.6035065460462089 0.41713703214041487 0.008251280702896192 0.016021270116252564
11 0.6535894096973641 0.6210983651698199 0.01603941217051741 0.015915532254387965
8 0.5012754910510901 0.23740052336448594 0.015877081679140904 0.010970746660588102
14 0.5235232489424015 0.5322854119899704 0.008304013537260006 0.01419466605881012
19 0.7102597956394403 0.6237859275131069 0.010551315327041977 0.010791739229541828
2 0.38841591252847374 0.442750722042398 0.011754290400260332 0.010185952313653978
1 0.38760825876993166 0.718295502165489 0.015200651871135697 0.015003689081376795
22 0.7749735632931988 0.33063295737405973 0.013938246143833388 0.010115448734898563
5 0.692939600390498 0.3972733695007978 0.013964320989261309 0.010750377752450422
5 0.3401002902700944 0.28279135992705723 0.015409000715912788 0.010875664280829724
0 0.3973161653107713 0.6935040583542285 0.03162603839895867 0.010891104809664919
2 0.6054082603319232 0.3512816010941418 0.011891762316954116 0.010783943104627308
2 0.3711658444516759 0.6246705776156827 0.012566442694435404 0.011241160155003418
5 0.7343459550927433 0.37464955185776155 0.014192246794663195 0.009305818828356509
1 0.5686677201431826 0.12653519215865056 0.01639328031239831 0.016644376567130158
8 0.41906591864627396 0.44298459411898794 0.016383200260331923 0.010655750535673582
4 0.6163741906931337 0.621970877592888 0.011782547868532379 0.014279162981536357
14 0.4987758047510576 0.3484434848415774 0.007432247315327043 0.01640465739685434
0 0.771685633582818 0.7132238194666058 0.02195868532378783 0.011433273945748803
14 0.3889583859420761 0.5500291005242762 0.00735273986332574 0.008619036243446546
23 0.6784831396029939 0.6923840072942785 0.01161010400260332 0.010188158103487577
4 0.4970147113569801 0.37235121221791656 0.011003451480637812 0.013669944837018463
23 0.4058890413276928 0.4878413494415318 0.011700391278880572 0.010744437291999087
0 0.6291466996420436 0.6023776284476863 0.031944934591604295 0.012686442671529519
8 0.7504153908232997 0.5330065885571005 0.013964154376830459 0.01005192432186004
2 0.4177158581191019 0.28277327011625253 0.011961206378132118 0.010838212537041259
1 0.5030643753986332 0.5818491944381126 0.006424358737390173 0.015983806701618416
2 0.6653117604946307 0.6468305958513791 0.012160541490400259 0.010532518076134033
16 0.5156466462739994 0.3283332172327331 0.0176082681418809 0.01075448589012993
6 0.5574512046859746 0.46496369090494644 0.01599101125935568 0.010732217916571689
14 0.6119681249593232 0.5320898786414406 0.008674276342336478 0.013769847276042855
5 0.6747865095997396 0.4424276380214269 0.01544727159127888 0.011551312878960565
16 0.4204764594858445 0.556260865283793 0.017082439310120403 0.010572630772737636
2 0.6813400429547674 0.6469174269432414 0.012953016856492028 0.01125320446774561
11 0.3476699928408721 0.417146485525416 0.015767117474780344 0.01622702712559836
27 0.6705515548324114 0.2668653005698655 0.0077481278229742925 0.008529754273991337
5 0.6179141893914741 0.28248628402097103 0.015731928929384967 0.010697147025302028
2 0.7757718034493979 0.555715486665147 0.012357860592255125 0.0116440961021199
14 0.4875539576960625 0.37131227353544566 0.007267301008786202 0.015980305447914293
5 0.39059468662544744 0.6475425174378847 0.013923367653758543 0.010688020423979941
2 0.4463137155873739 0.30501311693640304 0.01223676667751383 0.010720021882835652
2 0.4747099720143183 0.4650397848187828 0.012845435209892614 0.010593825028493275
6 0.4501946189391474 0.14702534579439253 0.016224835144809633 0.010629981308411215
22 0.7245034923527497 0.4428544992021883 0.013666201366742596 0.01039557237291999
5 0.5588084295476733 0.2824639927057214 0.015749006703547022 0.01112680920902667
23 0.43983099251545726 0.5794413822657852 0.011830498926130818 0.010541784727604284
2 0.39943580865603645 0.5100206245726009 0.012280235860722423 0.01105725096877137
2 0.4238775190367719 0.25999644768634605 0.012439384054669702 0.0116190621381354
23 0.37651576960624794 0.44270713143378165 0.012112840351448096 0.010100836836106679
5 0.7065351747478035 0.4650413020287212 0.014278818613732508 0.010840289947572372
32 0.30202918320859096 0.49050416959197635 0.01651220826553856 0.01645962708000912
2 0.4494202043605597 0.19181443355368133 0.01204962759518386 0.011219522407111921
14 0.39933300878620237 0.2350141855482106 0.007706074845427921 0.01685771962616822
2 0.6721826905304263 0.5097652664691132 0.011888763293198828 0.010626865192614543
23 0.5327634077448747 0.6247134096193299 0.012293264952814839 0.010588619831319809
2 0.34895957305564596 0.3054592933667654 0.011992529515131793 0.011021421472532484
2 0.4755088786202408 0.26011303943469344 0.011761288122356005 0.011186120446774563
6 0.7613711578262284 0.30812526464554363 0.013883247380410023 0.010373105994985183
4 0.5406969918646274 0.1907003346250285 0.011259484803123982 0.012563548666514702
23 0.4636963904978848 0.2607164221563711 0.011970186788154898 0.010989700113973103
6 0.5416988324113244 0.28313401595623433 0.01590070732183534 0.010458081422384316
7 0.6553361744223886 0.4898276106678824 0.017885344614383337 0.01617194073398678
6 0.30315115131793036 0.39655607932527925 0.016504144223885454 0.011213967084568042
2 0.5738373706475757 0.4424127460223387 0.012314008200455582 0.00951206601322088
5 0.6049199192971039 0.48702905858217466 0.014498480442564271 0.011075049008434009
2 0.36970082134721766 0.2149840966491908 0.01309473739017247 0.010621263186687942
5 0.6377234077448748 0.6236245197173467 0.01632631877643996 0.011120541964896286
23 0.7763566130816791 0.48785535445634826 0.011957857468272047 0.010074005561887395
11 0.3437730946957371 0.5992898728060178 0.01556466671005532 0.016849666742648737
5 0.6907744718516109 0.578226797355824 0.013636760950211518 0.010624659402780944
2 0.6427725974617637 0.32777500068383864 0.012568908558411977 0.01090334752678368
8 0.4669253394077449 0.556224568953727 0.015279342922225839 0.010592879689993161
4 0.41855891701919945 0.3279332573512651 0.01210845844451676 0.014161637565534534
2 0.7300513530751708 0.2650517211762024 0.011990613472177027 0.004915386733530887
7 0.44721258965180605 0.5129502402552998 0.01846998763423365 0.016641108730339638
5 0.6374869847054995 0.35348101864599957 0.015401753075170842 0.006711296466833827
1 0.43683946631955745 0.6390499931616138 0.019296052066384642 0.00569293348529747
22 0.425021979824276 0.14700772281741512 0.015230408851285389 0.01099684267152952
0 0.4701651181256101 0.14681433690449053 0.0230025122030589 0.011062374470025074
2 0.5732092417832737 0.4628664399361751 0.012210941750732182 0.007934681194438112
5 0.3537616765375854 0.16946207978117162 0.014553895737064757 0.010214837656713016
19 0.5656325414904002 0.4197262092546159 0.010494900357956395 0.011528496375655346
8 0.4402343612105435 0.3510654570321404 0.016657510966482266 0.011067124504217004
2 0.35743847966156855 0.25987822201960337 0.012042563228115847 0.011148633690449054
0 0.3634343612105434 0.7165727686346023 0.02362930816791409 0.010794248461363119
8 0.3877439312723723 0.21455682698883063 0.015626413276928083 0.010928859995441076
8 0.5489164829157175 0.2600147709140643 0.016058039440286366 0.011319774971506725
14 0.4524563826879271 0.667874531114657 0.00787730244061178 0.016235313426031458
23 0.5543913673934265 0.35145327923410075 0.011401355287992191 0.01083576165944837
7 0.5030364178327367 0.5594935728288124 0.01631682186788155 0.015453600182356964
2 0.734712335828181 0.32973990426259403 0.011333410738691832 0.010742161477091406
8 0.4081024874715262 0.26425383214041487 0.015863302831109663 0.0033065023022566674
5 0.6971623924503743 0.6241006902211078 0.014147677969410999 0.011126062274903124
8 0.6051431799544419 0.3964120610895829 0.016631636055971365 0.011371861955778436
22 0.45649506801171497 0.6473539165716891 0.014516557891311422 0.010734260314565763
16 0.4903077279531402 0.14734209254615913 0.0167457155873739 0.011059865238203783
18 0.7726038346892288 0.6216724540688398 0.02066977155873739 0.014055899703669933
8 0.7300470211519687 0.48794673717802595 0.015272778392450373 0.011020196033736038
2 0.39845029612756266 0.19162279826760886 0.011702440611780019 0.010665717437884659
18 0.5710054591604296 0.5771372072031 0.01543865772860397 0.0149843154775473
14 0.5389373979824276 0.12183954410759061 0.00857272606573381 0.017420604513334853
6 0.5971107946631956 0.6474032842489172 0.016036413146762123 0.010531782812856166
5 0.6061751773511227 0.442671838796444 0.014646748844777091 0.010030251561431502
5 0.586357295151318 0.6240340496922726 0.014081349560689878 0.01112790626852063
6 0.7435316316303286 0.1949858691588785 0.014371921640091117 0.010724818600410304
2 0.5666495437683046 0.23706136858901297 0.012513793166287016 0.011628457168908138
14 0.5694881197526847 0.6676427481194438 0.008381854864952815 0.0169128060177798
5 0.3263337715587374 0.5791075960793253 0.01387779915392125 0.011142214725324824
8 0.6863154233647901 0.3060270800091178 0.014779488968434755 0.011219849190790974
27 0.7763472827855517 0.5804897743332573 0.008866930296127562 0.016095730111693643
5 0.763543450699642 0.48806846409847277 0.014280867946631956 0.0112133952131297
7 0.5946682564269443 0.4674714055162981 0.017548787504067687 0.017189054935035333
6 0.5111892639114872 0.3535472740369273 0.016113254799869834 0.006840679462046958
8 0.3555006104783599 0.3280777424207887 0.01671139342661894 0.011307240483245953
5 0.5830746970387244 0.39726671711876 0.015756004425642695 0.011402532938226578
8 0.3629126976895542 0.3056724030088899 0.015320046339082329 0.010523064691132893
5 0.7507011311422063 0.35297620788693873 0.01301834559062805 0.010620702986095281
23 0.6606716042954768 0.1478479069979485 0.0124882681418809 0.010600722498290404
13 0.31167887536609173 0.6000090303168452 0.00808950003254149 0.017782984271711877
2 0.5338237292547998 0.2600877136995669 0.012034315912788805 0.010931252518805562
8 0.4794031109664823 0.3283060241622977 0.01566948259030264 0.012106168224299066
16 0.30387541555483244 0.3057251552313654 0.0169838047510576 0.011765496238887622
2 0.5048753192320208 0.169266359699111 0.012079551187764399 0.010678858810120812
2 0.593489806703547 0.19166773102347848 0.012049311031565247 0.011468473216320949
8 0.7207440494630655 0.46690875404604515 0.01443425135047185 0.013781868247093685
2 0.7473034038398959 0.5102492564394803 0.011646575463716238 0.010991450740825165
14 0.7369436095021152 0.5080046026897652 0.007797445102505694 0.01624710098016868
2 0.37956710966482266 0.16931992888078415 0.011561886365115522 0.010440201686801915
8 0.6442236251220306 0.23764677820834282 0.015882346631955743 0.011315001595623432
0 0.4630386046208917 0.6940906350581263 0.03189511747478034 0.011607508000911785
22 0.6924099394728279 0.23807684887166625 0.015323445232671656 0.011219534077957602
2 0.371663349170192 0.2825151110098017 0.012181401366742598 0.01129798550262138
4 0.5238656374877969 0.4623549067700023 0.011757905890009763 0.008957945931160246
2 0.43172546436706805 0.6245830462730795 0.011632180149690856 0.010716403920674722
16 0.6875560195248943 0.2608078048780488 0.016771873739017246 0.010566246820150445
5 0.5989418652782298 0.5559324476863461 0.014905964464692483 0.01124095007978117
6 0.38238186007159125 0.3514638997036699 0.015716150732183534 0.010737014634146341
23 0.5923951630328669 0.3280575518577616 0.011864904393101203 0.010614634146341465
27 0.7774774149040026 0.5351354675176658 0.008290701204035146 0.01634898746295874
5 0.38293984510250567 0.6017017697743333 0.015500837487796942 0.011261269022110781
0 0.631280505043931 0.5561093777068612 0.02528976765375854 0.010690599680875313
0 0.32200001561991537 0.53380382402553 0.023029836641718194 0.011055080191474812
2 0.730177145460462 0.1712966200136768 0.011774933680442565 0.010675030772737633
23 0.368489548974943 0.3741386022338728 0.012460943703221606 0.01027648306359699
7 0.5826361731207289 0.49045923683610665 0.021863716238203712 0.015905845452473217
5 0.6716423664171819 0.30558463824937315 0.013877999088838269 0.010661130795532254
23 0.43755506671005534 0.5336429997720538 0.011040172860397006 0.009832407385457032
5 0.7511621477383664 0.6234203966263961 0.013831997396680767 0.011024175792113062
5 0.6992835353075171 0.48734942329610215 0.013894310445818417 0.011109944837018463
23 0.44261875170842824 0.21471823478459082 0.010713762447120079 0.010170640164121269
2 0.5798364178327368 0.3279722379758377 0.012197929319882849 0.01111685397766127
4 0.6375059785226163 0.14845852564394804 0.010885206638464042 0.016616833371324368
5 0.7151252118451025 0.6693293020287212 0.013947876342336478 0.010739698928652838
14 0.46871392385291244 0.6445635340779576 0.007995630589000977 0.016357740597219058
11 0.5233341438333876 0.5994327239571462 0.015512666970387244 0.016070287668110327
2 0.42289533875691504 0.6703676571689081 0.01189930986007159 0.011337234556644633
5 0.7012490621542466 0.509669448826077 0.014618857923852913 0.010962483701846364
16 0.35653044191343963 0.3513429897424208 0.01697830654083957 0.010257074447230454
22 0.31895317409697366 0.3534203185776157 0.013765718971688904 0.006589908000911785
5 0.6629948480312399 0.12527952587189423 0.014310858184184835 0.011363190517437885
46 0.5346039752684673 0.3536538872122179 0.02729544809632281 0.00705364905402325
27 0.5872476719817767 0.5356089537269204 0.00894533810608526 0.015791704581718715
2 0.7300436889033518 0.26195691634374285 0.011589294109990239 0.011080394255755643
22 0.48698747543117477 0.3513622466377935 0.015032373315977872 0.010966615181217233
2 0.4973092821347218 0.3058355614315022 0.01233923332248617 0.010849171461135173
5 0.6666444933289944 0.5560615272395715 0.015156566221932963 0.010810284203328014
4 0.714904616986658 0.5093216576248005 0.010914880312398309 0.013389844540688397
23 0.6318296596160105 0.2828679206747208 0.011856107256752358 0.010241517209938454
0 0.6572682121705175 0.6017338645999545 0.024133310771233322 0.011681699566902211
2 0.3985364347543117 0.6706584946432642 0.011666918841522942 0.01112987864144062
5 0.4161928538887081 0.4197425484385685 0.015966452587048485 0.012080492363802143
22 0.5630048968434754 0.1475599872350125 0.014007756849983729 0.010983409528151356
8 0.3641654565571103 0.510200005470709 0.015777930621542466 0.010984156462274903
23 0.6305828987959649 0.3280639708228858 0.011353021021802799 0.010547678504672899
6 0.4363764503742272 0.44235917684066556 0.01557318060527172 0.009404915979028948
7 0.511820891636837 0.6736583688169593 0.01637045440937195 0.015827417369500798
14 0.5252628493328995 0.4852559069979485 0.007975487146111291 0.016875576020059267
2 0.7136248669053042 0.3536517164349214 0.011797326391148714 0.007046704900843401
0 0.49107797722095675 0.5109076088443126 0.022246591604295478 0.011436401732391155
23 0.40976994467946637 0.35099508183268746 0.011415767263260658 0.010389748620925461
0 0.7064470367718841 0.7145407576931845 0.021770413276928084 0.011411589514474582
5 0.42133717930361214 0.6932236079325279 0.01368509521640091 0.010552043400957374
6 0.545009088187439 0.4881180651926145 0.015801672892938497 0.011180588465922042
4 0.7272104445167589 0.3965803546842945 0.012175886495281483 0.013343044449509915
13 0.6028695867230719 0.5322169157966721 0.00782192046859746 0.014057767038978802
7 0.5265945824926782 0.7183839671757465 0.01735501724698991 0.015728215181217232
0 0.6204695242434103 0.7149655764759517 0.023201447445493 0.011592195851379074
0 0.4669869860071591 0.5334658946888534 0.02416829938171168 0.01101501417825393
5 0.6982498717865279 0.42026388511511287 0.014333884022128214 0.011506928652837931
2 0.6019993699967459 0.25916303259630724 0.01272144223885454 0.010837850740825166
2 0.6435535099251546 0.2825160446774561 0.011951526195899773 0.01096376749487121
16 0.35387730556459485 0.6706102940506041 0.017174076147087537 0.012377398677912013
2 0.6249289059550928 0.14696734169136083 0.012255493914741294 0.011107925780715752
0 0.5484636303286691 0.42005287622521087 0.022840065082980802 0.012670220196033737
8 0.7628990604620891 0.12754238614087077 0.01531356511552229 0.01112682087987235
14 0.6205459993491702 0.5305684321860041 0.007545710380735439 0.01672712286300433
22 0.4569789105109014 0.35351152623660814 0.01426967159127888 0.006758411670845681
6 0.7549329036121054 0.7131916079325279 0.010353929580214773 0.01068271018919535
5 0.3413992007809958 0.5558349961249145 0.013854490074845429 0.011269310234784592
5 0.6374273374552555 0.3739453330294051 0.01565115522290921 0.010712715933439707
2 0.30048401952489423 0.60193086847504 0.013900575073218352 0.012416145885571005
13 0.4074720260331923 0.234284991110098 0.0075701690855841195 0.01623601367677228
7 0.6271007656361861 0.40052463369044905 0.004585957175398633 0.01871700205151584
0 0.54448159323137 0.6939237419648964 0.023441369345916046 0.011539887121039436
0 0.6343185161080378 0.5099938983359927 0.023351232020826555 0.011423937269204468
2 0.6682816270745201 0.3739906159106451 0.010892654214123006 0.01040836361978573
23 0.4114997149365441 0.4634571014360611 0.010062841002277905 0.006753533257351265
23 0.4508165831435079 0.12434340733986778 0.012767793817116823 0.010058938500113974
8 0.31891818548649525 0.48791954410759064 0.016786868857793687 0.011552655026213814
2 0.7237643996095021 0.2846997766127194 0.011523948714611128 0.010615287713699566
16 0.48486466644972337 0.12463926327786644 0.017070943052391797 0.011227190152723956
14 0.7070385109013992 0.598904734898564 0.006699269248291572 0.016148832459539547
0 0.30661685649202736 0.21532897013904717 0.024252605271721444 0.01171589514474584
6 0.5355914871461113 0.1469382812856166 0.014690934461438333 0.010881289628447687
27 0.6714027777416206 0.26316006382493734 0.009571650894890987 0.015974119899703668
2 0.7665131506671006 0.5780960838842033 0.01028130322160755 0.010393973467061772
2 0.41616136413927757 0.5102992076589925 0.01223653342011064 0.011432842124458628
5 0.4404592879921901 0.6701307390015956 0.015332925479986983 0.011889790745384089
5 0.7747916225187114 0.6676698244814224 0.01273837006182883 0.01061399224982904
23 0.5203546137325089 0.6245935500341919 0.01215446013667426 0.011063226441759744
2 0.6556975567849007 0.4194813549122407 0.012097112137975919 0.010776555459311603
5 0.34301884022128215 0.3970406528379303 0.015183390823299708 0.011300494734442671
0 0.6248041132443866 0.420608291771142 0.023156462089163683 0.012193232733074995
0 0.6057863039375203 0.1471690139047185 0.023519843800846083 0.011859679963528607
5 0.7638918372925481 0.6905906651470253 0.012745601041327692 0.011348893731479372
7 0.6748156667751384 0.5818628493275587 0.01595403996095021 0.015172332801458856
4 0.5401503364790108 0.6470412546159107 0.011028410022779043 0.014193849099612492
7 0.38899004230393747 0.6277598504672898 0.0174573172795314 0.016850950535673582
23 0.7261519557435732 0.5786013147937087 0.011433894695737065 0.0105294369728744
6 0.34758618678815495 0.46313078459083656 0.006002496062479662 0.007405968543423752
13 0.43398356264236904 0.5532754629587417 0.00769236264236902 0.016586956006382495
23 0.5548867061503417 0.23714469842717117 0.010911148193947283 0.010381695737405971
14 0.35948148128864305 0.6224884795988147 0.007769670810283111 0.016913389560063823
14 0.49866300813537257 0.35338020588101204 0.007593244907256752 0.006502376658308639
2 0.39334812365766353 0.48765928424891725 0.012271738626749105 0.011283980487804877
0 0.5817239700618289 0.5112034647823114 0.031449262609827534 0.012000080237064052
19 0.6570967679791735 0.638867461135172 0.01051122837617963 0.006058032550718031
16 0.7380987334851936 0.30785216685662187 0.015734294825903026 0.011043479370868475
13 0.5850613836641718 0.16709383177570092 0.007404606313049137 0.015496782311374517
27 0.5494306488773186 0.5590058481878276 0.009296723722746501 0.016137745156143152
18 0.6346177520338432 0.6449215956234329 0.025697801496908562 0.01476502028721222
19 0.6273591981776765 0.6692771333485298 0.005106604360559714 0.011213792021882836
13 0.7491627985681744 0.2147059803966264 0.007086759778717865 0.01649137178025986
5 0.3267772938496583 0.6482651762024162 0.015540357956394402 0.011421346341463414
9 0.7790817260006508 0.6405850594939594 0.013264265538561667 0.002622859174834739
14 0.7570060787504068 0.4626660515158423 0.0060749224861698665 0.01556085525416002
7 0.5219047757891312 0.6506587499430134 0.025242449723397332 0.017088919079097334
2 0.629482423690205 0.5790352368361067 0.012577489098600717 0.010881534716206976
2 0.5312900540188741 0.5792757729655801 0.011962322681418808 0.011340397355824025
7 0.7648520247315327 0.42259163528607246 0.02191469964204361 0.01589347435605197
18 0.4585640611780019 0.4406401312970139 0.02134955027660267 0.014426098928652837
16 0.4710694904002603 0.21520082425347617 0.016636884347543117 0.0115895582402553
5 0.7535032356654735 0.3542564179621609 0.007435196355353075 0.008249548940050148
0 0.7415797670029287 0.6463035404604514 0.02906670484868207 0.011752541600182357
1 0.5679807770907908 0.6963229177114202 0.015207033127237228 0.016126541144289946
0 0.6302823299707127 0.5525968032824253 0.0235756589651806 0.003536803100068384
13 0.7191102479661569 0.37158980624572596 0.00814711461112919 0.015425240027353546
13 0.7815867438984706 0.1711639224982904 0.00710045532053368 0.017108175974470025
9 0.7782968148389195 0.6449305821746069 0.013889561991539212 0.01158065338500114
23 0.7190519336153596 0.1714724996580807 0.010443200520663847 0.010149702666970595
13 0.5037650139928409 0.14430230408023706 0.008174189131142207 0.017027997264645545
2 0.6358855060201758 0.19173880647367222 0.01258530322160755 0.01067626788237976
6 0.5680342596810933 0.3533429058582175 0.01586545213146762 0.0064293871894232964
5 0.5434549274324765 0.7160771078185548 0.014656329059550928 0.011153115295190334
6 0.5827479700618288 0.556236473216321 0.015560701334201106 0.010749910918623205
0 0.6101875379108362 0.5103059767494872 0.023556498535632932 0.011402287850467291
13 0.3398470393752034 0.4595792295418281 0.007064550341685649 0.01450907864144062
13 0.3936080390497885 0.12183300843400957 0.007091108363163033 0.017117162525643947
13 0.7520050566872762 0.30517837611123777 0.004493720533680442 0.017034416229769776
11 0.7530629289944679 0.3701636289035788 0.006584339993491703 0.01827782812856166
13 0.6239035730556459 0.48475826213813544 0.007141325349821022 0.016340817870982446
13 0.34304 0.6217454668794165 0.008043798242759519 0.01805211397310235
5 0.746753749430524 0.4202728716662868 0.013182325545069965 0.012037543651698198
0 0.5306762538236252 0.3975206747207659 0.021628126260982754 0.012578137223615227
6 0.6735427478034494 0.48739400592660137 0.015855905239179954 0.010510518532026442
13 0.3147133875691507 0.5078779740141327 0.007203105239179954 0.016529068611807612
13 0.5947057442238854 0.4169986159106451 0.007302356264236903 0.016543190335080924
6 0.6203054109990237 0.3534515614315022 0.015545306345590629 0.006644795988146797
21 0.7473755470224536 0.1294629405060406 0.016905330296127563 0.016182561203555962
2 0.41409936869508623 0.28290631775700936 0.004863466840221282 0.010479462411670847
6 0.6930863859420762 0.3536376297241851 0.02213346176374878 0.007024518623204924
13 0.747964521965506 0.25961819557784366 0.0065113804100227785 0.01647619968087531
5 0.3272114858444517 0.6024149751538637 0.015438474454930035 0.01173456849783451
22 0.31229117604946305 0.1473027617962161 0.014247195574357305 0.010547923592432186
2 0.77416949170192 0.28542628675632553 0.011697775463716238 0.010783651333485297
13 0.37258421607549624 0.5494628310918623 0.007539362447120078 0.00980474748119444
13 0.5299894773836642 0.280515194894005 0.007579532704197852 0.016904869842717118
13 0.37316952554507 0.39496160838842037 0.008511512658639765 0.019201225438796446
5 0.5387969437032216 0.601883718258491 0.014812511552229091 0.0107681524504217
13 0.7521154207614709 0.2369109313881924 0.00471898054018874 0.015888222475495782
29 0.9128151929710381 0.19272896102119902 0.00694577233973316 0.020451989970366995
13 0.506028443865929 0.2601161905630271 0.00825944471200781 0.020240630955094596
7 0.40630773836641715 0.39850137588329154 0.02033538041002278 0.014880094825621153
13 0.7299492196550602 0.34982788055618874 0.007281563032866906 0.017083900615454756
13 0.3700393778067036 0.3490515359015272 0.007741646599414253 0.016940699338956006
13 0.7402048812235601 0.6210959026213814 0.007389361275626423 0.016563614315021655
18 0.6198202356003905 0.12324646455436516 0.022307405141555485 0.015151908821518121
27 0.724093958997722 0.5128741463414634 0.008140333485193623 0.015694253020287215
13 0.44887005011389525 0.5763505922042398 0.00606534227139603 0.01627499430134488
6 0.6119711239830784 0.4632110800091178 0.01528552424341035 0.014321294734442672
13 0.6622097702570778 0.19188725963072717 0.007765022323462415 0.019188971050832004
5 0.5075504817442239 0.6020417415090038 0.015254367718841522 0.01091337278322316
7 0.40748585486495287 0.6506147508547983 0.01809027790432802 0.015587814907681786
14 0.6164896531077123 0.4846147107362662 0.007253288903351774 0.015875734670617734
13 0.36523944028636507 0.12222374834739003 0.007898345590628051 0.017455383633462503
6 0.5400303755287992 0.37378287485753364 0.002920216075496258 0.010824499293366766
18 0.4633908232997071 0.6005649126966036 0.021465845753335502 0.014682273991338044
6 0.4749622232346241 0.3740343815819467 0.015313431825577612 0.010312032459539548
23 0.7597748441262611 0.23977915842261227 0.010556163748779695 0.01035659174834739
8 0.548891657663521 0.2642878293138819 0.01549772183534006 0.003376562388876225
4 0.3725825499511877 0.25849744426715293 0.01613566417181907 0.01477342329610212
3 0.30645674194598116 0.12156749669478002 0.02099150016270745 0.021618257579211306
6 0.5588432515457208 0.5328362875769318 0.01519751955743573 0.01215751994529291
13 0.5297080689879596 0.3259573831775701 0.007332429808005206 0.016798198313198086
14 0.43769452131467623 0.14409362935947118 0.007708424080702896 0.015691918851151128
2 0.47406718125610153 0.41913706496466835 0.011264933029612755 0.010738263414634146
6 0.6583328656036447 0.6694353900159562 0.015667283306215425 0.010677504992021884
8 0.6890575307517084 0.5324539039890586 0.015326027725349821 0.011550986095281515
5 0.39493210803774814 0.37386106952359244 0.01406842043605597 0.010885654524732164
13 0.5331546137325089 0.4859877857305676 0.00793886573381061 0.015811311602461818
13 0.7114272489424016 0.28103629815363573 0.006716097103807354 0.017374504672897195
19 0.5364810309144159 0.23699846273079553 0.010018688708102831 0.010713252792341008
5 0.5388472606573381 0.7147864289947572 0.005281164204360559 0.015448231593343973
14 0.35143893263911485 0.6220839680875313 0.007615654279205988 0.015913548210622293
23 0.5162067306215424 0.44283045726008663 0.012113240221282136 0.010347500159562343
13 0.4650091298405467 0.4848782384317301 0.007840081223560039 0.01844670526555733
14 0.41327563683696716 0.5319875253248233 0.006414478620240808 0.013574360610895828
4 0.40266359127888063 0.28186352769546386 0.01623369892613082 0.012431201276498747
6 0.7616858887081027 0.5525385657624801 0.013846459355678489 0.0036532898108046505
13 0.7817943429873089 0.1482017670389788 0.00773234962577286 0.016628504217004788
4 0.5521402668402213 0.5988680884431274 0.011221663781321186 0.017398079781171645
6 0.3436443032866905 0.46481045270116256 0.01474290087862024 0.010988638067016184
4 0.6670838503091442 0.4621311766583086 0.014892418874064431 0.009405382812856166
6 0.472426715261959 0.6709752413950308 0.016471421542466644 0.010755781354000456
2 0.7705305095997397 0.23996449145201734 0.010287984380084608 0.01121669806245726
13 0.7005684503742272 0.2583959079097333 0.0074588719817767655 0.01744196216093002
13 0.6817932287666775 0.32617901253704124 0.008104595118776441 0.017045970366993388
18 0.6396472814838919 0.2131677629359471 0.022569486495281482 0.015347628903578757
13 0.5838581086885779 0.5762446209254616 0.008224406117800195 0.018051997264645545
27 0.6586131077123332 0.44282341974014133 0.009243424406117801 0.010333425119671757
16 0.7275456687276277 0.6239073043081833 0.015984013537260006 0.010898760884431273
13 0.7523165386267492 0.6662598696147709 0.005104455060201757 0.015833486209254618
13 0.47333625252196554 0.4394921869158879 0.006890673608851285 0.01762472760428539
7 0.3434623625122031 0.6954583414634146 0.027159492352749753 0.016335799407339868
23 0.55189284738041 0.6476293485297471 0.011458086820696387 0.010271592979256896
22 0.5897895112268142 0.6698961550034193 0.014459893003579565 0.010526274173695008
0 0.5722069013992841 0.6025369354912241 0.024502690530426294 0.011906363346250285
8 0.609849481288643 0.6669216065648507 0.015855971884152293 0.016406408023706406
13 0.577651129189717 0.6668324413038523 0.007232345720794012 0.016469080465010257
22 0.40286719166937845 0.5338650959653521 0.014125718451025056 0.010727736311830409
21 0.32904122356003906 0.3739338956006382 0.015160065082980801 0.01067714319580579
4 0.4633823260657338 0.6236182174606792 0.016458992255125284 0.012942967859585137
4 0.4264578457533355 0.5318098600410304 0.010491934656687277 0.013243608844312742
46 0.7731131688903352 0.354430138500114 0.03113503156524569 0.008609524504217005
13 0.6266986298730882 0.34814681194438113 0.003800829417507322 0.017789636653749715
13 0.4296594702245363 0.5993949104171415 0.008554132118451024 0.023708272623660813
6 0.36377941555483234 0.41965303305219964 0.014990970126911814 0.010495848279006155
5 0.4061839453302961 0.6247232131297014 0.014360875235925805 0.010921857488032824
2 0.6482391513179303 0.6917886774561204 0.01160727159127888 0.010353393936630956
13 0.7034911656361862 0.6439359927057214 0.006245300357956395 0.016745095965352175
7 0.5029271200780996 0.5531124212445863 0.016881338106085258 0.0025054154547526786
27 0.40053728343638134 0.30526894187371784 0.010494150602017572 0.011016823159334397
4 0.6279709823625123 0.2573614041486209 0.006340552684672957 0.01732642078869387
11 0.5886875366091767 0.6907804330977889 0.025094831109664824 0.017293509003875086
13 0.3669652118451025 0.6692783004330978 0.00741656908558412 0.019866580351037152
13 0.5534066879271071 0.32570821062229316 0.008362511161731206 0.01628491452017324
5 0.3889524545395379 0.2598681850923182 0.015045485714285715 0.011636883519489402
6 0.30659736283761796 0.6482119571461136 0.024463703221607548 0.01132159562343287
13 0.7517525055645948 0.46324772646455437 0.003979737845753335 0.014296552541600182
27 0.6404781776765376 0.5804586131752906 0.009136159323137 0.017547816731251425
2 0.7138921132443866 0.4880611114656941 0.0131818423690205 0.011345509186232049
5 0.3586360898145135 0.6477776849783452 0.014164289228766678 0.011081257898335993
13 0.6331910497884803 0.39499113562799176 0.007427465538561667 0.017562288579895145
10 0.7669298483566547 0.46095673945748805 0.011601040286365114 0.011740403920674722
8 0.44656080182232344 0.6246017196261682 0.016668407419459814 0.012008249829040345
2 0.4758627634233648 0.2641844372919991 0.012576406117800195 0.0031720541600182357
4 0.5010685484152294 0.37302672076589927 0.002451052131467621 0.012032992021882835
13 0.48381617442238856 0.212853700478687 0.007024380084607876 0.017323853202644176
11 0.48413740318906606 0.6217214949623888 0.02451501985030914 0.01692155915204012
2 0.6279399757891312 0.14704203510371552 0.006265910315652457 0.015238273079553223
8 0.6501613589326392 0.1927576713015728 0.01642132118451025 0.011922002279462048
6 0.6212895906280508 0.30496970139047186 0.015844358997722095 0.010103486118076134
13 0.3163331936218679 0.5770166473672214 0.006306630393752034 0.015990342375199453
5 0.44161274585096 0.601483174834739 0.01485553088187439 0.01086249956690221
6 0.7476181347217702 0.6688451953498974 0.014437883501464367 0.010315860496922727
11 0.40890972469899123 0.7130593772509688 0.024610655385616662 0.016144514246637796
13 0.7033933641392776 0.6892212081148849 0.006632740904653434 0.0169989368589013
7 0.302930389847055 0.17239379621609302 0.01606855268467296 0.014743545931160246
23 0.5092109079075822 0.30539370321404147 0.011363417637487798 0.010031185229085936
2 0.7527772886430198 0.1765613151584226 0.011808206182883176 0.002991389468885343
13 0.31544514936544094 0.6669274419876909 0.007179013081679141 0.020948117620241624
2 0.7512537695802148 0.5123802361522681 0.002993325610152945 0.01384512423068156
2 0.7389779472827857 0.1491590098016868 0.011827033387569151 0.010725063688169592
13 0.41366950862349494 0.16568294324139501 0.005723136999674585 0.018261022110781854
2 0.4286827881548975 0.5100830635969911 0.012485785616661242 0.010905716708456805
6 0.42289017377155874 0.1916827864144062 0.017718732183534005 0.010563142375199452
16 0.4924970152945005 0.260908991110098 0.017250051415554832 0.010544293959425577
7 0.5487428727627726 0.5819898281285616 0.017135755287992188 0.015792288124002733
29 0.9131179277578912 0.14291008889901982 0.0061658262284412626 0.019369285616594484
6 0.3572182180279857 0.14702651287896057 0.0237637643996095 0.011258491360838842
6 0.3416334578587699 0.5321106994301344 0.01628593192320208 0.01369958878504673
6 0.7631534109990237 0.2180377734214725 0.020576468597461765 0.01159457670389788
19 0.4134245883501464 0.3054263815819467 0.00620256426944354 0.01061312860724869
8 0.5385340292873414 0.5079915313426032 0.01613776348844777 0.016147665374971507
2 0.351666525219655 0.3740244613631183 0.020520820045558087 0.010444694962388876
6 0.6116740540188741 0.2147530139047185 0.01864859616010413 0.01099993544563483
6 0.7005901099902375 0.19365655983587873 0.023385887406443217 0.012261390471848644
4 0.779637878294826 0.2168398778208343 0.012324788024731534 0.01462928835194894
13 0.7302982726976895 0.35416784791429223 0.006557598698340384 0.008068487440164121
6 0.45654355222909204 0.32841269569181675 0.024152637813211846 0.011360121085023933
14 0.4676757617962903 0.6391521130613176 0.007556673478685324 0.005488810394346934
2 0.7618764933289944 0.26261515204011854 0.01881204295476733 0.010766891999088216
13 0.46054208395704527 0.6686198313198085 0.007604074715261959 0.017994226578527468
23 0.6939126169866581 0.6485117811716435 0.012461043670680117 0.013758293138819239
13 0.476926417181907 0.5771303214041485 0.007065233452652131 0.020168155003419192
1 0.751982047510576 0.559303688169592 0.004452217377155874 0.016537821746067927
14 0.5012419236446469 0.34845188785046727 0.0027628672958021475 0.01721157966719854
2 0.682014989912138 0.17031136722133577 0.011322331012040353 0.010466461089582858
11 0.6437629417507321 0.1223905247321632 0.02404917149365441 0.016985398677912013
6 0.5302615554832412 0.4426185847276043 0.015593124113244386 0.009905992067472077
6 0.641749430523918 0.44268417488032824 0.023406880572730233 0.010006127923410074
22 0.4695168291571754 0.28286722042397994 0.01503129033517735 0.010683223706405289
46 0.43061265994142534 0.12486334351493047 0.027309610152945005 0.010719520036471393
8 0.724994165961601 0.7114805452473216 0.014814310966482265 0.016892265329382268
6 0.487217233973316 0.6027118814679736 0.024631815164334527 0.011038659311602462
1 0.5661308792710706 0.552570193754274 0.015630811845102503 0.0035898937770686115
22 0.5465772443865928 0.6245606382493731 0.014478287015945331 0.010765561522680647
13 0.4730081926456232 0.353733715796672 0.008501699186462739 0.0072166907681787094
6 0.698460803123983 0.3296435030772738 0.022991515782622846 0.010545320993845453
6 0.5661478737390172 0.26420461618418056 0.01701646078750407 0.0032099844084795986
6 0.5047765180605271 0.41942451789377705 0.015260615684998372 0.011003098244814224
13 0.734325128538887 0.12459608114884888 0.007105303742271397 0.019499882379758377
22 0.7784649267816467 0.12858564303624345 0.013984364464692482 0.01072749122407112
7 0.7514955558737391 0.4242162170047869 0.0034267511877643995 0.018746645999544106
2 0.48518939407744877 0.5802318486437201 0.006451499902375529 0.006095565990426259
2 0.6278182987308819 0.12463914656940961 0.006036268402212822 0.011758727148392979
13 0.7511671960950211 0.21488162662411672 0.002801288122356004 0.01707269660360155
22 0.7158961275626424 0.6387872824253477 0.01565602030589001 0.006218366628675633
1 0.7473848773185813 0.5524250084340095 0.01348890907907582 0.0038804161385912928
6 0.44043996095021154 0.23783141098700705 0.023826910510901397 0.011854077957602006
13 0.36989825707777413 0.3538209436972874 0.007862907126586398 0.007388765716890813
46 0.30956922876667753 0.2599671538636881 0.027549032216075495 0.011069050193754273
28 0.6574099993491702 0.2651231817643036 0.016822857142857143 0.005058319580578983
6 0.7638718438008462 0.5107543706405289 0.021510331272372275 0.011383486118076134
6 0.7054521939472829 0.3057284230681559 0.021160611780019527 0.012203736494187373
21 0.4678560364464693 0.3962662922270344 0.02212013276928083 0.020961539092774106
19 0.39796778652782294 0.6018026058810121 0.011300588089814514 0.011009038705265557
16 0.4204807914090465 0.5527820196033736 0.01740033582818093 0.0031662304080237067
23 0.5118867035470225 0.12463973011169363 0.01192575125284738 0.010090087987235014
21 0.6531920390497884 0.5331285488944609 0.01557496335828181 0.010422847139275132
6 0.6975171103156524 0.3743684011853203 0.01603028180930687 0.0115416961021199
2 0.3762953880117149 0.6253954538408936 0.002819365571103157 0.010376058718942328
22 0.4872800468597462 0.5333647668110326 0.014477603904978847 0.010793804969227263
2 0.5016302922225838 0.30274348757693187 0.0035616905955092744 0.015040685662183723
6 0.537674142531728 0.32855017825393207 0.0076199528799219 0.010500329883747436
22 0.33618739733159786 0.32828198222019606 0.014314923527497558 0.010432043765671303
6 0.4960375294500488 0.21458600410303166 0.01647738626749105 0.010690623022566674
13 0.6284429620566222 0.7128687923410075 0.0072867446794663195 0.024930326874857533
13 0.6228622453628376 0.21107879826760886 0.008501432606573382 0.018333614770914063
2 0.4446509235274976 0.48795233918395264 0.01400272515457208 0.011354565762480055
2 0.3578035274975594 0.2640334515614315 0.012580704718516108 0.0028725335764759516
22 0.5516550914415881 0.12368178709824482 0.014905714546046209 0.010606826350581262
4 0.5658824601366742 0.3964082097105083 0.016074950602017572 0.011836454980624573
13 0.317315040676863 0.301706299521313 0.007127046664497234 0.019536528835194893
4 0.3795172925479987 0.3046963701846364 0.016475703481939472 0.01204256211534078
2 0.49675696192645624 0.48725465602917706 0.01228776674259681 0.010309348165033053
7 0.39758141230068333 0.32961771050832 0.028051202082655387 0.01815843537725097
8 0.4426190849332899 0.46252413403236836 0.015170578327367392 0.0161335436516982
6 0.5510396251220305 0.37407242853886485 0.024679466319557437 0.010460193845452473
8 0.7133796134070941 0.3944430727148393 0.014538634038398958 0.016731090950535675
6 0.5661700331923202 0.25947125963072715 0.017266712658639768 0.01276300341919307
13 0.5585118594207614 0.3708978418053339 0.00908712528473804 0.016641575564166858
8 0.6833925414904002 0.28124508958285843 0.014420922356003904 0.018030056074766352
7 0.3456296570126912 0.23876437839069978 0.027536869508623496 0.017793371324367452
6 0.5185725271721445 0.26433265703214043 0.01496677800195249 0.0034772584454068837
13 0.6154959765701269 0.46145205014816504 0.007281463065408396 0.01076367084568042
4 0.7806075626423691 0.26541058801002965 0.016659693589326393 0.00563310873033964
8 0.3200079973966808 0.16681863323455665 0.016610392971038074 0.016544124002735354
2 0.5336726117800196 0.26408527011625255 0.012464175984380084 0.002976299065420561
6 0.5905256049463066 0.12493453567358104 0.025258944354051415 0.011812062913152495
14 0.7051169697364139 0.23544635696375657 0.007642445558086561 0.017880085707772966
19 0.47376677904328013 0.5073853476179622 0.01128882525219655 0.016679155687257807
16 0.4117811233322486 0.6020431420104855 0.009500057533355028 0.010610409300205152
2 0.3762654527562642 0.2843612053795304 0.002771731077123332 0.013372805105994985
6 0.5153552411324439 0.5793584025529975 0.016457759323137 0.010612790152723957
11 0.37832273140253825 0.3281229085935719 0.006869563813862675 0.021902325963072716
7 0.628691664432151 0.23935877456120352 0.007788331402538236 0.017372870754501935
2 0.7512769237097299 0.2844643756553454 0.0030419764399609505 0.013780934579439253
5 0.41571167718841523 0.6936120136767723 0.0016387732118451025 0.009519220241622977
4 0.538245789781972 0.18654329610211992 0.006476791669378458 0.021100072031000686
4 0.5030521293849658 0.11947047914292226 0.006422892547998698 0.020260821518121724
8 0.7635251733159778 0.37296054707089127 0.013544474324764074 0.016502692500569866
4 0.4608456518060527 0.3049907089126966 0.016312656557110315 0.012061468885343058
5 0.5573544028636511 0.6704286956918167 0.015119911487146111 0.011277538180989286
7 0.7532902716563619 0.6942090941417826 0.00705546996420436 0.016837879188511512
8 0.6729845961601041 0.41659795577843634 0.021140118451025057 0.016791662639617053
6 0.6018727445493004 0.6243212692044677 0.016295328864301985 0.011082926829268293
5 0.665608830458835 0.3056916599042626 0.001681835860722421 0.009655885844540689
2 0.752162322160755 0.4415752578071575 0.005875654018874065 0.007691577478914976
13 0.5394675587373902 0.16357588876225213 0.004045516433452652 0.021621992249829042
4 0.30332742726976897 0.6241898554821063 0.017961153270419784 0.01291098974242079
13 0.7178463260657338 0.6008876115796672 0.014682403904978847 0.02124689126966036
6 0.5453444790107387 0.3282894515614315 0.023503849007484545 0.010906311921586505
14 0.6564031604295476 0.6440556188739458 0.011464634689228767 0.016530235696375656
14 0.36017492222583797 0.21227459311602462 0.010702066254474453 0.016512962844768636
8 0.4129059238529124 0.21187743423751995 0.0071898928734136025 0.0167233881923866
12 0.7429269951187764 0.4621459986323228 0.021595636836967136 0.016504559835878733
18 0.5708961614057924 0.3040712796899932 0.02597737715587374 0.015410534761796215
13 0.7032853992840872 0.6385369427855025 0.005618654344288969 0.006719080920902666
21 0.37668601418808983 0.6510019895144746 0.003577468792710706 0.01860659585137907
13 0.5598387608200456 0.6218143131980852 0.010854016791409047 0.01806296785958514
13 0.5053305043931012 0.2661720406656029 0.009591711031565246 0.007148171233188967
22 0.42376938756915067 0.2642959405516298 0.012511410608525871 0.003403837155231366
18 0.392649850959974 0.41657788192386597 0.024447541815815165 0.016959606108958285
4 0.4104515561340709 0.1861164115796672 0.012158908688577937 0.02210749943013449
22 0.4642462115196876 0.12461860588101208 0.014433418288317606 0.010208185274675177
2 0.4642688708102831 0.26445112778664237 0.010297198047510576 0.0037118774561203556
8 0.5370420149690857 0.5528178490996124 0.01579324230393752 0.0030947231365397766
2 0.5562615919297104 0.5099009984043765 0.012712578457533355 0.011269123501253704
13 0.35886134982102186 0.4876378098928653 0.01568534409371949 0.022023119215865056
12 0.30119112268141884 0.5323995061773422 0.014254259941425318 0.014422947800319124
5 0.7675888005206639 0.1506752860724869 0.013822950341685649 0.011240238158194667
16 0.7369392775789131 0.217371718258491 0.015793392255125285 0.01109815728288124
11 0.5085793301659616 0.7134518677912013 0.017484141880898144 0.026294998860268978
5 0.5199419147412951 0.5077103806701618 0.015751472567523593 0.016097247321632095
2 0.7791142154246664 0.4428271777524504 0.01422705213146762 0.010340917802598586
12 0.5873583026358608 0.3497150234784591 0.014830688968434754 0.019609471620697518
13 0.5450104210868858 0.16656689309322997 0.015085955873739018 0.016658965124230683
22 0.6580174682720469 0.5781602735354456 0.014461242564269445 0.010991964258035104
13 0.7479168708102831 0.2651783381809893 0.006471793296452978 0.0051686324139503075
4 0.7527952827855515 0.14910672441303854 0.014765376895541815 0.013465004786870299
29 0.913145918646274 0.16778439571461135 0.006429607028961926 0.02215313243674493
13 0.7240404764074195 0.5530057497150672 0.013923367653758543 0.016665734214725326
14 0.9146449306866254 0.30636308365625714 0.0034467280182232346 0.014058233872806017
4 0.5207066657988936 0.5558931169364031 0.01629294630654084 0.011570149623888762
13 0.6272028157500813 0.30499934533850015 0.004800920533680443 0.024471545931160247
27 0.46335450178978194 0.4183603701846364 0.009620618288317605 0.011366481695919762
13 0.3777814742596811 0.25684905402325053 0.005796079921900423 0.01761469067700023
27 0.6874560520663846 0.4650548402097105 0.009617769215750083 0.010459481923865968
21 0.38387694005857464 0.3083984791429223 0.017997974617637486 0.019523107362662412
5 0.4457945512528474 0.5557893631183042 0.014535501724698991 0.011072668155915205
35 0.7569244386592906 0.3967296248005471 0.026668485519036774 0.015794155459311603
6 0.657690074845428 0.3532968993845452 0.0174823091441588 0.006343057943925233
6 0.3365990966482265 0.16895544837018464 0.01659984640416531 0.01139586888534306
13 0.38467568005206637 0.6901970075222248 0.006495518906605923 0.016186529291087305
22 0.6604854982102181 0.2377298746295874 0.014817826488773186 0.010419275860496922
7 0.4954818769931663 0.28527351538636886 0.02601719752684673 0.012995369956690222
13 0.7003160325414903 0.2647579426487349 0.007865772860397007 0.004327841349441531
22 0.6356045974617637 0.4871189240939138 0.01442951955743573 0.010485472897196263
13 0.31429952229092095 0.6444251178481878 0.008817296452977547 0.01874863004330978
13 0.44814578587699316 0.2348660825165261 0.009017431304913765 0.01752447503989059
13 0.6913727770907908 0.14551047002507408 0.015393305824926781 0.016214772737633918
22 0.6450421919947934 0.17033097424207888 0.014824974162056621 0.010537279781171643
23 0.6614396876016921 0.2827669678595851 0.0230649918646274 0.010650592021882834
8 0.576269912137976 0.21770993936630953 0.01402396823950537 0.016854101664007297
2 0.673987769606248 0.7143816840665603 0.012234833973315977 0.011380253293822659
8 0.4120688630003254 0.14421839069979484 0.008924394923527498 0.016552527011625257
13 0.7710676680767979 0.5078388766811033 0.008040999153921249 0.016765403236836108
5 0.3472904497233973 0.5108129582858445 0.017692240807028962 0.012019687257807157
5 0.6628715548324113 0.5519732299977205 0.007145207419459811 0.004783762935947116
5 0.5137500636511552 0.4880070754501938 0.014216222323462415 0.011239141098700707
5 0.4783679479336153 0.3060780816047413 0.01421107399934917 0.011240249829040346
16 0.6874600507647249 0.2643875100068384 0.010240083306215425 0.0035767874173695006
21 0.37643374630654086 0.21329870982448143 0.0030721499511877646 0.025606302256667424
22 0.6405006703547023 0.7153675204011853 0.014149227465017898 0.011173200820606338
8 0.7747779602993817 0.19357416366537497 0.013366382297429223 0.016722221107818555
2 0.7356165414904003 0.5559873006610441 0.005958643670680117 0.006382330339639845
6 0.683524331923202 0.46332872213357645 0.01463570244061178 0.0070103035331661725
5 0.4586726924829157 0.7159081139731024 0.015315814383338757 0.011041250239343516
22 0.7694090413276927 0.17657353453385002 0.014068520403514482 0.003021710325963073
14 0.2973082199804751 0.4425813197173467 0.007353056426944353 0.009849201732391155
18 0.5282013927757891 0.1693607768406656 0.017417330296127565 0.011153698837474356
13 0.4198816531077123 0.6214459229541829 0.012798500488122356 0.01735816548894461
7 0.3773448497233973 0.286641338500114 0.004908752098926131 0.017724980168680193
11 0.7509743671981777 0.48436553818098926 0.002424377481288643 0.016534087075450194
38 0.38393123904978843 0.5330488370184636 0.018106605922551252 0.021184335536813315
4 0.4146083696713309 0.32791213312058354 0.003845514871461113 0.014597426943241395
13 0.6544989469573707 0.5073148557100524 0.01527877643996095 0.017158710736266243
13 0.6542012105434429 0.6650971032596307 0.007582665017897819 0.019287356279917938
0 0.5392836186137325 0.41879674310462733 0.0044135799544419135 0.011257837793480737
6 0.39062834233647903 0.3056497615682699 0.007986483566547348 0.010601212673808981
16 0.4919396967133095 0.26442216074766356 0.014048493589326392 0.003656277547298838
8 0.5414265876993166 0.46196731798495555 0.015572864041653107 0.01667588785046729
2 0.3764055571493654 0.6933845488944609 0.0030286641067360886 0.011064848689309324
6 0.32516915066710056 0.12485283975381811 0.016326302115196877 0.010996889354912241
4 0.5208474533029612 0.5517324604513335 0.016798031890660592 0.005265383724640985
13 0.3195623091441588 0.3254898490996125 0.014449663000325415 0.016569683154775472
2 0.6014715418158152 0.2636014867198541 0.015340972860397007 0.0020149131524960107
6 0.6087783299707126 0.2346558905858217 0.015694241197526847 0.016980963756553454
8 0.6954322889684348 0.5984484048324595 0.015444172600065083 0.01674602963300661
35 0.9133580162707453 0.21558864645543652 0.006005561731207289 0.017751356279917942
18 0.7462932326716564 0.23939588785046728 0.01587936426944354 0.0104219718258491
11 0.5024224177025708 0.2792433061317529 0.005164735437683045 0.01729199179393663
8 0.6649853667425968 0.21247848279006154 0.01437831955743573 0.016175208570777297
21 0.39285078555157826 0.4632436416685662 0.027701815815164333 0.007179717529063141
4 0.299587478034494 0.43919177934807385 0.011180410543442891 0.01644550535673581
6 0.7487864210868859 0.7134624882607705 0.022607140904653433 0.011069610394346934
2 0.5071172561015295 0.511092825165261 0.006076621932964529 0.005335128698427171
6 0.7090673504718517 0.5776222475495784 0.02192053107712333 0.012476717574652381
13 0.3758545131923202 0.5550552669250056 0.001953080898145135 0.018494555732847046
35 0.9141869131142207 0.2366861509003875 0.004348767718841523 0.015083050832003645
13 0.5021357110315653 0.21138154000455894 0.004569629157175398 0.01758691406428083
13 0.31482868337129843 0.6390589797127878 0.005780818223234624 0.005673443173011169
6 0.7078004295476733 0.5320358309550945 0.02102215684998373 0.012932930932299977
5 0.7583156524568826 0.19241314793708686 0.014310008460787504 0.016891915204011853
8 0.4929736934591604 0.4623498883063597 0.015973300357956393 0.016147665374971507
13 0.7337273231369996 0.6386339275131069 0.010993987894565571 0.00652520483245954
