18 0.42074640568271504 0.5871951501507537 0.016583061720599843 0.014851576281407035
5 0.48830050197316494 0.6596139738693467 0.015155361641673243 0.011486912964824122
21 0.16829605682715074 0.36399932462311557 0.030372834096290453 0.015706075979899498
11 0.15385781846882401 0.20080043095477387 0.017264179321231254 0.015671213668341708
18 0.19795083820047354 0.2008990488442211 0.01608395264404104 0.015205165025125627
18 0.5830560631412787 0.4975857849246231 0.016698877979479082 0.014555053668341708
18 0.5188988666140489 0.6347727115577889 0.018741058879242305 0.01618902834170854
18 0.6409791848460931 0.38412581306532667 0.016693058879242304 0.015055681608040201
10 0.15678353275453827 0.4045654190954774 0.013806461878453037 0.016944781507537688
35 0.6278202999210734 0.5902394146733669 0.024221479400157852 0.02010603417085427
10 0.5311848460931333 0.5654813587939699 0.013850872928176796 0.017559258693467337
18 0.18530278137332282 0.6577833809045226 0.01677044483030781 0.015859058492462313
10 0.21903941910023678 0.2465918070351759 0.014025567166535122 0.016433450452261307
10 0.4404921483820048 0.44995640603015075 0.015168050513022889 0.017004214673366835
18 0.6338471097079716 0.15663109145728643 0.017340716653512233 0.015589550954773868
18 0.3042447861089187 0.35905479396984924 0.01626786045777427 0.014252227537688443
21 0.5995798831886345 0.20631768120603017 0.030103377426992893 0.015458772261306533
21 0.1595863993685872 0.1350414150753769 0.017597282399368586 0.017506875175879396
18 0.28747931176006314 0.6800137005025126 0.01708213038674033 0.014664966432160805
18 0.12872213417521705 0.15455093065326633 0.015790330544593528 0.015330746532663317
18 0.7030265130228888 0.27456424522613065 0.016981993370165746 0.013754146733668341
8 0.3068670181531176 0.3843167195979899 0.0171203182320442 0.011194841407035175
4 0.676889862667719 0.45508875577889446 0.012676142067876874 0.012881019497487437
10 0.6804310276243093 0.6583162211055276 0.015530249092344121 0.018079003015075375
18 0.3438914475138122 0.4280155336683417 0.016440008839779006 0.01472380783919598
21 0.6735947971586425 0.5484811577889447 0.01786225351223362 0.015082825326633166
21 0.41291163378058404 0.16007461306532664 0.03023838863456985 0.016034450653266332
18 0.3055160978689818 0.4283783075376884 0.016744743804262035 0.01570072442211055
9 0.5321284293606946 0.33939939698492466 0.015435203788476716 0.011264308743718593
18 0.5539536921862668 0.2014248136683417 0.018131629360694554 0.01665785567839196
5 0.347622137332281 0.33862830954773865 0.01625044356748224 0.01105755336683417
12 0.12993283030781375 0.33786751356783923 0.022202292028413576 0.01943878753768844
5 0.5120901152328334 0.5681373266331659 0.015229676400947119 0.011934205427135679
21 0.6210834790844515 0.23061972261306532 0.024459941278610894 0.015120389145728642
22 0.34911853512233626 0.31645716582914574 0.01513527766377269 0.009694681407035175
11 0.2602960315706393 0.702961591959799 0.016226520599842146 0.01628435296482412
12 0.2618647640094712 0.15526258492462314 0.021048332123125492 0.01966730934673367
8 0.500570317284925 0.6371901748743719 0.01682394822415154 0.010829932060301509
11 0.47645620836621944 0.35861817889447234 0.01484003914759274 0.016113283216080403
21 0.6459358863456984 0.7082079195979899 0.020001136543014993 0.015656882814070353
18 0.5773084893449092 0.726244727638191 0.017461462983425415 0.015299331859296482
18 0.27598820520915546 0.6103801567839197 0.01679024593528019 0.014380381909547739
21 0.20497578531965271 0.5919471533668341 0.017507652091554853 0.014475449246231155
18 0.21074800947119177 0.12969062914572865 0.016031095816890294 0.015117018693467337
7 0.12838874822415153 0.45648839396984925 0.017748215311760063 0.015652534673366834
21 0.5477308918705605 0.44626460301507537 0.01540081452249408 0.007973280804020101
7 0.6136431128650355 0.6375187296482412 0.018236938910812944 0.011317078190954774
5 0.43538871665351225 0.38491362412060304 0.01632855690607735 0.010432836180904523
18 0.6284163535911602 0.5205516864321609 0.017436166061562744 0.015003040804020101
22 0.19600911760063142 0.7053270834170854 0.015371759431728492 0.011119405025125628
9 0.2366070402525651 0.6121829628140703 0.014717595580110498 0.011267164623115578
10 0.461554866614049 0.3134165547738693 0.015124003157063932 0.016269867738693468
9 0.5186875201262826 0.5209726070351759 0.015261115706393056 0.011195407437185929
35 0.579141910023678 0.38411577889447235 0.023978491554853987 0.020236555577889448
12 0.4396144340962905 0.31616025728643216 0.02066019005524862 0.01995474974874372
21 0.5760771838989739 0.4340308904522613 0.015551828255722176 0.01613561567839196
5 0.29168401578531966 0.3386571256281407 0.014818298342541437 0.010971722613065327
8 0.3232324293606945 0.6820040683417086 0.01747617237569061 0.011121797788944725
11 0.22353305761641673 0.6332850814070352 0.016059625572217837 0.01644860462311558
21 0.19336344751381215 0.6856796623115577 0.017380722967640094 0.01575485748743719
8 0.601308640883978 0.1342281326633166 0.017702511128650355 0.012964148743718594
10 0.39549959273875296 0.31425916783919594 0.013044038516179952 0.015114445829145728
8 0.20761175690607736 0.40699883417085425 0.016597367008681925 0.011739851256281408
7 0.25980625730071033 0.7300412462311557 0.028722553433307027 0.016365578291457284
7 0.39388762115232834 0.13574329246231154 0.018031694396211523 0.016673447236180906
11 0.6266601168113655 0.3377697447236181 0.016395516969218624 0.015346569648241206
18 0.3641293891081295 0.4740134592964824 0.016037157379636936 0.015383464522613067
7 0.6662914222573008 0.617227063316583 0.02495020047355959 0.01642555175879397
8 0.5838990244672455 0.362502432160804 0.016306654459352803 0.012891336683417085
18 0.20088261404893448 0.1774473648241206 0.01614101215469613 0.014398314773869346
11 0.20137885398579322 0.33611770854271356 0.01689361578531965 0.01570211376884422
18 0.37376161641673245 0.22410908944723618 0.016060878295185477 0.01637659015075377
18 0.66832244988161 0.6820169326633166 0.016158267403314917 0.014489394170854271
4 0.5882475895816891 0.40677568964824123 0.011659698816101025 0.012563965427135677
18 0.3652968460931334 0.6574337286432161 0.016814694238358328 0.016519435577889447
5 0.19013707971586424 0.6361214070351758 0.015474765588003158 0.011459589145728644
18 0.6821735248618784 0.2954345487437186 0.017348152170481454 0.014706569648241205
0 0.317649608839779 0.5679222351758794 0.025903320599842145 0.011844901306532662
5 0.30791142541436467 0.40755266894472364 0.009647462036306237 0.011045383718592964
9 0.38780504498816104 0.6360748381909548 0.01594849692186267 0.013180629547738694
7 0.6402286017363851 0.502494295477387 0.018249102446724546 0.015292719597989949
2 0.6126084849250197 0.2964204703517588 0.012827115390686662 0.010857255879396985
22 0.4824248271507498 0.6135030994974875 0.014706805998421467 0.010398797185929648
11 0.18055738595106552 0.4738781266331658 0.015797402367797947 0.01628010773869347
5 0.5387056290449882 0.3847698010050251 0.015232343488555644 0.011043659899497488
6 0.5324606029992108 0.4532478713567839 0.0156896681925809 0.010129624120603016
22 0.3792283378058406 0.3171096442211055 0.014248309392265193 0.009606843819095478
7 0.6037086156274665 0.25330904120603015 0.023792401578531967 0.016154243216080402
6 0.5674402651933702 0.6144946814070351 0.01731360126282557 0.010975890653266332
21 0.16961060773480663 0.38693409447236177 0.017335826992896604 0.01447411135678392
9 0.2578685777426993 0.6355147256281407 0.015718197947908446 0.012060455879396985
11 0.3703913875295975 0.381958432160804 0.014875236621941594 0.016180769447236183
6 0.19068544909234414 0.4073057768844221 0.015337976322020523 0.011757140904522612
7 0.43444432517758486 0.6855412422110553 0.017647674191002365 0.015439604422110552
2 0.1600979952644041 0.4990090934673367 0.01253648366219416 0.011356520201005025
5 0.5683931428571428 0.6609467175879397 0.017094172691397003 0.011089508341708543
1 0.3407824315706393 0.40929946371859294 0.01687761325966851 0.015833381306532664
21 0.42793137805840564 0.6616447356783919 0.01726700805051302 0.016129132060301508
0 0.5979222478295185 0.43137183517587935 0.025496023993685873 0.011804738894472361
8 0.4212705288082084 0.40750105728643216 0.017381611996842936 0.011249463316582914
5 0.4372314317284925 0.2502177447236181 0.015033322178374112 0.010633236582914573
14 0.6242884697711129 0.5424549949748744 0.008464406629834253 0.016229190753768847
4 0.5994982541436464 0.157380824120603 0.011683662194159432 0.013604714773869347
2 0.17748821468034728 0.6828950512562815 0.012438124704025257 0.011271126834170853
21 0.45716104183109707 0.5233944442211055 0.016604842936069456 0.015178741708542713
2 0.33040487450670875 0.15708005628140703 0.014289245146014205 0.011707227336683418
5 0.5489775532754538 0.5916291216080402 0.01516061499605367 0.011679234572864322
0 0.2712399810576164 0.47633289648241206 0.025665868981846883 0.011930860703517588
0 0.3384736227308603 0.2263400201005025 0.0243295772691397 0.01153024
11 0.21930774427782163 0.3813090412060302 0.015691122967640095 0.016575498291457286
22 0.42549382162588795 0.43044174472361807 0.014735052880820838 0.01137303798994975
18 0.6006160063141278 0.315904 0.024736106077348066 0.01385353648241206
4 0.1248447545382794 0.4070389708542714 0.011975142541436463 0.01369316984924623
13 0.49207725966850835 0.540940864321608 0.008631342067876874 0.018354711155778896
13 0.31851544246250985 0.6094505809045226 0.009320865035516969 0.017872324824120604
7 0.16423804262036307 0.7074427497487437 0.018371061089187055 0.015698022914572864
18 0.7043891523283347 0.22656488844221107 0.019343012470402526 0.017059479798994973
5 0.22801012786108918 0.7054390030150753 0.015357171270718234 0.011320731658291457
1 0.6505774269928967 0.4119086311557789 0.01627408366219416 0.01601831879396985
11 0.6732569660615627 0.3613037346733668 0.016044673717442778 0.016064501708542712
0 0.5055270591949487 0.40760536120603014 0.02593597221783741 0.011947995979899498
2 0.39806525019731653 0.681803127638191 0.011596375690607735 0.011050915376884421
5 0.278612861878453 0.6352008361809046 0.01523056543014996 0.010922477989949749
5 0.2981141215469613 0.6122665809045226 0.015893134648776636 0.010994055075376884
6 0.16571423520126283 0.3168086190954774 0.01544663993685872 0.009917594371859297
22 0.204391046566693 0.31731701708542714 0.016401740173638518 0.009648730050251256
5 0.31572740647198105 0.2032369849246231 0.016666024309392263 0.011402806030150753
18 0.4678459605367008 0.5878630914572864 0.017706188476716653 0.015337435979899498
7 0.580666999210734 0.456580759798995 0.01741887040252565 0.015204907738693468
9 0.6623437284925019 0.5228405065326633 0.015384084609313339 0.011812020100502512
4 0.5351919431728492 0.5902656064321609 0.012127934333070245 0.014578132261306533
5 0.230046408839779 0.24920197788944723 0.015882708760852408 0.01101687638190955
9 0.2095171081294396 0.5224666693467337 0.017013190213101815 0.01199780663316583
21 0.57167527703236 0.29860508944723624 0.017298851460142067 0.013920996984924624
0 0.41560620047355956 0.2727840804020101 0.024908011996842935 0.010593099899497487
8 0.6355960726124704 0.13443267537688441 0.018007246093133387 0.012673080603015075
6 0.4303293322809787 0.4985601286432161 0.016864156590370955 0.01068801286432161
18 0.22646766219415942 0.22418833366834173 0.016195162115232833 0.014658920201005026
6 0.6458963245461721 0.5230345005025125 0.016071061720599845 0.010868242010050252
6 0.34137872770323596 0.6821141869346734 0.017381127071823203 0.010760979296482412
6 0.35892371902131015 0.4072777326633166 0.016734722020520915 0.011063702512562813
0 0.5186871160220995 0.2739493306532663 0.024615602209944753 0.011953115979899497
0 0.15923280820836622 0.5663841768844221 0.026075751854775057 0.011330765829145729
2 0.26640649092344115 0.45340275778894473 0.014016151539068666 0.010232873165829146
11 0.15225312075769534 0.22362333266331658 0.018645811523283345 0.017057267135678393
18 0.4582096921862668 0.5650887396984924 0.01528794822415154 0.014471770050251256
8 0.44403492975532755 0.6133026733668342 0.017853726913970008 0.011793624120603015
8 0.3135100868192581 0.5224774753768844 0.016783416574585635 0.011902121809045227
13 0.5073685619573797 0.5180717025125628 0.007619263141278611 0.017522260904522614
9 0.7064977679558011 0.2047881133668342 0.01673658089976322 0.012891285226130653
8 0.5043058563535912 0.7289192201005026 0.017386218784530387 0.012189639396984924
18 0.2814436116811366 0.4049757909547739 0.017247853512233624 0.014878256884422111
7 0.5543626456195738 0.1364636944723618 0.018344794317284925 0.016805383718592963
7 0.4199179921073402 0.31940618291457284 0.016161176953433307 0.014040069145728643
0 0.49841563378058407 0.4534313165829146 0.023429435201262824 0.010329175477386933
0 0.44091484135753745 0.15846425728643215 0.024776233622730858 0.011463191155778894
7 0.4046339636937648 0.5012901949748744 0.01757618816101026 0.015925978693467336
2 0.5514450134175217 0.47671085025125626 0.012720755169692186 0.011225741507537688
6 0.24926115864246254 0.4767013306532663 0.01730273086029992 0.010883833567839195
22 0.4030094648776638 0.5899017005025126 0.01610181404893449 0.010394114572864321
5 0.48197142225730066 0.29631421105527633 0.015109576637726914 0.010496900502512563
9 0.21070800315706392 0.49926792361809047 0.016630463141278612 0.012847572261306532
5 0.39774802841357537 0.18080778291457286 0.012615809313338595 0.010384569246231155
5 0.38122420836621945 0.24973070150753768 0.015333450355169692 0.011149739095477387
6 0.2791559779005525 0.7054981788944723 0.016727569376479873 0.011155733869346734
5 0.3486097679558011 0.6594987095477387 0.01587737458563536 0.011258185326633167
5 0.21739269455406474 0.6831875859296482 0.016589042462509865 0.011148324020100502
1 0.12746496606156274 0.4794380864321608 0.017903633780584054 0.015977770452261307
5 0.668815861089187 0.13431329447236182 0.01384561957379637 0.012617249447236181
8 0.16647314285714285 0.3398300944723618 0.016417500236779795 0.011739542512562814
5 0.13783629992107338 0.5660499618090452 0.01524887134964483 0.010513495477386933
14 0.2305875043409629 0.20075527718592964 0.008651749329123914 0.01558088040201005
8 0.2959529723756906 0.49893319396984925 0.017948085240726126 0.011297112763819096
9 0.2532355232833465 0.38368019296482414 0.016956534806629835 0.011555402613065325
18 0.6246751570639306 0.5667204502512563 0.015169949802683505 0.014616725226130655
4 0.12619527071823206 0.6582609045226131 0.013366877348066297 0.013173605628140704
6 0.18727844672454616 0.45419700100502514 0.016768828413575375 0.011157946532663316
8 0.38035659668508287 0.521259224120603 0.016682188476716656 0.011042707939698491
6 0.22765128334648774 0.3616348623115578 0.0164027908445146 0.011397557386934674
0 0.49807578216258874 0.44916576482412063 0.02285976953433307 0.002171072964824121
0 0.2771374775059195 0.3170206231155779 0.023782985951065507 0.00972241688442211
11 0.37119555485398575 0.4505327276381909 0.017241630307813734 0.01579625487437186
4 0.21833991475927386 0.7274194974874373 0.012665150434096292 0.01499483336683417
18 0.17055863614838201 0.2935370613065327 0.016672772849250197 0.014809355577889448
4 0.66337136543015 0.5915879557788946 0.010310273717442777 0.012444275778894473
5 0.5265627024467245 0.1576782472361809 0.015372365588003157 0.012117805025125628
10 0.3295004893449092 0.26927289246231156 0.01731893543804262 0.01641129809045226
8 0.3326432075769534 0.20307412261306532 0.01661207640094712 0.012091561809045226
2 0.3043603599052881 0.27231504723618094 0.012588653512233622 0.010641341105527637
6 0.24139931176006316 0.5897972422110552 0.01662161325966851 0.010441789748743718
10 0.1562767861089187 0.6336532582914574 0.025452825256511442 0.017101674773869348
1 0.638250632991318 0.2770774190954774 0.0160421682715075 0.0164190424120603
14 0.6883191412786109 0.5209288683417085 0.008010840094711917 0.01657827698492462
1 0.31565183898973953 0.4551929567839196 0.016693099289660618 0.01572956623115578
1 0.3503041767955801 0.7314115537688443 0.018364352959747435 0.016035556984924624
5 0.6515202020520915 0.6840700783919598 0.015940980584056828 0.010851981507537687
0 0.3837692565114444 0.6129002773869346 0.024418924704025256 0.011768950351758794
13 0.3203616732438832 0.5871813853266332 0.008548783583267562 0.016339849648241207
13 0.398590181531176 0.33624763819095477 0.0077092975532754545 0.01801681688442211
7 0.6808933228097869 0.1610036743718593 0.01820271128650355 0.016008824924623116
10 0.22382482083662195 0.6564771376884422 0.016920044198895028 0.017105096683417087
10 0.3676661089187056 0.7032880884422111 0.019020375690607733 0.017454002814070353
8 0.24748390844514603 0.24896424522613067 0.017566368429360695 0.011859026331658291
5 0.6082438768745068 0.5686305447236181 0.01581623362273086 0.011617099899497487
7 0.5829020994475138 0.5710593286432161 0.01939053512233623 0.01589687959798995
13 0.1486509360694554 0.2443361768844221 0.008144881452249408 0.01917033487437186
8 0.5262470970797158 0.7063225246231156 0.0164838137332281 0.011154010050251257
13 0.5333758989739542 0.6349121608040201 0.01015259226519337 0.017522981306532664
7 0.4782476022099447 0.3186760040201005 0.02792068950276243 0.014018045427135679
8 0.5027415690607735 0.3179172663316583 0.018042847671665353 0.010871020703517588
0 0.4240535943172849 0.4764087959798995 0.024419975374901343 0.011837234170854272
13 0.4945871507498027 0.17810653266331658 0.008996005682715075 0.018841033969849246
9 0.5303406724546172 0.47633958592964826 0.01669532186266772 0.011808932663316583
5 0.40416964798737176 0.40728740663316587 0.015426677190213102 0.010880540301507537
0 0.13245646093133387 0.17952984120603016 0.02568866045777427 0.012246654070351758
18 0.6888234632991318 0.56727696080402 0.016351065509076557 0.014635378492462311
9 0.20414817995264406 0.45271940502512564 0.01582075958958169 0.011003651859296483
4 0.16772020836621943 0.7273222432160803 0.012118841988950276 0.013503729849246231
5 0.4268786866614049 0.6134238552763819 0.015771135595895814 0.010926697487437185
8 0.3369913685872139 0.38389322613065324 0.015619596527229678 0.01114925025125628
5 0.5069911286503551 0.18151094673366835 0.015107232833464879 0.011502941909547738
7 0.27450069771112867 0.2284603175879397 0.016762888082083663 0.015262719999999999
5 0.23742454301499605 0.727720008040201 0.016055382478295185 0.01106097527638191
7 0.5005828445146014 0.5927874251256281 0.017347343962115232 0.015324726030150754
8 0.6903849218626676 0.616337624120603 0.017425134017363852 0.011803349547738694
5 0.43704877663772695 0.2734669185929648 0.016199081925809 0.011490129045226132
0 0.6992133859510655 0.1826126472361809 0.015938030623520127 0.01220049688442211
0 0.36313933385951064 0.6816479839195979 0.022806993528018942 0.011006070351758795
22 0.3180752517758485 0.7056178170854271 0.015501517284925019 0.010892041005025126
6 0.3484533796369376 0.6130453869346734 0.016541721862667717 0.011491003819095479
18 0.5790420962904499 0.3376374994974874 0.024864287924230465 0.014913736683417085
4 0.14288638989739544 0.7036539497487437 0.01132097868981847 0.014910006030150755
4 0.7080394254143647 0.42987056884422115 0.011373714285714286 0.013021292060301507
9 0.40429411207576954 0.38395754773869345 0.01587038358326756 0.011589621708542714
5 0.332544 0.2952014472361809 0.016714435990528808 0.011254197386934674
13 0.2995927387529598 0.6311652984924623 0.00936915548539858 0.020314950753768844
6 0.2713131239147593 0.4303506653266332 0.017355264404104183 0.010953866934673366
7 0.7000818058405682 0.6393220502512563 0.02574737679558011 0.016103737889447235
22 0.15362222573007103 0.2953259738693467 0.014907726598263615 0.011097175477386935
14 0.3183532754538279 0.40459943236180906 0.008594649408050513 0.016767845628140706
13 0.23993443409629048 0.20081206030150753 0.009945205998421467 0.018756361005025125
2 0.6857082241515391 0.682524816080402 0.013547431097079716 0.010733655477386934
18 0.5355483630623521 0.7267801407035176 0.015997959273875297 0.013791684824120604
0 0.3550055248618784 0.5214341788944723 0.03241748003157064 0.011650855879396986
6 0.33333988318863456 0.4530646834170854 0.016020265824782953 0.010419766030150754
5 0.266092501973165 0.29523669547738696 0.014737639147592739 0.010951782914572864
0 0.21181241988950275 0.2955022150753769 0.024943007419100237 0.011360894070351757
8 0.3982192138910813 0.2507137929648241 0.017185459826361483 0.012822795577889446
0 0.2549517537490134 0.36091909145728646 0.025274534490923442 0.010641778492462312
6 0.6487423898973954 0.5924068984924624 0.016926954380426202 0.011121489045226132
8 0.5853141973164957 0.6613884783919598 0.017274645619573797 0.011631816683417086
6 0.4569056479873717 0.2043031798994975 0.016681380268350435 0.010278207035175879
0 0.13550461878453038 0.43000075577889446 0.033163213891081296 0.01591054150753769
7 0.42006953117600637 0.18345500301507536 0.018658702446724545 0.015414055879396985
4 0.37167643883188634 0.271228783919598 0.012324005682715074 0.012529977889447236
5 0.5098259194948698 0.29571704924623116 0.015532229202841356 0.01109877065326633
6 0.48381939068666147 0.4074647798994975 0.01580083725335438 0.011538344522613065
5 0.6408336669297553 0.7278357869346733 0.014824764009471194 0.011218228743718592
22 0.3910524262036306 0.42909253467336683 0.015107434885556433 0.01067702673366834
6 0.6232818058405682 0.66106223919598 0.015135964640883978 0.011121000201005024
9 0.25753761641673245 0.5893889543718593 0.0159836135753749 0.011125425527638191
10 0.49317036148382004 0.7032909185929648 0.017463766377269138 0.01649203457286432
13 0.5446071665351223 0.2927523376884422 0.008482470086819259 0.01759388944723618
2 0.6681098910812944 0.5009917427135678 0.01207855280189424 0.010476883618090451
0 0.3812399684293607 0.5679731778894471 0.03194783014996054 0.01178505648241206
5 0.6490297079715864 0.3189965829145729 0.014279142541436463 0.010897418291457288
22 0.5837640536700868 0.5220148743718593 0.01584775374901342 0.010840635175879397
5 0.6864570292028415 0.2750258170854271 0.013951939384372532 0.011152492060301507
0 0.5604242083662194 0.5680642572864322 0.025019787213891084 0.01181492743718593
5 0.48438311602209944 0.6369676221105528 0.015340966692975534 0.011310774673366835
5 0.20290192265193369 0.6599175718592964 0.01693681452249408 0.011849172261306534
22 0.5745440126282557 0.31661462512562816 0.01600179826361484 0.010015003015075378
0 0.4584311412786109 0.25026251256281407 0.025349657458563532 0.011678153969849246
2 0.4732064025256511 0.2036556928643216 0.011764563851617995 0.010483881809045225
10 0.3705081736385162 0.2478236944723618 0.014244712865035517 0.01758763738693467
1 0.34183092028413575 0.5705640522613066 0.01666533733228098 0.016520438994974875
0 0.6353665414364641 0.29655194371859295 0.024419732912391474 0.010594437788944724
13 0.2165469044988161 0.5411917185929649 0.008289308287292818 0.018720469547738695
2 0.640419864246251 0.5691299376884422 0.012859241673243883 0.011234180502512563
0 0.6474726945540646 0.24944356984924623 0.03326460363062352 0.015535623718592965
0 0.6188358516179953 0.7062028864321608 0.02391423898973954 0.010908764623115578
9 0.40977134017363853 0.3386946894472362 0.015405098026835044 0.01199129728643216
0 0.3958838958168903 0.5446295798994975 0.02454023677979479 0.01180494472361809
8 0.6715181057616417 0.5691337969849246 0.015683768271507498 0.011761874974874372
13 0.1424277316495659 0.38002826934673367 0.009027525808997633 0.02137021105527638
5 0.2571868539857932 0.31684155175879397 0.012525451617995264 0.009593387738693468
9 0.565715548539858 0.47660021708542716 0.015231333228097868 0.011203666331658292
8 0.5574075706393055 0.4308137809045226 0.01792537458563536 0.011529030753768843
2 0.5204667908445146 0.728855927638191 0.013636131965272297 0.01137303798994975
22 0.5097968239936859 0.7061089768844221 0.015215815627466456 0.010676898090452263
16 0.6143924028413575 0.7289601286432161 0.016354177111286502 0.014266892864321607
9 0.18058809786898183 0.5440951959798995 0.016405053827940018 0.010896003216080401
13 0.3874308445146014 0.22242360603015074 0.009022312865035518 0.020965448040201003
2 0.2765470812943962 0.5446496482412061 0.012214816732438832 0.010707154974874372
6 0.24116695185477507 0.6358347899497487 0.016486278768745068 0.01102441487437186
2 0.4053459952644041 0.4746075336683417 0.012116376953433308 0.013081188341708544
5 0.2782115864246251 0.5002198834170855 0.015694072928176796 0.011909660301507537
9 0.5452622194159432 0.6375544924623116 0.014473476243093922 0.011633694874371858
0 0.13154803472770324 0.29532468743718593 0.02586254648776638 0.012383401809045227
6 0.3319251952644041 0.6588969165829146 0.015770367797947906 0.010541282412060302
2 0.457355820047356 0.7287172502512563 0.013405509707971585 0.01176753527638191
13 0.35135080662983426 0.5417788462311558 0.008092347908445145 0.018646473969849246
0 0.446375501183899 0.18116000804020102 0.024687896448303076 0.011451072964824121
0 0.18387710181531175 0.15691925226130654 0.025316601736385162 0.01171121527638191
2 0.5432057332280978 0.5447448442211055 0.013452466614048935 0.012043680804020102
7 0.28770480189423836 0.5925466050251257 0.029666742857142856 0.01548110472361809
2 0.651886724546172 0.4323163336683417 0.013514132912391475 0.011034397587939698
21 0.12994495343330703 0.5016102592964824 0.018854773796369375 0.015615433969849246
5 0.37523134333070246 0.5445822391959799 0.014113257774269928 0.011060434974874371
22 0.5306017237569061 0.3167630793969849 0.016264748855564323 0.010075954170854272
0 0.39373446566692977 0.36158520603015076 0.0243295772691397 0.011033291256281406
8 0.19344669297553274 0.13305799396984924 0.01805319273875296 0.012415022311557788
6 0.47683929913180745 0.5678568844221106 0.01689850544593528 0.011337764020100503
7 0.23435941278610892 0.34142810050251254 0.017190349486977112 0.01523351798994975
23 0.6662174711917916 0.22902892060301508 0.015039302920284135 0.011126686231155779
11 0.35414114601420676 0.633620840201005 0.016319545382794 0.0171191959798995
13 0.29679512549329123 0.2242534271356784 0.008338002841357538 0.01777664
9 0.291674317284925 0.5215412100502512 0.01670207040252565 0.011175596381909549
2 0.18230554064719812 0.3392504281407035 0.01336445272296764 0.010847324623115577
22 0.5185408303078138 0.5443537688442212 0.01582577048145225 0.011460849849246231
7 0.3403704877663773 0.7082953969849246 0.026630182794001575 0.016292791959798998
5 0.2777880852407261 0.6586275376884422 0.013970164483030782 0.010638202211055277
18 0.46567430465666937 0.15533925628140702 0.01700632044198895 0.016487094673366835
1 0.25363720284135755 0.43259034371859295 0.017744942067876874 0.016620677788944722
2 0.23257448460931335 0.4994745246231156 0.01324035232833465 0.012280821708542713
0 0.41560660457774273 0.2039419240201005 0.025044033464877664 0.010682146733668341
4 0.3986019005524862 0.22475384924623115 0.01042398863456985 0.014042230351758793
10 0.3934612912391476 0.4053987698492462 0.014251259352801894 0.017805147336683418
0 0.4555749329123915 0.45396261306532665 0.024011426045777426 0.01103385728643216
5 0.4117377111286504 0.22664850653266333 0.01597092470402526 0.012168258894472362
0 0.35601942225730066 0.4986105567839196 0.02556625730071034 0.011494271356783919
5 0.6123528082083662 0.1815577728643216 0.01717535722178374 0.012515209648241207
6 0.6684097363851618 0.40881962452261306 0.017280020205209155 0.01091452783919598
0 0.4020064782951855 0.6586419457286432 0.023647126124704026 0.013574869547738695
5 0.20979755643251777 0.22692766231155778 0.015522571112865037 0.012369739899497488
11 0.6921492407261247 0.3393281286432161 0.014649382794001579 0.015143802211055277
6 0.37366220678768747 0.4303326552763819 0.014162356432517759 0.011525068542713568
2 0.5836161515390687 0.6147511959798995 0.01308683314917127 0.011598189346733668
14 0.1568384909234412 0.42851029547738695 0.0081894137332281 0.017044454271356785
5 0.15427525808997633 0.17907470150753768 0.016568958484609313 0.011560445427135678
14 0.18828507024467245 0.35925779296482413 0.008483157063930545 0.01735523055276382
22 0.30406900078926596 0.7283616804020101 0.01497751539068666 0.01099271718592965
14 0.16623108445146012 0.679857527638191 0.00887877505919495 0.016782793969849247
1 0.17569641673243883 0.22845620100502512 0.017110134806629835 0.016539735477386935
4 0.43635654617206 0.13122482814070352 0.009297709865824783 0.017061589547738693
2 0.22329706077348066 0.4537151035175879 0.01199785319652723 0.010647078592964824
9 0.6398767482241515 0.6611875376884423 0.016531134333070244 0.011370053467336683
5 0.5755575059194948 0.20472358592964826 0.014665304498816102 0.011363647035175879
2 0.48459365430149964 0.591023983919598 0.014069856985003945 0.011426116180904522
0 0.26300110497237567 0.6821180462311558 0.024420217837411207 0.011137569447236182
22 0.6422472637726914 0.638087847236181 0.015311952012628255 0.010534695879396984
5 0.3880612470402526 0.45356896482412057 0.013623200631412787 0.009995989547738693
8 0.36401785635359113 0.3394313005025126 0.015657461089187055 0.01216308743718593
1 0.5342431065509076 0.2069977407035176 0.017346616574585635 0.01590534432160804
5 0.43027073717442776 0.33872968040201 0.015717834254143647 0.010480279798994976
13 0.43487146329913184 0.5878663332663318 0.009148918705603788 0.017793260703517586
6 0.31065088808208363 0.31693211658291454 0.015145461089187056 0.00946129688442211
6 0.3713200189423836 0.6364067376884421 0.0169821954222573 0.012012986532663316
7 0.6603527071823204 0.20753289648241205 0.028821397316495658 0.015641059698492464
2 0.5396314317284925 0.27350937085427135 0.014152334648776637 0.011112072361809045
10 0.560769313338595 0.5190069386934674 0.022125229360694554 0.01715094512562814
22 0.574626045777427 0.2508583879396985 0.015341976953433308 0.011001259095477387
8 0.4425207513812155 0.4309480844221105 0.017497670718232047 0.01212042934673367
5 0.4142678074191002 0.36128546733668343 0.014440460931333861 0.01093493065326633
0 0.33117105603788477 0.178284832160804 0.03208041673243883 0.013796650452261307
13 0.205348773480663 0.6799578693467336 0.007225706077348066 0.016023130050251255
2 0.4590736669297553 0.4307906251256281 0.013242251617995263 0.012893497889447237
4 0.6139266323599053 0.27345431155778893 0.013314343804262036 0.014239826331658292
5 0.3506036179952644 0.4531938412060301 0.015176940805051302 0.010892581306532664
2 0.1657336322020521 0.40707524824120606 0.012079926756116811 0.01067821025125628
5 0.2639422636148382 0.40758488120603015 0.014925345540647198 0.010760233165829145
2 0.6348876779794791 0.20507066532663315 0.01387059321231255 0.0112976016080402
6 0.12836005682715076 0.7053790552763819 0.01836706045777427 0.011788709949748745
6 0.3343858664561958 0.49924296683417085 0.016368765272296765 0.011458328442211054
18 0.22996922494080507 0.405791080201005 0.027102055248618785 0.014984155979899497
22 0.15359797947908446 0.45419622914572866 0.015059548539857933 0.010404148743718594
5 0.17041719968429359 0.5891048844221105 0.015933060142067877 0.01106504040201005
6 0.5197535469613259 0.5913149748743718 0.016812592896606155 0.011889669145728643
0 0.699955725335438 0.4550388422110553 0.026581851933701658 0.01270377487437186
5 0.1270964230465667 0.24873320201005023 0.016384121231254933 0.012127221708542713
13 0.23243345224940803 0.5646037547738693 0.009020615627466456 0.016587462110552762
14 0.4443618500394633 0.6333895396984924 0.00826692091554854 0.016539323819095477
10 0.5576827655880031 0.6584536120603015 0.014901422573007103 0.017056932663316583
0 0.43067120441988943 0.5444849849246232 0.03336405367008682 0.01308134271356784
2 0.6439192448303078 0.6143387658291457 0.01351389044988161 0.010571976683417087
4 0.36208583425414365 0.5435042090452261 0.012300001894238358 0.013234762613065327
9 0.49342252249408053 0.2731772140703518 0.016715122967640095 0.01188030391959799
6 0.2361160536700868 0.3844656884422111 0.01588242588792423 0.010900222713567838
5 0.2805994380426204 0.1562145447236181 0.014533970639305447 0.010699565025125627
5 0.24107481610102607 0.27219746733668343 0.025464220994475137 0.010763938090452263
14 0.6178021531176006 0.4746077909547739 0.008762958800315706 0.01586713728643216
13 0.6918772786108919 0.31662903316582913 0.008732004419889503 0.01722360281407035
5 0.1806357821625888 0.2027669226130653 0.016176047987371746 0.011938219095477386
5 0.6446827592738753 0.45543403417085426 0.015252710339384372 0.01228365185929648
4 0.7049221657458564 0.5922274412060301 0.015292352959747433 0.011635907537688443
1 0.3140213594317285 0.6618672884422111 0.01701577647987372 0.01613975798994975
5 0.1612375690607735 0.4763864120603015 0.014428539857932124 0.011322764221105529
10 0.4159036211523283 0.6108131698492462 0.014696865035516968 0.016912003216080402
13 0.6039498658247829 0.22494629949748746 0.00844096858721389 0.01659862834170854
5 0.258563636937648 0.6128691457286433 0.016567180426203632 0.011388166432160804
4 0.1934151728492502 0.4311847879396985 0.012488718547750592 0.012296027336683417
22 0.4992262667719021 0.33824212261306535 0.015967489818468825 0.011440138291457286
18 0.43009050670876087 0.2933443537688442 0.02478358831886346 0.014003946130653267
6 0.17823661562746645 0.2484460703517588 0.015537765430149961 0.010424345728643215
0 0.5944841294396211 0.7050980984924623 0.024170683504340963 0.013091865728643216
13 0.5207726977111286 0.33665672361809046 0.007615100868192581 0.016958520603015077
5 0.13745765430149962 0.5220357145728642 0.01610876464088398 0.010398488442211055
18 0.24231824467245464 0.29340481608040203 0.024518819258089977 0.013647450050251256
13 0.509230269928966 0.42668098894472367 0.01060793685872139 0.021813386934673367
5 0.2883263141278611 0.4297998150753769 0.014741599368587212 0.011516475175879396
7 0.2367921199684294 0.6618901869346734 0.0247133954222573 0.016300407638190954
5 0.46557166219415946 0.1334982110552764 0.01624001767955801 0.012029684422110552
22 0.3061230623520126 0.6821502070351759 0.015278734648776637 0.01111657487437186
13 0.44973522336227306 0.2688244422110553 0.00930967134964483 0.021064426130653267
2 0.5936540994475138 0.7292758190954773 0.01336069455406472 0.011503327839195979
6 0.270483498026835 0.20279805427135678 0.016944371270718232 0.011202611457286432
2 0.7062359084451459 0.6159143879396985 0.014169145382794 0.012055747537688441
5 0.5490858531965273 0.4989095236180905 0.01565556179952644 0.010904159195979899
22 0.3300682557221784 0.5212674572864321 0.01419820047355959 0.010714101708542713
10 0.33657413101815314 0.3363418050251256 0.013594751696921861 0.01598741869346734
11 0.6912977932123126 0.7247450050251257 0.015107232833464879 0.015905627336683416
1 0.48931763220205204 0.2510325708542714 0.01675290670876085 0.01224475015075377
6 0.4765527892659826 0.45275310954773873 0.016089690923441202 0.011200347336683417
22 0.705131087608524 0.3190112482412061 0.01678846787687451 0.010926182914572863
4 0.5972259763220206 0.6145078030150753 0.01302528808208366 0.01090403055276382
18 0.4813862794001579 0.17916603819095478 0.01612751507498027 0.01562629145728643
11 0.4953606061562747 0.42832762211055275 0.016220984372533543 0.016397044422110554
1 0.5122081136543015 0.6626165065326632 0.016822089344909235 0.01735337809045226
0 0.6713681831097079 0.6383178613065327 0.03152970355169692 0.00979625809045226
0 0.6958831633780584 0.5459986010050251 0.025061046250986582 0.010696040201005026
22 0.15029604419889503 0.6117095557788945 0.015352039147592738 0.010461549346733668
6 0.25750811681136543 0.22523291658291458 0.014660980584056826 0.011753050050251257
5 0.6858460236779794 0.22961913567839196 0.01616008587213891 0.01242124864321608
13 0.6282179384372534 0.3820163216080402 0.008245543804262036 0.020078247236180905
9 0.708313408050513 0.36406647638190953 0.016849810891870563 0.012284140703517589
0 0.13149711760063143 0.26961148140703517 0.02664072991318074 0.018704080402010048
7 0.45287632517758486 0.3407465487437186 0.028553597474348855 0.014646390351758794
13 0.48172774743488556 0.26950239195979897 0.007232171744277822 0.020843288442211054
5 0.5307532628255722 0.2504438994974874 0.014768593528018943 0.012674727236180903
9 0.23884779794790845 0.156622343718593 0.015839712075769535 0.011698556783919598
13 0.7028971996842936 0.4759250974874372 0.00856995864246251 0.017899494271356783
5 0.21796450197316494 0.33963687236180906 0.014969352486187845 0.010243627738693467
18 0.5546944151539068 0.2483284904522613 0.024211942541436465 0.014679220100502512
2 0.4770106393054459 0.6830779819095477 0.013619402052091556 0.01149859376884422
14 0.35268273401736383 0.24732764623115577 0.008701252091554855 0.016377722211055278
9 0.5100962651933701 0.36138838190954775 0.016093651144435676 0.011068899698492464
5 0.6160425218626677 0.15861888643216082 0.016445787529597473 0.01181137688442211
9 0.24587436148382003 0.5670369125628141 0.019059452565114442 0.011257336281407035
9 0.24745198421468034 0.499300856281407 0.0150844817679558 0.012782195778894471
2 0.5406744246250986 0.5677045708542713 0.013835557379636938 0.011902970854271357
14 0.5964343362273086 0.6349293989949749 0.008479439305445936 0.01617027216080402
46 0.39330894396211524 0.7293352522613066 0.021582436621941595 0.01219033407035176
13 0.23475179794790843 0.4270355296482412 0.009907260615627467 0.020541465728643217
6 0.5839996464088397 0.1585362974874372 0.01676604009471192 0.011872276582914574
8 0.14414961957379635 0.36149335477386935 0.01581550623520126 0.011681241407035177
0 0.5003719021310181 0.683267344723618 0.02522357695343331 0.012577987537688443
6 0.6564535059194948 0.27519614070351756 0.01589620584056827 0.010549335477386934
0 0.5931764483030781 0.2959823115577889 0.023096736227308602 0.011206367839195978
5 0.1856697079715864 0.7275442814070352 0.016526042620363064 0.011864918190954773
0 0.5388616132596685 0.6847961407035176 0.024308563851617993 0.012694281005025124
13 0.6282398004735597 0.7256738090452262 0.009481334806629835 0.016868701909547736
9 0.6182987971586424 0.4991598633165829 0.01634439779005525 0.011632356984924623
1 0.16034611523283346 0.2504035055276382 0.016644404735595895 0.013710562412060302
10 0.45127122336227304 0.4741117427135678 0.01588868950276243 0.018466810854271355
13 0.603283498026835 0.2705148140703518 0.008216327071823204 0.018444375477386935
11 0.43095650197316493 0.633798367839196 0.016485672612470404 0.016232586934673367
1 0.2529134522494081 0.20492761407035176 0.016514000315706392 0.016834071155778892
13 0.6799925745856354 0.5204148100502513 0.008426703709550119 0.018527607638190953
0 0.6666029865824783 0.47809685226130655 0.022027032044198896 0.009914635577889446
9 0.6860678768745068 0.4785049085427136 0.015835145698500395 0.01170668703517588
13 0.12381024782951855 0.20077284984924623 0.009055934333070245 0.015494200603015075
9 0.29195072454617205 0.544886351758794 0.01667297490134175 0.011829721407035176
14 0.3784031570639306 0.15438137889447237 0.010167786582478296 0.01819902713567839
4 0.6230761168113653 0.2519250974874372 0.012030908918705605 0.010271749145728643
14 0.5319437537490134 0.5417649527638191 0.008399022573007103 0.016727914773869347
5 0.218108363062352 0.2029465085427136 0.015425262825572217 0.011883442814070352
13 0.14170236464088398 0.45065288040201 0.009286920284135754 0.01615537527638191
0 0.6611920315706392 0.34170108140703515 0.03112955958958169 0.011185193165829145
7 0.4047762083662194 0.4560214190954774 0.017519613575374904 0.015228192160804021
2 0.3647569629044988 0.6125562854271357 0.012864777900552484 0.011458920201005024
2 0.6001391633780585 0.4083603939698492 0.013009932123125494 0.010916457487437185
6 0.6553967734806629 0.5689441768844221 0.01563309360694554 0.011492650452261307
2 0.1275510402525651 0.5884951155778895 0.015106262983425415 0.011968501708542714
13 0.4797674380426204 0.7030616763819095 0.008632635201262825 0.017239786130653266
0 0.4517379636937648 0.49837050854271353 0.024400093449092344 0.011628652060301508
8 0.5658024309392264 0.49908885226130656 0.01604604767166535 0.010601127236180905
2 0.6265239337016575 0.4088055766834171 0.011792931965272297 0.010334758592964823
23 0.18092390844514603 0.7051369487437186 0.013623887608524073 0.01143748824120603
2 0.5753004956590371 0.7054570130653266 0.014085536227308602 0.012099769246231155
2 0.5429535722178375 0.5216515859296482 0.01275381089187056 0.010364114974874373
14 0.6628197632202052 0.1798846391959799 0.007157897395422257 0.01791053185929648
6 0.46837735753749016 0.6363043376884423 0.015808919337016576 0.011035555376884422
18 0.701922500394633 0.31521189949748746 0.010519922967640094 0.01922487959798995
2 0.3597614269928966 0.4306115537688442 0.011693805209155486 0.010680577286432161
0 0.35112531649565903 0.13346038994974876 0.024249807103393844 0.012710155577889447
6 0.3930236464088398 0.20313561407035174 0.016266001578531968 0.011457710954773869
7 0.1272625098658248 0.6822628984924624 0.01824017174427782 0.020631670351758793
2 0.35826058405682715 0.22595331859296483 0.01326492186266772 0.011475669547738694
14 0.2288559179163378 0.5866920522613066 0.008612955327545383 0.01630087075376884
13 0.6814853354380426 0.40469560603015076 0.008725821625887925 0.020116454271356787
6 0.18925774901341752 0.29534244020100503 0.017674345067087607 0.011535205628140704
2 0.3958135816890292 0.5215612783919599 0.011608862509865824 0.010503924422110553
11 0.3547456858721389 0.35848310351758794 0.015203571270718232 0.015744180100502513
13 0.20552577111286505 0.2687436542713568 0.007939838989739541 0.0175916767839196
0 0.4181007355958958 0.5191965587939699 0.024481682083662193 0.016568500100502512
21 0.4008968082083662 0.15970412060301506 0.0064151134964483035 0.01570309145728643
0 0.3105205240726125 0.29583797386934674 0.02395529597474349 0.010947331859296482
2 0.609705917726914 0.31734711959798995 0.007044546172059984 0.009607718592964824
6 0.1489386582478295 0.6818170211055277 0.024153104972375692 0.012042908944723619
2 0.36269118232044195 0.1571598150753769 0.013252677505919493 0.010875188743718593
14 0.29071254932912394 0.6327038713567839 0.008354651933701657 0.015909460904522613
2 0.29885524861878454 0.5681615115577889 0.012903814364640883 0.01121817728643216
22 0.559921502762431 0.6845604663316582 0.01593358547750592 0.011173177889447236
9 0.5582416416732439 0.5445812100502513 0.01691927640094712 0.01184762854271357
14 0.24022053985793212 0.702457825125628 0.008787811207576953 0.01711188904522613
2 0.5513496448303078 0.22724901306532663 0.012884134490923441 0.012191749145728644
2 0.18611503078137334 0.1795092582914573 0.012724998263614838 0.011199189547738693
2 0.6097814124704025 0.36256675376884423 0.0072163308602999215 0.011300457487437186
0 0.47906268034727706 0.5214483296482412 0.024485925177584845 0.011431982311557789
6 0.19289711128650355 0.5221545809045226 0.015442962588792424 0.011470189346733668
21 0.15866382951854777 0.27382583316582915 0.018461822888713494 0.01570980663316583
5 0.1785425224940805 0.43132012060301506 0.015101009629044988 0.012473066130653267
5 0.32344458405682713 0.42891860904522616 0.017042326124704025 0.013877335477386935
2 0.3226188375690608 0.3839192120603015 0.012541413733228098 0.011803709748743719
13 0.20420394632991318 0.42552525829145726 0.008046684135753749 0.021767641407035177
6 0.32940778784530383 0.6353981748743719 0.0161408909234412 0.011192551557788945
2 0.5202340268350435 0.6839854311557789 0.012205239463299131 0.013840569246231156
2 0.706876817679558 0.524496144723618 0.013349622099447513 0.01171121527638191
10 0.5071058942383583 0.5416164984924623 0.014819631886345698 0.016882260904522613
5 0.12655371112865035 0.3629436783919598 0.016692089029202842 0.011907138894472362
10 0.5187606629834254 0.3144742592964824 0.013372534806629833 0.015502536683417086
9 0.29604227940015787 0.7049190271356784 0.01530176858721389 0.012073217286432162
2 0.3329166648776638 0.5909046030150754 0.01476972501973165 0.01232561527638191
1 0.31240053796369377 0.635705632160804 0.015405663772691395 0.014966737688442212
13 0.366927406471981 0.3157267296482412 0.009254430307813734 0.014020206633165829
13 0.4787579857932123 0.15487253869346734 0.007066489029202841 0.018206359798994976
5 0.435351134964483 0.3880092404422111 0.016262970797158643 0.004145707738693468
14 0.309991955801105 0.6096844542713568 0.00784321767955801 0.01762553567839196
22 0.45893707971586417 0.4075481407035176 0.014860284767166535 0.011418860703517589
0 0.2894501278610892 0.4502070030150754 0.02506140994475138 0.01641950552763819
8 0.16812875769534333 0.6593577165829145 0.01683982951854775 0.012654324422110553
14 0.6960981468034728 0.5207544281407035 0.008064262667719022 0.017516780703517587
8 0.15434678453038675 0.5217599035175879 0.01764565367008682 0.013029010653266332
6 0.6613476116811365 0.4554088201005025 0.017136037884767166 0.011049088643216081
13 0.5197495059194949 0.2448082974874372 0.008238916495659037 0.021811611658291458
22 0.7010678200473559 0.6831402452261307 0.01664246503551697 0.010946199798994975
22 0.28847906550907654 0.24935326231155777 0.015175930544593527 0.010887847236180906
2 0.5608937774269929 0.4540452020100502 0.02180319873717443 0.01173051175879397
13 0.4101358421468035 0.29212301507537686 0.006968210891870561 0.018016430954773868
13 0.39396318863456986 0.5645281125628141 0.008942138595106551 0.0168726383919598
8 0.2638913464877664 0.17935848844221106 0.01613099037095501 0.011225612864321607
6 0.22184107340173637 0.15726350150753768 0.01572219857932123 0.01110468824120603
5 0.7030600536700868 0.5003410653266331 0.008244816416732439 0.011435687236180905
4 0.26535501183898974 0.5433210211055276 0.010490302131018153 0.013400120603015075
6 0.6415328479873718 0.47755963819095476 0.02582096416732439 0.010620397989949749
5 0.24200627624309393 0.1794619175879397 0.02615455217048145 0.01141523296482412
10 0.5804435295974743 0.2711889045226131 0.01541245272296764 0.01713224040201005
13 0.38067220205209157 0.29241194773869345 0.007541958011049724 0.017236981708542713
2 0.4672119210734017 0.18110700703517588 0.013489199684293606 0.010965779296482413
2 0.287077228097869 0.20257912924623117 0.013658883030781374 0.012530955577889446
23 0.1461434696132597 0.4988238472361809 0.013425432044198896 0.010919827939698493
6 0.49369812154696135 0.36237842010050253 0.01684621436464088 0.010671134874371858
2 0.41477091712707187 0.6820763658291457 0.02184041673243883 0.01195126351758794
9 0.4696834222573007 0.3839786452261307 0.015971207576953434 0.01201473608040201
22 0.13640253827940016 0.2031340703517588 0.014736305603788477 0.011319831155778896
46 0.599411775848461 0.47688297487437187 0.026973792580899766 0.010750070351758794
14 0.6410490544593528 0.3380537889447236 0.008411307340173637 0.015442949145728642
2 0.45460993212312545 0.6362034814070352 0.011247552959747434 0.011437333869346733
13 0.4652103930544593 0.3578427175879397 0.007692688871349644 0.017762463517587937
13 0.4878963977900552 0.5182013748743719 0.008533952959747435 0.01633233688442211
6 0.19265586108918706 0.22652166432160803 0.014387442462509864 0.011429100703517589
13 0.5482554191002367 0.2702899457286432 0.007988169850039464 0.01666711798994975
2 0.6103666361483819 0.20533098773869346 0.008368189423835833 0.013945156180904524
13 0.6795840252565114 0.7262542472361809 0.008389647355958959 0.016592453467336683
4 0.7089737142857143 0.13276237185929649 0.01356925272296764 0.01430967959798995
2 0.7110835422257301 0.15865928040201005 0.01402629455406472 0.012298857487437186
22 0.6400606156274664 0.36366871155778896 0.015375477190213102 0.011262636381909547
2 0.40470185319652724 0.31700904522613066 0.013012720441988949 0.00945841527638191
5 0.5178094017363851 0.13177670753768844 0.020742425256511442 0.01790433125628141
5 0.17576753906866616 0.13255345527638193 0.0143964135753749 0.012090918592964824
19 0.31294272454617206 0.1565163417085427 0.013337256511444356 0.011890157989949749
10 0.21583164009471192 0.47362264120603015 0.01692404483030781 0.017101211658291458
13 0.2488404861878453 0.702713567839196 0.00875891775848461 0.017018545527638193
0 0.3308316085240726 0.3613261185929649 0.031156553749013417 0.011199343919597989
0 0.285754999210734 0.2949554814070352 0.024047835832675613 0.010766073567839195
46 0.3341618310970797 0.24979399396984925 0.026988057458563534 0.01084789065326633
2 0.6565686756116812 0.3892500582914573 0.01317456416732439 0.006632586934673367
22 0.16256909234411998 0.15588804824120603 0.01593819226519337 0.011344093266331658
13 0.2946368050513023 0.2920306492462311 0.007641973796369377 0.015863123618090454
4 0.12419657142857143 0.564891143718593 0.010857228729281767 0.01395673407035176
13 0.16626543330702445 0.42871586733668343 0.009104103551696921 0.017919588341708544
2 0.2185662131018153 0.5892617776884421 0.010386002841357538 0.01004137487437186
4 0.15375558011049725 0.3835181025125628 0.013836203946329912 0.013019619698492461
0 0.19415064246250988 0.3876923124422111 0.027379351539068664 0.003516771055276382
0 0.19477781215469614 0.38312342512562814 0.03238806124704025 0.013151813467336683
10 0.3047640599842147 0.20061111959798997 0.014100366850828728 0.016834174070351756
18 0.3434065224940805 0.47566858291457287 0.023362071033938437 0.012870033366834172
4 0.4955376037884767 0.29437092663316583 0.011958129755327545 0.012179502311557788
5 0.38270282557221785 0.6593425366834171 0.014507138121546961 0.012313522814070351
13 0.6579705130228887 0.3605784442211055 0.013498170797158643 0.017681546934673366
10 0.4238802336227308 0.3826253185929648 0.014737598737174427 0.017291114773869343
12 0.6111075611681136 0.5918660309547739 0.00982458089976322 0.01603033407035176
2 0.2480835990528808 0.1333929809045226 0.013577051933701657 0.012352141507537688
1 0.3317363573796369 0.6149624281407035 0.016274689818468822 0.015498471557788945
13 0.6678900584056827 0.2484756582914573 0.008562563535911602 0.017621367638190954
4 0.17615871191791632 0.6353449165829146 0.011208880189423837 0.01290121648241206
14 0.4182777332280979 0.4953062271356784 0.007309557695343331 0.016151335879396985
2 0.390232498816101 0.15765714974874373 0.012835641988950276 0.011506209447236182
22 0.6718935185477506 0.38629499497487435 0.01576050765588003 0.010186381507537689
10 0.4402577679558011 0.5182162974874372 0.016329728808208367 0.016893144120603016
14 0.17305761641673245 0.2689003417085427 0.00851249502762431 0.016482797989949748
14 0.2883824846093133 0.22376895678391961 0.0077487381215469615 0.017324176080402008
18 0.6842025319652724 0.25183453266331657 0.0228027908445146 0.010854580100502513
4 0.41727474664561953 0.7292421145728644 0.012229930228887135 0.012477928844221105
4 0.6782646250986583 0.5907286190954775 0.012137875295974744 0.013855337487437185
6 0.5091704625098658 0.4761414753768844 0.024415489818468826 0.01142868904522613
13 0.3275646686661405 0.404611216080402 0.008206143646408839 0.018240373065326634
14 0.5130870402525651 0.33695388944723614 0.007768175532754538 0.01654148502512563
2 0.6093783145067088 0.4768135075376884 0.0063918775059194945 0.010715413869346734
8 0.5499777111286503 0.6130873246231155 0.01768990307813733 0.013222232763819095
6 0.18877565272296765 0.6126820984924624 0.007710631097079715 0.011702596180904523
2 0.6625061783741121 0.29716582914572864 0.012561578531965273 0.009930664522613064
13 0.15283705130228886 0.31410916984924625 0.010169079715864246 0.015398644422110553
18 0.4022978374112076 0.42862504522613065 0.0036127802999210736 0.016290167638190956
0 0.49268907340173634 0.15822601005025125 0.02988661594317285 0.012037840402010051
6 0.1451922083662194 0.47527004623115576 0.01580447419100237 0.013649045226130653
6 0.3875553086029992 0.3842341306532663 0.015806333070244673 0.011203486231155779
4 0.4974853859510655 0.20225286432160805 0.010347976637726915 0.013272300703517587
5 0.6984274033149172 0.500611216080402 0.02812581278610892 0.011844541105527637
8 0.2897629044988161 0.27172071557788946 0.015023502446724547 0.011156119798994975
9 0.5918695753749014 0.5910494552763819 0.016927964640883978 0.01297060663316583
10 0.3556452217837411 0.1768939417085427 0.016724174901341753 0.016552676984924623
23 0.4105916716653512 0.13361939296482414 0.014101740805051301 0.012590903316582915
13 0.6084566175217048 0.4282823396984925 0.004476302446724546 0.017156528241206028
15 0.4408081578531966 0.7033120160804021 0.022242338752959747 0.016642367035175878
4 0.5526755106550908 0.3836184442211055 0.012009814680347277 0.013086256884422111
13 0.6174212445146015 0.13142937085427134 0.0159552454617206 0.018266436180904524
7 0.40015689344909233 0.45592236381909546 0.007894983425414365 0.015011762814070352
6 0.21757737016574585 0.6109629105527639 0.02342046408839779 0.014230769849246231
12 0.3097282778216259 0.2456568281407035 0.01328698595106551 0.02325923376884422
2 0.5616817805840569 0.40716658492462315 0.01212724735595896 0.014460603819095478
18 0.7036763125493292 0.3608722653266332 0.007011692501973165 0.019571367236180904
5 0.6128489673243883 0.5221759356783919 0.013324688871349645 0.013458653266331659
9 0.554606724546172 0.7061704683417086 0.014965513496448302 0.010837213266331658
18 0.312128454617206 0.22372187336683416 0.01938883788476717 0.015697868542713565
10 0.2673908887134965 0.49780422110552763 0.01469775406471981 0.017350933869346736
6 0.218594500394633 0.17902684623115578 0.017620114285714285 0.012175797386934674
2 0.42447709550118395 0.1338414311557789 0.012603767008681925 0.012398401608040201
4 0.30961205745856357 0.590271704120603 0.012912623835832675 0.010625234974874373
4 0.5984217205998421 0.18057159396984923 0.011030549013417521 0.015244066733668342
1 0.29437979479084453 0.13361939296482414 0.017776704656669296 0.020353672361809044
0 0.37335670402525656 0.17973515577889446 0.01654257048145225 0.01072995055276382
13 0.4476649976322021 0.680612663316583 0.006904039147592739 0.015125483417085427
4 0.6151063741120758 0.3850402090452261 0.011069706708760852 0.013865397386934673
14 0.2887615343330702 0.6557032201005025 0.008471155169692187 0.016648644824120606
5 0.4191825224940805 0.2476206954773869 0.021003355327545385 0.015889572663316583
18 0.7049989455406471 0.4302034974874372 0.00436699226519337 0.014308084422110554
8 0.32960228318863455 0.3140077989949749 0.021517173796369377 0.01524579055276382
5 0.4605890576164167 0.5443941628140704 0.026671239779005526 0.011379367236180904
14 0.1403130544593528 0.2458196904522613 0.009115782162588792 0.017134813266331657
14 0.3224577616416733 0.47323362412060305 0.008712486187845304 0.017755208040201004
13 0.3688254838200474 0.517116655276382 0.007007853512233623 0.01872106130653266
5 0.4125782478295185 0.5675916221105527 0.02722284198895028 0.011524579698492462
22 0.5000368997632202 0.22694978894472362 0.015279744909234413 0.011743093065326633
6 0.3787611933701658 0.4301332582914573 0.007745464877663773 0.01127449728643216
10 0.46465434569850034 0.6798253668341708 0.02544389455406472 0.016267655075376884
2 0.619630320441989 0.613841688442211 0.01114830497237569 0.011947121206030151
6 0.6129781998421469 0.6844526633165829 0.013560685714285715 0.012414790753768844
4 0.3779978405682715 0.4972636623115578 0.010711791633780584 0.014333787336683418
3 0.48262687924230463 0.2247273487437186 0.02226731239147593 0.01680849688442211
2 0.5411051996842936 0.7061779296482412 0.012644581531176008 0.011107749949748743
22 0.33015069297553273 0.1323612623115578 0.01519843914759274 0.012874252864321608
6 0.2848837505919495 0.17905720603015077 0.02499687450670876 0.012227126030150753
12 0.702850727703236 0.7267747376884421 0.008663266298342543 0.01777324381909548
13 0.6009558579321231 0.4958835778894472 0.017074331176006315 0.018938571256281407
13 0.2977459826361484 0.6570421386934674 0.009221091712707182 0.015238354974874371
6 0.5102170923441199 0.24976003216080403 0.023161271665351223 0.011421690854271357
4 0.24536963535911602 0.31571386532663315 0.010997210418310971 0.011247302110552764
13 0.19364268350434097 0.49704676984924623 0.01525966093133386 0.017838311557788946
10 0.6259351539068666 0.35996867537688443 0.023335642620363063 0.0165654383919598
18 0.25272594790844516 0.33619643819095474 0.01709283914759274 0.015069292060301508
12 0.5750341910023679 0.3900781604020101 0.01638197947908445 0.008296998592964825
2 0.37547865509076556 0.40466581226130655 0.014254209313338597 0.01689448201005025
2 0.13097056985003946 0.6354532341708543 0.022957239463299133 0.01394785768844221
16 0.5305811144435675 0.2953671396984925 0.018116596685082875 0.011516681005025125
13 0.7043042904498816 0.34002228743718593 0.005755696290449881 0.019175377688442213
5 0.14985435832675612 0.338140751758794 0.016794044514601418 0.01420038432160804
10 0.6028797979479085 0.35994346130653265 0.021249454775059195 0.016964644020100502
18 0.43375532754538276 0.2241057447236181 0.024975254932912392 0.017112120603015077
6 0.2381887040252565 0.6818821145728643 0.024092044830307816 0.011973132864321608
4 0.1730139731649566 0.17900137487437187 0.01324035232833465 0.011526149145728644
2 0.13751624940805052 0.40727639477386934 0.01300977048145225 0.012394542311557788
23 0.3047769913180742 0.1797704040201005 0.013697798263614839 0.01113803256281407
6 0.663105868981847 0.1585442733668342 0.01630693733228098 0.011837440000000001
10 0.1261011144435675 0.519924936683417 0.013890434727703235 0.016789354773869346
5 0.5812262794001579 0.6839342311557789 0.025341858247829516 0.01160552201005025
10 0.6501118989739543 0.1792859336683417 0.016449060773480663 0.017599035175879397
13 0.39662219415943173 0.19934964422110552 0.010046919021310182 0.01924234934673367
5 0.1468692407261247 0.6587677587939699 0.024098672138910815 0.011000615879396984
6 0.5909263962115232 0.2735837266331658 0.0157799046566693 0.011414924221105528
13 0.2812508539857932 0.4457636663316583 0.008548258247829519 0.008975334271356784
8 0.30756328966061564 0.38793018661306533 0.016864479873717444 0.003973094271356784
6 0.5543751728492502 0.3146312040201005 0.022740518389897397 0.014980682613065326
5 0.5386526913970008 0.3880538616281407 0.014889743962115232 0.004220886834170854
5 0.2686339131807419 0.24635844824120604 0.020951023835832677 0.01523593648241206
13 0.6912775880031571 0.4455809929648241 0.007193660615627467 0.009239464522613065
6 0.3579627592738753 0.590478408040201 0.02558403788476717 0.010664445427135677
18 0.6617682841357537 0.7264598190954774 0.025399604735595896 0.013636258090452262
18 0.3838347213891081 0.3371110914572864 0.019566239621152327 0.015533282412060301
15 0.27969909392265196 0.5661274050251256 0.023049900552486187 0.016040471155778894
13 0.3868481262825572 0.1762900904522613 0.008621643567482242 0.01781785728643216
8 0.5177176700868193 0.22576009648241205 0.01733388729281768 0.014196293467336682
8 0.15295302920284135 0.7278535396984924 0.017913089818468824 0.011901864522613066
5 0.8863370607734806 0.06133579899497487 0.011331566219415943 0.009285467336683416
6 0.5371857932123125 0.18021731055276383 0.026727814364640886 0.014258299497487437
13 0.42148227940015787 0.38840714677386934 0.008554319810576165 0.00495412743718593
4 0.5136653133385951 0.15582758592964824 0.010746827466456195 0.01485443216080402
10 0.5242354664561957 0.4506227778894472 0.015689546961325965 0.015528496884422111
21 0.368827908445146 0.7261780904522612 0.017933982004735595 0.017078441809045226
8 0.187045682715075 0.5870253153768844 0.01651812217837411 0.015292668140703517
13 0.3512889786898185 0.6088382391959799 0.011650525651144435 0.019537456884422114
22 0.5841422951854776 0.1343992281407035 0.015035019415943172 0.011926281005025127
10 0.2182194917127072 0.2696163698492462 0.01646801325966851 0.01642838190954774
0 0.38558772533543806 0.4745908100502512 0.02435289408050513 0.015044309547738693
18 0.6696180078926598 0.318764767839196 0.024800681925809 0.012643261105527638
16 0.33784241199684295 0.5440887638190955 0.01709615280189424 0.012856834572864321
13 0.7049771239147593 0.543091264321608 0.009245620836621943 0.016318520603015075
22 0.4696874632991318 0.3879569855678392 0.015512953433307023 0.004038393567839196
6 0.6122249496448303 0.3390294190954774 0.01206574269928966 0.0125959975879397
6 0.31261620836621945 0.1319444582914573 0.016889453512233622 0.014319276381909548
13 0.40129767955801104 0.19889013065326633 0.004915240410418311 0.019865368442211057
18 0.5299014112075769 0.4074233567839196 0.01467734680347277 0.011857379698492461
2 0.578563636937648 0.5444322412060302 0.017302569218626676 0.011353355577889447
6 0.5458530197316496 0.4074781330653266 0.015633497711128652 0.012337013065326634
18 0.49472131333859515 0.38786882894472363 0.02423546140489345 0.0038548711557788943
13 0.6280044097868982 0.3888121310552764 0.008522233938437252 0.0057610548743718595
4 0.6829926440410419 0.589191384120603 0.021462134806629837 0.018251076180904522
5 0.45721357537490137 0.3610343557788945 0.008173087924230465 0.011380808040201005
4 0.42259437411207573 0.44800514572864325 0.01632374806629834 0.004492452663316583
12 0.5702847545382794 0.13129609648241206 0.013506050828729282 0.01820854673366834
13 0.20685042462509867 0.38033546934673373 0.00850336227308603 0.018334282613065325
8 0.1706042999210734 0.4535159638190955 0.01663624183109708 0.012050987738693467
10 0.47566860931333854 0.7264775718592965 0.021812654775059195 0.017469054070351757
5 0.37304069455406474 0.13009379698492463 0.017612032202052093 0.017814229547738696
18 0.2686444198895028 0.2691910753768844 0.02484529502762431 0.01620842773869347
10 0.20550152486187845 0.15359433969849245 0.016346782004735595 0.017159538492462312
5 0.45046180268350433 0.6600477587939698 0.025837774901341756 0.011712321608040201
13 0.18273550749802683 0.38036377085427137 0.008806642462509865 0.014390004422110553
6 0.6930245303867403 0.4324671035175879 0.01666157916337806 0.010584300703517588
13 0.35609498973954223 0.5664811738693467 0.009896955958958169 0.024528350552763818
13 0.5034123820047356 0.15478300301507536 0.009508733070244673 0.01762803135678392
18 0.7046724293606945 0.13306777085427135 0.0050201054459352796 0.014520757386934672
13 0.5354525903709549 0.22269864522613064 0.017065279242304658 0.02055757185929648
2 0.3137549739542226 0.5446882412060301 0.017399392580899765 0.011417497085427136
2 0.691822320441989 0.2052476783919598 0.011568532912391476 0.011216890854271357
11 0.44058509234411997 0.20109602733668341 0.014612407261247039 0.016206678190954775
22 0.28429092975532755 0.36091446030150753 0.02204008460931334 0.010365710150753769
13 0.6172589158642462 0.45146153165829145 0.01998840726124704 0.01754793809045226
9 0.40419470244672456 0.3878730304321608 0.014335959589581688 0.003881603216080402
13 0.6085834860299921 0.13108486432160804 0.004617738910812944 0.019261594371859297
12 0.3232137597474349 0.7257278391959799 0.021556048618784532 0.01721344
22 0.6063583267561168 0.5450718552763819 0.024583233464877664 0.01113816120603015
6 0.16101652407261247 0.5443771819095478 0.022073301973164955 0.011175519195979899
18 0.48725872138910814 0.4739926190954774 0.017456169218626676 0.015984588542713566
13 0.1518267908445146 0.5402333266331658 0.01014552044198895 0.01929208281407035
22 0.5622160063141278 0.3623213025125628 0.025365659984214677 0.011935800603015075
13 0.31817247924230463 0.35815403417085423 0.0083135545382794 0.016441220502512562
2 0.5355742257300711 0.1326651175879397 0.014217678295185476 0.014943478994974873
22 0.14242651933701655 0.13298132261306533 0.015615272612470404 0.012264020904522614
