7 0.05078125 0.0830078125 0.09375 0.123046875
4 0.1396484375 0.05078125 0.064453125 0.1171875
13 0.3515625 0.04296875 0.04296875 0.140625
7 0.4228515625 0.0908203125 0.091796875 0.130859375
5 0.5732421875 0.078125 0.095703125 0.09375
0 0.697265625 0.0810546875 0.140625 0.099609375
2 0.181640625 0.259765625 0.07421875 0.08984375
5 0.3193359375 0.2626953125 0.087890625 0.095703125
13 0.5185546875 0.2470703125 0.037109375 0.138671875
7 0.5908203125 0.296875 0.099609375 0.1328125
13 0.66796875 0.2548828125 0.04296875 0.142578125
2 0.7373046875 0.2763671875 0.072265625 0.091796875
5 0.3203125 0.4619140625 0.0859375 0.091796875
6 0.419921875 0.46875 0.08984375 0.08984375
4 0.505859375 0.4599609375 0.0703125 0.111328125
5 0.6796875 0.4814453125 0.09375 0.095703125
22 0.052734375 0.66015625 0.0859375 0.08984375
4 0.138671875 0.65234375 0.06640625 0.11328125
4 0.3193359375 0.66015625 0.068359375 0.10546875
5 0.626953125 0.6796875 0.09375 0.09765625
14 0.7021484375 0.6572265625 0.044921875 0.142578125
