22 0.54296875 0.0087890625 0.03515625 0.037109375
14 0.599609375 0.0712890625 0.015625 0.056640625
7 0.4404296875 0.17578125 0.041015625 0.0546875
8 0.6455078125 0.1640625 0.033203125 0.03515625
2 0.6826171875 0.16015625 0.029296875 0.03515625
19 0.7138671875 0.1591796875 0.025390625 0.033203125
2 0.5439453125 0.2431640625 0.029296875 0.037109375
4 0.5888671875 0.2431640625 0.025390625 0.041015625
0 0.666015625 0.240234375 0.0546875 0.03515625
14 0.7197265625 0.224609375 0.017578125 0.05859375
13 0.4287109375 0.3154296875 0.029296875 0.060546875
14 0.5439453125 0.310546875 0.013671875 0.05859375
27 0.677734375 0.326171875 0.0234375 0.05078125
2 0.447265625 0.4052734375 0.03125 0.037109375
8 0.4833984375 0.4033203125 0.037109375 0.037109375
5 0.556640625 0.4013671875 0.03515625 0.037109375
5 0.68359375 0.3974609375 0.03515625 0.037109375
7 0.5302734375 0.4912109375 0.064453125 0.060546875
0 0.654296875 0.478515625 0.0546875 0.0390625
