13 0.5927734375 0.0712890625 0.025390625 0.064453125
5 0.650390625 0.0810546875 0.03515625 0.041015625
8 0.3603515625 0.2587890625 0.044921875 0.052734375
19 0.689453125 0.26171875 0.02734375 0.0390625
18 0.3603515625 0.3408203125 0.041015625 0.056640625
5 0.4033203125 0.3486328125 0.037109375 0.041015625
0 0.451171875 0.345703125 0.05859375 0.04296875
8 0.6669921875 0.3505859375 0.041015625 0.041015625
22 0.7412109375 0.3505859375 0.037109375 0.041015625
0 0.4892578125 0.4365234375 0.056640625 0.041015625
2 0.5390625 0.4375 0.03125 0.04296875
7 0.3623046875 0.5263671875 0.068359375 0.064453125
8 0.486328125 0.525390625 0.0390625 0.04296875
18 0.53125 0.5166015625 0.0390625 0.056640625
5 0.578125 0.5244140625 0.03515625 0.041015625
5 0.662109375 0.525390625 0.0390625 0.04296875
0 0.3623046875 0.609375 0.060546875 0.04296875
19 0.353515625 0.697265625 0.03125 0.04296875
13 0.48046875 0.6806640625 0.01953125 0.080078125
5 0.666015625 0.705078125 0.03515625 0.0390625
