22 0.060546875 0.0068359375 0.03515625 0.037109375
1 0.1123046875 0.1708984375 0.033203125 0.048828125
2 0.1875 0.1513671875 0.03125 0.037109375
0 0.0126953125 0.40234375 0.052734375 0.03515625
2 0.0615234375 0.3984375 0.029296875 0.03515625
7 0.1923828125 0.400390625 0.056640625 0.05859375
13 0.01171875 0.53515625 0.0234375 0.078125
2 0.037109375 0.5546875 0.02734375 0.03125
7 0.083984375 0.560546875 0.0390625 0.05078125
9 0.015625 0.6298828125 0.03515625 0.037109375
2 0.0341796875 0.7080078125 0.029296875 0.037109375
6 0.2041015625 0.7021484375 0.037109375 0.037109375
