18 0.2998046875 0.08984375 0.087890625 0.12109375
13 0.375 0.0859375 0.046875 0.1328125
0 0.0185546875 0.337890625 0.091796875 0.125
14 0.1318359375 0.2861328125 0.076171875 0.130859375
0 0.23828125 0.3125 0.1328125 0.08984375
5 0.5146484375 0.30078125 0.083984375 0.0859375
2 0.619140625 0.294921875 0.0703125 0.08984375
14 0.68359375 0.279296875 0.046875 0.1328125
14 0.0341796875 0.4951171875 0.076171875 0.130859375
13 0.4287109375 0.4814453125 0.044921875 0.134765625
0 0.5390625 0.5244140625 0.08984375 0.123046875
6 0.0859375 0.7158203125 0.0859375 0.083984375
5 0.17578125 0.7138671875 0.0859375 0.087890625
8 0.2705078125 0.7119140625 0.091796875 0.087890625
2 0.361328125 0.705078125 0.06640625 0.08984375
7 0.4599609375 0.73046875 0.091796875 0.125
6 0.5634765625 0.7041015625 0.091796875 0.083984375
