2 0.275390625 0.501953125 0.03125 0.0390625
22 0.375 0.5029296875 0.03515625 0.041015625
0 0.4384765625 0.5029296875 0.056640625 0.041015625
13 0.646484375 0.4951171875 0.0234375 0.064453125
3 0.240234375 0.5732421875 0.05859375 0.068359375
9 0.3916015625 0.578125 0.037109375 0.0390625
14 0.576171875 0.5712890625 0.015625 0.060546875
3 0.0888671875 0.6552734375 0.060546875 0.068359375
5 0.470703125 0.6611328125 0.03515625 0.037109375
3 0.271484375 0.734375 0.05078125 0.0625
9 0.4169921875 0.740234375 0.037109375 0.0390625
13 0.5654296875 0.7314453125 0.021484375 0.068359375
