18 0.193359375 0.1123046875 0.08984375 0.123046875
8 0.3115234375 0.1318359375 0.091796875 0.091796875
22 0.4111328125 0.130859375 0.083984375 0.0859375
19 0.517578125 0.1318359375 0.06640625 0.091796875
6 0.626953125 0.130859375 0.0390625 0.09375
2 0.6884765625 0.134765625 0.072265625 0.09765625
7 0.0849609375 0.3525390625 0.099609375 0.130859375
2 0.251953125 0.330078125 0.0703125 0.08984375
7 0.3759765625 0.3583984375 0.095703125 0.126953125
0 0.5 0.3349609375 0.140625 0.095703125
2 0.6396484375 0.33203125 0.072265625 0.09375
7 0.0 0.5517578125 0.09375 0.130859375
6 0.103515625 0.5244140625 0.09375 0.091796875
6 0.203125 0.5263671875 0.08984375 0.091796875
0 0.3251953125 0.5341796875 0.138671875 0.095703125
0 0.4814453125 0.5302734375 0.138671875 0.091796875
2 0.326171875 0.7265625 0.07421875 0.09375
8 0.638671875 0.7265625 0.09765625 0.08984375
9 0.7333984375 0.7255859375 0.087890625 0.095703125
