0 0.048828125 0.3271484375 0.08984375 0.126953125
0 0.1884765625 0.306640625 0.138671875 0.09375
7 0.3095703125 0.330078125 0.095703125 0.12890625
38 0.6357421875 0.2802734375 0.119140625 0.138671875
0 0.177734375 0.5087890625 0.13671875 0.091796875
5 0.3017578125 0.5048828125 0.076171875 0.087890625
7 0.41796875 0.5283203125 0.08984375 0.123046875
19 0.5107421875 0.509765625 0.056640625 0.0859375
5 0.65234375 0.5107421875 0.08203125 0.087890625
8 0.7421875 0.5107421875 0.0859375 0.087890625
2 0.3798828125 0.70703125 0.076171875 0.09375
1 0.4892578125 0.728515625 0.087890625 0.1328125
18 0.744140625 0.6884765625 0.0859375 0.119140625
