2 0.0908203125 0.0986328125 0.072265625 0.091796875
28 0.5380859375 0.0966796875 0.099609375 0.150390625
13 0.6162109375 0.09375 0.044921875 0.13671875
5 0.70703125 0.1181640625 0.0859375 0.091796875
7 0.2412109375 0.328125 0.091796875 0.125
7 0.3779296875 0.33203125 0.087890625 0.12890625
5 0.4765625 0.3056640625 0.07421875 0.091796875
2 0.6572265625 0.3115234375 0.068359375 0.091796875
8 0.71484375 0.314453125 0.03515625 0.0859375
8 0.2216796875 0.501953125 0.091796875 0.08984375
5 0.3173828125 0.5009765625 0.083984375 0.087890625
8 0.119140625 0.701171875 0.08984375 0.09375
23 0.3388671875 0.701171875 0.072265625 0.0859375
32 0.654296875 0.7294921875 0.078125 0.134765625
