0 0.1591796875 0.0771484375 0.064453125 0.044921875
1 0.1708984375 0.1748046875 0.041015625 0.060546875
1 0.1708984375 0.1748046875 0.041015625 0.060546875
5 0.0400390625 0.2451171875 0.037109375 0.041015625
18 0.0791015625 0.240234375 0.037109375 0.05078125
9 0.1728515625 0.328125 0.037109375 0.04296875
0 0.0244140625 0.4140625 0.060546875 0.04296875
2 0.0751953125 0.4140625 0.029296875 0.04296875
8 0.169921875 0.416015625 0.04296875 0.04296875
5 0.171875 0.5849609375 0.0390625 0.048828125
9 0.0859375 0.66796875 0.03515625 0.046875
2 0.1318359375 0.6689453125 0.025390625 0.041015625
