9 0.0185546875 0.1298828125 0.087890625 0.091796875
9 0.021484375 0.1298828125 0.08203125 0.091796875
0 0.0048828125 0.3291015625 0.134765625 0.087890625
13 0.263671875 0.306640625 0.0390625 0.1328125
5 0.4521484375 0.3330078125 0.087890625 0.087890625
0 0.05078125 0.5322265625 0.12890625 0.083984375
1 0.171875 0.5517578125 0.0859375 0.126953125
6 0.2705078125 0.52734375 0.091796875 0.0859375
5 0.369140625 0.5283203125 0.08203125 0.087890625
4 0.6494140625 0.52734375 0.072265625 0.109375
2 0.7490234375 0.5361328125 0.068359375 0.087890625
9 0.01953125 0.7255859375 0.0859375 0.091796875
