6 0.208984375 0.1376953125 0.09765625 0.083984375
4 0.29296875 0.12890625 0.0625 0.1015625
2 0.51953125 0.1318359375 0.0703125 0.087890625
22 0.59765625 0.1328125 0.078125 0.08203125
2 0.07421875 0.3330078125 0.06640625 0.087890625
8 0.1630859375 0.333984375 0.095703125 0.08984375
6 0.3837890625 0.3349609375 0.091796875 0.083984375
11 0.7421875 0.302734375 0.0859375 0.1328125
4 0.1357421875 0.5283203125 0.060546875 0.099609375
2 0.2294921875 0.5322265625 0.068359375 0.087890625
5 0.419921875 0.5341796875 0.08203125 0.087890625
8 0.529296875 0.5341796875 0.08984375 0.087890625
22 0.626953125 0.529296875 0.0859375 0.0859375
14 0.7001953125 0.5048828125 0.041015625 0.134765625
28 0.1982421875 0.7099609375 0.103515625 0.134765625
5 0.392578125 0.734375 0.0859375 0.08203125
6 0.6904296875 0.7314453125 0.087890625 0.080078125
