23 0.037109375 0.0986328125 0.06640625 0.083984375
4 0.21484375 0.0859375 0.0625 0.109375
0 0.3330078125 0.1025390625 0.134765625 0.087890625
13 0.1005859375 0.279296875 0.044921875 0.13671875
11 0.171875 0.275390625 0.08203125 0.12890625
22 0.39453125 0.3046875 0.08203125 0.0859375
14 0.46484375 0.2822265625 0.04296875 0.134765625
6 0.5390625 0.3037109375 0.08984375 0.083984375
11 0.6357421875 0.28125 0.087890625 0.1328125
13 0.705078125 0.2841796875 0.0390625 0.138671875
14 0.1201171875 0.4736328125 0.076171875 0.130859375
5 0.03125 0.6982421875 0.078125 0.087890625
5 0.2197265625 0.703125 0.083984375 0.0859375
0 0.349609375 0.7275390625 0.09375 0.126953125
