13 0.0234375 0.0244140625 0.01953125 0.076171875
6 0.1767578125 0.0263671875 0.037109375 0.033203125
9 0.091796875 0.1845703125 0.03515625 0.037109375
8 0.037109375 0.267578125 0.03515625 0.03515625
2 0.150390625 0.26171875 0.03125 0.03515625
14 0.1884765625 0.25 0.013671875 0.05859375
8 0.16015625 0.33984375 0.03515625 0.03515625
0 0.2099609375 0.3369140625 0.056640625 0.037109375
5 0.068359375 0.4189453125 0.03515625 0.037109375
8 0.1162109375 0.4169921875 0.056640625 0.041015625
13 0.14453125 0.41015625 0.00390625 0.05859375
0 0.173828125 0.4140625 0.0546875 0.03515625
5 0.2236328125 0.4130859375 0.037109375 0.037109375
22 0.056640625 0.4990234375 0.03515625 0.037109375
6 0.21875 0.4931640625 0.0390625 0.037109375
6 0.22265625 0.568359375 0.0390625 0.0390625
22 0.126953125 0.6474609375 0.03515625 0.037109375
0 0.1748046875 0.646484375 0.056640625 0.0390625
5 0.04296875 0.7265625 0.03515625 0.0390625
