22 0.3388671875 0.0419921875 0.041015625 0.041015625
8 0.4482421875 0.041015625 0.044921875 0.04296875
20 0.662109375 0.0419921875 0.06640625 0.080078125
1 0.3388671875 0.1376953125 0.044921875 0.056640625
9 0.5302734375 0.126953125 0.037109375 0.04296875
13 0.734375 0.1220703125 0.01953125 0.064453125
7 0.4345703125 0.2255859375 0.041015625 0.056640625
2 0.5615234375 0.2177734375 0.029296875 0.044921875
13 0.62890625 0.2197265625 0.01953125 0.083984375
5 0.7236328125 0.2197265625 0.037109375 0.041015625
1 0.5478515625 0.318359375 0.041015625 0.05859375
6 0.591796875 0.3134765625 0.04296875 0.041015625
23 0.3203125 0.3955078125 0.0390625 0.041015625
2 0.4462890625 0.400390625 0.029296875 0.0390625
2 0.3232421875 0.5703125 0.033203125 0.0390625
2 0.7333984375 0.5693359375 0.029296875 0.041015625
0 0.4208984375 0.6572265625 0.060546875 0.037109375
1 0.556640625 0.666015625 0.0390625 0.05859375
6 0.6025390625 0.65625 0.041015625 0.0390625
5 0.6455078125 0.658203125 0.037109375 0.0390625
2 0.4541015625 0.7451171875 0.029296875 0.041015625
2 0.576171875 0.7431640625 0.03125 0.041015625
