8 0.3642578125 0.0810546875 0.041015625 0.044921875
4 0.40234375 0.078125 0.03125 0.05078125
8 0.5986328125 0.083984375 0.041015625 0.04296875
5 0.5947265625 0.244140625 0.037109375 0.046875
9 0.732421875 0.244140625 0.03515625 0.046875
0 0.3857421875 0.3330078125 0.060546875 0.044921875
8 0.5517578125 0.416015625 0.041015625 0.046875
0 0.541015625 0.5009765625 0.0625 0.044921875
0 0.3232421875 0.5869140625 0.064453125 0.048828125
11 0.6982421875 0.5732421875 0.037109375 0.064453125
0 0.5126953125 0.669921875 0.056640625 0.0390625
