8 0.4990234375 0.3876953125 0.044921875 0.052734375
8 0.578125 0.3896484375 0.0390625 0.044921875
12 0.634765625 0.38671875 0.03515625 0.0859375
5 0.677734375 0.38671875 0.0390625 0.05078125
12 0.06640625 0.4873046875 0.03515625 0.080078125
15 0.4384765625 0.4677734375 0.072265625 0.064453125
9 0.7138671875 0.4716796875 0.037109375 0.044921875
12 0.693359375 0.5595703125 0.03515625 0.080078125
2 0.083984375 0.6552734375 0.03125 0.044921875
15 0.1826171875 0.6435546875 0.072265625 0.064453125
0 0.3310546875 0.6513671875 0.060546875 0.044921875
5 0.2314453125 0.7373046875 0.037109375 0.044921875
11 0.326171875 0.724609375 0.0390625 0.0625
3 0.4619140625 0.7197265625 0.048828125 0.064453125
14 0.5380859375 0.7197265625 0.017578125 0.064453125
12 0.59765625 0.732421875 0.03515625 0.078125
5 0.6376953125 0.732421875 0.037109375 0.04296875
9 0.6767578125 0.7275390625 0.033203125 0.044921875
2 0.72265625 0.7265625 0.03125 0.046875
