1 0.0908203125 0.0380859375 0.091796875 0.134765625
0 0.3828125 0.0205078125 0.13671875 0.099609375
6 0.6513671875 0.0146484375 0.091796875 0.091796875
9 0.748046875 0.01171875 0.08984375 0.09765625
19 0.1181640625 0.2109375 0.056640625 0.0859375
0 0.2421875 0.2119140625 0.1328125 0.095703125
5 0.359375 0.2099609375 0.08984375 0.091796875
14 0.4345703125 0.193359375 0.044921875 0.14453125
22 0.5087890625 0.2099609375 0.087890625 0.087890625
5 0.6513671875 0.212890625 0.087890625 0.08984375
14 0.7236328125 0.19140625 0.048828125 0.140625
5 0.10546875 0.4091796875 0.08203125 0.087890625
4 0.18359375 0.3984375 0.0625 0.11328125
0 0.4951171875 0.4169921875 0.134765625 0.087890625
18 0.0888671875 0.59375 0.091796875 0.125
2 0.20703125 0.61328125 0.07421875 0.09375
5 0.453125 0.60546875 0.0859375 0.09765625
0 0.5712890625 0.6083984375 0.142578125 0.091796875
16 0.7216796875 0.6083984375 0.099609375 0.091796875
