7 0.203125 0.125 0.09375 0.1328125
22 0.412109375 0.099609375 0.08203125 0.09375
14 0.0546875 0.28125 0.04296875 0.140625
14 0.099609375 0.279296875 0.046875 0.13671875
22 0.17578125 0.302734375 0.08203125 0.0859375
0 0.2880859375 0.3095703125 0.134765625 0.087890625
22 0.4072265625 0.30078125 0.087890625 0.08984375
8 0.123046875 0.5009765625 0.09375 0.087890625
6 0.220703125 0.5078125 0.08984375 0.0859375
0 0.36328125 0.52734375 0.08984375 0.1171875
2 0.005859375 0.6962890625 0.0703125 0.087890625
13 0.0654296875 0.67578125 0.041015625 0.13671875
8 0.3076171875 0.70703125 0.095703125 0.08984375
6 0.41015625 0.7109375 0.09765625 0.08984375
