11 0.0361328125 0.068359375 0.083984375 0.125
13 0.1044921875 0.0712890625 0.041015625 0.142578125
6 0.291015625 0.08984375 0.08203125 0.08984375
0 0.400390625 0.091796875 0.12890625 0.0859375
8 0.7373046875 0.08984375 0.080078125 0.0859375
4 0.0458984375 0.27734375 0.060546875 0.10546875
13 0.119140625 0.2646484375 0.046875 0.138671875
6 0.1884765625 0.2880859375 0.087890625 0.087890625
12 0.515625 0.263671875 0.1015625 0.1328125
14 0.1142578125 0.46484375 0.044921875 0.13671875
14 0.1640625 0.4658203125 0.046875 0.138671875
2 0.2314453125 0.4892578125 0.064453125 0.091796875
4 0.302734375 0.4755859375 0.0546875 0.111328125
5 0.39453125 0.484375 0.08203125 0.08984375
2 0.54296875 0.4873046875 0.06640625 0.083984375
13 0.6318359375 0.462890625 0.041015625 0.13671875
6 0.697265625 0.4833984375 0.078125 0.087890625
4 0.41796875 0.6787109375 0.0625 0.103515625
5 0.490234375 0.6806640625 0.07421875 0.087890625
13 0.6884765625 0.66015625 0.041015625 0.1328125
