9 0.0791015625 0.0927734375 0.087890625 0.095703125
19 0.1318359375 0.2919921875 0.060546875 0.087890625
13 0.2041015625 0.26953125 0.037109375 0.13671875
5 0.3369140625 0.2890625 0.080078125 0.0859375
24 0.5205078125 0.3115234375 0.076171875 0.115234375
19 0.595703125 0.29296875 0.05859375 0.0859375
6 0.7021484375 0.2880859375 0.037109375 0.083984375
0 0.3037109375 0.4921875 0.087890625 0.0859375
1 0.4091796875 0.515625 0.087890625 0.12890625
4 0.5009765625 0.484375 0.068359375 0.09765625
5 0.587890625 0.48828125 0.08984375 0.0859375
2 0.0234375 0.69140625 0.06640625 0.08984375
0 0.1337890625 0.689453125 0.134765625 0.08984375
22 0.2490234375 0.6904296875 0.083984375 0.087890625
6 0.3515625 0.6884765625 0.09375 0.087890625
2 0.4453125 0.6845703125 0.06640625 0.087890625
