6 0.005859375 0.0146484375 0.09375 0.087890625
5 0.10546875 0.005859375 0.0859375 0.09375
8 0.353515625 0.0068359375 0.09375 0.091796875
22 0.453125 0.001953125 0.08203125 0.0859375
13 0.0078125 0.1884765625 0.046875 0.142578125
4 0.06640625 0.2041015625 0.0703125 0.115234375
5 0.1708984375 0.20703125 0.087890625 0.08984375
18 0.26953125 0.1904296875 0.08984375 0.123046875
6 0.4853515625 0.19921875 0.033203125 0.0859375
29 0.63671875 0.185546875 0.12109375 0.16796875
6 0.7216796875 0.19140625 0.037109375 0.08203125
19 0.2685546875 0.40625 0.064453125 0.08984375
5 0.3466796875 0.4072265625 0.083984375 0.087890625
0 0.7373046875 0.3935546875 0.138671875 0.091796875
2 0.00390625 0.609375 0.07421875 0.09375
7 0.2666015625 0.6318359375 0.095703125 0.119140625
0 0.3916015625 0.6015625 0.138671875 0.09765625
13 0.7119140625 0.57421875 0.037109375 0.125
