2 0.212890625 0.2177734375 0.06640625 0.091796875
23 0.3369140625 0.224609375 0.068359375 0.0859375
2 0.408203125 0.2265625 0.06640625 0.08984375
7 0.4931640625 0.2548828125 0.087890625 0.126953125
2 0.646484375 0.2333984375 0.0703125 0.087890625
8 0.1904296875 0.416015625 0.091796875 0.08984375
22 0.2880859375 0.4169921875 0.083984375 0.083984375
8 0.38671875 0.423828125 0.08984375 0.08984375
23 0.5556640625 0.4267578125 0.060546875 0.080078125
9 0.0234375 0.6123046875 0.0859375 0.087890625
2 0.138671875 0.611328125 0.06640625 0.08203125
6 0.4326171875 0.6220703125 0.091796875 0.087890625
4 0.515625 0.619140625 0.05859375 0.08984375
8 0.6142578125 0.6240234375 0.087890625 0.087890625
22 0.708984375 0.630859375 0.078125 0.0859375
