2 0.0048828125 0.01953125 0.033203125 0.04296875
11 0.095703125 0.0126953125 0.0390625 0.060546875
0 0.6142578125 0.03515625 0.056640625 0.0390625
29 0.0244140625 0.107421875 0.052734375 0.0703125
22 0.0732421875 0.109375 0.037109375 0.04296875
5 0.3466796875 0.1220703125 0.037109375 0.041015625
13 0.4892578125 0.103515625 0.029296875 0.08203125
0 0.5390625 0.12109375 0.0546875 0.04296875
13 0.654296875 0.119140625 0.01953125 0.0625
18 0.08984375 0.189453125 0.0390625 0.0546875
2 0.21875 0.20703125 0.03125 0.04296875
1 0.3330078125 0.220703125 0.041015625 0.05859375
6 0.375 0.212890625 0.0390625 0.0390625
5 0.41796875 0.2138671875 0.0390625 0.037109375
7 0.470703125 0.22265625 0.04296875 0.0546875
5 0.5146484375 0.2138671875 0.037109375 0.041015625
23 0.548828125 0.2099609375 0.03125 0.041015625
2 0.6640625 0.2138671875 0.03125 0.041015625
0 0.4443359375 0.30078125 0.060546875 0.0390625
8 0.1494140625 0.3818359375 0.041015625 0.044921875
7 0.2373046875 0.3955078125 0.041015625 0.056640625
7 0.56640625 0.3974609375 0.04296875 0.056640625
13 0.5224609375 0.458984375 0.021484375 0.08203125
8 0.6103515625 0.4794921875 0.041015625 0.041015625
2 0.50390625 0.5654296875 0.03125 0.041015625
10 0.548828125 0.5537109375 0.03515625 0.064453125
8 0.6494140625 0.568359375 0.041015625 0.04296875
22 0.6904296875 0.5703125 0.037109375 0.0390625
