5 0.212890625 0.6083984375 0.03515625 0.037109375
8 0.2490234375 0.6044921875 0.037109375 0.041015625
6 0.28125 0.6064453125 0.01953125 0.033203125
9 0.3310546875 0.6044921875 0.033203125 0.037109375
13 0.375 0.5947265625 0.01953125 0.064453125
2 0.44140625 0.6044921875 0.02734375 0.037109375
2 0.4873046875 0.6044921875 0.029296875 0.037109375
1 0.5390625 0.6083984375 0.03515625 0.048828125
1 0.189453125 0.6923828125 0.03515625 0.048828125
0 0.390625 0.6845703125 0.0546875 0.037109375
22 0.5185546875 0.6845703125 0.033203125 0.037109375
