12 0.611328125 0.068359375 0.03515625 0.078125
5 0.6533203125 0.068359375 0.037109375 0.04296875
6 0.0830078125 0.1611328125 0.044921875 0.041015625
13 0.2275390625 0.1484375 0.025390625 0.06640625
8 0.296875 0.15625 0.0390625 0.04296875
5 0.0654296875 0.2451171875 0.037109375 0.044921875
8 0.375 0.2392578125 0.0390625 0.041015625
0 0.314453125 0.3203125 0.0625 0.04296875
11 0.4794921875 0.3095703125 0.037109375 0.064453125
0 0.5712890625 0.3212890625 0.060546875 0.041015625
11 0.130859375 0.4033203125 0.03515625 0.064453125
13 0.20703125 0.392578125 0.02734375 0.08203125
5 0.3173828125 0.4052734375 0.037109375 0.041015625
11 0.3935546875 0.39453125 0.037109375 0.0625
0 0.00390625 0.4990234375 0.05859375 0.041015625
14 0.56640625 0.478515625 0.01953125 0.0625
15 0.126953125 0.5712890625 0.07421875 0.064453125
11 0.2939453125 0.5634765625 0.037109375 0.064453125
0 0.3876953125 0.5751953125 0.060546875 0.041015625
12 0.5029296875 0.57421875 0.033203125 0.07421875
2 0.5390625 0.572265625 0.03125 0.04296875
6 0.666015625 0.5712890625 0.04296875 0.041015625
8 0.0595703125 0.6689453125 0.041015625 0.044921875
10 0.4921875 0.6474609375 0.03125 0.064453125
0 0.6513671875 0.65625 0.056640625 0.04296875
12 0.7099609375 0.6552734375 0.033203125 0.080078125
0 0.203125 0.7470703125 0.05859375 0.044921875
5 0.625 0.740234375 0.03515625 0.04296875
