2 0.1806640625 0.0576171875 0.029296875 0.037109375
9 0.2158203125 0.0595703125 0.033203125 0.037109375
7 0.26953125 0.0673828125 0.06640625 0.052734375
8 0.55078125 0.05859375 0.03515625 0.03515625
18 0.5947265625 0.0458984375 0.041015625 0.056640625
2 0.6357421875 0.060546875 0.029296875 0.03515625
13 0.7216796875 0.0419921875 0.021484375 0.080078125
19 0.748046875 0.0634765625 0.02734375 0.033203125
9 0.177734375 0.13671875 0.03515625 0.0390625
4 0.220703125 0.1357421875 0.0234375 0.041015625
0 0.298828125 0.1376953125 0.0546875 0.037109375
7 0.361328125 0.1455078125 0.04296875 0.052734375
9 0.533203125 0.138671875 0.03515625 0.0390625
13 0.5703125 0.134765625 0.01953125 0.078125
8 0.6484375 0.1376953125 0.03515625 0.037109375
5 0.74609375 0.140625 0.03515625 0.0390625
2 0.1865234375 0.21484375 0.029296875 0.0390625
8 0.234375 0.216796875 0.03515625 0.03515625
22 0.2763671875 0.212890625 0.033203125 0.03515625
0 0.4775390625 0.216796875 0.052734375 0.03515625
2 0.087890625 0.2958984375 0.03125 0.037109375
0 0.1337890625 0.2958984375 0.052734375 0.037109375
7 0.18359375 0.302734375 0.0390625 0.05078125
21 0.427734375 0.298828125 0.046875 0.05859375
2 0.466796875 0.2939453125 0.03125 0.037109375
10 0.0859375 0.36328125 0.03515625 0.06640625
14 0.2197265625 0.361328125 0.013671875 0.0625
2 0.4169921875 0.373046875 0.029296875 0.03515625
0 0.4697265625 0.375 0.052734375 0.03515625
15 0.2041015625 0.44140625 0.052734375 0.0703125
2 0.25 0.44921875 0.03125 0.03515625
9 0.4765625 0.44921875 0.03515625 0.03515625
7 0.6240234375 0.4609375 0.037109375 0.05078125
4 0.662109375 0.4521484375 0.02734375 0.041015625
0 0.1005859375 0.533203125 0.056640625 0.0390625
8 0.189453125 0.529296875 0.03515625 0.03515625
1 0.5869140625 0.533203125 0.033203125 0.05078125
16 0.09375 0.6025390625 0.046875 0.041015625
0 0.1845703125 0.6064453125 0.056640625 0.037109375
13 0.3955078125 0.5859375 0.021484375 0.078125
8 0.6240234375 0.603515625 0.033203125 0.03515625
2 0.662109375 0.6064453125 0.02734375 0.033203125
5 0.7470703125 0.6064453125 0.033203125 0.033203125
8 0.171875 0.6845703125 0.03515625 0.037109375
5 0.220703125 0.681640625 0.03515625 0.03515625
11 0.259765625 0.671875 0.03515625 0.05859375
2 0.3681640625 0.6796875 0.029296875 0.03515625
19 0.6142578125 0.6806640625 0.025390625 0.033203125
6 0.6455078125 0.681640625 0.033203125 0.03515625
11 0.681640625 0.748046875 0.03515625 0.05859375
