6 0.3623046875 0.0244140625 0.041015625 0.041015625
4 0.666015625 0.017578125 0.03125 0.046875
1 0.7177734375 0.03125 0.041015625 0.0625
13 0.51171875 0.0986328125 0.0234375 0.060546875
0 0.5087890625 0.1875 0.056640625 0.0390625
0 0.6435546875 0.267578125 0.064453125 0.0390625
0 0.39453125 0.3544921875 0.0546875 0.041015625
0 0.5869140625 0.3525390625 0.060546875 0.041015625
13 0.69140625 0.3447265625 0.0234375 0.064453125
11 0.720703125 0.3447265625 0.03515625 0.060546875
7 0.421875 0.4501953125 0.03515625 0.060546875
9 0.63671875 0.4384765625 0.03515625 0.041015625
7 0.6884765625 0.44921875 0.037109375 0.05859375
32 0.4736328125 0.521484375 0.029296875 0.08203125
23 0.6357421875 0.521484375 0.033203125 0.0390625
0 0.595703125 0.6044921875 0.0625 0.041015625
0 0.5927734375 0.6865234375 0.056640625 0.041015625
