12 0.3544921875 0.0185546875 0.033203125 0.076171875
14 0.4111328125 0.0068359375 0.017578125 0.060546875
8 0.4755859375 0.015625 0.041015625 0.04296875
0 0.4873046875 0.0966796875 0.083984375 0.041015625
12 0.0341796875 0.1865234375 0.033203125 0.076171875
8 0.4248046875 0.1796875 0.041015625 0.04296875
8 0.5224609375 0.1796875 0.041015625 0.04296875
9 0.72265625 0.1767578125 0.03515625 0.041015625
2 0.41015625 0.2626953125 0.03125 0.041015625
11 0.10546875 0.3408203125 0.03515625 0.060546875
23 0.18359375 0.349609375 0.03515625 0.0390625
11 0.22265625 0.3388671875 0.03515625 0.060546875
8 0.615234375 0.34375 0.04296875 0.04296875
13 0.2958984375 0.423828125 0.025390625 0.0625
2 0.421875 0.431640625 0.03125 0.04296875
6 0.630859375 0.4267578125 0.05859375 0.041015625
0 0.0751953125 0.5185546875 0.060546875 0.041015625
6 0.12890625 0.51953125 0.0390625 0.0390625
9 0.5146484375 0.5126953125 0.033203125 0.041015625
2 0.65625 0.51171875 0.02734375 0.0390625
9 0.689453125 0.509765625 0.03125 0.0390625
0 0.11328125 0.603515625 0.0625 0.04296875
15 0.4140625 0.58984375 0.07421875 0.0625
2 0.4697265625 0.5966796875 0.029296875 0.041015625
8 0.7021484375 0.5927734375 0.025390625 0.041015625
8 0.099609375 0.6904296875 0.0390625 0.037109375
7 0.3447265625 0.6953125 0.037109375 0.05859375
9 0.4814453125 0.6806640625 0.033203125 0.041015625
1 0.537109375 0.689453125 0.0390625 0.0625
0 0.6650390625 0.677734375 0.060546875 0.04296875
