0 0.05859375 0.0869140625 0.0625 0.048828125
2 0.1064453125 0.083984375 0.025390625 0.0390625
11 0.140625 0.076171875 0.03515625 0.0625
9 0.236328125 0.0810546875 0.03515625 0.041015625
5 0.65234375 0.0732421875 0.03515625 0.041015625
5 0.2568359375 0.1630859375 0.037109375 0.041015625
5 0.6689453125 0.1552734375 0.033203125 0.041015625
20 0.5498046875 0.2412109375 0.064453125 0.083984375
9 0.177734375 0.3291015625 0.03515625 0.041015625
0 0.2392578125 0.330078125 0.060546875 0.04296875
5 0.291015625 0.330078125 0.03125 0.0390625
9 0.38671875 0.3291015625 0.03515625 0.041015625
8 0.607421875 0.32421875 0.0390625 0.04296875
13 0.0947265625 0.408203125 0.021484375 0.0625
1 0.421875 0.41796875 0.0390625 0.0625
6 0.4658203125 0.41015625 0.041015625 0.0390625
18 0.5439453125 0.4033203125 0.037109375 0.048828125
13 0.2978515625 0.4853515625 0.029296875 0.064453125
10 0.5166015625 0.4794921875 0.029296875 0.064453125
0 0.6796875 0.4873046875 0.0546875 0.041015625
0 0.0615234375 0.5791015625 0.060546875 0.044921875
14 0.36328125 0.56640625 0.015625 0.0625
8 0.42578125 0.5751953125 0.03515625 0.041015625
14 0.6982421875 0.560546875 0.017578125 0.0625
5 0.728515625 0.5712890625 0.03515625 0.041015625
7 0.3466796875 0.669921875 0.037109375 0.05859375
5 0.4853515625 0.6572265625 0.037109375 0.041015625
0 0.6015625 0.658203125 0.05859375 0.04296875
0 0.138671875 0.7431640625 0.05859375 0.041015625
6 0.1923828125 0.7421875 0.041015625 0.0390625
0 0.4345703125 0.740234375 0.060546875 0.04296875
