22 0.30078125 0.185546875 0.078125 0.0859375
14 0.37109375 0.1669921875 0.04296875 0.134765625
6 0.44140625 0.1884765625 0.08984375 0.087890625
13 0.53125 0.16796875 0.04296875 0.140625
5 0.6025390625 0.1875 0.083984375 0.09375
9 0.0439453125 0.380859375 0.080078125 0.09765625
5 0.1552734375 0.3837890625 0.083984375 0.091796875
13 0.2236328125 0.3662109375 0.044921875 0.142578125
28 0.4326171875 0.361328125 0.103515625 0.140625
13 0.5146484375 0.3642578125 0.044921875 0.138671875
4 0.2744140625 0.5751953125 0.056640625 0.111328125
6 0.4921875 0.5888671875 0.08984375 0.095703125
8 0.59375 0.5859375 0.09765625 0.09375
1 0.697265625 0.6123046875 0.0859375 0.138671875
