1 0.0546875 0.08203125 0.0859375 0.1328125
2 0.04296875 0.2607421875 0.0703125 0.087890625
5 0.126953125 0.2578125 0.08203125 0.08984375
1 0.2529296875 0.2822265625 0.083984375 0.134765625
6 0.3681640625 0.2578125 0.091796875 0.0859375
22 0.47265625 0.25390625 0.0859375 0.0859375
6 0.0498046875 0.4580078125 0.095703125 0.087890625
22 0.1533203125 0.4580078125 0.083984375 0.083984375
9 0.251953125 0.458984375 0.0859375 0.09375
16 0.3720703125 0.45703125 0.099609375 0.0859375
22 0.4814453125 0.4541015625 0.083984375 0.087890625
22 0.0947265625 0.6640625 0.080078125 0.0859375
14 0.171875 0.6376953125 0.046875 0.138671875
4 0.3779296875 0.6552734375 0.056640625 0.087890625
