23 0.5576171875 0.0380859375 0.029296875 0.041015625
18 0.607421875 0.0302734375 0.0390625 0.052734375
7 0.46484375 0.2255859375 0.04296875 0.060546875
13 0.498046875 0.2060546875 0.0234375 0.064453125
14 0.6103515625 0.20703125 0.021484375 0.0625
13 0.705078125 0.201171875 0.01953125 0.08203125
8 0.365234375 0.302734375 0.0703125 0.046875
8 0.6201171875 0.3076171875 0.041015625 0.044921875
46 0.595703125 0.3984375 0.07421875 0.04296875
14 0.6474609375 0.388671875 0.021484375 0.0625
14 0.5625 0.474609375 0.0234375 0.0625
5 0.59375 0.486328125 0.0390625 0.04296875
3 0.669921875 0.478515625 0.0546875 0.0625
1 0.3525390625 0.580078125 0.044921875 0.05859375
23 0.5693359375 0.5751953125 0.033203125 0.048828125
10 0.6142578125 0.5634765625 0.037109375 0.064453125
