1 0.0234375 0.1005859375 0.09375 0.130859375
13 0.349609375 0.0439453125 0.05078125 0.142578125
18 0.4248046875 0.0537109375 0.091796875 0.123046875
1 0.548828125 0.083984375 0.08984375 0.1328125
18 0.658203125 0.03125 0.09375 0.13671875
1 0.7470703125 0.2734375 0.091796875 0.1328125
22 0.015625 0.4716796875 0.08203125 0.087890625
13 0.080078125 0.4462890625 0.046875 0.138671875
5 0.1591796875 0.4658203125 0.087890625 0.091796875
0 0.3193359375 0.4580078125 0.138671875 0.087890625
6 0.4443359375 0.4580078125 0.087890625 0.083984375
0 0.109375 0.6708984375 0.13671875 0.087890625
6 0.228515625 0.66796875 0.08984375 0.0859375
9 0.3251953125 0.6591796875 0.083984375 0.095703125
6 0.447265625 0.658203125 0.08984375 0.0859375
4 0.533203125 0.658203125 0.06640625 0.109375
7 0.6328125 0.6806640625 0.08203125 0.126953125
12 0.740234375 0.6318359375 0.10546875 0.134765625
