13 0.1611328125 0.0390625 0.021484375 0.0625
5 0.0126953125 0.1376953125 0.033203125 0.037109375
0 0.0556640625 0.1318359375 0.052734375 0.037109375
18 0.1640625 0.1171875 0.04296875 0.05859375
23 0.056640625 0.3681640625 0.03125 0.037109375
22 0.0927734375 0.3662109375 0.033203125 0.037109375
0 0.068359375 0.447265625 0.03515625 0.03515625
8 0.0048828125 0.5263671875 0.033203125 0.037109375
21 0.052734375 0.5322265625 0.05078125 0.056640625
2 0.17578125 0.5185546875 0.03125 0.033203125
20 0.1220703125 0.595703125 0.056640625 0.07421875
22 0.1748046875 0.59765625 0.033203125 0.0390625
2 0.107421875 0.67578125 0.03125 0.03515625
5 0.158203125 0.6748046875 0.03515625 0.037109375
