8 0.330078125 0.0625 0.03515625 0.03515625
2 0.3701171875 0.0595703125 0.029296875 0.037109375
2 0.4111328125 0.0576171875 0.029296875 0.037109375
5 0.52734375 0.0556640625 0.03515625 0.037109375
8 0.2861328125 0.1396484375 0.037109375 0.037109375
22 0.330078125 0.1416015625 0.03515625 0.037109375
2 0.701171875 0.1240234375 0.03125 0.037109375
16 0.7392578125 0.1240234375 0.044921875 0.041015625
1 0.53125 0.220703125 0.03515625 0.05078125
4 0.728515625 0.2041015625 0.0234375 0.041015625
23 0.2412109375 0.296875 0.029296875 0.03515625
7 0.27734375 0.3037109375 0.0390625 0.052734375
13 0.3076171875 0.27734375 0.021484375 0.08203125
5 0.337890625 0.2978515625 0.03515625 0.037109375
5 0.337890625 0.2978515625 0.03515625 0.037109375
5 0.55859375 0.2880859375 0.03515625 0.037109375
6 0.7099609375 0.283203125 0.033203125 0.03515625
0 0.0205078125 0.384765625 0.056640625 0.0390625
8 0.21875 0.3759765625 0.03515625 0.037109375
8 0.21875 0.3759765625 0.03515625 0.037109375
38 0.396484375 0.36328125 0.0625 0.06640625
5 0.57421875 0.365234375 0.03515625 0.03515625
7 0.4287109375 0.45703125 0.041015625 0.05078125
22 0.6201171875 0.4423828125 0.033203125 0.037109375
8 0.658203125 0.4423828125 0.03515625 0.037109375
2 0.6953125 0.44140625 0.02734375 0.03515625
23 0.1005859375 0.5390625 0.029296875 0.03515625
0 0.279296875 0.529296875 0.0546875 0.03515625
7 0.330078125 0.53515625 0.0390625 0.046875
22 0.080078125 0.6103515625 0.03515625 0.037109375
19 0.1181640625 0.611328125 0.029296875 0.03515625
5 0.15234375 0.6083984375 0.03515625 0.037109375
14 0.33984375 0.5908203125 0.015625 0.056640625
13 0.56640625 0.5751953125 0.01953125 0.080078125
5 0.166015625 0.685546875 0.03125 0.03515625
9 0.203125 0.681640625 0.03125 0.0390625
5 0.2490234375 0.6796875 0.033203125 0.0390625
18 0.291015625 0.669921875 0.04296875 0.05859375
6 0.3857421875 0.6767578125 0.033203125 0.037109375
0 0.6904296875 0.6708984375 0.056640625 0.037109375
