1 0.58203125 0.0517578125 0.03515625 0.052734375
6 0.623046875 0.046875 0.03515625 0.03515625
22 0.6640625 0.0439453125 0.03515625 0.037109375
8 0.7216796875 0.041015625 0.017578125 0.03515625
7 0.4052734375 0.2109375 0.041015625 0.0546875
8 0.443359375 0.283203125 0.03515625 0.03515625
8 0.6328125 0.2802734375 0.03515625 0.037109375
7 0.73828125 0.2861328125 0.0390625 0.052734375
5 0.484375 0.4345703125 0.03515625 0.037109375
2 0.5625 0.435546875 0.02734375 0.03515625
0 0.609375 0.4365234375 0.0546875 0.037109375
18 0.4140625 0.5078125 0.04296875 0.05078125
5 0.498046875 0.5126953125 0.03515625 0.037109375
23 0.5927734375 0.51171875 0.029296875 0.03515625
14 0.6474609375 0.5830078125 0.017578125 0.060546875
11 0.712890625 0.5810546875 0.03515625 0.060546875
13 0.7451171875 0.568359375 0.021484375 0.0859375
5 0.47265625 0.6708984375 0.03515625 0.037109375
14 0.5126953125 0.6611328125 0.013671875 0.056640625
1 0.583984375 0.67578125 0.03515625 0.05078125
5 0.4755859375 0.748046875 0.033203125 0.03515625
