16 0.103515625 0.177734375 0.09765625 0.0859375
13 0.181640625 0.1552734375 0.04296875 0.138671875
6 0.251953125 0.177734375 0.09375 0.0859375
5 0.3564453125 0.1708984375 0.087890625 0.091796875
8 0.451171875 0.1708984375 0.09375 0.087890625
4 0.533203125 0.16015625 0.06640625 0.11328125
19 0.6259765625 0.169921875 0.064453125 0.08984375
5 0.708984375 0.1708984375 0.09375 0.087890625
8 0.2998046875 0.3671875 0.095703125 0.08984375
6 0.7294921875 0.3642578125 0.091796875 0.083984375
13 0.1796875 0.541015625 0.04296875 0.13671875
4 0.37890625 0.5517578125 0.06640625 0.111328125
