29 0.1044921875 0.5693359375 0.060546875 0.076171875
5 0.1572265625 0.5732421875 0.033203125 0.037109375
0 0.2060546875 0.57421875 0.052734375 0.03515625
8 0.318359375 0.5732421875 0.03515625 0.037109375
6 0.435546875 0.5751953125 0.03515625 0.037109375
2 0.625 0.5751953125 0.03125 0.037109375
22 0.2021484375 0.65234375 0.033203125 0.0390625
0 0.5869140625 0.65234375 0.052734375 0.03515625
4 0.70703125 0.6533203125 0.0234375 0.041015625
6 0.1474609375 0.7314453125 0.033203125 0.037109375
9 0.185546875 0.7294921875 0.03515625 0.037109375
0 0.2431640625 0.73046875 0.052734375 0.0390625
5 0.29296875 0.73046875 0.03515625 0.03515625
18 0.333984375 0.7177734375 0.0390625 0.056640625
