18 0.6826171875 0.0087890625 0.087890625 0.119140625
2 0.130859375 0.2099609375 0.07421875 0.091796875
0 0.2646484375 0.2138671875 0.134765625 0.091796875
5 0.6689453125 0.2314453125 0.083984375 0.091796875
9 0.013671875 0.40234375 0.08984375 0.09765625
12 0.2998046875 0.3916015625 0.111328125 0.134765625
2 0.470703125 0.4169921875 0.07421875 0.091796875
22 0.615234375 0.423828125 0.08203125 0.0859375
7 0.7138671875 0.451171875 0.099609375 0.1328125
9 0.259765625 0.6103515625 0.08984375 0.099609375
5 0.4287109375 0.6181640625 0.095703125 0.095703125
14 0.50390625 0.5966796875 0.04296875 0.138671875
6 0.5791015625 0.625 0.091796875 0.08984375
5 0.6767578125 0.6279296875 0.083984375 0.091796875
