8 0.4658203125 0.0361328125 0.037109375 0.037109375
2 0.505859375 0.037109375 0.03125 0.0390625
14 0.2275390625 0.107421875 0.017578125 0.0625
22 0.2587890625 0.1201171875 0.037109375 0.037109375
13 0.380859375 0.09765625 0.01953125 0.078125
8 0.421875 0.1171875 0.03515625 0.03515625
22 0.46484375 0.1181640625 0.03515625 0.037109375
2 0.0107421875 0.2001953125 0.033203125 0.037109375
22 0.0595703125 0.19921875 0.033203125 0.0390625
5 0.244140625 0.2001953125 0.03125 0.037109375
5 0.3310546875 0.2001953125 0.033203125 0.037109375
7 0.369140625 0.205078125 0.03515625 0.05078125
5 0.498046875 0.1962890625 0.03515625 0.037109375
5 0.0029296875 0.2763671875 0.033203125 0.037109375
0 0.056640625 0.27734375 0.03515625 0.03515625
8 0.109375 0.279296875 0.03515625 0.03515625
22 0.1494140625 0.2783203125 0.033203125 0.037109375
5 0.5234375 0.2734375 0.03125 0.03515625
5 0.005859375 0.3583984375 0.03515625 0.037109375
0 0.052734375 0.3544921875 0.0546875 0.037109375
13 0.2255859375 0.345703125 0.017578125 0.0625
1 0.3203125 0.36328125 0.03515625 0.05078125
22 0.404296875 0.353515625 0.03515625 0.0390625
6 0.607421875 0.3544921875 0.03515625 0.037109375
6 0.0068359375 0.4345703125 0.017578125 0.033203125
8 0.126953125 0.4365234375 0.03515625 0.037109375
7 0.4599609375 0.4404296875 0.037109375 0.056640625
22 0.0888671875 0.513671875 0.033203125 0.0390625
8 0.1357421875 0.517578125 0.033203125 0.03515625
7 0.244140625 0.5234375 0.05078125 0.0546875
5 0.4013671875 0.509765625 0.033203125 0.03515625
1 0.58203125 0.5185546875 0.03515625 0.052734375
13 0.025390625 0.580078125 0.01953125 0.0625
6 0.0634765625 0.58984375 0.037109375 0.03515625
4 0.095703125 0.5888671875 0.0234375 0.037109375
4 0.1884765625 0.5927734375 0.021484375 0.041015625
21 0.236328125 0.599609375 0.046875 0.0546875
27 0.330078125 0.595703125 0.0234375 0.0390625
5 0.376953125 0.5888671875 0.03515625 0.037109375
6 0.4130859375 0.591796875 0.033203125 0.03515625
5 0.0185546875 0.666015625 0.033203125 0.03515625
8 0.05859375 0.6669921875 0.03515625 0.033203125
1 0.357421875 0.6748046875 0.03515625 0.048828125
22 0.439453125 0.669921875 0.03515625 0.03515625
5 0.61328125 0.66796875 0.03515625 0.03515625
0 0.041015625 0.7421875 0.0546875 0.0390625
13 0.2099609375 0.7333984375 0.025390625 0.060546875
9 0.2412109375 0.744140625 0.033203125 0.03515625
0 0.3291015625 0.744140625 0.052734375 0.03515625
5 0.3759765625 0.7431640625 0.037109375 0.037109375
18 0.529296875 0.734375 0.04296875 0.0546875
22 0.5732421875 0.7470703125 0.037109375 0.037109375
