12 0.2158203125 0.08984375 0.107421875 0.1328125
5 0.3173828125 0.111328125 0.083984375 0.08984375
19 0.4033203125 0.1171875 0.064453125 0.0859375
1 0.5068359375 0.140625 0.087890625 0.1328125
6 0.615234375 0.123046875 0.09375 0.08984375
2 0.7080078125 0.1201171875 0.068359375 0.091796875
22 0.2958984375 0.318359375 0.083984375 0.08984375
7 0.3935546875 0.341796875 0.099609375 0.1328125
13 0.470703125 0.296875 0.046875 0.140625
11 0.544921875 0.294921875 0.08984375 0.1328125
6 0.6455078125 0.326171875 0.091796875 0.08984375
9 0.744140625 0.3173828125 0.0859375 0.095703125
22 0.205078125 0.5107421875 0.0859375 0.087890625
5 0.3486328125 0.5205078125 0.091796875 0.091796875
18 0.4521484375 0.5048828125 0.087890625 0.123046875
13 0.533203125 0.498046875 0.046875 0.13671875
6 0.6044921875 0.51953125 0.087890625 0.08984375
6 0.7060546875 0.521484375 0.095703125 0.08984375
5 0.0419921875 0.71484375 0.091796875 0.09375
14 0.115234375 0.6875 0.046875 0.13671875
6 0.1904296875 0.7119140625 0.091796875 0.087890625
22 0.2900390625 0.71875 0.087890625 0.0859375
2 0.7255859375 0.7294921875 0.076171875 0.091796875
