2 0.1279296875 0.095703125 0.072265625 0.09375
9 0.2109375 0.0927734375 0.0859375 0.095703125
14 0.6376953125 0.0791015625 0.048828125 0.138671875
13 0.404296875 0.2802734375 0.0390625 0.142578125
14 0.44921875 0.275390625 0.046875 0.140625
14 0.501953125 0.279296875 0.046875 0.140625
18 0.580078125 0.2890625 0.08984375 0.125
1 0.708984375 0.330078125 0.0859375 0.13671875
0 0.025390625 0.4951171875 0.140625 0.091796875
1 0.150390625 0.517578125 0.0859375 0.13671875
4 0.3935546875 0.494140625 0.068359375 0.109375
2 0.4228515625 0.7060546875 0.064453125 0.091796875
8 0.509765625 0.70703125 0.09765625 0.09375
