7 0.0146484375 0.044921875 0.044921875 0.05859375
0 0.4306640625 0.0341796875 0.060546875 0.041015625
6 0.4833984375 0.0390625 0.041015625 0.04296875
6 0.6357421875 0.0390625 0.041015625 0.0390625
14 0.6787109375 0.0263671875 0.021484375 0.064453125
1 0.3720703125 0.13671875 0.041015625 0.05859375
5 0.52734375 0.1279296875 0.0390625 0.041015625
9 0.732421875 0.126953125 0.0390625 0.046875
0 0.064453125 0.2119140625 0.0625 0.041015625
22 0.1162109375 0.2138671875 0.037109375 0.041015625
18 0.2158203125 0.20703125 0.041015625 0.0546875
2 0.2578125 0.21484375 0.03125 0.04296875
0 0.498046875 0.216796875 0.0625 0.04296875
2 0.6689453125 0.216796875 0.033203125 0.04296875
11 0.0908203125 0.291015625 0.041015625 0.0625
18 0.5322265625 0.2958984375 0.041015625 0.056640625
2 0.5732421875 0.306640625 0.033203125 0.046875
8 0.6220703125 0.3056640625 0.041015625 0.048828125
14 0.4541015625 0.3798828125 0.021484375 0.060546875
8 0.525390625 0.3896484375 0.04296875 0.041015625
9 0.572265625 0.388671875 0.0390625 0.04296875
0 0.6787109375 0.3896484375 0.060546875 0.041015625
5 0.728515625 0.392578125 0.03515625 0.04296875
9 0.1982421875 0.4736328125 0.037109375 0.041015625
22 0.484375 0.4697265625 0.0390625 0.037109375
0 0.634765625 0.4765625 0.05859375 0.0390625
5 0.1005859375 0.5625 0.033203125 0.0390625
13 0.185546875 0.552734375 0.0234375 0.0625
18 0.28515625 0.5537109375 0.04296875 0.052734375
0 0.650390625 0.5634765625 0.0625 0.041015625
