13 0.326171875 0.0361328125 0.0234375 0.064453125
18 0.408203125 0.037109375 0.04296875 0.0546875
7 0.4892578125 0.0546875 0.041015625 0.05859375
6 0.537109375 0.046875 0.0390625 0.0390625
4 0.5751953125 0.04296875 0.029296875 0.05078125
5 0.609375 0.048828125 0.03515625 0.0390625
9 0.71484375 0.0478515625 0.0390625 0.044921875
9 0.71484375 0.0478515625 0.0390625 0.044921875
8 0.349609375 0.134765625 0.04296875 0.0390625
22 0.4453125 0.134765625 0.03515625 0.0390625
2 0.6953125 0.1396484375 0.03125 0.041015625
1 0.0244140625 0.2255859375 0.037109375 0.060546875
9 0.2099609375 0.2216796875 0.037109375 0.041015625
8 0.4892578125 0.228515625 0.041015625 0.0390625
18 0.1552734375 0.302734375 0.041015625 0.0546875
1 0.517578125 0.3271484375 0.0390625 0.056640625
5 0.6572265625 0.318359375 0.041015625 0.0390625
8 0.6982421875 0.3212890625 0.041015625 0.041015625
8 0.05078125 0.4013671875 0.04296875 0.041015625
2 0.4306640625 0.4052734375 0.033203125 0.041015625
2 0.5380859375 0.41015625 0.029296875 0.04296875
22 0.0380859375 0.4921875 0.037109375 0.0390625
4 0.2705078125 0.48828125 0.025390625 0.05078125
8 0.552734375 0.4951171875 0.0390625 0.041015625
2 0.673828125 0.4931640625 0.03125 0.041015625
1 0.1162109375 0.591796875 0.041015625 0.05859375
8 0.498046875 0.5830078125 0.04296875 0.044921875
6 0.6201171875 0.5810546875 0.044921875 0.041015625
18 0.6787109375 0.572265625 0.041015625 0.0546875
2 0.7197265625 0.5849609375 0.029296875 0.041015625
