5 0.5673828125 0.0068359375 0.091796875 0.091796875
22 0.12890625 0.1962890625 0.0859375 0.087890625
7 0.232421875 0.2197265625 0.1015625 0.134765625
6 0.3408203125 0.2021484375 0.091796875 0.087890625
9 0.44140625 0.1982421875 0.08984375 0.091796875
2 0.5791015625 0.1982421875 0.068359375 0.087890625
2 0.6533203125 0.2021484375 0.072265625 0.091796875
19 0.029296875 0.3955078125 0.05859375 0.087890625
5 0.10546875 0.39453125 0.08984375 0.08984375
22 0.365234375 0.404296875 0.0859375 0.08984375
2 0.4599609375 0.3955078125 0.072265625 0.087890625
0 0.591796875 0.4033203125 0.1328125 0.083984375
2 0.7060546875 0.4013671875 0.072265625 0.087890625
1 0.0986328125 0.6142578125 0.083984375 0.130859375
