14 0.1962890625 0.134765625 0.048828125 0.1328125
22 0.2724609375 0.1533203125 0.083984375 0.087890625
1 0.3720703125 0.1767578125 0.087890625 0.134765625
6 0.4775390625 0.154296875 0.095703125 0.08984375
2 0.57421875 0.154296875 0.078125 0.08984375
7 0.0419921875 0.3837890625 0.099609375 0.134765625
5 0.5986328125 0.3447265625 0.091796875 0.091796875
7 0.693359375 0.3701171875 0.09375 0.123046875
5 0.064453125 0.55859375 0.08984375 0.08984375
9 0.4873046875 0.548828125 0.087890625 0.09375
5 0.6025390625 0.544921875 0.087890625 0.08984375
6 0.701171875 0.5478515625 0.09375 0.087890625
11 0.5703125 0.7255859375 0.08984375 0.130859375
5 0.6669921875 0.7451171875 0.080078125 0.091796875
