6 0.0625 0.0966796875 0.09375 0.087890625
2 0.1552734375 0.095703125 0.068359375 0.08984375
1 0.6591796875 0.1162109375 0.083984375 0.130859375
22 0.0615234375 0.29296875 0.087890625 0.0859375
18 0.1591796875 0.27734375 0.087890625 0.12109375
5 0.30859375 0.294921875 0.09375 0.08984375
18 0.412109375 0.27734375 0.08984375 0.12109375
13 0.7119140625 0.265625 0.044921875 0.1875
13 0.0732421875 0.4736328125 0.044921875 0.138671875
4 0.1318359375 0.4853515625 0.068359375 0.107421875
5 0.208984375 0.4970703125 0.08203125 0.087890625
5 0.599609375 0.4970703125 0.08203125 0.087890625
8 0.6982421875 0.4921875 0.099609375 0.08984375
22 0.0869140625 0.6923828125 0.083984375 0.087890625
9 0.1923828125 0.69140625 0.083984375 0.09375
21 0.3251953125 0.7177734375 0.099609375 0.130859375
23 0.412109375 0.6953125 0.06640625 0.08203125
2 0.484375 0.6982421875 0.06640625 0.087890625
7 0.7138671875 0.71484375 0.095703125 0.1328125
