5 0.2294921875 0.03515625 0.037109375 0.0390625
8 0.3505859375 0.0400390625 0.037109375 0.037109375
2 0.0712890625 0.1123046875 0.029296875 0.044921875
0 0.2646484375 0.1181640625 0.056640625 0.041015625
11 0.3779296875 0.109375 0.037109375 0.0625
0 0.4951171875 0.20703125 0.060546875 0.04296875
14 0.59375 0.1953125 0.015625 0.0625
0 0.033203125 0.28125 0.0625 0.05078125
0 0.2236328125 0.2841796875 0.060546875 0.044921875
2 0.287109375 0.2861328125 0.03125 0.044921875
9 0.3828125 0.287109375 0.03515625 0.04296875
0 0.6572265625 0.2919921875 0.060546875 0.044921875
1 0.1640625 0.375 0.0390625 0.0625
6 0.2080078125 0.369140625 0.041015625 0.0390625
14 0.41796875 0.3623046875 0.015625 0.064453125
0 0.4951171875 0.3740234375 0.052734375 0.044921875
1 0.7041015625 0.384765625 0.037109375 0.0625
23 0.19140625 0.451171875 0.03125 0.0390625
14 0.4208984375 0.4453125 0.017578125 0.0625
0 0.6279296875 0.4599609375 0.060546875 0.041015625
1 0.4130859375 0.5458984375 0.037109375 0.064453125
6 0.455078125 0.541015625 0.0390625 0.0390625
18 0.1767578125 0.6123046875 0.037109375 0.048828125
1 0.1669921875 0.7119140625 0.037109375 0.056640625
14 0.25 0.6904296875 0.01953125 0.064453125
18 0.4189453125 0.7021484375 0.037109375 0.052734375
6 0.5537109375 0.7109375 0.041015625 0.0390625
