13 0.3212890625 0.0029296875 0.025390625 0.064453125
18 0.466796875 0.009765625 0.03515625 0.046875
6 0.740234375 0.021484375 0.04296875 0.0390625
0 0.6689453125 0.1025390625 0.048828125 0.037109375
2 0.724609375 0.099609375 0.03125 0.0390625
6 0.1923828125 0.173828125 0.041015625 0.0390625
0 0.3779296875 0.1767578125 0.060546875 0.041015625
8 0.7255859375 0.185546875 0.041015625 0.0390625
5 0.3935546875 0.26171875 0.037109375 0.0390625
8 0.7236328125 0.2685546875 0.033203125 0.037109375
9 0.0185546875 0.333984375 0.033203125 0.04296875
14 0.3525390625 0.3310546875 0.017578125 0.060546875
9 0.66796875 0.349609375 0.03515625 0.04296875
0 0.2646484375 0.42578125 0.060546875 0.0390625
12 0.33984375 0.427734375 0.03125 0.078125
11 0.646484375 0.421875 0.03515625 0.0625
13 0.6923828125 0.42578125 0.025390625 0.0625
13 0.447265625 0.505859375 0.01953125 0.0625
13 0.5244140625 0.49609375 0.025390625 0.078125
18 0.005859375 0.583984375 0.03515625 0.046875
27 0.259765625 0.60546875 0.01953125 0.05078125
0 0.0244140625 0.671875 0.056640625 0.0390625
