14 0.02734375 0.0595703125 0.01953125 0.060546875
5 0.1279296875 0.0693359375 0.037109375 0.041015625
7 0.1298828125 0.1630859375 0.037109375 0.060546875
14 0.0205078125 0.224609375 0.017578125 0.06640625
13 0.2451171875 0.2197265625 0.025390625 0.080078125
0 0.013671875 0.40234375 0.0625 0.04296875
5 0.064453125 0.4052734375 0.03515625 0.041015625
19 0.0986328125 0.4052734375 0.029296875 0.041015625
12 0.1337890625 0.40625 0.033203125 0.078125
5 0.173828125 0.40234375 0.03515625 0.04296875
0 0.22265625 0.4052734375 0.0625 0.048828125
0 0.1884765625 0.4853515625 0.056640625 0.041015625
0 0.224609375 0.568359375 0.0625 0.046875
9 0.140625 0.65625 0.03515625 0.04296875
13 0.1650390625 0.7314453125 0.025390625 0.068359375
5 0.23828125 0.740234375 0.0390625 0.04296875
