4 0.0224609375 0.0302734375 0.068359375 0.111328125
6 0.181640625 0.037109375 0.08984375 0.0859375
19 0.294921875 0.0390625 0.0625 0.0859375
2 0.4443359375 0.0361328125 0.072265625 0.087890625
5 0.6396484375 0.03515625 0.083984375 0.08984375
8 0.7333984375 0.03515625 0.095703125 0.08984375
8 0.0576171875 0.2314453125 0.095703125 0.091796875
4 0.14453125 0.2294921875 0.06640625 0.103515625
6 0.345703125 0.2333984375 0.09375 0.087890625
2 0.44140625 0.2294921875 0.0703125 0.091796875
7 0.5693359375 0.2548828125 0.103515625 0.138671875
6 0.673828125 0.2333984375 0.0859375 0.083984375
5 0.083984375 0.431640625 0.08203125 0.08984375
14 0.1533203125 0.40625 0.044921875 0.13671875
6 0.271484375 0.4326171875 0.09375 0.087890625
18 0.376953125 0.4091796875 0.0859375 0.119140625
7 0.50390625 0.4521484375 0.1171875 0.130859375
13 0.7451171875 0.4052734375 0.041015625 0.134765625
5 0.12109375 0.6220703125 0.08984375 0.087890625
0 0.662109375 0.623046875 0.13671875 0.08984375
