20 0.0361328125 0.0634765625 0.146484375 0.189453125
22 0.1689453125 0.072265625 0.083984375 0.0859375
2 0.4453125 0.068359375 0.06640625 0.0859375
0 0.552734375 0.0693359375 0.140625 0.087890625
22 0.673828125 0.0693359375 0.08203125 0.083984375
14 0.0380859375 0.2431640625 0.044921875 0.138671875
14 0.0849609375 0.2470703125 0.041015625 0.134765625
5 0.1591796875 0.267578125 0.083984375 0.08984375
16 0.2744140625 0.267578125 0.099609375 0.0859375
13 0.35546875 0.2421875 0.046875 0.13671875
5 0.42578125 0.2646484375 0.0859375 0.087890625
8 0.5537109375 0.2666015625 0.087890625 0.083984375
22 0.6552734375 0.2724609375 0.083984375 0.087890625
2 0.03515625 0.4609375 0.0703125 0.09375
9 0.1162109375 0.4599609375 0.083984375 0.091796875
2 0.2236328125 0.4599609375 0.072265625 0.087890625
19 0.3193359375 0.4619140625 0.060546875 0.091796875
13 0.61328125 0.4443359375 0.0390625 0.138671875
1 0.744140625 0.48828125 0.0859375 0.125
5 0.048828125 0.65625 0.08984375 0.09375
19 0.1396484375 0.6572265625 0.064453125 0.087890625
16 0.2431640625 0.658203125 0.095703125 0.0859375
13 0.328125 0.6357421875 0.046875 0.142578125
5 0.400390625 0.6552734375 0.0859375 0.087890625
