19 0.0390625 0.0927734375 0.0625 0.087890625
13 0.1142578125 0.07421875 0.044921875 0.140625
7 0.1884765625 0.1201171875 0.103515625 0.130859375
5 0.294921875 0.1005859375 0.08203125 0.087890625
6 0.099609375 0.2939453125 0.0859375 0.087890625
11 0.1943359375 0.26953125 0.087890625 0.1328125
2 0.505859375 0.2978515625 0.06640625 0.087890625
4 0.5830078125 0.2880859375 0.064453125 0.103515625
2 0.6513671875 0.2958984375 0.068359375 0.087890625
0 0.15234375 0.4951171875 0.12890625 0.087890625
5 0.275390625 0.494140625 0.08203125 0.0859375
14 0.341796875 0.46875 0.046875 0.13671875
6 0.4150390625 0.4951171875 0.095703125 0.087890625
8 0.0966796875 0.6923828125 0.041015625 0.087890625
6 0.2197265625 0.693359375 0.091796875 0.0859375
0 0.34765625 0.6923828125 0.1328125 0.087890625
22 0.5078125 0.69140625 0.08203125 0.0859375
0 0.630859375 0.697265625 0.140625 0.0859375
13 0.724609375 0.671875 0.04296875 0.140625
