0 0.333984375 0.01953125 0.0546875 0.04296875
5 0.380859375 0.0205078125 0.03515625 0.041015625
11 0.4609375 0.0078125 0.03515625 0.0625
14 0.7041015625 0.0078125 0.017578125 0.0625
5 0.732421875 0.01953125 0.03515625 0.04296875
12 0.4189453125 0.10546875 0.033203125 0.078125
7 0.689453125 0.11328125 0.03515625 0.0546875
5 0.73046875 0.1044921875 0.0390625 0.041015625
2 0.0263671875 0.1865234375 0.029296875 0.044921875
5 0.2685546875 0.1884765625 0.037109375 0.041015625
8 0.33203125 0.189453125 0.0390625 0.04296875
8 0.5419921875 0.1904296875 0.041015625 0.044921875
8 0.169921875 0.275390625 0.03515625 0.04296875
6 0.208984375 0.2763671875 0.0390625 0.044921875
