9 0.0458984375 0.1435546875 0.083984375 0.091796875
13 0.1376953125 0.126953125 0.044921875 0.1328125
6 0.2080078125 0.142578125 0.095703125 0.08984375
5 0.4912109375 0.140625 0.087890625 0.09375
14 0.560546875 0.1220703125 0.046875 0.134765625
13 0.609375 0.1220703125 0.046875 0.134765625
1 0.68359375 0.1689453125 0.0859375 0.134765625
8 0.1796875 0.3427734375 0.08203125 0.083984375
8 0.271484375 0.3408203125 0.0859375 0.087890625
6 0.3642578125 0.3408203125 0.091796875 0.087890625
14 0.4345703125 0.3193359375 0.044921875 0.130859375
2 0.6181640625 0.3447265625 0.080078125 0.091796875
0 0.734375 0.3486328125 0.140625 0.091796875
2 0.50390625 0.5419921875 0.0703125 0.091796875
8 0.423828125 0.7392578125 0.09375 0.091796875
5 0.5244140625 0.740234375 0.083984375 0.09375
