6 0.0517578125 0.0458984375 0.091796875 0.083984375
0 0.4248046875 0.0517578125 0.142578125 0.087890625
2 0.5439453125 0.0498046875 0.072265625 0.091796875
9 0.537109375 0.2470703125 0.0859375 0.095703125
2 0.6591796875 0.248046875 0.068359375 0.08984375
13 0.0380859375 0.421875 0.044921875 0.13671875
8 0.130859375 0.44140625 0.09375 0.08984375
22 0.2275390625 0.4501953125 0.083984375 0.083984375
4 0.5126953125 0.4375 0.072265625 0.11328125
7 0.638671875 0.4716796875 0.09375 0.126953125
6 0.7431640625 0.4462890625 0.095703125 0.091796875
14 0.08984375 0.62109375 0.04296875 0.13671875
5 0.3232421875 0.6435546875 0.080078125 0.091796875
0 0.61328125 0.6455078125 0.140625 0.087890625
