6 0.0625 0.0087890625 0.09375 0.087890625
2 0.1552734375 0.0087890625 0.068359375 0.083984375
0 0.6298828125 0.0009765625 0.138671875 0.087890625
5 0.0849609375 0.2060546875 0.087890625 0.091796875
9 0.4111328125 0.2060546875 0.087890625 0.087890625
14 0.6572265625 0.18359375 0.044921875 0.1328125
14 0.70703125 0.18359375 0.0390625 0.13671875
5 0.0126953125 0.404296875 0.083984375 0.08984375
16 0.1357421875 0.4052734375 0.099609375 0.083984375
22 0.2412109375 0.40625 0.080078125 0.0859375
11 0.3330078125 0.376953125 0.091796875 0.1328125
18 0.478515625 0.3837890625 0.08984375 0.123046875
13 0.5546875 0.3798828125 0.04296875 0.134765625
8 0.0146484375 0.6005859375 0.095703125 0.091796875
9 0.1181640625 0.59765625 0.087890625 0.09375
1 0.2861328125 0.6259765625 0.087890625 0.126953125
1 0.287109375 0.6259765625 0.0859375 0.126953125
4 0.7236328125 0.5888671875 0.064453125 0.099609375
