8 0.1416015625 0.01171875 0.048828125 0.04296875
0 0.0126953125 0.0927734375 0.072265625 0.041015625
0 0.119140625 0.091796875 0.0625 0.0390625
13 0.1005859375 0.166015625 0.029296875 0.06640625
1 0.103515625 0.267578125 0.0390625 0.0625
4 0.0390625 0.3369140625 0.03125 0.048828125
14 0.1953125 0.3291015625 0.01953125 0.064453125
11 0.1376953125 0.4140625 0.037109375 0.0625
5 0.1787109375 0.423828125 0.037109375 0.04296875
9 0.0703125 0.58984375 0.03515625 0.04296875
1 0.1201171875 0.6025390625 0.037109375 0.060546875
1 0.1201171875 0.6025390625 0.037109375 0.060546875
18 0.1640625 0.587890625 0.0390625 0.05078125
0 0.0693359375 0.673828125 0.060546875 0.04296875
