23 0.0654296875 0.138671875 0.068359375 0.08203125
23 0.1376953125 0.1357421875 0.060546875 0.080078125
5 0.353515625 0.134765625 0.09375 0.08984375
4 0.4404296875 0.1259765625 0.064453125 0.107421875
27 0.5 0.1552734375 0.046875 0.130859375
5 0.607421875 0.134765625 0.08984375 0.08984375
13 0.6826171875 0.1142578125 0.048828125 0.138671875
4 0.7451171875 0.1337890625 0.060546875 0.103515625
6 0.2763671875 0.3408203125 0.091796875 0.083984375
5 0.37890625 0.3359375 0.0859375 0.08984375
2 0.478515625 0.337890625 0.078125 0.08984375
8 0.5830078125 0.333984375 0.087890625 0.09375
22 0.685546875 0.333984375 0.08203125 0.0859375
5 0.0703125 0.5390625 0.08203125 0.08984375
1 0.3955078125 0.5615234375 0.083984375 0.130859375
18 0.4990234375 0.517578125 0.087890625 0.12109375
18 0.625 0.51953125 0.09375 0.12109375
8 0.732421875 0.533203125 0.1015625 0.08984375
14 0.080078125 0.716796875 0.046875 0.1328125
14 0.130859375 0.7158203125 0.04296875 0.130859375
2 0.205078125 0.7421875 0.078125 0.08984375
0 0.498046875 0.736328125 0.140625 0.08984375
13 0.611328125 0.712890625 0.04296875 0.140625
6 0.6845703125 0.732421875 0.095703125 0.0859375
