0 0.5205078125 0.0029296875 0.052734375 0.041015625
0 0.6865234375 0.0068359375 0.052734375 0.041015625
0 0.611328125 0.087890625 0.0859375 0.04296875
0 0.7021484375 0.0888671875 0.060546875 0.041015625
0 0.7314453125 0.1708984375 0.064453125 0.041015625
0 0.6767578125 0.3349609375 0.060546875 0.041015625
6 0.6171875 0.5029296875 0.0390625 0.041015625
0 0.66796875 0.5048828125 0.05859375 0.041015625
9 0.55859375 0.5869140625 0.03515625 0.041015625
0 0.447265625 0.66796875 0.05859375 0.04296875
0 0.5185546875 0.6689453125 0.060546875 0.041015625
13 0.720703125 0.6630859375 0.0234375 0.064453125
14 0.6201171875 0.7451171875 0.017578125 0.060546875
