2 0.05859375 0.015625 0.0703125 0.09765625
9 0.4697265625 0.0107421875 0.083984375 0.095703125
5 0.73828125 0.0126953125 0.08984375 0.095703125
8 0.1513671875 0.2060546875 0.099609375 0.095703125
22 0.251953125 0.2080078125 0.08203125 0.083984375
7 0.3759765625 0.2275390625 0.099609375 0.134765625
5 0.4775390625 0.205078125 0.083984375 0.09375
2 0.1884765625 0.41015625 0.072265625 0.09375
2 0.2666015625 0.408203125 0.068359375 0.08984375
6 0.6162109375 0.4072265625 0.091796875 0.087890625
1 0.0322265625 0.6279296875 0.087890625 0.130859375
1 0.0322265625 0.6279296875 0.087890625 0.130859375
8 0.15234375 0.60546875 0.09765625 0.08984375
22 0.2509765625 0.60546875 0.083984375 0.0859375
2 0.3642578125 0.603515625 0.064453125 0.08984375
13 0.4423828125 0.5849609375 0.052734375 0.142578125
7 0.517578125 0.626953125 0.078125 0.12890625
5 0.603515625 0.6015625 0.078125 0.09375
