14 0.294921875 0.0166015625 0.04296875 0.134765625
2 0.36328125 0.041015625 0.0625 0.08984375
9 0.4345703125 0.046875 0.080078125 0.09375
29 0.61328125 0.044921875 0.109375 0.15625
5 0.708984375 0.0546875 0.07421875 0.08984375
9 0.369140625 0.2421875 0.08203125 0.09375
5 0.4794921875 0.2431640625 0.083984375 0.087890625
14 0.5458984375 0.22265625 0.044921875 0.12890625
4 0.599609375 0.236328125 0.05859375 0.109375
5 0.02734375 0.4560546875 0.1171875 0.126953125
14 0.38671875 0.419921875 0.04296875 0.1328125
2 0.4482421875 0.4423828125 0.060546875 0.083984375
13 0.5205078125 0.419921875 0.044921875 0.13671875
6 0.583984375 0.4453125 0.078125 0.0859375
18 0.6806640625 0.4248046875 0.076171875 0.119140625
13 0.74609375 0.4248046875 0.03125 0.123046875
27 0.0556640625 0.6611328125 0.048828125 0.130859375
22 0.1533203125 0.6416015625 0.080078125 0.083984375
13 0.2255859375 0.6220703125 0.048828125 0.134765625
22 0.298828125 0.6416015625 0.08203125 0.087890625
14 0.5146484375 0.6181640625 0.041015625 0.134765625
13 0.5576171875 0.6181640625 0.044921875 0.138671875
6 0.7275390625 0.6435546875 0.076171875 0.087890625
