9 0.310546875 0.0546875 0.03515625 0.04296875
2 0.4638671875 0.05078125 0.029296875 0.04296875
14 0.626953125 0.0341796875 0.01953125 0.060546875
2 0.6552734375 0.0439453125 0.029296875 0.041015625
5 0.2333984375 0.1318359375 0.033203125 0.037109375
0 0.28125 0.1357421875 0.0546875 0.041015625
18 0.3388671875 0.1279296875 0.037109375 0.044921875
0 0.4345703125 0.130859375 0.060546875 0.04296875
8 0.6337890625 0.125 0.037109375 0.0390625
4 0.669921875 0.119140625 0.03125 0.046875
4 0.1044921875 0.21484375 0.029296875 0.05078125
7 0.2353515625 0.23046875 0.037109375 0.05859375
13 0.357421875 0.20703125 0.0234375 0.06640625
8 0.4287109375 0.2158203125 0.037109375 0.041015625
0 0.0556640625 0.3046875 0.056640625 0.04296875
5 0.2294921875 0.302734375 0.037109375 0.04296875
18 0.5810546875 0.2880859375 0.037109375 0.048828125
6 0.6240234375 0.29296875 0.041015625 0.0390625
8 0.6640625 0.291015625 0.03515625 0.03515625
8 0.3759765625 0.3857421875 0.037109375 0.044921875
9 0.5576171875 0.3779296875 0.033203125 0.044921875
4 0.603515625 0.373046875 0.02734375 0.046875
5 0.5830078125 0.4599609375 0.033203125 0.037109375
13 0.0732421875 0.5615234375 0.021484375 0.076171875
7 0.197265625 0.5673828125 0.03515625 0.056640625
12 0.4130859375 0.546875 0.033203125 0.078125
1 0.6640625 0.548828125 0.0390625 0.0625
0 0.037109375 0.6416015625 0.05859375 0.041015625
14 0.3837890625 0.62109375 0.017578125 0.0625
8 0.45703125 0.6328125 0.0390625 0.04296875
9 0.4736328125 0.7119140625 0.033203125 0.041015625
2 0.5224609375 0.7109375 0.029296875 0.04296875
