5 0.080078125 0.0400390625 0.03515625 0.037109375
6 0.1640625 0.0361328125 0.0390625 0.037109375
2 0.533203125 0.0244140625 0.03125 0.037109375
8 0.724609375 0.0234375 0.03515625 0.03515625
14 0.095703125 0.107421875 0.015625 0.05859375
13 0.470703125 0.09375 0.01953125 0.06640625
5 0.50390625 0.1044921875 0.03125 0.037109375
7 0.6328125 0.107421875 0.0390625 0.05078125
7 0.203125 0.19921875 0.0390625 0.05078125
5 0.244140625 0.1923828125 0.03515625 0.037109375
0 0.4033203125 0.185546875 0.052734375 0.03515625
5 0.689453125 0.173828125 0.03515625 0.03515625
1 0.166015625 0.2802734375 0.03515625 0.052734375
4 0.375 0.2587890625 0.01953125 0.041015625
18 0.4150390625 0.255859375 0.037109375 0.05078125
14 0.2939453125 0.333984375 0.017578125 0.05859375
21 0.494140625 0.345703125 0.0546875 0.05859375
6 0.5751953125 0.3369140625 0.037109375 0.037109375
4 0.6611328125 0.3310546875 0.021484375 0.041015625
0 0.7138671875 0.328125 0.052734375 0.03515625
9 0.1982421875 0.4267578125 0.037109375 0.037109375
0 0.38671875 0.4208984375 0.0546875 0.037109375
22 0.2421875 0.50390625 0.03515625 0.0390625
9 0.2822265625 0.501953125 0.037109375 0.0390625
18 0.439453125 0.486328125 0.04296875 0.05859375
6 0.482421875 0.4970703125 0.03515625 0.033203125
2 0.5205078125 0.4921875 0.029296875 0.03515625
13 0.6015625 0.4716796875 0.01953125 0.080078125
8 0.07421875 0.5908203125 0.03515625 0.037109375
22 0.1142578125 0.5849609375 0.033203125 0.037109375
0 0.1728515625 0.5859375 0.056640625 0.0390625
8 0.4306640625 0.576171875 0.017578125 0.03515625
8 0.7314453125 0.5654296875 0.033203125 0.033203125
23 0.0087890625 0.66796875 0.029296875 0.03515625
5 0.0615234375 0.6669921875 0.037109375 0.037109375
13 0.267578125 0.6376953125 0.0234375 0.083984375
5 0.2978515625 0.658203125 0.033203125 0.03515625
1 0.369140625 0.6611328125 0.03515625 0.048828125
4 0.6455078125 0.642578125 0.025390625 0.0390625
8 0.1259765625 0.740234375 0.037109375 0.03515625
9 0.40234375 0.7294921875 0.03515625 0.037109375
5 0.4560546875 0.7275390625 0.033203125 0.037109375
18 0.4970703125 0.712890625 0.041015625 0.05859375
5 0.7265625 0.7197265625 0.03515625 0.037109375
