7 0.4326171875 0.111328125 0.103515625 0.1328125
2 0.689453125 0.095703125 0.07421875 0.09375
11 0.0107421875 0.2578125 0.083984375 0.12890625
13 0.0751953125 0.2607421875 0.037109375 0.138671875
8 0.2841796875 0.283203125 0.095703125 0.08984375
6 0.3837890625 0.2861328125 0.091796875 0.087890625
14 0.458984375 0.263671875 0.0390625 0.1328125
14 0.5087890625 0.2666015625 0.041015625 0.134765625
5 0.5810546875 0.2890625 0.087890625 0.08984375
3 0.0615234375 0.470703125 0.119140625 0.1640625
7 0.1884765625 0.5048828125 0.095703125 0.126953125
19 0.4765625 0.4853515625 0.0625 0.087890625
8 0.5771484375 0.4853515625 0.095703125 0.091796875
6 0.67578125 0.490234375 0.09375 0.08984375
14 0.2744140625 0.65625 0.048828125 0.13671875
6 0.3505859375 0.68359375 0.091796875 0.0859375
0 0.4736328125 0.68359375 0.142578125 0.08984375
4 0.7021484375 0.6767578125 0.072265625 0.111328125
