8 0.12890625 0.12890625 0.09375 0.08984375
19 0.5498046875 0.119140625 0.060546875 0.0859375
13 0.6005859375 0.09765625 0.041015625 0.13671875
23 0.1640625 0.3369140625 0.06640625 0.083984375
23 0.2353515625 0.3369140625 0.068359375 0.083984375
22 0.3134765625 0.3330078125 0.083984375 0.087890625
4 0.419921875 0.3193359375 0.0703125 0.107421875
5 0.4990234375 0.3291015625 0.080078125 0.087890625
0 0.6142578125 0.328125 0.134765625 0.0859375
0 0.0146484375 0.5419921875 0.130859375 0.087890625
5 0.13671875 0.5390625 0.0859375 0.0859375
14 0.2099609375 0.515625 0.044921875 0.1328125
5 0.28125 0.5322265625 0.0859375 0.087890625
9 0.376953125 0.5302734375 0.08984375 0.095703125
13 0.6455078125 0.5068359375 0.048828125 0.138671875
0 0.7421875 0.529296875 0.140625 0.08984375
16 0.1337890625 0.7333984375 0.099609375 0.080078125
22 0.2412109375 0.7314453125 0.083984375 0.083984375
14 0.314453125 0.7060546875 0.04296875 0.134765625
6 0.3896484375 0.7265625 0.091796875 0.08203125
4 0.59765625 0.7197265625 0.06640625 0.103515625
4 0.5986328125 0.7197265625 0.064453125 0.103515625
