16 0.0673828125 0.220703125 0.099609375 0.0859375
13 0.1484375 0.19921875 0.0390625 0.140625
23 0.4892578125 0.216796875 0.072265625 0.0859375
5 0.5966796875 0.216796875 0.083984375 0.0859375
11 0.6884765625 0.1962890625 0.091796875 0.130859375
13 0.158203125 0.396484375 0.0390625 0.1328125
18 0.40625 0.4013671875 0.08984375 0.119140625
13 0.48046875 0.39453125 0.04296875 0.1328125
19 0.5419921875 0.4150390625 0.052734375 0.080078125
5 0.6171875 0.416015625 0.08203125 0.0859375
6 0.064453125 0.6142578125 0.08984375 0.083984375
4 0.1494140625 0.607421875 0.072265625 0.109375
5 0.23046875 0.615234375 0.078125 0.0859375
4 0.607421875 0.60546875 0.0703125 0.109375
8 0.708984375 0.6103515625 0.08984375 0.087890625
