22 0.0439453125 0.1298828125 0.037109375 0.037109375
13 0.240234375 0.1279296875 0.01953125 0.080078125
7 0.2822265625 0.1376953125 0.041015625 0.056640625
0 0.578125 0.1328125 0.0546875 0.0390625
0 0.2109375 0.212890625 0.0625 0.0390625
14 0.4873046875 0.20703125 0.021484375 0.0625
5 0.5458984375 0.2197265625 0.037109375 0.041015625
13 0.19140625 0.29296875 0.01953125 0.0625
0 0.2861328125 0.30078125 0.056640625 0.0390625
6 0.3369140625 0.3037109375 0.041015625 0.041015625
9 0.37890625 0.3017578125 0.0390625 0.041015625
13 0.521484375 0.296875 0.01953125 0.06640625
13 0.1982421875 0.384765625 0.021484375 0.0625
8 0.51171875 0.3974609375 0.0390625 0.041015625
5 0.1611328125 0.4814453125 0.037109375 0.041015625
6 0.3076171875 0.484375 0.041015625 0.0390625
0 0.5224609375 0.4853515625 0.060546875 0.041015625
27 0.609375 0.4892578125 0.0234375 0.056640625
8 0.03515625 0.5703125 0.0390625 0.04296875
19 0.0751953125 0.5732421875 0.029296875 0.041015625
14 0.1083984375 0.5615234375 0.021484375 0.064453125
22 0.4013671875 0.572265625 0.037109375 0.0390625
