0 0.056640625 0.146484375 0.1328125 0.0859375
5 0.1767578125 0.150390625 0.080078125 0.0859375
2 0.5029296875 0.1474609375 0.068359375 0.087890625
1 0.6162109375 0.17578125 0.083984375 0.12890625
6 0.720703125 0.15625 0.09375 0.0859375
5 0.0029296875 0.33984375 0.060546875 0.0859375
18 0.08203125 0.32421875 0.0859375 0.12109375
0 0.2236328125 0.3466796875 0.130859375 0.087890625
21 0.478515625 0.3642578125 0.09765625 0.130859375
4 0.669921875 0.3408203125 0.0703125 0.099609375
2 0.0869140625 0.541015625 0.064453125 0.08984375
0 0.1875 0.5439453125 0.12890625 0.087890625
11 0.3037109375 0.521484375 0.091796875 0.1328125
5 0.7099609375 0.546875 0.083984375 0.08984375
8 0.197265625 0.744140625 0.09375 0.08984375
4 0.57421875 0.736328125 0.0625 0.109375
5 0.6494140625 0.74609375 0.083984375 0.08984375
