4 0.4580078125 0.0888671875 0.080078125 0.095703125
2 0.716796875 0.091796875 0.06640625 0.08984375
11 0.03515625 0.2666015625 0.08984375 0.130859375
13 0.1064453125 0.267578125 0.041015625 0.140625
2 0.2021484375 0.2919921875 0.068359375 0.087890625
2 0.2734375 0.2939453125 0.0703125 0.087890625
4 0.689453125 0.2783203125 0.06640625 0.111328125
14 0.046875 0.466796875 0.046875 0.1328125
6 0.12109375 0.4921875 0.08984375 0.0859375
1 0.470703125 0.5146484375 0.0859375 0.130859375
18 0.5810546875 0.4658203125 0.091796875 0.138671875
18 0.701171875 0.4716796875 0.08984375 0.119140625
8 0.2333984375 0.6923828125 0.091796875 0.091796875
28 0.5234375 0.6767578125 0.10546875 0.154296875
27 0.611328125 0.7177734375 0.0546875 0.134765625
