29 0.1064453125 0.1376953125 0.119140625 0.158203125
5 0.216796875 0.150390625 0.0859375 0.08984375
0 0.328125 0.16015625 0.125 0.08984375
0 0.041015625 0.337890625 0.12890625 0.08984375
5 0.1533203125 0.3447265625 0.083984375 0.091796875
21 0.248046875 0.373046875 0.08984375 0.12890625
38 0.107421875 0.5107421875 0.12109375 0.134765625
9 0.3515625 0.5439453125 0.078125 0.095703125
22 0.0546875 0.728515625 0.078125 0.0859375
11 0.1455078125 0.7060546875 0.083984375 0.134765625
5 0.2373046875 0.7353515625 0.080078125 0.091796875
