11 0.1044921875 0.111328125 0.091796875 0.125
14 0.177734375 0.1123046875 0.04296875 0.134765625
5 0.2490234375 0.130859375 0.091796875 0.09375
8 0.3466796875 0.12890625 0.099609375 0.08984375
18 0.4453125 0.1123046875 0.08984375 0.123046875
2 0.2353515625 0.3310546875 0.068359375 0.091796875
19 0.3125 0.328125 0.0625 0.08984375
22 0.5390625 0.322265625 0.0859375 0.08984375
13 0.611328125 0.298828125 0.0546875 0.13671875
5 0.697265625 0.318359375 0.0859375 0.08984375
7 0.0234375 0.560546875 0.1015625 0.13671875
5 0.1220703125 0.5302734375 0.083984375 0.091796875
5 0.349609375 0.529296875 0.08203125 0.09375
4 0.4296875 0.5283203125 0.0703125 0.107421875
8 0.5390625 0.525390625 0.09765625 0.09375
22 0.6396484375 0.5224609375 0.087890625 0.087890625
