0 0.6162109375 0.0517578125 0.060546875 0.041015625
2 0.666015625 0.0537109375 0.03125 0.041015625
22 0.1728515625 0.13671875 0.037109375 0.0390625
6 0.3203125 0.1396484375 0.0390625 0.041015625
9 0.36328125 0.1396484375 0.0390625 0.041015625
22 0.4169921875 0.140625 0.037109375 0.0390625
9 0.521484375 0.140625 0.0390625 0.04296875
0 0.6923828125 0.1435546875 0.060546875 0.041015625
1 0.029296875 0.2314453125 0.04296875 0.056640625
23 0.3203125 0.23046875 0.03125 0.0390625
5 0.5712890625 0.232421875 0.041015625 0.0390625
8 0.6318359375 0.23046875 0.041015625 0.04296875
0 0.0205078125 0.3125 0.060546875 0.0390625
13 0.1171875 0.3056640625 0.01953125 0.064453125
13 0.478515625 0.30859375 0.02734375 0.0703125
18 0.515625 0.30859375 0.0390625 0.0546875
2 0.052734375 0.400390625 0.02734375 0.04296875
0 0.2275390625 0.40234375 0.056640625 0.0390625
7 0.28515625 0.412109375 0.04296875 0.0546875
8 0.3955078125 0.404296875 0.037109375 0.0390625
5 0.48828125 0.4033203125 0.03515625 0.037109375
6 0.6279296875 0.408203125 0.037109375 0.0390625
0 0.6826171875 0.4072265625 0.064453125 0.037109375
8 0.1728515625 0.484375 0.041015625 0.0390625
2 0.212890625 0.486328125 0.03125 0.0390625
1 0.2705078125 0.49609375 0.041015625 0.0546875
13 0.17578125 0.560546875 0.0234375 0.0625
0 0.279296875 0.5703125 0.05859375 0.0390625
5 0.3291015625 0.5712890625 0.037109375 0.041015625
4 0.6611328125 0.57421875 0.029296875 0.046875
6 0.0068359375 0.654296875 0.037109375 0.0390625
9 0.0478515625 0.65234375 0.037109375 0.0390625
7 0.099609375 0.6669921875 0.04296875 0.056640625
4 0.326171875 0.6572265625 0.02734375 0.044921875
4 0.4931640625 0.6572265625 0.029296875 0.044921875
12 0.6123046875 0.65234375 0.044921875 0.05859375
2 0.7177734375 0.6689453125 0.029296875 0.044921875
8 0.0693359375 0.7431640625 0.037109375 0.041015625
18 0.529296875 0.7412109375 0.0390625 0.052734375
18 0.6533203125 0.7431640625 0.041015625 0.052734375
