13 0.244140625 0.029296875 0.04296875 0.140625
9 0.4248046875 0.044921875 0.083984375 0.09375
18 0.6806640625 0.0283203125 0.087890625 0.123046875
16 0.1328125 0.25 0.09375 0.08984375
8 0.234375 0.2451171875 0.08984375 0.087890625
11 0.5869140625 0.220703125 0.091796875 0.13671875
6 0.6845703125 0.244140625 0.095703125 0.08984375
22 0.0107421875 0.4501953125 0.080078125 0.087890625
0 0.3447265625 0.447265625 0.130859375 0.0859375
22 0.4619140625 0.4560546875 0.083984375 0.087890625
23 0.412109375 0.6533203125 0.06640625 0.083984375
