8 0.0556640625 0.02734375 0.095703125 0.08984375
9 0.15234375 0.0224609375 0.0859375 0.095703125
18 0.287109375 0.0087890625 0.08984375 0.123046875
13 0.3671875 0.0009765625 0.046875 0.142578125
19 0.4296875 0.021484375 0.0546875 0.0859375
2 0.50390625 0.0205078125 0.07421875 0.087890625
1 0.65234375 0.0400390625 0.08984375 0.134765625
5 0.685546875 0.212890625 0.0859375 0.08984375
13 0.1171875 0.4052734375 0.046875 0.138671875
9 0.19140625 0.4189453125 0.08984375 0.095703125
2 0.3115234375 0.41796875 0.072265625 0.08984375
19 0.41015625 0.4208984375 0.0625 0.087890625
5 0.4892578125 0.419921875 0.083984375 0.08984375
7 0.296875 0.6435546875 0.1015625 0.134765625
14 0.3828125 0.5986328125 0.04296875 0.134765625
2 0.4521484375 0.619140625 0.076171875 0.09765625
8 0.541015625 0.6142578125 0.09765625 0.091796875
6 0.640625 0.611328125 0.09375 0.0859375
