5 0.62890625 0.0048828125 0.03515625 0.044921875
4 0.0927734375 0.0859375 0.029296875 0.05078125
12 0.12890625 0.0908203125 0.03515625 0.080078125
2 0.166015625 0.08984375 0.03125 0.04296875
9 0.265625 0.0888671875 0.03515625 0.044921875
4 0.59765625 0.08984375 0.02734375 0.046875
21 0.72265625 0.1025390625 0.0390625 0.056640625
8 0.12890625 0.173828125 0.0390625 0.0390625
5 0.1708984375 0.1728515625 0.037109375 0.044921875
9 0.353515625 0.171875 0.03515625 0.04296875
8 0.3974609375 0.1748046875 0.017578125 0.044921875
0 0.5029296875 0.1728515625 0.060546875 0.041015625
5 0.0654296875 0.2578125 0.029296875 0.04296875
13 0.12890625 0.24609375 0.01953125 0.06640625
11 0.16015625 0.2451171875 0.03515625 0.064453125
8 0.294921875 0.25390625 0.04296875 0.04296875
0 0.3916015625 0.2568359375 0.060546875 0.044921875
8 0.181640625 0.3427734375 0.04296875 0.044921875
5 0.22265625 0.33984375 0.03515625 0.04296875
11 0.3212890625 0.330078125 0.037109375 0.0625
6 0.36328125 0.341796875 0.0390625 0.0390625
9 0.4052734375 0.345703125 0.037109375 0.04296875
8 0.45703125 0.34375 0.03515625 0.0390625
0 0.5439453125 0.3408203125 0.052734375 0.041015625
0 0.2822265625 0.4267578125 0.056640625 0.044921875
8 0.4501953125 0.4287109375 0.037109375 0.041015625
5 0.4892578125 0.42578125 0.033203125 0.04296875
11 0.5869140625 0.4130859375 0.037109375 0.064453125
9 0.6689453125 0.4306640625 0.037109375 0.044921875
8 0.7255859375 0.4267578125 0.041015625 0.044921875
5 0.162109375 0.59375 0.03515625 0.04296875
0 0.2119140625 0.5947265625 0.060546875 0.044921875
5 0.7216796875 0.595703125 0.037109375 0.04296875
11 0.1533203125 0.6669921875 0.033203125 0.060546875
11 0.232421875 0.66796875 0.03515625 0.0625
14 0.2646484375 0.666015625 0.017578125 0.0625
8 0.4072265625 0.6806640625 0.037109375 0.037109375
0 0.48828125 0.6806640625 0.0546875 0.041015625
5 0.55078125 0.6796875 0.0390625 0.04296875
0 0.6015625 0.6796875 0.05859375 0.04296875
7 0.65234375 0.6904296875 0.03515625 0.060546875
12 0.6943359375 0.681640625 0.033203125 0.078125
13 0.7265625 0.673828125 0.02734375 0.07421875
