0 0.076171875 0.1552734375 0.13671875 0.091796875
5 0.2001953125 0.15625 0.083984375 0.09375
14 0.48046875 0.134765625 0.04296875 0.13671875
22 0.5546875 0.16015625 0.0859375 0.08984375
8 0.109375 0.353515625 0.09375 0.08984375
2 0.2021484375 0.3486328125 0.072265625 0.091796875
1 0.28515625 0.37890625 0.08203125 0.12890625
27 0.3603515625 0.373046875 0.052734375 0.1328125
0 0.505859375 0.3583984375 0.14453125 0.095703125
5 0.62890625 0.357421875 0.08984375 0.08984375
23 0.3203125 0.5556640625 0.06640625 0.087890625
2 0.388671875 0.5537109375 0.06640625 0.091796875
6 0.673828125 0.560546875 0.08984375 0.08984375
