6 0.3525390625 0.212890625 0.091796875 0.0859375
8 0.5009765625 0.2119140625 0.095703125 0.087890625
22 0.6005859375 0.2109375 0.083984375 0.0859375
13 0.3994140625 0.3876953125 0.041015625 0.138671875
18 0.474609375 0.39453125 0.08984375 0.12109375
13 0.548828125 0.3837890625 0.03515625 0.130859375
22 0.0556640625 0.6123046875 0.083984375 0.083984375
2 0.3125 0.609375 0.078125 0.0859375
1 0.3974609375 0.630859375 0.087890625 0.1328125
6 0.501953125 0.611328125 0.09375 0.0859375
2 0.5947265625 0.61328125 0.064453125 0.0859375
8 0.681640625 0.6123046875 0.08984375 0.083984375
