8 0.041015625 0.3935546875 0.03125 0.041015625
8 0.1171875 0.3896484375 0.0390625 0.048828125
0 0.220703125 0.3876953125 0.05859375 0.044921875
8 0.2685546875 0.3837890625 0.037109375 0.044921875
5 0.5634765625 0.4638671875 0.037109375 0.044921875
19 0.5986328125 0.4609375 0.025390625 0.04296875
6 0.115234375 0.55859375 0.04296875 0.0390625
0 0.2353515625 0.5556640625 0.056640625 0.044921875
18 0.4150390625 0.548828125 0.037109375 0.046875
13 0.447265625 0.5439453125 0.02734375 0.072265625
8 0.6279296875 0.546875 0.037109375 0.0390625
9 0.0380859375 0.646484375 0.033203125 0.04296875
7 0.2646484375 0.6494140625 0.037109375 0.060546875
5 0.58203125 0.6318359375 0.0390625 0.044921875
4 0.4970703125 0.716796875 0.029296875 0.0546875
5 0.5458984375 0.716796875 0.037109375 0.04296875
0 0.662109375 0.71484375 0.05859375 0.04296875
5 0.71484375 0.7119140625 0.03515625 0.041015625
