19 0.126953125 0.0576171875 0.06640625 0.087890625
13 0.435546875 0.0341796875 0.04296875 0.138671875
23 0.6376953125 0.060546875 0.068359375 0.0859375
1 0.056640625 0.2763671875 0.0859375 0.130859375
6 0.1572265625 0.255859375 0.091796875 0.0859375
5 0.2568359375 0.25 0.083984375 0.08984375
0 0.37109375 0.2548828125 0.13671875 0.087890625
18 0.51171875 0.2373046875 0.08984375 0.119140625
13 0.5947265625 0.234375 0.048828125 0.1328125
6 0.080078125 0.4541015625 0.03515625 0.087890625
1 0.1708984375 0.4765625 0.083984375 0.12890625
6 0.2685546875 0.4521484375 0.091796875 0.087890625
2 0.3623046875 0.4521484375 0.068359375 0.091796875
8 0.4736328125 0.453125 0.099609375 0.08984375
22 0.5732421875 0.4541015625 0.083984375 0.087890625
8 0.671875 0.4541015625 0.09765625 0.091796875
