23 0.3818359375 0.0009765625 0.072265625 0.087890625
6 0.466796875 0.0048828125 0.0859375 0.091796875
0 0.58984375 0.00390625 0.1328125 0.0859375
8 0.0849609375 0.197265625 0.095703125 0.08984375
2 0.1796875 0.1982421875 0.0703125 0.087890625
4 0.2587890625 0.19140625 0.068359375 0.1015625
1 0.40234375 0.2216796875 0.0859375 0.130859375
6 0.505859375 0.1982421875 0.09765625 0.087890625
22 0.607421875 0.2001953125 0.08203125 0.087890625
2 0.72265625 0.1962890625 0.0703125 0.087890625
9 0.2958984375 0.39453125 0.087890625 0.09375
8 0.234375 0.5947265625 0.09765625 0.091796875
5 0.3349609375 0.59765625 0.083984375 0.08984375
