4 0.17578125 0.0537109375 0.0234375 0.041015625
0 0.427734375 0.0546875 0.0546875 0.0390625
13 0.640625 0.0439453125 0.0234375 0.064453125
6 0.71875 0.0556640625 0.03515625 0.037109375
18 0.0771484375 0.12890625 0.037109375 0.05078125
4 0.251953125 0.1328125 0.0234375 0.04296875
7 0.5576171875 0.1396484375 0.041015625 0.052734375
1 0.0830078125 0.220703125 0.037109375 0.0546875
2 0.1611328125 0.2099609375 0.033203125 0.037109375
23 0.42578125 0.21484375 0.03125 0.03515625
8 0.28125 0.2919921875 0.03515625 0.037109375
28 0.4931640625 0.27734375 0.044921875 0.0625
8 0.748046875 0.37109375 0.03515625 0.0390625
