14 0.04296875 0.009765625 0.01953125 0.0625
0 0.38671875 0.0185546875 0.0546875 0.041015625
12 0.4462890625 0.017578125 0.033203125 0.078125
9 0.615234375 0.015625 0.03515625 0.04296875
3 0.6875 0.0029296875 0.05078125 0.064453125
7 0.3134765625 0.11328125 0.037109375 0.05859375
0 0.6728515625 0.099609375 0.056640625 0.04296875
23 0.1328125 0.1865234375 0.03125 0.041015625
9 0.5146484375 0.1806640625 0.033203125 0.041015625
0 0.6533203125 0.181640625 0.060546875 0.04296875
8 0.7353515625 0.1826171875 0.041015625 0.041015625
4 0.09765625 0.263671875 0.03125 0.05078125
6 0.19921875 0.26953125 0.04296875 0.0390625
0 0.380859375 0.265625 0.0625 0.04296875
6 0.451171875 0.349609375 0.04296875 0.0390625
9 0.4921875 0.3486328125 0.03515625 0.041015625
0 0.6162109375 0.349609375 0.060546875 0.04296875
9 0.0302734375 0.4404296875 0.033203125 0.041015625
8 0.123046875 0.4365234375 0.04296875 0.041015625
7 0.3134765625 0.447265625 0.037109375 0.05859375
0 0.45703125 0.4345703125 0.05859375 0.041015625
6 0.35546875 0.5185546875 0.04296875 0.037109375
8 0.4111328125 0.5185546875 0.041015625 0.041015625
21 0.486328125 0.53125 0.0390625 0.0546875
13 0.7119140625 0.50390625 0.025390625 0.06640625
11 0.037109375 0.681640625 0.03515625 0.0625
0 0.720703125 0.6787109375 0.05859375 0.041015625
