0 0.4326171875 0.0712890625 0.134765625 0.083984375
6 0.5517578125 0.0732421875 0.091796875 0.083984375
4 0.4052734375 0.2578125 0.072265625 0.109375
5 0.5498046875 0.26171875 0.080078125 0.08984375
18 0.6435546875 0.25 0.091796875 0.125
13 0.7373046875 0.2353515625 0.041015625 0.162109375
16 0.3173828125 0.466796875 0.095703125 0.0859375
2 0.3037109375 0.6572265625 0.080078125 0.099609375
13 0.3681640625 0.6396484375 0.044921875 0.138671875
5 0.4638671875 0.662109375 0.087890625 0.09375
11 0.5634765625 0.634765625 0.087890625 0.13671875
12 0.6875 0.638671875 0.11328125 0.1328125
