13 0.0029296875 0.1103515625 0.052734375 0.142578125
5 0.076171875 0.1328125 0.0859375 0.09375
4 0.15625 0.12109375 0.06640625 0.1171875
14 0.2744140625 0.1083984375 0.083984375 0.134765625
1 0.3837890625 0.1552734375 0.091796875 0.138671875
18 0.6357421875 0.1162109375 0.087890625 0.123046875
5 0.3642578125 0.3310546875 0.095703125 0.095703125
6 0.4638671875 0.33203125 0.095703125 0.08984375
4 0.544921875 0.3193359375 0.0625 0.111328125
0 0.673828125 0.33203125 0.13671875 0.08984375
7 0.0712890625 0.5517578125 0.099609375 0.134765625
6 0.173828125 0.533203125 0.09375 0.09375
5 0.275390625 0.5283203125 0.09375 0.095703125
4 0.419921875 0.515625 0.07421875 0.1171875
8 0.501953125 0.5537109375 0.0859375 0.130859375
2 0.658203125 0.53125 0.0703125 0.08984375
0 0.1455078125 0.7314453125 0.138671875 0.095703125
5 0.2646484375 0.7265625 0.087890625 0.09375
14 0.337890625 0.703125 0.04296875 0.13671875
6 0.412109375 0.7265625 0.09375 0.09375
0 0.5322265625 0.7314453125 0.134765625 0.091796875
8 0.671875 0.7275390625 0.09765625 0.091796875
