4 0.1826171875 0.173828125 0.068359375 0.109375
7 0.40234375 0.197265625 0.09375 0.12890625
2 0.6611328125 0.166015625 0.072265625 0.0859375
12 0.0439453125 0.359375 0.107421875 0.1328125
5 0.1484375 0.375 0.08203125 0.08984375
2 0.38671875 0.3720703125 0.06640625 0.083984375
6 0.580078125 0.3662109375 0.09375 0.083984375
4 0.666015625 0.3603515625 0.0703125 0.103515625
11 0.109375 0.5537109375 0.08984375 0.134765625
4 0.3466796875 0.564453125 0.068359375 0.09765625
20 0.5625 0.5595703125 0.1484375 0.189453125
12 0.7021484375 0.5400390625 0.111328125 0.134765625
