0 0.7177734375 0.0712890625 0.056640625 0.037109375
2 0.53515625 0.2294921875 0.03125 0.037109375
5 0.431640625 0.3154296875 0.03515625 0.037109375
14 0.681640625 0.294921875 0.015625 0.05859375
22 0.7138671875 0.306640625 0.037109375 0.0390625
13 0.5009765625 0.376953125 0.021484375 0.0625
9 0.7138671875 0.3818359375 0.033203125 0.037109375
38 0.7099609375 0.4443359375 0.064453125 0.076171875
38 0.4609375 0.533203125 0.0703125 0.0625
7 0.7470703125 0.544921875 0.041015625 0.05078125
38 0.4619140625 0.6044921875 0.072265625 0.068359375
18 0.5849609375 0.6044921875 0.041015625 0.056640625
5 0.638671875 0.6142578125 0.03515625 0.037109375
18 0.6806640625 0.6015625 0.041015625 0.0546875
8 0.494140625 0.69921875 0.015625 0.03515625
2 0.54296875 0.6962890625 0.03125 0.037109375
2 0.650390625 0.6923828125 0.03125 0.037109375
