0 0.0107421875 0.140625 0.138671875 0.08984375
8 0.3193359375 0.14453125 0.095703125 0.08984375
6 0.4189453125 0.146484375 0.095703125 0.0859375
0 0.5400390625 0.1484375 0.138671875 0.0859375
2 0.6865234375 0.1435546875 0.072265625 0.091796875
14 0.1015625 0.3173828125 0.0390625 0.134765625
16 0.1982421875 0.345703125 0.099609375 0.08203125
13 0.2822265625 0.322265625 0.041015625 0.13671875
22 0.462890625 0.341796875 0.0859375 0.0859375
0 0.7216796875 0.3447265625 0.138671875 0.087890625
2 0.0732421875 0.5361328125 0.068359375 0.087890625
16 0.1806640625 0.5439453125 0.099609375 0.087890625
14 0.2646484375 0.5185546875 0.044921875 0.134765625
14 0.3125 0.51953125 0.04296875 0.13671875
6 0.3857421875 0.5419921875 0.091796875 0.083984375
0 0.50390625 0.5576171875 0.1328125 0.123046875
16 0.7099609375 0.5390625 0.099609375 0.0859375
4 0.052734375 0.7109375 0.0859375 0.13671875
4 0.267578125 0.73046875 0.0703125 0.1171875
22 0.568359375 0.7353515625 0.08203125 0.083984375
13 0.6396484375 0.7158203125 0.048828125 0.138671875
9 0.7099609375 0.734375 0.087890625 0.09375
