5 0.546875 0.060546875 0.03125 0.03515625
8 0.66015625 0.0556640625 0.0390625 0.037109375
14 0.419921875 0.12890625 0.015625 0.05859375
9 0.5478515625 0.1376953125 0.033203125 0.037109375
4 0.458984375 0.29296875 0.0234375 0.04296875
22 0.501953125 0.2939453125 0.03515625 0.037109375
11 0.54296875 0.283203125 0.03515625 0.05859375
5 0.705078125 0.2880859375 0.03515625 0.037109375
22 0.7431640625 0.3662109375 0.033203125 0.037109375
0 0.5361328125 0.4521484375 0.052734375 0.033203125
0 0.7021484375 0.443359375 0.052734375 0.03515625
4 0.427734375 0.5263671875 0.0234375 0.041015625
6 0.498046875 0.6005859375 0.03515625 0.037109375
19 0.583984375 0.6005859375 0.0234375 0.033203125
6 0.6083984375 0.599609375 0.013671875 0.03515625
11 0.5830078125 0.7470703125 0.033203125 0.056640625
