11 0.3779296875 0.130859375 0.087890625 0.1328125
13 0.44921875 0.126953125 0.04296875 0.13671875
13 0.5234375 0.123046875 0.04296875 0.13671875
22 0.7333984375 0.1357421875 0.087890625 0.087890625
0 0.302734375 0.357421875 0.140625 0.09765625
22 0.4248046875 0.3505859375 0.083984375 0.087890625
8 0.6171875 0.3359375 0.09375 0.08984375
5 0.72265625 0.337890625 0.0859375 0.08984375
14 0.43359375 0.521484375 0.04296875 0.1328125
5 0.5107421875 0.5361328125 0.083984375 0.091796875
5 0.2939453125 0.748046875 0.095703125 0.09765625
4 0.380859375 0.7353515625 0.0703125 0.111328125
