23 0.4169921875 0.0078125 0.033203125 0.03515625
2 0.4501953125 0.00390625 0.029296875 0.03515625
2 0.59375 0.236328125 0.02734375 0.03515625
7 0.6884765625 0.2431640625 0.041015625 0.052734375
2 0.728515625 0.2294921875 0.02734375 0.037109375
5 0.4306640625 0.3232421875 0.037109375 0.037109375
7 0.5361328125 0.3271484375 0.041015625 0.052734375
5 0.708984375 0.3095703125 0.03515625 0.037109375
7 0.5732421875 0.404296875 0.041015625 0.05078125
8 0.7001953125 0.390625 0.037109375 0.03515625
22 0.7431640625 0.38671875 0.037109375 0.0390625
9 0.583984375 0.474609375 0.03515625 0.0390625
22 0.67578125 0.4716796875 0.03515625 0.037109375
