5 0.44140625 0.0751953125 0.03515625 0.037109375
6 0.4794921875 0.072265625 0.037109375 0.03515625
4 0.6513671875 0.046875 0.037109375 0.02734375
5 0.18359375 0.150390625 0.03515625 0.03515625
0 0.3642578125 0.1513671875 0.037109375 0.037109375
0 0.478515625 0.1513671875 0.0546875 0.037109375
24 0.5439453125 0.2373046875 0.037109375 0.044921875
7 0.5859375 0.2392578125 0.0390625 0.052734375
6 0.169921875 0.3095703125 0.03515625 0.037109375
4 0.205078125 0.306640625 0.0234375 0.04296875
5 0.380859375 0.3056640625 0.03515625 0.037109375
2 0.5029296875 0.3076171875 0.029296875 0.037109375
9 0.5361328125 0.306640625 0.033203125 0.0390625
8 0.3017578125 0.384765625 0.037109375 0.03515625
7 0.5703125 0.39453125 0.0390625 0.05078125
9 0.6103515625 0.3876953125 0.033203125 0.037109375
0 0.0634765625 0.462890625 0.052734375 0.03515625
0 0.2333984375 0.4609375 0.052734375 0.03515625
2 0.1162109375 0.5390625 0.029296875 0.03515625
5 0.2177734375 0.537109375 0.033203125 0.03515625
5 0.3369140625 0.537109375 0.033203125 0.03515625
0 0.53515625 0.5400390625 0.0546875 0.037109375
7 0.587890625 0.5498046875 0.0390625 0.052734375
5 0.1005859375 0.6162109375 0.033203125 0.037109375
5 0.2001953125 0.615234375 0.033203125 0.03515625
5 0.4111328125 0.6181640625 0.033203125 0.037109375
8 0.453125 0.6181640625 0.015625 0.033203125
8 0.5810546875 0.6201171875 0.033203125 0.037109375
8 0.130859375 0.6953125 0.03515625 0.03515625
22 0.234375 0.693359375 0.03515625 0.03515625
9 0.2744140625 0.6943359375 0.033203125 0.037109375
6 0.5361328125 0.697265625 0.033203125 0.0390625
18 0.5771484375 0.6865234375 0.041015625 0.060546875
22 0.6201171875 0.6982421875 0.037109375 0.037109375
