2 0.123046875 0.154296875 0.07421875 0.09765625
2 0.197265625 0.1513671875 0.0703125 0.095703125
9 0.6796875 0.142578125 0.0859375 0.09375
0 0.2333984375 0.3505859375 0.150390625 0.091796875
5 0.3642578125 0.3515625 0.087890625 0.08984375
11 0.4609375 0.3232421875 0.09375 0.134765625
16 0.7470703125 0.3466796875 0.095703125 0.087890625
16 0.1220703125 0.552734375 0.099609375 0.09375
0 0.25 0.5498046875 0.140625 0.099609375
14 0.5087890625 0.521484375 0.037109375 0.13671875
13 0.556640625 0.521484375 0.04296875 0.140625
9 0.6328125 0.5400390625 0.08984375 0.095703125
14 0.740234375 0.5224609375 0.0390625 0.138671875
5 0.0107421875 0.7470703125 0.087890625 0.091796875
6 0.107421875 0.748046875 0.09765625 0.0859375
4 0.1953125 0.7373046875 0.0625 0.107421875
0 0.3408203125 0.74609375 0.138671875 0.09375
13 0.4609375 0.7197265625 0.04296875 0.138671875
9 0.7470703125 0.740234375 0.087890625 0.09765625
