9 0.1826171875 0.314453125 0.087890625 0.09375
22 0.5361328125 0.3173828125 0.083984375 0.083984375
16 0.66015625 0.31640625 0.09765625 0.0859375
8 0.0322265625 0.5087890625 0.091796875 0.087890625
22 0.130859375 0.509765625 0.078125 0.08203125
22 0.3017578125 0.5087890625 0.087890625 0.087890625
14 0.3779296875 0.4853515625 0.041015625 0.130859375
6 0.453125 0.5087890625 0.09375 0.083984375
0 0.5732421875 0.5068359375 0.134765625 0.087890625
16 0.693359375 0.5087890625 0.09765625 0.083984375
2 0.0283203125 0.701171875 0.068359375 0.0859375
16 0.158203125 0.7001953125 0.1015625 0.080078125
13 0.236328125 0.6796875 0.0390625 0.1328125
6 0.3095703125 0.7001953125 0.091796875 0.083984375
2 0.5556640625 0.6953125 0.068359375 0.09375
8 0.6865234375 0.6962890625 0.095703125 0.087890625
