2 0.11328125 0.0146484375 0.0703125 0.095703125
1 0.35546875 0.033203125 0.08984375 0.1328125
2 0.5810546875 0.015625 0.072265625 0.09375
13 0.021484375 0.1904296875 0.046875 0.146484375
6 0.0927734375 0.2119140625 0.095703125 0.091796875
18 0.1962890625 0.1953125 0.091796875 0.125
0 0.3623046875 0.2109375 0.142578125 0.09375
5 0.482421875 0.2119140625 0.0859375 0.091796875
14 0.552734375 0.1865234375 0.04296875 0.142578125
6 0.626953125 0.208984375 0.09375 0.08984375
0 0.7470703125 0.2119140625 0.134765625 0.091796875
1 0.0927734375 0.43359375 0.087890625 0.125
13 0.052734375 0.5849609375 0.046875 0.146484375
5 0.1259765625 0.607421875 0.087890625 0.08984375
7 0.244140625 0.6318359375 0.09375 0.130859375
6 0.345703125 0.607421875 0.08984375 0.0859375
4 0.4326171875 0.59765625 0.072265625 0.1171875
5 0.5126953125 0.6083984375 0.083984375 0.091796875
