5 0.001953125 0.0751953125 0.03515625 0.044921875
15 0.1728515625 0.0654296875 0.072265625 0.064453125
8 0.15625 0.1591796875 0.0390625 0.041015625
8 0.234375 0.1611328125 0.0390625 0.041015625
13 0.3232421875 0.1484375 0.029296875 0.06640625
8 0.5166015625 0.1611328125 0.037109375 0.037109375
2 0.6904296875 0.16015625 0.029296875 0.04296875
8 0.072265625 0.244140625 0.04296875 0.04296875
5 0.1142578125 0.2421875 0.037109375 0.04296875
14 0.2900390625 0.2333984375 0.021484375 0.064453125
8 0.6181640625 0.244140625 0.041015625 0.04296875
18 0.169921875 0.32421875 0.0390625 0.05078125
0 0.21875 0.328125 0.0546875 0.04296875
8 0.041015625 0.412109375 0.0390625 0.046875
5 0.083984375 0.412109375 0.03515625 0.046875
13 0.2568359375 0.4013671875 0.021484375 0.064453125
8 0.2470703125 0.49609375 0.041015625 0.046875
18 0.2880859375 0.4921875 0.037109375 0.05078125
5 0.328125 0.4970703125 0.0390625 0.041015625
0 0.5283203125 0.49609375 0.056640625 0.04296875
2 0.115234375 0.5810546875 0.03125 0.044921875
5 0.150390625 0.5810546875 0.03515625 0.041015625
0 0.2109375 0.580078125 0.0625 0.046875
6 0.2646484375 0.5810546875 0.041015625 0.041015625
9 0.388671875 0.5810546875 0.03515625 0.044921875
8 0.5732421875 0.5810546875 0.041015625 0.044921875
2 0.6123046875 0.580078125 0.029296875 0.046875
9 0.6474609375 0.58203125 0.033203125 0.04296875
14 0.14453125 0.6552734375 0.015625 0.064453125
0 0.26171875 0.666015625 0.0625 0.04296875
2 0.3076171875 0.6669921875 0.025390625 0.041015625
8 0.3974609375 0.6669921875 0.041015625 0.041015625
0 0.6328125 0.6669921875 0.0546875 0.044921875
0 0.69140625 0.666015625 0.05859375 0.04296875
