9 0.0263671875 0.0146484375 0.033203125 0.037109375
7 0.078125 0.0224609375 0.0390625 0.052734375
9 0.18359375 0.0146484375 0.03125 0.037109375
8 0.291015625 0.015625 0.03515625 0.03515625
18 0.3369140625 0.001953125 0.041015625 0.05859375
28 0.072265625 0.0830078125 0.05078125 0.068359375
0 0.2646484375 0.08984375 0.052734375 0.03515625
0 0.326171875 0.09375 0.0546875 0.03515625
1 0.470703125 0.099609375 0.03515625 0.05078125
22 0.5517578125 0.08984375 0.033203125 0.0390625
9 0.59375 0.0908203125 0.03515625 0.037109375
8 0.08984375 0.1728515625 0.03515625 0.037109375
18 0.1328125 0.16015625 0.0390625 0.05859375
5 0.17578125 0.1728515625 0.03515625 0.037109375
19 0.2197265625 0.169921875 0.029296875 0.03515625
5 0.10546875 0.2509765625 0.03515625 0.037109375
4 0.1767578125 0.24609375 0.025390625 0.04296875
7 0.2177734375 0.255859375 0.041015625 0.05078125
23 0.3896484375 0.25 0.025390625 0.03515625
0 0.4658203125 0.24609375 0.052734375 0.0390625
23 0.5869140625 0.25 0.029296875 0.03515625
6 0.1318359375 0.328125 0.037109375 0.03515625
5 0.505859375 0.326171875 0.03515625 0.03515625
6 0.5439453125 0.322265625 0.037109375 0.03515625
10 0.2822265625 0.3896484375 0.033203125 0.056640625
14 0.3330078125 0.390625 0.013671875 0.0546875
9 0.400390625 0.404296875 0.03515625 0.03515625
11 0.490234375 0.392578125 0.03515625 0.05859375
6 0.5625 0.404296875 0.03515625 0.03515625
2 0.1015625 0.5517578125 0.02734375 0.033203125
19 0.4052734375 0.5546875 0.029296875 0.03515625
8 0.046875 0.6337890625 0.03515625 0.037109375
4 0.380859375 0.6298828125 0.0234375 0.041015625
2 0.4248046875 0.634765625 0.029296875 0.03515625
28 0.2265625 0.69921875 0.046875 0.0625
