13 0.0439453125 0.0576171875 0.041015625 0.138671875
4 0.1025390625 0.07421875 0.064453125 0.10546875
35 0.31640625 0.064453125 0.12109375 0.14453125
8 0.431640625 0.07421875 0.09375 0.08984375
8 0.55078125 0.0732421875 0.09765625 0.087890625
22 0.65234375 0.0751953125 0.08203125 0.083984375
13 0.03515625 0.267578125 0.04296875 0.15625
14 0.4365234375 0.255859375 0.033203125 0.12890625
13 0.6806640625 0.2490234375 0.037109375 0.130859375
22 0.0390625 0.4892578125 0.08203125 0.083984375
9 0.138671875 0.478515625 0.0859375 0.09375
2 0.2783203125 0.48046875 0.068359375 0.08984375
6 0.4052734375 0.48046875 0.091796875 0.08984375
9 0.5048828125 0.474609375 0.083984375 0.08984375
0 0.2001953125 0.6865234375 0.142578125 0.087890625
23 0.4697265625 0.6806640625 0.068359375 0.083984375
