7 0.232421875 0.13671875 0.08984375 0.12109375
0 0.3798828125 0.123046875 0.095703125 0.1328125
1 0.1474609375 0.3271484375 0.083984375 0.134765625
27 0.2236328125 0.328125 0.052734375 0.12890625
5 0.322265625 0.30078125 0.08984375 0.09375
13 0.3935546875 0.279296875 0.048828125 0.140625
2 0.0419921875 0.5048828125 0.068359375 0.087890625
4 0.1220703125 0.5009765625 0.080078125 0.099609375
13 0.255859375 0.4892578125 0.046875 0.134765625
14 0.306640625 0.4892578125 0.04296875 0.134765625
14 0.35546875 0.48828125 0.046875 0.1328125
