22 0.0927734375 0.0556640625 0.080078125 0.087890625
8 0.1884765625 0.0537109375 0.087890625 0.087890625
0 0.4111328125 0.0556640625 0.099609375 0.087890625
22 0.5517578125 0.05078125 0.080078125 0.0859375
8 0.0302734375 0.25390625 0.095703125 0.08984375
18 0.14453125 0.2314453125 0.10546875 0.134765625
5 0.2509765625 0.255859375 0.083984375 0.08984375
1 0.4736328125 0.2734375 0.083984375 0.13671875
6 0.57421875 0.25390625 0.09375 0.0859375
5 0.453125 0.447265625 0.0859375 0.08984375
0 0.564453125 0.4482421875 0.12890625 0.087890625
2 0.056640625 0.646484375 0.0703125 0.08984375
19 0.1240234375 0.6494140625 0.056640625 0.083984375
16 0.2265625 0.650390625 0.09765625 0.0859375
0 0.5947265625 0.6474609375 0.134765625 0.083984375
