14 0.0029296875 0.2099609375 0.044921875 0.134765625
6 0.0869140625 0.240234375 0.076171875 0.0859375
22 0.177734375 0.2333984375 0.0859375 0.087890625
9 0.2724609375 0.2314453125 0.087890625 0.095703125
2 0.49609375 0.2333984375 0.0703125 0.091796875
22 0.09375 0.439453125 0.08203125 0.0859375
6 0.3115234375 0.4375 0.087890625 0.08203125
4 0.3994140625 0.431640625 0.064453125 0.10546875
5 0.5537109375 0.4365234375 0.087890625 0.087890625
14 0.623046875 0.4111328125 0.04296875 0.134765625
6 0.4541015625 0.63671875 0.083984375 0.08203125
5 0.5595703125 0.63671875 0.083984375 0.08984375
8 0.6572265625 0.6357421875 0.095703125 0.087890625
