2 0.0390625 0.1474609375 0.06640625 0.087890625
7 0.1259765625 0.177734375 0.095703125 0.125
5 0.220703125 0.15234375 0.08203125 0.08984375
23 0.30078125 0.15625 0.06640625 0.08203125
19 0.6396484375 0.1455078125 0.064453125 0.091796875
12 0.73046875 0.1201171875 0.109375 0.134765625
2 0.0546875 0.3408203125 0.0703125 0.083984375
7 0.1640625 0.3759765625 0.09375 0.123046875
14 0.498046875 0.322265625 0.04296875 0.12890625
5 0.57421875 0.34375 0.08984375 0.08984375
0 0.7119140625 0.341796875 0.130859375 0.08203125
6 0.373046875 0.544921875 0.09375 0.0859375
4 0.482421875 0.533203125 0.0703125 0.10546875
4 0.16796875 0.73828125 0.0703125 0.11328125
5 0.2548828125 0.740234375 0.087890625 0.08984375
23 0.3564453125 0.744140625 0.068359375 0.0859375
2 0.427734375 0.74609375 0.06640625 0.08984375
0 0.6640625 0.7470703125 0.1328125 0.083984375
