2 0.158203125 0.2236328125 0.07421875 0.095703125
8 0.244140625 0.224609375 0.08984375 0.09375
13 0.3115234375 0.201171875 0.048828125 0.140625
8 0.4169921875 0.22265625 0.095703125 0.09375
22 0.517578125 0.2265625 0.0859375 0.08984375
8 0.6171875 0.216796875 0.09765625 0.09375
16 0.1376953125 0.4296875 0.099609375 0.08203125
13 0.212890625 0.3994140625 0.04296875 0.138671875
18 0.2900390625 0.4140625 0.087890625 0.12109375
16 0.45703125 0.4287109375 0.09765625 0.087890625
1 0.6669921875 0.4443359375 0.087890625 0.130859375
27 0.7412109375 0.4404296875 0.044921875 0.130859375
5 0.013671875 0.63671875 0.08203125 0.0859375
27 0.2265625 0.650390625 0.046875 0.12890625
46 0.36328125 0.634765625 0.16015625 0.08984375
14 0.4794921875 0.6083984375 0.041015625 0.134765625
6 0.5537109375 0.6279296875 0.087890625 0.087890625
4 0.6376953125 0.619140625 0.064453125 0.10546875
5 0.720703125 0.623046875 0.08203125 0.08984375
