19 0.013671875 0.041015625 0.03125 0.04296875
8 0.2197265625 0.04296875 0.041015625 0.04296875
0 0.4833984375 0.0458984375 0.060546875 0.041015625
1 0.537109375 0.0576171875 0.0390625 0.060546875
8 0.1494140625 0.1318359375 0.041015625 0.041015625
2 0.189453125 0.12890625 0.03125 0.04296875
2 0.615234375 0.1376953125 0.03125 0.041015625
13 0.701171875 0.12890625 0.0234375 0.0625
0 0.7431640625 0.2294921875 0.060546875 0.041015625
22 0.1435546875 0.3076171875 0.037109375 0.041015625
0 0.3203125 0.306640625 0.05859375 0.04296875
7 0.6220703125 0.32421875 0.044921875 0.0546875
13 0.1474609375 0.3857421875 0.025390625 0.068359375
5 0.2685546875 0.39453125 0.033203125 0.04296875
2 0.6416015625 0.40234375 0.029296875 0.0390625
6 0.7041015625 0.404296875 0.037109375 0.0390625
9 0.4365234375 0.4892578125 0.037109375 0.041015625
23 0.7060546875 0.4951171875 0.033203125 0.044921875
9 0.0712890625 0.5751953125 0.037109375 0.044921875
