18 0.4169921875 0.13671875 0.087890625 0.1171875
6 0.51953125 0.15234375 0.09375 0.0859375
5 0.0595703125 0.3486328125 0.080078125 0.091796875
7 0.15625 0.373046875 0.09765625 0.1328125
18 0.263671875 0.3330078125 0.08984375 0.123046875
13 0.359375 0.33203125 0.0390625 0.12890625
0 0.455078125 0.353515625 0.14453125 0.0859375
1 0.5830078125 0.3681640625 0.087890625 0.134765625
6 0.6845703125 0.3486328125 0.091796875 0.087890625
28 0.369140625 0.5205078125 0.1015625 0.134765625
2 0.47265625 0.5478515625 0.0703125 0.091796875
19 0.5390625 0.5458984375 0.05859375 0.087890625
4 0.2421875 0.7373046875 0.0625 0.103515625
2 0.375 0.744140625 0.06640625 0.0859375
22 0.455078125 0.74609375 0.08203125 0.0859375
9 0.5576171875 0.7412109375 0.083984375 0.095703125
