5 0.0751953125 0.009765625 0.087890625 0.08984375
23 0.306640625 0.013671875 0.06640625 0.0859375
2 0.533203125 0.015625 0.06640625 0.0859375
4 0.68359375 0.0146484375 0.0625 0.095703125
5 0.0771484375 0.2041015625 0.091796875 0.087890625
8 0.341796875 0.2041015625 0.0859375 0.091796875
13 0.5654296875 0.1904296875 0.044921875 0.138671875
5 0.6591796875 0.216796875 0.080078125 0.08984375
11 0.74609375 0.193359375 0.08203125 0.1328125
13 0.05078125 0.37890625 0.04296875 0.13671875
8 0.212890625 0.3984375 0.09375 0.08984375
5 0.404296875 0.4052734375 0.0703125 0.087890625
0 0.0009765625 0.59765625 0.134765625 0.08984375
4 0.1064453125 0.5869140625 0.072265625 0.099609375
2 0.185546875 0.595703125 0.0703125 0.08984375
5 0.44140625 0.5986328125 0.08203125 0.087890625
18 0.5341796875 0.5869140625 0.083984375 0.119140625
19 0.66015625 0.599609375 0.05859375 0.08984375
5 0.732421875 0.59765625 0.078125 0.09375
