8 0.2578125 0.1884765625 0.08984375 0.091796875
6 0.353515625 0.1923828125 0.09375 0.083984375
7 0.4716796875 0.21484375 0.087890625 0.12890625
2 0.3876953125 0.3876953125 0.068359375 0.091796875
2 0.4599609375 0.390625 0.068359375 0.08984375
2 0.009765625 0.58203125 0.06640625 0.08984375
1 0.1171875 0.60546875 0.08203125 0.1328125
6 0.21875 0.5830078125 0.09375 0.087890625
22 0.3212890625 0.5859375 0.080078125 0.0859375
5 0.435546875 0.587890625 0.0859375 0.08984375
13 0.5048828125 0.5556640625 0.044921875 0.154296875
22 0.5751953125 0.5908203125 0.083984375 0.083984375
