21 0.3642578125 0.001953125 0.037109375 0.0546875
5 0.208984375 0.1552734375 0.0390625 0.044921875
4 0.3564453125 0.146484375 0.029296875 0.05078125
5 0.4423828125 0.1494140625 0.037109375 0.044921875
23 0.4794921875 0.1513671875 0.033203125 0.037109375
9 0.65625 0.146484375 0.03515625 0.04296875
6 0.0087890625 0.2451171875 0.037109375 0.037109375
4 0.16796875 0.2431640625 0.03125 0.041015625
0 0.4609375 0.2353515625 0.07421875 0.044921875
4 0.087890625 0.3232421875 0.03125 0.048828125
18 0.2431640625 0.3203125 0.041015625 0.05078125
8 0.32421875 0.3203125 0.04296875 0.04296875
23 0.4208984375 0.3193359375 0.033203125 0.041015625
35 0.5107421875 0.30859375 0.048828125 0.05859375
0 0.640625 0.3173828125 0.05859375 0.041015625
7 0.0380859375 0.419921875 0.037109375 0.05859375
23 0.111328125 0.4111328125 0.03125 0.041015625
9 0.45703125 0.4033203125 0.03515625 0.041015625
13 0.7412109375 0.388671875 0.025390625 0.0625
4 0.337890625 0.484375 0.03125 0.05078125
0 0.396484375 0.4892578125 0.05859375 0.041015625
18 0.4443359375 0.4833984375 0.037109375 0.048828125
0 0.2431640625 0.5771484375 0.056640625 0.041015625
4 0.419921875 0.56640625 0.03125 0.05078125
18 0.5556640625 0.5654296875 0.037109375 0.048828125
5 0.7236328125 0.5654296875 0.037109375 0.041015625
0 0.009765625 0.6533203125 0.0625 0.068359375
8 0.072265625 0.6640625 0.03515625 0.0390625
4 0.2490234375 0.65625 0.033203125 0.05078125
18 0.46875 0.65234375 0.0390625 0.05078125
0 0.7265625 0.650390625 0.0625 0.046875
18 0.173828125 0.7431640625 0.03515625 0.048828125
9 0.384765625 0.7412109375 0.03515625 0.041015625
13 0.642578125 0.728515625 0.01953125 0.06640625
8 0.7080078125 0.7353515625 0.037109375 0.037109375
