4 0.013671875 0.08203125 0.0625 0.10546875
2 0.0830078125 0.0927734375 0.068359375 0.083984375
13 0.2998046875 0.060546875 0.041015625 0.13671875
38 0.4990234375 0.05859375 0.126953125 0.1328125
6 0.6201171875 0.0869140625 0.095703125 0.083984375
5 0.7197265625 0.0849609375 0.083984375 0.087890625
5 0.0859375 0.2939453125 0.08984375 0.091796875
14 0.158203125 0.2666015625 0.04296875 0.134765625
5 0.5009765625 0.2890625 0.087890625 0.0859375
4 0.6884765625 0.283203125 0.068359375 0.09765625
18 0.263671875 0.46484375 0.0859375 0.1328125
1 0.3857421875 0.5078125 0.087890625 0.12890625
2 0.216796875 0.6826171875 0.08203125 0.087890625
14 0.44921875 0.6591796875 0.04296875 0.130859375
14 0.4990234375 0.6611328125 0.037109375 0.130859375
2 0.5654296875 0.6826171875 0.076171875 0.091796875
2 0.7109375 0.677734375 0.07421875 0.0859375
