5 0.0654296875 0.15234375 0.080078125 0.0859375
8 0.158203125 0.154296875 0.09765625 0.0859375
4 0.3447265625 0.1435546875 0.072265625 0.103515625
5 0.42578125 0.1513671875 0.0859375 0.087890625
4 0.5126953125 0.1455078125 0.080078125 0.103515625
2 0.5908203125 0.150390625 0.068359375 0.08984375
23 0.712890625 0.150390625 0.07421875 0.08203125
5 0.001953125 0.3486328125 0.08203125 0.087890625
6 0.3837890625 0.3466796875 0.095703125 0.087890625
9 0.4853515625 0.345703125 0.091796875 0.09765625
1 0.6083984375 0.37109375 0.087890625 0.12890625
6 0.7119140625 0.3466796875 0.091796875 0.083984375
2 0.1845703125 0.5478515625 0.068359375 0.091796875
2 0.6669921875 0.5439453125 0.072265625 0.083984375
2 0.1494140625 0.748046875 0.064453125 0.08984375
4 0.3759765625 0.740234375 0.064453125 0.1015625
