23 0.0302734375 0.0205078125 0.033203125 0.037109375
13 0.0908203125 0.1787109375 0.025390625 0.064453125
0 0.1064453125 0.2705078125 0.060546875 0.041015625
23 0.01171875 0.35546875 0.03515625 0.0390625
14 0.244140625 0.34375 0.01953125 0.0625
2 0.1279296875 0.4375 0.029296875 0.0390625
13 0.1962890625 0.4208984375 0.029296875 0.076171875
0 0.103515625 0.51953125 0.0546875 0.03515625
0 0.20703125 0.5205078125 0.0625 0.041015625
9 0.09765625 0.6005859375 0.03515625 0.041015625
6 0.1064453125 0.689453125 0.037109375 0.0390625
