8 0.142578125 0.013671875 0.03515625 0.03515625
8 0.3974609375 0.0126953125 0.033203125 0.037109375
22 0.439453125 0.0126953125 0.03515625 0.037109375
8 0.5419921875 0.01171875 0.033203125 0.03515625
6 0.0009765625 0.0927734375 0.033203125 0.037109375
9 0.0419921875 0.091796875 0.033203125 0.0390625
3 0.1640625 0.080078125 0.05859375 0.06640625
2 0.59765625 0.087890625 0.03125 0.03515625
3 0.0439453125 0.1640625 0.052734375 0.06640625
6 0.150390625 0.171875 0.03515625 0.03515625
9 0.189453125 0.171875 0.03515625 0.0390625
2 0.486328125 0.1689453125 0.03125 0.037109375
14 0.5810546875 0.15625 0.013671875 0.0546875
5 0.6103515625 0.16796875 0.033203125 0.0390625
1 0.04296875 0.2578125 0.03125 0.05078125
8 0.1484375 0.251953125 0.03515625 0.03515625
2 0.345703125 0.25 0.03125 0.03515625
8 0.390625 0.2451171875 0.03515625 0.037109375
22 0.4306640625 0.248046875 0.033203125 0.03515625
8 0.5654296875 0.2431640625 0.037109375 0.037109375
22 0.60546875 0.244140625 0.03515625 0.0390625
0 0.099609375 0.3291015625 0.0546875 0.037109375
8 0.5546875 0.3232421875 0.03515625 0.037109375
13 0.0791015625 0.3857421875 0.017578125 0.080078125
9 0.25390625 0.4013671875 0.03515625 0.037109375
8 0.298828125 0.4033203125 0.03515625 0.037109375
22 0.466796875 0.40234375 0.03515625 0.0390625
13 0.0263671875 0.4736328125 0.021484375 0.064453125
7 0.482421875 0.4892578125 0.04296875 0.052734375
29 0.1533203125 0.556640625 0.056640625 0.07421875
1 0.30859375 0.5673828125 0.03515625 0.052734375
1 0.498046875 0.56640625 0.03515625 0.0546875
27 0.607421875 0.5654296875 0.0234375 0.048828125
0 0.1240234375 0.6376953125 0.052734375 0.033203125
23 0.302734375 0.6396484375 0.03125 0.033203125
2 0.369140625 0.6376953125 0.03125 0.033203125
2 0.4169921875 0.63671875 0.033203125 0.03515625
13 0.5703125 0.619140625 0.01953125 0.07421875
5 0.599609375 0.6357421875 0.03515625 0.037109375
13 0.3486328125 0.7021484375 0.017578125 0.056640625
2 0.5244140625 0.712890625 0.025390625 0.03515625
2 0.5244140625 0.712890625 0.025390625 0.03515625
