7 0.0830078125 0.005859375 0.037109375 0.05859375
20 0.232421875 0.080078125 0.08203125 0.08203125
13 0.5087890625 0.0751953125 0.025390625 0.068359375
0 0.0185546875 0.162109375 0.064453125 0.04296875
8 0.14453125 0.166015625 0.0390625 0.04296875
8 0.22265625 0.1669921875 0.03515625 0.041015625
2 0.259765625 0.1640625 0.03125 0.04296875
0 0.3037109375 0.1669921875 0.052734375 0.041015625
0 0.46875 0.166015625 0.0625 0.04296875
5 0.521484375 0.1650390625 0.03515625 0.041015625
5 0.6787109375 0.1640625 0.033203125 0.0390625
7 0.2236328125 0.2607421875 0.037109375 0.060546875
21 0.3037109375 0.263671875 0.041015625 0.05859375
8 0.3447265625 0.2490234375 0.037109375 0.041015625
7 0.4814453125 0.2626953125 0.037109375 0.060546875
5 0.6689453125 0.25 0.033203125 0.0390625
19 0.7041015625 0.248046875 0.029296875 0.04296875
9 0.0595703125 0.3310546875 0.033203125 0.044921875
5 0.1123046875 0.3330078125 0.037109375 0.041015625
23 0.419921875 0.3359375 0.03125 0.0390625
9 0.5732421875 0.333984375 0.033203125 0.04296875
9 0.02734375 0.416015625 0.03515625 0.04296875
13 0.1123046875 0.4072265625 0.025390625 0.064453125
21 0.419921875 0.4306640625 0.03515625 0.056640625
5 0.455078125 0.4169921875 0.03515625 0.041015625
0 0.5009765625 0.41796875 0.052734375 0.04296875
14 0.31640625 0.48828125 0.015625 0.0625
2 0.4384765625 0.5009765625 0.029296875 0.044921875
0 0.5234375 0.5029296875 0.078125 0.041015625
0 0.6064453125 0.4990234375 0.056640625 0.044921875
18 0.1865234375 0.580078125 0.037109375 0.05078125
6 0.228515625 0.5849609375 0.0390625 0.041015625
9 0.3251953125 0.5830078125 0.033203125 0.041015625
5 0.3896484375 0.5859375 0.060546875 0.04296875
9 0.6259765625 0.5869140625 0.033203125 0.041015625
35 0.0048828125 0.658203125 0.048828125 0.05859375
21 0.05078125 0.6806640625 0.04296875 0.056640625
0 0.1318359375 0.66796875 0.076171875 0.04296875
8 0.224609375 0.6708984375 0.0390625 0.041015625
8 0.2685546875 0.666015625 0.041015625 0.04296875
6 0.443359375 0.671875 0.0390625 0.0390625
18 0.5556640625 0.6650390625 0.037109375 0.048828125
10 0.7255859375 0.65625 0.029296875 0.0625
