0 0.0966796875 0.06640625 0.060546875 0.0390625
7 0.0498046875 0.1591796875 0.041015625 0.060546875
14 0.1220703125 0.1396484375 0.021484375 0.064453125
2 0.041015625 0.2333984375 0.02734375 0.041015625
11 0.05078125 0.30859375 0.03515625 0.0625
0 0.193359375 0.3173828125 0.0625 0.041015625
2 0.240234375 0.3173828125 0.03125 0.044921875
0 0.0126953125 0.4013671875 0.056640625 0.041015625
13 0.1171875 0.484375 0.0234375 0.0859375
14 0.0830078125 0.556640625 0.017578125 0.0625
7 0.193359375 0.576171875 0.0390625 0.0625
5 0.2353515625 0.5693359375 0.037109375 0.041015625
14 0.021484375 0.642578125 0.01953125 0.0625
6 0.126953125 0.65234375 0.04296875 0.0390625
14 0.2060546875 0.640625 0.017578125 0.0625
2 0.234375 0.650390625 0.03125 0.04296875
12 0.1708984375 0.736328125 0.033203125 0.078125
