2 0.4111328125 0.08203125 0.029296875 0.0390625
8 0.5146484375 0.0830078125 0.041015625 0.041015625
5 0.6533203125 0.0830078125 0.033203125 0.037109375
18 0.6962890625 0.07421875 0.041015625 0.0546875
13 0.4111328125 0.1669921875 0.021484375 0.064453125
13 0.580078125 0.1640625 0.0234375 0.0625
1 0.6279296875 0.181640625 0.041015625 0.05859375
6 0.671875 0.1728515625 0.04296875 0.037109375
5 0.71484375 0.1708984375 0.03515625 0.041015625
8 0.421875 0.2646484375 0.0390625 0.041015625
1 0.3154296875 0.36328125 0.041015625 0.05859375
6 0.3603515625 0.3505859375 0.037109375 0.041015625
5 0.3984375 0.3525390625 0.03515625 0.041015625
6 0.6171875 0.353515625 0.04296875 0.0390625
6 0.4794921875 0.4423828125 0.037109375 0.041015625
9 0.5205078125 0.4384765625 0.037109375 0.041015625
5 0.6884765625 0.4423828125 0.037109375 0.041015625
8 0.732421875 0.4404296875 0.04296875 0.041015625
8 0.3828125 0.529296875 0.04296875 0.04296875
6 0.4775390625 0.5283203125 0.037109375 0.041015625
9 0.5185546875 0.5302734375 0.037109375 0.041015625
9 0.72265625 0.5283203125 0.0390625 0.041015625
9 0.4462890625 0.615234375 0.037109375 0.0390625
4 0.3076171875 0.6962890625 0.025390625 0.052734375
2 0.4638671875 0.708984375 0.048828125 0.05078125
9 0.6044921875 0.703125 0.037109375 0.0390625
