12 0.115234375 0.001953125 0.03515625 0.05859375
6 0.2685546875 0.0029296875 0.013671875 0.013671875
8 0.3359375 0.01171875 0.03515625 0.04296875
5 0.373046875 0.0126953125 0.03515625 0.041015625
11 0.478515625 0.0029296875 0.03515625 0.060546875
9 0.55859375 0.01171875 0.03515625 0.04296875
8 0.609375 0.015625 0.03515625 0.0390625
6 0.6494140625 0.01171875 0.041015625 0.04296875
8 0.01953125 0.09375 0.03515625 0.0390625
11 0.158203125 0.0830078125 0.03515625 0.060546875
9 0.23828125 0.0927734375 0.03515625 0.041015625
8 0.2880859375 0.0966796875 0.037109375 0.037109375
0 0.380859375 0.091796875 0.05859375 0.0390625
11 0.025390625 0.1630859375 0.03515625 0.060546875
9 0.1044921875 0.1748046875 0.033203125 0.041015625
0 0.24609375 0.17578125 0.0546875 0.0390625
13 0.2841796875 0.2509765625 0.021484375 0.064453125
9 0.5478515625 0.2587890625 0.033203125 0.041015625
14 0.6728515625 0.2490234375 0.017578125 0.064453125
9 0.5 0.34375 0.03515625 0.04296875
7 0.5537109375 0.35546875 0.037109375 0.05859375
12 0.5966796875 0.3447265625 0.033203125 0.080078125
9 0.2041015625 0.4287109375 0.033203125 0.044921875
8 0.25390625 0.4287109375 0.0390625 0.041015625
32 0.666015625 0.4296875 0.02734375 0.078125
9 0.048828125 0.59765625 0.03515625 0.04296875
8 0.099609375 0.59765625 0.04296875 0.046875
12 0.0537109375 0.6826171875 0.033203125 0.080078125
4 0.3603515625 0.6796875 0.029296875 0.05078125
12 0.3955078125 0.6845703125 0.033203125 0.080078125
7 0.6396484375 0.6943359375 0.037109375 0.060546875
