13 0.5087890625 0.044921875 0.044921875 0.1328125
14 0.5595703125 0.041015625 0.044921875 0.12890625
14 0.611328125 0.044921875 0.046875 0.125
5 0.6875 0.0615234375 0.08203125 0.091796875
8 0.0185546875 0.275390625 0.087890625 0.08984375
22 0.119140625 0.2734375 0.078125 0.0859375
14 0.197265625 0.2490234375 0.04296875 0.130859375
4 0.4091796875 0.259765625 0.052734375 0.10546875
28 0.60546875 0.2412109375 0.10546875 0.138671875
27 0.6884765625 0.2802734375 0.044921875 0.126953125
14 0.00390625 0.4521484375 0.04296875 0.134765625
14 0.052734375 0.4501953125 0.04296875 0.130859375
2 0.12109375 0.4697265625 0.06640625 0.087890625
1 0.69921875 0.484375 0.08203125 0.12890625
1 0.2236328125 0.69921875 0.087890625 0.12890625
6 0.3271484375 0.6728515625 0.091796875 0.083984375
2 0.4228515625 0.666015625 0.068359375 0.0859375
5 0.6181640625 0.6630859375 0.087890625 0.087890625
16 0.736328125 0.6630859375 0.09765625 0.087890625
