4 0.322265625 0.0361328125 0.0234375 0.041015625
8 0.0361328125 0.125 0.033203125 0.03515625
2 0.072265625 0.123046875 0.03125 0.03515625
4 0.224609375 0.1162109375 0.0234375 0.041015625
2 0.4658203125 0.111328125 0.029296875 0.0390625
5 0.51171875 0.111328125 0.03515625 0.0390625
0 0.55859375 0.107421875 0.0546875 0.0390625
14 0.681640625 0.0947265625 0.015625 0.060546875
5 0.708984375 0.1044921875 0.03515625 0.037109375
5 0.13671875 0.197265625 0.03515625 0.03515625
8 0.173828125 0.197265625 0.03515625 0.03515625
2 0.3544921875 0.1904296875 0.029296875 0.037109375
1 0.5 0.193359375 0.03515625 0.05078125
1 0.5 0.193359375 0.03515625 0.05078125
1 0.5 0.193359375 0.03515625 0.05078125
0 0.6025390625 0.1865234375 0.056640625 0.037109375
13 0.6416015625 0.1748046875 0.021484375 0.064453125
0 0.154296875 0.2763671875 0.0546875 0.037109375
0 0.2236328125 0.275390625 0.056640625 0.0390625
23 0.4404296875 0.2666015625 0.029296875 0.037109375
5 0.6484375 0.2646484375 0.03515625 0.037109375
8 0.048828125 0.359375 0.03515625 0.03515625
22 0.185546875 0.353515625 0.03515625 0.03515625
7 0.234375 0.359375 0.0390625 0.0546875
5 0.2744140625 0.3505859375 0.033203125 0.041015625
19 0.2353515625 0.431640625 0.029296875 0.0390625
19 0.5009765625 0.42578125 0.025390625 0.03515625
6 0.54296875 0.423828125 0.015625 0.03515625
0 0.5927734375 0.423828125 0.052734375 0.03515625
9 0.2197265625 0.5078125 0.033203125 0.03515625
4 0.3671875 0.50390625 0.0234375 0.03515625
0 0.5341796875 0.5009765625 0.052734375 0.033203125
22 0.0400390625 0.587890625 0.033203125 0.03515625
4 0.169921875 0.556640625 0.04296875 0.02734375
0 0.3193359375 0.583984375 0.056640625 0.0390625
3 0.4482421875 0.5673828125 0.060546875 0.064453125
0 0.671875 0.57421875 0.0546875 0.03515625
13 0.0556640625 0.654296875 0.017578125 0.0625
8 0.1201171875 0.662109375 0.037109375 0.03515625
5 0.197265625 0.6630859375 0.03515625 0.037109375
8 0.240234375 0.662109375 0.03515625 0.03515625
8 0.02734375 0.7470703125 0.03515625 0.037109375
13 0.2236328125 0.7373046875 0.021484375 0.076171875
8 0.306640625 0.73828125 0.03515625 0.03515625
3 0.5009765625 0.720703125 0.060546875 0.06640625
