13 0.623046875 0.0693359375 0.02734375 0.064453125
6 0.7294921875 0.16015625 0.041015625 0.0390625
14 0.306640625 0.2392578125 0.0234375 0.064453125
5 0.3388671875 0.2490234375 0.037109375 0.044921875
9 0.41796875 0.2490234375 0.03515625 0.044921875
18 0.486328125 0.244140625 0.0390625 0.05078125
0 0.615234375 0.2470703125 0.0625 0.044921875
13 0.4140625 0.3251953125 0.02734375 0.064453125
8 0.48828125 0.33203125 0.04296875 0.046875
1 0.3203125 0.4248046875 0.04296875 0.064453125
9 0.63671875 0.412109375 0.03515625 0.04296875
4 0.4931640625 0.4970703125 0.029296875 0.044921875
9 0.7412109375 0.4951171875 0.037109375 0.041015625
8 0.587890625 0.58203125 0.0390625 0.0390625
7 0.7177734375 0.5927734375 0.037109375 0.056640625
8 0.69140625 0.6669921875 0.0390625 0.041015625
13 0.4873046875 0.7470703125 0.029296875 0.087890625
