8 0.029296875 0.1171875 0.09375 0.09375
46 0.3408203125 0.103515625 0.158203125 0.08984375
14 0.4501953125 0.08203125 0.044921875 0.1328125
6 0.5234375 0.099609375 0.08984375 0.0859375
4 0.6103515625 0.0849609375 0.060546875 0.107421875
5 0.6845703125 0.08984375 0.083984375 0.08984375
5 0.0224609375 0.3203125 0.083984375 0.08984375
8 0.25390625 0.3076171875 0.03515625 0.087890625
22 0.3828125 0.2998046875 0.08203125 0.087890625
2 0.5849609375 0.29296875 0.072265625 0.08984375
9 0.6650390625 0.287109375 0.083984375 0.09375
13 0.0498046875 0.505859375 0.044921875 0.140625
7 0.1162109375 0.5419921875 0.087890625 0.123046875
13 0.1884765625 0.4892578125 0.044921875 0.134765625
8 0.2998046875 0.5029296875 0.091796875 0.087890625
22 0.396484375 0.5 0.078125 0.0859375
14 0.46875 0.47265625 0.0390625 0.1328125
6 0.5390625 0.49609375 0.08984375 0.08203125
4 0.720703125 0.484375 0.0703125 0.10546875
4 0.720703125 0.484375 0.0703125 0.10546875
1 0.1044921875 0.73046875 0.080078125 0.125
6 0.203125 0.705078125 0.0859375 0.08984375
22 0.298828125 0.7021484375 0.08203125 0.087890625
8 0.5302734375 0.689453125 0.091796875 0.08984375
22 0.6298828125 0.6884765625 0.083984375 0.087890625
