13 0.5283203125 0.0615234375 0.025390625 0.060546875
1 0.630859375 0.2412109375 0.0390625 0.060546875
6 0.6728515625 0.232421875 0.037109375 0.0390625
2 0.7080078125 0.2314453125 0.029296875 0.041015625
5 0.4560546875 0.32421875 0.037109375 0.04296875
12 0.5224609375 0.322265625 0.033203125 0.07421875
8 0.388671875 0.40625 0.03515625 0.0390625
13 0.572265625 0.392578125 0.02734375 0.06640625
9 0.712890625 0.3974609375 0.03515625 0.041015625
9 0.40625 0.486328125 0.03515625 0.04296875
7 0.45703125 0.4970703125 0.0390625 0.060546875
1 0.3466796875 0.58203125 0.044921875 0.0625
9 0.6044921875 0.5673828125 0.033203125 0.041015625
8 0.484375 0.65234375 0.0390625 0.0390625
11 0.3798828125 0.7294921875 0.033203125 0.060546875
8 0.6103515625 0.734375 0.041015625 0.046875
2 0.6474609375 0.734375 0.029296875 0.04296875
0 0.6923828125 0.7333984375 0.056640625 0.041015625
