0 0.0859375 0.076171875 0.0546875 0.0390625
6 0.1337890625 0.0732421875 0.037109375 0.037109375
14 0.5439453125 0.05859375 0.013671875 0.05859375
10 0.5908203125 0.0576171875 0.052734375 0.060546875
2 0.634765625 0.0703125 0.02734375 0.03515625
8 0.12890625 0.1533203125 0.03515625 0.037109375
14 0.3447265625 0.140625 0.013671875 0.05859375
5 0.3740234375 0.1494140625 0.033203125 0.037109375
22 0.568359375 0.146484375 0.03125 0.0390625
22 0.2822265625 0.228515625 0.033203125 0.0390625
15 0.208984375 0.296875 0.0546875 0.06640625
0 0.638671875 0.3017578125 0.0546875 0.037109375
7 0.177734375 0.3916015625 0.0390625 0.052734375
5 0.513671875 0.3798828125 0.03515625 0.037109375
8 0.7490234375 0.3837890625 0.033203125 0.037109375
8 0.0771484375 0.4658203125 0.037109375 0.037109375
0 0.4541015625 0.4599609375 0.056640625 0.037109375
