9 0.15234375 0.0341796875 0.03515625 0.037109375
32 0.3271484375 0.0283203125 0.044921875 0.072265625
1 0.419921875 0.0390625 0.03515625 0.05078125
6 0.4599609375 0.0322265625 0.037109375 0.037109375
22 0.5009765625 0.033203125 0.033203125 0.03515625
23 0.25390625 0.1123046875 0.03125 0.037109375
14 0.3486328125 0.0986328125 0.013671875 0.056640625
0 0.4208984375 0.109375 0.052734375 0.03515625
22 0.5439453125 0.1123046875 0.033203125 0.037109375
8 0.740234375 0.1142578125 0.03515625 0.037109375
18 0.0947265625 0.1845703125 0.041015625 0.048828125
0 0.185546875 0.19140625 0.05078125 0.03515625
7 0.236328125 0.2001953125 0.0390625 0.048828125
8 0.27734375 0.19140625 0.03515625 0.03515625
9 0.4189453125 0.1865234375 0.037109375 0.037109375
22 0.6025390625 0.1904296875 0.033203125 0.037109375
0 0.650390625 0.1943359375 0.0546875 0.037109375
8 0.69921875 0.193359375 0.03515625 0.03515625
0 0.1396484375 0.2724609375 0.052734375 0.037109375
7 0.189453125 0.2763671875 0.0390625 0.052734375
5 0.3642578125 0.2666015625 0.033203125 0.037109375
22 0.5712890625 0.267578125 0.037109375 0.0390625
8 0.6875 0.271484375 0.03515625 0.03515625
23 0.2158203125 0.3447265625 0.029296875 0.033203125
0 0.291015625 0.3466796875 0.0546875 0.037109375
2 0.3388671875 0.3447265625 0.029296875 0.037109375
4 0.431640625 0.3447265625 0.0234375 0.041015625
8 0.54296875 0.3447265625 0.03515625 0.037109375
18 0.587890625 0.3330078125 0.04296875 0.056640625
16 0.1083984375 0.421875 0.052734375 0.04296875
0 0.1650390625 0.4267578125 0.056640625 0.041015625
2 0.25 0.421875 0.02734375 0.03515625
9 0.37109375 0.423828125 0.03515625 0.0390625
13 0.4521484375 0.416015625 0.021484375 0.0703125
19 0.4814453125 0.4228515625 0.029296875 0.037109375
0 0.5341796875 0.4228515625 0.052734375 0.037109375
6 0.583984375 0.4267578125 0.03515625 0.037109375
