5 0.03515625 0.09765625 0.03515625 0.04296875
9 0.0751953125 0.1005859375 0.037109375 0.041015625
8 0.1953125 0.1044921875 0.0390625 0.044921875
6 0.08203125 0.2763671875 0.03515625 0.041015625
9 0.1240234375 0.27734375 0.037109375 0.04296875
0 0.0947265625 0.365234375 0.056640625 0.0390625
5 0.1455078125 0.3681640625 0.037109375 0.041015625
5 0.197265625 0.373046875 0.0390625 0.0390625
5 0.197265625 0.373046875 0.0390625 0.0390625
22 0.1630859375 0.630859375 0.037109375 0.0390625
16 0.166015625 0.716796875 0.04296875 0.0390625
