22 0.0078125 0.1484375 0.08203125 0.0859375
0 0.1669921875 0.1494140625 0.138671875 0.087890625
2 0.2861328125 0.154296875 0.072265625 0.0859375
2 0.078125 0.3388671875 0.0703125 0.087890625
19 0.1484375 0.34375 0.0625 0.0859375
0 0.2734375 0.349609375 0.140625 0.0859375
5 0.3974609375 0.34765625 0.083984375 0.09375
8 0.0966796875 0.544921875 0.095703125 0.08984375
6 0.1962890625 0.546875 0.091796875 0.0859375
6 0.36328125 0.5390625 0.0234375 0.05859375
6 0.1396484375 0.7490234375 0.095703125 0.087890625
5 0.240234375 0.748046875 0.08203125 0.08984375
