22 0.541015625 0.0009765625 0.0859375 0.087890625
7 0.6357421875 0.025390625 0.099609375 0.12890625
5 0.73828125 0.005859375 0.0859375 0.08984375
11 0.1083984375 0.1630859375 0.087890625 0.134765625
6 0.208984375 0.19140625 0.08984375 0.08984375
5 0.7490234375 0.2060546875 0.083984375 0.091796875
18 0.1103515625 0.373046875 0.087890625 0.12109375
13 0.189453125 0.37109375 0.046875 0.14453125
4 0.4111328125 0.3896484375 0.072265625 0.119140625
1 0.5166015625 0.419921875 0.087890625 0.12890625
18 0.201171875 0.5712890625 0.08984375 0.123046875
4 0.6650390625 0.5986328125 0.068359375 0.119140625
