5 0.3017578125 0.0380859375 0.087890625 0.091796875
8 0.39453125 0.0390625 0.08984375 0.08984375
8 0.5048828125 0.041015625 0.091796875 0.09375
22 0.59765625 0.0419921875 0.078125 0.087890625
8 0.69140625 0.0419921875 0.08984375 0.091796875
8 0.158203125 0.232421875 0.09375 0.08984375
5 0.4931640625 0.234375 0.080078125 0.08984375
22 0.064453125 0.4248046875 0.08203125 0.087890625
7 0.1826171875 0.447265625 0.099609375 0.1328125
6 0.29296875 0.427734375 0.08984375 0.0859375
4 0.3740234375 0.4150390625 0.064453125 0.107421875
5 0.447265625 0.4267578125 0.08203125 0.091796875
2 0.5341796875 0.43359375 0.072265625 0.08984375
8 0.6318359375 0.4326171875 0.087890625 0.087890625
22 0.72265625 0.4296875 0.078125 0.0859375
0 0.0576171875 0.6201171875 0.134765625 0.087890625
6 0.1796875 0.623046875 0.08984375 0.08984375
2 0.2861328125 0.619140625 0.068359375 0.0859375
2 0.3564453125 0.62109375 0.068359375 0.08984375
5 0.458984375 0.6171875 0.0859375 0.08984375
14 0.673828125 0.6025390625 0.04296875 0.134765625
