14 0.0908203125 0.0322265625 0.044921875 0.134765625
2 0.1572265625 0.0517578125 0.068359375 0.087890625
8 0.2431640625 0.0517578125 0.095703125 0.087890625
18 0.345703125 0.0419921875 0.08984375 0.123046875
1 0.5390625 0.0810546875 0.0859375 0.130859375
6 0.6435546875 0.0595703125 0.091796875 0.087890625
23 0.0166015625 0.2470703125 0.068359375 0.083984375
0 0.0673828125 0.4501953125 0.138671875 0.087890625
18 0.236328125 0.4306640625 0.08984375 0.123046875
13 0.3173828125 0.4296875 0.044921875 0.13671875
6 0.3876953125 0.4501953125 0.083984375 0.083984375
2 0.4853515625 0.4501953125 0.068359375 0.091796875
23 0.556640625 0.451171875 0.05859375 0.08203125
2 0.0185546875 0.642578125 0.076171875 0.08984375
0 0.15234375 0.64453125 0.14453125 0.08984375
2 0.2734375 0.646484375 0.0703125 0.0859375
8 0.3603515625 0.6474609375 0.087890625 0.083984375
18 0.462890625 0.6298828125 0.0859375 0.119140625
5 0.5615234375 0.646484375 0.083984375 0.0859375
