2 0.3173828125 0.0380859375 0.033203125 0.044921875
5 0.4228515625 0.041015625 0.037109375 0.0390625
22 0.373046875 0.1279296875 0.03515625 0.037109375
9 0.5859375 0.1298828125 0.03515625 0.041015625
5 0.640625 0.130859375 0.0390625 0.0390625
18 0.68359375 0.1220703125 0.0390625 0.052734375
4 0.4365234375 0.2177734375 0.025390625 0.044921875
9 0.638671875 0.220703125 0.0390625 0.04296875
13 0.7421875 0.208984375 0.0234375 0.0625
8 0.4169921875 0.3125 0.041015625 0.04296875
7 0.31640625 0.412109375 0.04296875 0.05859375
7 0.31640625 0.412109375 0.04296875 0.05859375
18 0.7119140625 0.3935546875 0.041015625 0.052734375
6 0.318359375 0.490234375 0.04296875 0.04296875
22 0.4853515625 0.4912109375 0.037109375 0.041015625
9 0.7333984375 0.490234375 0.037109375 0.04296875
4 0.416015625 0.5771484375 0.02734375 0.048828125
5 0.4619140625 0.5791015625 0.041015625 0.044921875
4 0.5400390625 0.576171875 0.029296875 0.05078125
