7 0.5556640625 0.0625 0.099609375 0.13671875
16 0.044921875 0.248046875 0.09765625 0.0859375
1 0.2548828125 0.265625 0.080078125 0.1328125
27 0.3251953125 0.2587890625 0.044921875 0.126953125
8 0.5341796875 0.240234375 0.091796875 0.0859375
2 0.623046875 0.2392578125 0.06640625 0.083984375
8 0.1923828125 0.439453125 0.095703125 0.08984375
2 0.287109375 0.4384765625 0.0625 0.087890625
7 0.4501953125 0.46484375 0.087890625 0.12109375
2 0.5439453125 0.4345703125 0.068359375 0.087890625
2 0.6552734375 0.431640625 0.068359375 0.09375
8 0.240234375 0.634765625 0.09375 0.09375
