2 0.0576171875 0.0791015625 0.068359375 0.087890625
0 0.2392578125 0.0869140625 0.138671875 0.087890625
2 0.630859375 0.087890625 0.0703125 0.09375
19 0.71875 0.08984375 0.0625 0.0859375
23 0.0634765625 0.2705078125 0.068359375 0.083984375
4 0.29296875 0.2705078125 0.0625 0.107421875
1 0.396484375 0.3037109375 0.0859375 0.126953125
6 0.50390625 0.2841796875 0.09375 0.087890625
5 0.6044921875 0.2861328125 0.087890625 0.087890625
4 0.2705078125 0.4677734375 0.072265625 0.099609375
0 0.5478515625 0.4833984375 0.134765625 0.087890625
2 0.0263671875 0.6611328125 0.072265625 0.091796875
0 0.15625 0.669921875 0.1328125 0.0859375
2 0.265625 0.66796875 0.07421875 0.08984375
18 0.353515625 0.6533203125 0.08984375 0.123046875
5 0.4501953125 0.6748046875 0.083984375 0.091796875
6 0.6572265625 0.6796875 0.091796875 0.0859375
