23 0.0673828125 0.6162109375 0.029296875 0.037109375
11 0.1298828125 0.6064453125 0.033203125 0.056640625
6 0.16796875 0.6162109375 0.03515625 0.037109375
9 0.2080078125 0.615234375 0.033203125 0.0390625
8 0.2568359375 0.6162109375 0.033203125 0.037109375
7 0.3740234375 0.623046875 0.041015625 0.05078125
5 0.4169921875 0.615234375 0.033203125 0.0390625
8 0.0712890625 0.6953125 0.037109375 0.0390625
22 0.115234375 0.6962890625 0.03515625 0.037109375
8 0.146484375 0.6953125 0.015625 0.03515625
8 0.2021484375 0.6953125 0.033203125 0.03515625
13 0.2734375 0.681640625 0.0234375 0.0625
2 0.30078125 0.69140625 0.02734375 0.03515625
8 0.4072265625 0.6904296875 0.033203125 0.033203125
27 0.501953125 0.6982421875 0.0234375 0.048828125
18 0.6005859375 0.6767578125 0.041015625 0.056640625
