22 0.0703125 0.19921875 0.08203125 0.08984375
9 0.16796875 0.197265625 0.0859375 0.09375
0 0.6669921875 0.1982421875 0.142578125 0.087890625
2 0.177734375 0.3974609375 0.0703125 0.087890625
18 0.6904296875 0.380859375 0.087890625 0.12109375
6 0.048828125 0.6005859375 0.09375 0.087890625
9 0.1552734375 0.5986328125 0.087890625 0.095703125
7 0.296875 0.6259765625 0.10546875 0.138671875
5 0.400390625 0.6015625 0.08203125 0.09375
6 0.4931640625 0.6005859375 0.095703125 0.087890625
14 0.5673828125 0.5791015625 0.041015625 0.138671875
6 0.642578125 0.603515625 0.09375 0.0859375
9 0.7470703125 0.5966796875 0.083984375 0.091796875
