8 0.48046875 0.0029296875 0.0390625 0.041015625
8 0.6240234375 0.0068359375 0.037109375 0.037109375
13 0.4853515625 0.0751953125 0.029296875 0.064453125
6 0.5615234375 0.0869140625 0.041015625 0.037109375
9 0.599609375 0.0869140625 0.03515625 0.041015625
18 0.69140625 0.0849609375 0.03515625 0.048828125
8 0.595703125 0.1708984375 0.03515625 0.037109375
0 0.7373046875 0.173828125 0.056640625 0.0390625
8 0.4091796875 0.248046875 0.044921875 0.04296875
12 0.658203125 0.3388671875 0.03125 0.076171875
12 0.73046875 0.423828125 0.03125 0.078125
11 0.404296875 0.48828125 0.0390625 0.0625
0 0.7294921875 0.505859375 0.060546875 0.04296875
9 0.6865234375 0.5849609375 0.033203125 0.041015625
8 0.5322265625 0.669921875 0.037109375 0.0390625
