5 0.09375 0.0302734375 0.03515625 0.037109375
5 0.5625 0.0234375 0.03515625 0.0390625
4 0.634765625 0.0224609375 0.0234375 0.041015625
8 0.1845703125 0.1083984375 0.033203125 0.037109375
5 0.6162109375 0.103515625 0.052734375 0.0390625
5 0.7236328125 0.1005859375 0.037109375 0.037109375
0 0.1494140625 0.18359375 0.052734375 0.03515625
0 0.20703125 0.1845703125 0.0546875 0.037109375
6 0.431640625 0.1826171875 0.03515625 0.037109375
9 0.599609375 0.181640625 0.03515625 0.0390625
5 0.650390625 0.181640625 0.03515625 0.0390625
4 0.7197265625 0.1787109375 0.025390625 0.041015625
9 0.4365234375 0.416015625 0.033203125 0.0390625
1 0.3076171875 0.4287109375 0.037109375 0.052734375
12 0.486328125 0.4091796875 0.0390625 0.068359375
