8 0.0068359375 0.2646484375 0.091796875 0.095703125
16 0.294921875 0.25390625 0.09765625 0.0859375
6 0.396484375 0.2490234375 0.09375 0.087890625
5 0.681640625 0.2431640625 0.08984375 0.087890625
14 0.0107421875 0.4423828125 0.044921875 0.134765625
7 0.23828125 0.478515625 0.08203125 0.12890625
14 0.3125 0.431640625 0.04296875 0.12890625
6 0.388671875 0.4521484375 0.08203125 0.087890625
9 0.6220703125 0.44140625 0.083984375 0.09375
8 0.7421875 0.4423828125 0.09765625 0.083984375
6 0.1494140625 0.658203125 0.044921875 0.08984375
9 0.271484375 0.650390625 0.08203125 0.09375
16 0.38671875 0.650390625 0.09765625 0.0859375
