6 0.0390625 0.0439453125 0.0390625 0.041015625
6 0.2021484375 0.046875 0.037109375 0.0390625
0 0.251953125 0.046875 0.05859375 0.04296875
11 0.515625 0.0361328125 0.0390625 0.060546875
27 0.4423828125 0.14453125 0.021484375 0.05859375
46 0.61328125 0.1357421875 0.07421875 0.044921875
9 0.73046875 0.1337890625 0.0390625 0.044921875
0 0.064453125 0.220703125 0.05859375 0.04296875
9 0.11328125 0.2216796875 0.0390625 0.044921875
5 0.517578125 0.2275390625 0.0390625 0.041015625
7 0.6416015625 0.2353515625 0.044921875 0.060546875
23 0.5078125 0.31640625 0.03125 0.04296875
8 0.6787109375 0.314453125 0.041015625 0.04296875
1 0.15234375 0.4091796875 0.0390625 0.060546875
9 0.33984375 0.3994140625 0.0390625 0.044921875
8 0.3916015625 0.4013671875 0.041015625 0.044921875
8 0.4755859375 0.40234375 0.041015625 0.04296875
8 0.6259765625 0.40234375 0.041015625 0.04296875
6 0.6689453125 0.40234375 0.041015625 0.0390625
8 0.009765625 0.4873046875 0.04296875 0.044921875
4 0.2177734375 0.4873046875 0.029296875 0.048828125
13 0.310546875 0.4814453125 0.0234375 0.064453125
19 0.337890625 0.490234375 0.03125 0.04296875
9 0.669921875 0.486328125 0.0390625 0.04296875
8 0.7236328125 0.48828125 0.041015625 0.04296875
4 0.236328125 0.5751953125 0.02734375 0.056640625
0 0.5478515625 0.5771484375 0.060546875 0.044921875
23 0.6533203125 0.5732421875 0.033203125 0.044921875
