0 0.4033203125 0.4267578125 0.056640625 0.044921875
14 0.5849609375 0.4189453125 0.017578125 0.064453125
0 0.2158203125 0.509765625 0.060546875 0.04296875
14 0.0341796875 0.5771484375 0.017578125 0.060546875
0 0.1728515625 0.5927734375 0.060546875 0.041015625
14 0.259765625 0.58203125 0.015625 0.0625
4 0.3984375 0.5908203125 0.03125 0.048828125
14 0.1884765625 0.666015625 0.017578125 0.0625
8 0.255859375 0.6787109375 0.03515625 0.037109375
0 0.4658203125 0.681640625 0.056640625 0.0390625
11 0.630859375 0.673828125 0.03515625 0.0625
21 0.6826171875 0.697265625 0.037109375 0.0546875
2 0.7216796875 0.68359375 0.029296875 0.04296875
