1 0.29296875 0.1240234375 0.08203125 0.126953125
18 0.5546875 0.078125 0.109375 0.1328125
7 0.744140625 0.12109375 0.08984375 0.12890625
9 0.0556640625 0.3056640625 0.091796875 0.099609375
7 0.26171875 0.328125 0.09375 0.125
0 0.6181640625 0.2998046875 0.138671875 0.087890625
2 0.015625 0.5029296875 0.0703125 0.087890625
23 0.0908203125 0.50390625 0.064453125 0.08203125
21 0.1767578125 0.521484375 0.103515625 0.12890625
22 0.2685546875 0.5029296875 0.080078125 0.083984375
0 0.568359375 0.5009765625 0.140625 0.087890625
9 0.693359375 0.4951171875 0.0859375 0.087890625
5 0.03515625 0.705078125 0.08984375 0.0859375
14 0.1064453125 0.6787109375 0.048828125 0.134765625
13 0.1533203125 0.6796875 0.044921875 0.13671875
6 0.228515625 0.701171875 0.09375 0.0859375
18 0.3291015625 0.68359375 0.087890625 0.12109375
