8 0.3837890625 0.0947265625 0.033203125 0.037109375
22 0.18359375 0.1689453125 0.03515625 0.033203125
13 0.2607421875 0.16015625 0.021484375 0.0625
8 0.591796875 0.169921875 0.03515625 0.03515625
22 0.630859375 0.1689453125 0.03125 0.037109375
10 0.126953125 0.2373046875 0.03515625 0.064453125
8 0.1865234375 0.2509765625 0.037109375 0.037109375
24 0.3271484375 0.25390625 0.037109375 0.04296875
13 0.4658203125 0.236328125 0.021484375 0.0625
0 0.248046875 0.3271484375 0.0546875 0.037109375
5 0.4306640625 0.3271484375 0.033203125 0.037109375
1 0.48828125 0.3330078125 0.03515625 0.052734375
1 0.1298828125 0.416015625 0.037109375 0.05078125
1 0.1298828125 0.416015625 0.037109375 0.05078125
2 0.4228515625 0.404296875 0.029296875 0.03515625
6 0.6875 0.40234375 0.03125 0.03515625
8 0.12890625 0.486328125 0.03515625 0.03515625
4 0.3447265625 0.48046875 0.025390625 0.0390625
23 0.4189453125 0.482421875 0.052734375 0.03515625
35 0.712890625 0.4677734375 0.0546875 0.064453125
4 0.1767578125 0.5595703125 0.021484375 0.041015625
6 0.2392578125 0.5595703125 0.013671875 0.033203125
1 0.294921875 0.5673828125 0.03515625 0.048828125
12 0.4736328125 0.546875 0.041015625 0.06640625
13 0.7138671875 0.53515625 0.017578125 0.07421875
1 0.1298828125 0.642578125 0.037109375 0.05078125
14 0.2294921875 0.6259765625 0.013671875 0.056640625
1 0.2958984375 0.64453125 0.033203125 0.05078125
23 0.44921875 0.6328125 0.03125 0.03515625
13 0.5673828125 0.625 0.017578125 0.06640625
23 0.6005859375 0.6328125 0.029296875 0.03515625
18 0.224609375 0.703125 0.04296875 0.05859375
2 0.3349609375 0.712890625 0.029296875 0.03515625
13 0.490234375 0.7041015625 0.01953125 0.060546875
5 0.564453125 0.71484375 0.03515625 0.03515625
13 0.69921875 0.69140625 0.01953125 0.078125
