7 0.037109375 0.169921875 0.09765625 0.12890625
19 0.3203125 0.1396484375 0.05859375 0.087890625
8 0.5380859375 0.1416015625 0.099609375 0.091796875
5 0.64453125 0.1474609375 0.0859375 0.087890625
6 0.05078125 0.34375 0.08203125 0.0859375
7 0.1533203125 0.3623046875 0.107421875 0.138671875
13 0.240234375 0.3203125 0.0390625 0.140625
8 0.333984375 0.33984375 0.1015625 0.09375
6 0.6337890625 0.3486328125 0.052734375 0.091796875
2 0.7119140625 0.3466796875 0.064453125 0.091796875
4 0.1728515625 0.5361328125 0.072265625 0.111328125
5 0.416015625 0.5380859375 0.08984375 0.091796875
6 0.087890625 0.740234375 0.09375 0.08984375
2 0.1787109375 0.7412109375 0.068359375 0.091796875
2 0.400390625 0.740234375 0.06640625 0.08984375
5 0.61328125 0.744140625 0.0859375 0.09375
