13 0.005859375 0.076171875 0.046875 0.125
19 0.0703125 0.09765625 0.0625 0.0859375
5 0.1484375 0.0966796875 0.08203125 0.087890625
6 0.0947265625 0.2939453125 0.091796875 0.087890625
5 0.1884765625 0.29296875 0.080078125 0.0859375
4 0.2705078125 0.291015625 0.068359375 0.1015625
6 0.357421875 0.296875 0.08984375 0.08984375
0 0.04296875 0.4951171875 0.140625 0.087890625
2 0.1591796875 0.4931640625 0.068359375 0.083984375
5 0.361328125 0.498046875 0.0859375 0.09375
14 0.375 0.6787109375 0.046875 0.142578125
