0 0.3876953125 0.0029296875 0.064453125 0.048828125
0 0.744140625 0.0009765625 0.0625 0.044921875
7 0.4892578125 0.099609375 0.037109375 0.05859375
8 0.4375 0.1708984375 0.04296875 0.041015625
0 0.6337890625 0.1640625 0.064453125 0.0390625
14 0.630859375 0.23828125 0.015625 0.0625
0 0.5966796875 0.41796875 0.056640625 0.04296875
19 0.5712890625 0.5029296875 0.029296875 0.041015625
14 0.59765625 0.4912109375 0.01953125 0.064453125
5 0.6279296875 0.501953125 0.037109375 0.04296875
9 0.71484375 0.5 0.03515625 0.04296875
13 0.693359375 0.578125 0.02734375 0.06640625
