23 0.25 0.0517578125 0.06640625 0.087890625
8 0.7021484375 0.05078125 0.095703125 0.08984375
8 0.068359375 0.2490234375 0.09375 0.083984375
5 0.1650390625 0.2470703125 0.083984375 0.091796875
8 0.7333984375 0.255859375 0.095703125 0.0859375
6 0.09375 0.44921875 0.08984375 0.08984375
4 0.49609375 0.447265625 0.06640625 0.1015625
29 0.716796875 0.44921875 0.125 0.16015625
7 0.005859375 0.66796875 0.09375 0.1328125
13 0.0859375 0.623046875 0.04296875 0.140625
4 0.14453125 0.640625 0.06640625 0.109375
2 0.21484375 0.6435546875 0.0703125 0.095703125
7 0.3369140625 0.66796875 0.119140625 0.1328125
9 0.646484375 0.6513671875 0.0859375 0.095703125
