5 0.0732421875 0.212890625 0.041015625 0.046875
6 0.1142578125 0.2109375 0.037109375 0.0390625
8 0.048828125 0.294921875 0.03515625 0.0390625
5 0.0888671875 0.2958984375 0.037109375 0.044921875
4 0.123046875 0.294921875 0.03125 0.04296875
1 0.0419921875 0.4677734375 0.041015625 0.060546875
5 0.16015625 0.4580078125 0.03515625 0.041015625
23 0.2001953125 0.5419921875 0.037109375 0.044921875
10 0.0234375 0.61328125 0.03125 0.0625
7 0.0869140625 0.716796875 0.037109375 0.05859375
5 0.1279296875 0.7060546875 0.033203125 0.037109375
23 0.162109375 0.705078125 0.03515625 0.0390625
9 0.2021484375 0.7080078125 0.037109375 0.044921875
