6 0.36328125 0.1865234375 0.0859375 0.091796875
8 0.455078125 0.1806640625 0.0859375 0.091796875
1 0.548828125 0.20703125 0.078125 0.1328125
6 0.6455078125 0.185546875 0.087890625 0.0859375
5 0.7412109375 0.185546875 0.080078125 0.08984375
5 0.3515625 0.37890625 0.08203125 0.09375
6 0.4384765625 0.3818359375 0.087890625 0.083984375
4 0.51953125 0.3837890625 0.06640625 0.099609375
16 0.6220703125 0.3837890625 0.095703125 0.087890625
13 0.6982421875 0.36328125 0.048828125 0.13671875
0 0.3837890625 0.58203125 0.130859375 0.09375
4 0.484375 0.5712890625 0.0625 0.115234375
