9 0.3115234375 0.0146484375 0.033203125 0.037109375
1 0.357421875 0.0205078125 0.03515625 0.048828125
16 0.466796875 0.013671875 0.046875 0.0390625
5 0.5107421875 0.01953125 0.033203125 0.03515625
4 0.626953125 0.0205078125 0.0234375 0.033203125
0 0.0546875 0.08984375 0.0546875 0.03515625
1 0.1181640625 0.0966796875 0.033203125 0.048828125
16 0.2216796875 0.0869140625 0.044921875 0.041015625
5 0.265625 0.0908203125 0.03515625 0.037109375
18 0.30859375 0.0830078125 0.0390625 0.056640625
0 0.4130859375 0.0927734375 0.056640625 0.037109375
2 0.4716796875 0.09375 0.029296875 0.03515625
2 0.6279296875 0.09765625 0.029296875 0.03515625
0 0.07421875 0.169921875 0.015625 0.03515625
0 0.1025390625 0.1689453125 0.037109375 0.037109375
7 0.30859375 0.1767578125 0.0390625 0.052734375
2 0.3447265625 0.16796875 0.025390625 0.03515625
23 0.3779296875 0.1708984375 0.029296875 0.037109375
0 0.5009765625 0.17578125 0.056640625 0.0390625
5 0.55078125 0.173828125 0.03125 0.03515625
14 0.580078125 0.1689453125 0.01171875 0.056640625
0 0.0537109375 0.24609375 0.052734375 0.0390625
22 0.107421875 0.248046875 0.03515625 0.03515625
9 0.310546875 0.24609375 0.03515625 0.0390625
14 0.3525390625 0.2353515625 0.017578125 0.056640625
0 0.0615234375 0.3232421875 0.052734375 0.037109375
7 0.125 0.3330078125 0.0390625 0.052734375
0 0.1796875 0.3271484375 0.0546875 0.037109375
2 0.619140625 0.33203125 0.03125 0.03515625
0 0.0947265625 0.4033203125 0.048828125 0.033203125
6 0.142578125 0.4013671875 0.03515625 0.033203125
8 0.291015625 0.4052734375 0.03515625 0.033203125
2 0.33203125 0.400390625 0.03125 0.03515625
14 0.3681640625 0.3916015625 0.013671875 0.056640625
8 0.5087890625 0.408203125 0.033203125 0.03515625
0 0.6181640625 0.41015625 0.052734375 0.03515625
4 0.099609375 0.474609375 0.0234375 0.0390625
7 0.1396484375 0.484375 0.037109375 0.05078125
5 0.1826171875 0.4775390625 0.033203125 0.033203125
19 0.2548828125 0.478515625 0.029296875 0.03515625
5 0.2900390625 0.4755859375 0.033203125 0.033203125
4 0.1943359375 0.552734375 0.025390625 0.0390625
13 0.2705078125 0.5439453125 0.017578125 0.060546875
9 0.302734375 0.5546875 0.03515625 0.03515625
2 0.4677734375 0.556640625 0.029296875 0.03515625
0 0.0908203125 0.6298828125 0.052734375 0.037109375
0 0.2451171875 0.6318359375 0.052734375 0.037109375
5 0.0078125 0.7080078125 0.03515625 0.037109375
8 0.04296875 0.7080078125 0.03515625 0.037109375
7 0.0966796875 0.7109375 0.037109375 0.0546875
19 0.2216796875 0.7099609375 0.029296875 0.033203125
5 0.25390625 0.70703125 0.03515625 0.03515625
5 0.349609375 0.708984375 0.03515625 0.03515625
18 0.4013671875 0.7060546875 0.041015625 0.048828125
5 0.4453125 0.712890625 0.03515625 0.03515625
0 0.4931640625 0.7158203125 0.052734375 0.037109375
