8 0.2412109375 0.078125 0.037109375 0.04296875
2 0.322265625 0.0810546875 0.03125 0.044921875
5 0.357421875 0.0810546875 0.03515625 0.041015625
1 0.4111328125 0.091796875 0.041015625 0.05859375
1 0.4111328125 0.091796875 0.041015625 0.05859375
0 0.615234375 0.0810546875 0.05859375 0.044921875
7 0.6689453125 0.08984375 0.044921875 0.05859375
0 0.724609375 0.0810546875 0.0625 0.041015625
23 0.025390625 0.1708984375 0.03125 0.044921875
9 0.2900390625 0.16796875 0.041015625 0.046875
9 0.5625 0.16796875 0.0390625 0.04296875
7 0.615234375 0.1796875 0.04296875 0.05859375
7 0.712890625 0.1806640625 0.04296875 0.056640625
0 0.0703125 0.2607421875 0.05859375 0.041015625
5 0.1201171875 0.26171875 0.033203125 0.0390625
0 0.169921875 0.2607421875 0.05859375 0.041015625
8 0.376953125 0.2607421875 0.04296875 0.044921875
7 0.5361328125 0.26953125 0.041015625 0.05859375
1 0.1787109375 0.3583984375 0.041015625 0.060546875
8 0.2919921875 0.349609375 0.041015625 0.04296875
22 0.3330078125 0.3505859375 0.037109375 0.041015625
8 0.3759765625 0.3505859375 0.041015625 0.044921875
8 0.4306640625 0.349609375 0.044921875 0.04296875
8 0.5166015625 0.34765625 0.037109375 0.04296875
46 0.650390625 0.349609375 0.07421875 0.04296875
14 0.6982421875 0.3388671875 0.017578125 0.064453125
6 0.0146484375 0.439453125 0.041015625 0.0390625
22 0.0615234375 0.439453125 0.037109375 0.0390625
9 0.1044921875 0.4365234375 0.037109375 0.041015625
1 0.1611328125 0.44921875 0.041015625 0.05859375
27 0.197265625 0.443359375 0.01953125 0.0546875
13 0.28125 0.427734375 0.01953125 0.0625
6 0.5380859375 0.4365234375 0.044921875 0.041015625
23 0.0087890625 0.5283203125 0.025390625 0.041015625
19 0.123046875 0.5283203125 0.02734375 0.041015625
13 0.3203125 0.517578125 0.01953125 0.0625
5 0.353515625 0.52734375 0.0390625 0.0390625
2 0.4013671875 0.708984375 0.033203125 0.04296875
5 0.51171875 0.7060546875 0.03515625 0.044921875
2 0.560546875 0.7041015625 0.03125 0.048828125
