9 0.2216796875 0.1474609375 0.083984375 0.087890625
19 0.4619140625 0.1533203125 0.056640625 0.083984375
12 0.5498046875 0.1318359375 0.099609375 0.130859375
13 0.625 0.134765625 0.0390625 0.1328125
14 0.673828125 0.1357421875 0.04296875 0.126953125
2 0.31640625 0.349609375 0.0703125 0.0859375
2 0.4951171875 0.3525390625 0.068359375 0.083984375
15 0.6796875 0.3486328125 0.109375 0.162109375
0 0.2041015625 0.548828125 0.126953125 0.08203125
22 0.3212890625 0.5478515625 0.087890625 0.083984375
8 0.4248046875 0.5537109375 0.076171875 0.080078125
8 0.2109375 0.7451171875 0.08984375 0.087890625
4 0.294921875 0.7451171875 0.06640625 0.103515625
5 0.6181640625 0.7470703125 0.072265625 0.087890625
0 0.7236328125 0.7451171875 0.126953125 0.083984375
