16 0.0615234375 0.0830078125 0.041015625 0.044921875
14 0.134765625 0.072265625 0.01953125 0.0625
0 0.45703125 0.07421875 0.0625 0.04296875
6 0.6796875 0.072265625 0.0390625 0.0390625
0 0.11328125 0.1640625 0.0625 0.04296875
9 0.3447265625 0.1533203125 0.037109375 0.041015625
7 0.396484375 0.1640625 0.0390625 0.0546875
12 0.5263671875 0.154296875 0.033203125 0.078125
2 0.5595703125 0.15234375 0.029296875 0.04296875
8 0.2099609375 0.244140625 0.041015625 0.04296875
11 0.166015625 0.3173828125 0.03515625 0.064453125
5 0.20703125 0.3291015625 0.03515625 0.041015625
0 0.2685546875 0.3251953125 0.056640625 0.041015625
5 0.4404296875 0.3232421875 0.037109375 0.041015625
5 0.4912109375 0.32421875 0.037109375 0.04296875
1 0.529296875 0.3330078125 0.03515625 0.060546875
8 0.6103515625 0.3212890625 0.037109375 0.044921875
5 0.302734375 0.41015625 0.0390625 0.0390625
13 0.3896484375 0.3916015625 0.025390625 0.080078125
5 0.421875 0.41015625 0.03515625 0.0390625
18 0.6435546875 0.4013671875 0.037109375 0.048828125
18 0.1357421875 0.49609375 0.037109375 0.046875
13 0.1689453125 0.48828125 0.029296875 0.06640625
5 0.2431640625 0.4970703125 0.037109375 0.041015625
5 0.2431640625 0.4970703125 0.037109375 0.041015625
8 0.369140625 0.494140625 0.01953125 0.04296875
0 0.6875 0.4912109375 0.05859375 0.041015625
6 0.21875 0.58203125 0.0390625 0.0390625
0 0.390625 0.5771484375 0.0625 0.044921875
8 0.5576171875 0.5771484375 0.041015625 0.041015625
18 0.59765625 0.5703125 0.0390625 0.046875
2 0.205078125 0.66796875 0.02734375 0.04296875
8 0.3828125 0.6630859375 0.0390625 0.044921875
0 0.685546875 0.66015625 0.0625 0.046875
20 0.4453125 0.74609375 0.08203125 0.0859375
