7 0.578125 0.123046875 0.1015625 0.13671875
5 0.6796875 0.1025390625 0.08203125 0.091796875
18 0.044921875 0.29296875 0.0859375 0.1171875
13 0.1181640625 0.2861328125 0.041015625 0.138671875
14 0.4130859375 0.283203125 0.041015625 0.1328125
14 0.4599609375 0.2802734375 0.037109375 0.134765625
5 0.7265625 0.3046875 0.08984375 0.08984375
22 0.041015625 0.5029296875 0.0859375 0.087890625
6 0.4580078125 0.4990234375 0.095703125 0.087890625
5 0.5556640625 0.4990234375 0.087890625 0.095703125
13 0.640625 0.478515625 0.046875 0.140625
5 0.7216796875 0.5 0.087890625 0.09375
9 0.037109375 0.6943359375 0.0859375 0.099609375
8 0.15234375 0.6982421875 0.08984375 0.087890625
22 0.2431640625 0.6962890625 0.083984375 0.087890625
9 0.33984375 0.6953125 0.0859375 0.09765625
16 0.435546875 0.697265625 0.09375 0.08984375
23 0.529296875 0.6953125 0.06640625 0.0859375
21 0.615234375 0.71875 0.1015625 0.1328125
2 0.69921875 0.69921875 0.06640625 0.0859375
