2 0.099609375 0.03515625 0.02734375 0.03515625
24 0.134765625 0.044921875 0.0390625 0.046875
22 0.24609375 0.1181640625 0.03515625 0.037109375
18 0.2890625 0.1044921875 0.04296875 0.056640625
7 0.34375 0.125 0.0625 0.0546875
13 0.427734375 0.109375 0.01953125 0.06640625
4 0.595703125 0.1171875 0.0234375 0.0390625
9 0.0146484375 0.197265625 0.033203125 0.0390625
8 0.0654296875 0.1982421875 0.033203125 0.037109375
22 0.1064453125 0.1923828125 0.033203125 0.037109375
8 0.14453125 0.1953125 0.03515625 0.03515625
0 0.3056640625 0.1962890625 0.037109375 0.037109375
0 0.3056640625 0.1962890625 0.037109375 0.037109375
5 0.4189453125 0.1943359375 0.033203125 0.037109375
13 0.0107421875 0.2646484375 0.021484375 0.064453125
4 0.251953125 0.2724609375 0.0234375 0.041015625
5 0.2939453125 0.2724609375 0.037109375 0.037109375
18 0.4130859375 0.2607421875 0.041015625 0.056640625
14 0.5458984375 0.263671875 0.013671875 0.05859375
5 0.26171875 0.353515625 0.03515625 0.03515625
0 0.02734375 0.431640625 0.0546875 0.0390625
0 0.1826171875 0.4306640625 0.052734375 0.037109375
0 0.3916015625 0.4326171875 0.056640625 0.037109375
4 0.5927734375 0.4287109375 0.021484375 0.037109375
