0 0.361328125 0.033203125 0.0625 0.046875
0 0.607421875 0.0361328125 0.0859375 0.041015625
6 0.7197265625 0.0361328125 0.037109375 0.041015625
0 0.3623046875 0.1162109375 0.064453125 0.068359375
13 0.5419921875 0.1123046875 0.021484375 0.068359375
0 0.7138671875 0.1240234375 0.060546875 0.041015625
7 0.4228515625 0.220703125 0.044921875 0.0625
9 0.5283203125 0.2119140625 0.037109375 0.044921875
1 0.595703125 0.22265625 0.0390625 0.0625
5 0.7158203125 0.212890625 0.037109375 0.04296875
8 0.509765625 0.2978515625 0.04296875 0.044921875
7 0.35546875 0.4013671875 0.046875 0.060546875
13 0.421875 0.37890625 0.0234375 0.0625
0 0.50390625 0.388671875 0.05859375 0.0390625
0 0.5771484375 0.390625 0.060546875 0.04296875
0 0.365234375 0.4658203125 0.0625 0.064453125
9 0.525390625 0.474609375 0.0390625 0.04296875
0 0.6689453125 0.4765625 0.060546875 0.0390625
5 0.72265625 0.478515625 0.0390625 0.0390625
13 0.5498046875 0.5546875 0.021484375 0.06640625
19 0.5791015625 0.564453125 0.029296875 0.0390625
23 0.7353515625 0.5625 0.029296875 0.0390625
0 0.5078125 0.6484375 0.05859375 0.0390625
9 0.5595703125 0.6484375 0.037109375 0.04296875
