7 0.25 0.2666015625 0.08984375 0.130859375
6 0.6806640625 0.2431640625 0.099609375 0.087890625
1 0.00390625 0.4677734375 0.08984375 0.134765625
6 0.107421875 0.4462890625 0.09375 0.087890625
2 0.20703125 0.44921875 0.07421875 0.09375
23 0.5322265625 0.447265625 0.060546875 0.0859375
6 0.63671875 0.447265625 0.03515625 0.08984375
7 0.7099609375 0.4755859375 0.095703125 0.119140625
6 0.0498046875 0.646484375 0.095703125 0.0859375
11 0.1513671875 0.6220703125 0.091796875 0.134765625
13 0.220703125 0.6279296875 0.04296875 0.142578125
22 0.298828125 0.6513671875 0.0859375 0.087890625
14 0.3916015625 0.6328125 0.044921875 0.13671875
5 0.466796875 0.6513671875 0.0859375 0.091796875
6 0.5595703125 0.650390625 0.095703125 0.0859375
