9 0.197265625 0.0224609375 0.03515625 0.037109375
1 0.2470703125 0.029296875 0.037109375 0.0546875
2 0.3251953125 0.0224609375 0.029296875 0.037109375
5 0.373046875 0.0263671875 0.03515625 0.037109375
0 0.54296875 0.02734375 0.0546875 0.03515625
8 0.6015625 0.0263671875 0.03515625 0.037109375
22 0.64453125 0.0244140625 0.03515625 0.037109375
19 0.1943359375 0.099609375 0.029296875 0.03515625
27 0.3447265625 0.11328125 0.025390625 0.05078125
8 0.4462890625 0.1044921875 0.033203125 0.037109375
0 0.1015625 0.1806640625 0.05078125 0.037109375
6 0.1494140625 0.1806640625 0.037109375 0.037109375
6 0.234375 0.1826171875 0.03515625 0.037109375
9 0.2734375 0.1796875 0.03515625 0.0390625
5 0.322265625 0.1787109375 0.03515625 0.037109375
4 0.392578125 0.1806640625 0.0234375 0.041015625
5 0.435546875 0.1806640625 0.03515625 0.037109375
6 0.4736328125 0.181640625 0.037109375 0.0390625
5 0.513671875 0.1826171875 0.03515625 0.037109375
23 0.548828125 0.1826171875 0.03125 0.037109375
22 0.3544921875 0.259765625 0.033203125 0.0390625
13 0.4775390625 0.2490234375 0.021484375 0.064453125
7 0.009765625 0.427734375 0.04296875 0.0546875
6 0.0537109375 0.4189453125 0.037109375 0.037109375
13 0.1279296875 0.404296875 0.021484375 0.06640625
