7 0.0341796875 0.626953125 0.064453125 0.0546875
12 0.388671875 0.6005859375 0.04296875 0.068359375
5 0.4306640625 0.6044921875 0.037109375 0.041015625
8 0.46484375 0.6083984375 0.03515625 0.037109375
22 0.5068359375 0.60546875 0.037109375 0.0390625
9 0.068359375 0.697265625 0.03515625 0.0390625
0 0.12890625 0.6943359375 0.0546875 0.037109375
9 0.375 0.6884765625 0.03515625 0.037109375
0 0.4326171875 0.685546875 0.056640625 0.03515625
5 0.482421875 0.685546875 0.03515625 0.0390625
8 0.5205078125 0.6845703125 0.037109375 0.037109375
6 0.5966796875 0.6806640625 0.037109375 0.037109375
