6 0.033203125 0.0546875 0.0859375 0.0859375
7 0.2529296875 0.0751953125 0.095703125 0.130859375
18 0.3994140625 0.03515625 0.087890625 0.12109375
13 0.4736328125 0.03125 0.041015625 0.140625
14 0.5263671875 0.033203125 0.041015625 0.1328125
2 0.595703125 0.05078125 0.0703125 0.08984375
14 0.0888671875 0.232421875 0.044921875 0.1328125
13 0.1357421875 0.234375 0.048828125 0.13671875
4 0.1943359375 0.24609375 0.064453125 0.109375
2 0.2607421875 0.251953125 0.064453125 0.08984375
23 0.3388671875 0.2509765625 0.068359375 0.083984375
0 0.57421875 0.2548828125 0.1328125 0.087890625
2 0.6904296875 0.2529296875 0.072265625 0.091796875
22 0.5361328125 0.4501953125 0.080078125 0.083984375
2 0.19921875 0.6474609375 0.0703125 0.091796875
7 0.3740234375 0.669921875 0.099609375 0.1328125
8 0.7119140625 0.64453125 0.095703125 0.08984375
