13 0.0419921875 0.099609375 0.048828125 0.140625
6 0.115234375 0.1201171875 0.08984375 0.087890625
13 0.3076171875 0.0966796875 0.041015625 0.138671875
19 0.37109375 0.1220703125 0.0625 0.083984375
5 0.44921875 0.1220703125 0.0859375 0.091796875
5 0.09765625 0.5185546875 0.09375 0.087890625
14 0.171875 0.4892578125 0.046875 0.130859375
6 0.25 0.509765625 0.09375 0.0859375
22 0.349609375 0.51953125 0.078125 0.08203125
9 0.4482421875 0.5087890625 0.087890625 0.095703125
5 0.0810546875 0.716796875 0.083984375 0.0859375
22 0.451171875 0.716796875 0.08203125 0.0859375
