8 0.0693359375 0.048828125 0.037109375 0.0390625
2 0.109375 0.044921875 0.03125 0.03515625
8 0.3134765625 0.046875 0.033203125 0.03515625
22 0.3544921875 0.044921875 0.033203125 0.03515625
2 0.61328125 0.04296875 0.02734375 0.03515625
13 0.6875 0.0361328125 0.01953125 0.076171875
22 0.3876953125 0.123046875 0.033203125 0.03515625
22 0.4599609375 0.1240234375 0.033203125 0.037109375
1 0.5009765625 0.130859375 0.033203125 0.05078125
1 0.6171875 0.12890625 0.03515625 0.05078125
5 0.7080078125 0.1181640625 0.033203125 0.037109375
6 0.1044921875 0.169921875 0.025390625 0.015625
9 0.1162109375 0.2802734375 0.033203125 0.037109375
4 0.2900390625 0.279296875 0.025390625 0.0390625
14 0.4912109375 0.26953125 0.013671875 0.05859375
9 0.611328125 0.2783203125 0.03125 0.037109375
8 0.0751953125 0.361328125 0.037109375 0.0390625
14 0.185546875 0.34375 0.015625 0.05859375
2 0.212890625 0.359375 0.02734375 0.03515625
21 0.2607421875 0.3642578125 0.064453125 0.056640625
9 0.310546875 0.3583984375 0.03125 0.037109375
13 0.34765625 0.35546875 0.01953125 0.078125
9 0.486328125 0.3583984375 0.03515625 0.037109375
19 0.5302734375 0.359375 0.025390625 0.03515625
9 0.6591796875 0.3564453125 0.033203125 0.037109375
7 0.7080078125 0.36328125 0.041015625 0.0546875
7 0.7080078125 0.36328125 0.041015625 0.0546875
5 0.076171875 0.4384765625 0.03515625 0.037109375
13 0.14453125 0.4248046875 0.01953125 0.064453125
13 0.4912109375 0.416015625 0.021484375 0.08203125
8 0.6416015625 0.4365234375 0.033203125 0.033203125
22 0.681640625 0.43359375 0.03515625 0.03515625
6 0.7197265625 0.4326171875 0.037109375 0.037109375
2 0.1015625 0.5126953125 0.02734375 0.037109375
22 0.25 0.58984375 0.03515625 0.03515625
11 0.2861328125 0.5771484375 0.033203125 0.056640625
5 0.3935546875 0.5888671875 0.033203125 0.033203125
7 0.5 0.595703125 0.03515625 0.05078125
7 0.6015625 0.591796875 0.03515625 0.05078125
13 0.6298828125 0.5751953125 0.021484375 0.060546875
22 0.0771484375 0.669921875 0.037109375 0.0390625
8 0.2001953125 0.66796875 0.017578125 0.03515625
22 0.4560546875 0.666015625 0.033203125 0.03515625
2 0.5029296875 0.6640625 0.029296875 0.03515625
5 0.7333984375 0.6650390625 0.033203125 0.037109375
9 0.134765625 0.744140625 0.03515625 0.03515625
2 0.1865234375 0.744140625 0.029296875 0.03515625
6 0.4990234375 0.7431640625 0.033203125 0.037109375
5 0.5556640625 0.7412109375 0.033203125 0.037109375
6 0.65234375 0.740234375 0.015625 0.03515625
19 0.6767578125 0.7421875 0.025390625 0.03515625
18 0.72265625 0.7353515625 0.0390625 0.048828125
