5 0.2392578125 0.0966796875 0.095703125 0.091796875
8 0.33984375 0.08984375 0.09765625 0.08984375
2 0.4375 0.09375 0.078125 0.08984375
0 0.5615234375 0.09375 0.126953125 0.0859375
1 0.0361328125 0.310546875 0.087890625 0.1328125
18 0.1435546875 0.2744140625 0.087890625 0.123046875
7 0.2734375 0.3154296875 0.10546875 0.134765625
6 0.3828125 0.294921875 0.08984375 0.0859375
4 0.626953125 0.2880859375 0.0703125 0.099609375
13 0.005859375 0.4697265625 0.046875 0.138671875
14 0.5224609375 0.4677734375 0.041015625 0.130859375
14 0.5693359375 0.46875 0.041015625 0.1328125
13 0.6142578125 0.4716796875 0.048828125 0.138671875
4 0.6826171875 0.4873046875 0.080078125 0.095703125
5 0.064453125 0.689453125 0.078125 0.08984375
9 0.2578125 0.6904296875 0.08984375 0.095703125
5 0.369140625 0.6875 0.08984375 0.0859375
2 0.7255859375 0.6875 0.076171875 0.09765625
