7 0.14453125 0.0029296875 0.0390625 0.052734375
1 0.337890625 0.0 0.03515625 0.0546875
5 0.6220703125 0.001953125 0.033203125 0.03515625
12 0.2236328125 0.0625 0.037109375 0.06640625
8 0.3408203125 0.0751953125 0.037109375 0.037109375
5 0.380859375 0.076171875 0.03515625 0.0390625
0 0.5537109375 0.0810546875 0.056640625 0.037109375
29 0.017578125 0.1484375 0.05859375 0.078125
12 0.17578125 0.14453125 0.0390625 0.0703125
1 0.310546875 0.16015625 0.03515625 0.0546875
19 0.4912109375 0.1572265625 0.029296875 0.033203125
7 0.1767578125 0.2412109375 0.041015625 0.052734375
2 0.220703125 0.23046875 0.03125 0.0390625
13 0.3798828125 0.2216796875 0.021484375 0.060546875
23 0.5458984375 0.236328125 0.029296875 0.03515625
4 0.6162109375 0.23828125 0.021484375 0.0390625
13 0.0546875 0.2998046875 0.01953125 0.064453125
23 0.1884765625 0.310546875 0.029296875 0.03515625
29 0.2646484375 0.306640625 0.056640625 0.07421875
9 0.458984375 0.310546875 0.03515625 0.0390625
1 0.509765625 0.318359375 0.03515625 0.05078125
13 0.07421875 0.37890625 0.01953125 0.06640625
5 0.134765625 0.3896484375 0.03515625 0.037109375
4 0.4091796875 0.384765625 0.021484375 0.0390625
1 0.4482421875 0.3974609375 0.033203125 0.052734375
2 0.1103515625 0.4677734375 0.029296875 0.037109375
13 0.419921875 0.4580078125 0.01953125 0.064453125
9 0.5234375 0.4716796875 0.03515625 0.037109375
13 0.6279296875 0.455078125 0.033203125 0.078125
7 0.029296875 0.5556640625 0.0390625 0.052734375
1 0.3779296875 0.5517578125 0.037109375 0.052734375
18 0.4833984375 0.5390625 0.041015625 0.05859375
24 0.53515625 0.5576171875 0.0390625 0.048828125
5 0.30859375 0.6240234375 0.03515625 0.037109375
28 0.435546875 0.615234375 0.046875 0.0625
13 0.4716796875 0.625 0.021484375 0.078125
21 0.517578125 0.6376953125 0.046875 0.052734375
8 0.0546875 0.701171875 0.03515625 0.03515625
6 0.09375 0.6982421875 0.03515625 0.037109375
19 0.12890625 0.7001953125 0.0234375 0.033203125
6 0.1591796875 0.69921875 0.033203125 0.03515625
7 0.201171875 0.70703125 0.04296875 0.05078125
23 0.3369140625 0.69921875 0.033203125 0.03515625
2 0.4580078125 0.7060546875 0.033203125 0.037109375
