2 0.0966796875 0.03515625 0.025390625 0.03515625
9 0.359375 0.0390625 0.03515625 0.0390625
6 0.46484375 0.041015625 0.03515625 0.03515625
0 0.546875 0.0419921875 0.0546875 0.041015625
22 0.6005859375 0.0439453125 0.037109375 0.037109375
0 0.1240234375 0.115234375 0.052734375 0.03515625
6 0.302734375 0.115234375 0.03515625 0.0390625
9 0.3447265625 0.115234375 0.033203125 0.03515625
5 0.4287109375 0.119140625 0.033203125 0.03515625
5 0.52734375 0.1181640625 0.03515625 0.033203125
9 0.0205078125 0.1943359375 0.033203125 0.037109375
22 0.1298828125 0.1904296875 0.033203125 0.037109375
18 0.1826171875 0.185546875 0.041015625 0.05078125
5 0.224609375 0.1923828125 0.03515625 0.037109375
0 0.2705078125 0.1904296875 0.052734375 0.037109375
8 0.361328125 0.197265625 0.03515625 0.03515625
23 0.5322265625 0.1962890625 0.029296875 0.037109375
2 0.576171875 0.19921875 0.02734375 0.03515625
7 0.029296875 0.27734375 0.04296875 0.0546875
13 0.1552734375 0.2587890625 0.021484375 0.064453125
2 0.1845703125 0.271484375 0.029296875 0.03515625
5 0.2607421875 0.26953125 0.033203125 0.03515625
9 0.150390625 0.3486328125 0.03515625 0.037109375
38 0.3203125 0.3388671875 0.07421875 0.064453125
18 0.4423828125 0.3408203125 0.041015625 0.056640625
14 0.5283203125 0.3408203125 0.013671875 0.056640625
14 0.1455078125 0.416015625 0.013671875 0.05859375
22 0.2744140625 0.4296875 0.037109375 0.0390625
22 0.623046875 0.404296875 0.0234375 0.01171875
