14 0.0029296875 0.0283203125 0.041015625 0.134765625
6 0.0693359375 0.0498046875 0.087890625 0.083984375
4 0.1513671875 0.0400390625 0.060546875 0.099609375
5 0.2275390625 0.0439453125 0.083984375 0.087890625
4 0.3037109375 0.037109375 0.056640625 0.09375
2 0.37109375 0.0390625 0.06640625 0.08984375
0 0.6005859375 0.0400390625 0.134765625 0.087890625
2 0.1005859375 0.4384765625 0.068359375 0.087890625
13 0.173828125 0.4228515625 0.04296875 0.134765625
14 0.26953125 0.4169921875 0.04296875 0.130859375
5 0.3408203125 0.439453125 0.083984375 0.08984375
22 0.4501953125 0.4365234375 0.080078125 0.087890625
13 0.5234375 0.412109375 0.046875 0.13671875
2 0.0322265625 0.646484375 0.068359375 0.08203125
19 0.09765625 0.64453125 0.05859375 0.0859375
6 0.171875 0.6474609375 0.08203125 0.080078125
8 0.2607421875 0.6376953125 0.091796875 0.087890625
1 0.353515625 0.6640625 0.08203125 0.12890625
27 0.4296875 0.66015625 0.046875 0.1328125
16 0.5107421875 0.63671875 0.095703125 0.0859375
22 0.609375 0.6318359375 0.08203125 0.087890625
14 0.681640625 0.607421875 0.04296875 0.1328125
