8 0.1796875 0.57421875 0.03515625 0.0390625
5 0.44921875 0.5732421875 0.03515625 0.037109375
11 0.48828125 0.564453125 0.03515625 0.05859375
13 0.5673828125 0.5625 0.025390625 0.0625
5 0.59765625 0.57421875 0.03515625 0.03515625
13 0.130859375 0.642578125 0.01953125 0.0625
9 0.3125 0.6552734375 0.03515625 0.037109375
5 0.25 0.7314453125 0.03515625 0.037109375
18 0.2919921875 0.720703125 0.041015625 0.05859375
6 0.3984375 0.732421875 0.03125 0.03515625
0 0.453125 0.7333984375 0.05078125 0.037109375
5 0.5029296875 0.7333984375 0.033203125 0.037109375
8 0.5302734375 0.7314453125 0.017578125 0.033203125
6 0.580078125 0.7314453125 0.03515625 0.037109375
9 0.619140625 0.7294921875 0.03515625 0.037109375
