5 0.0625 0.017578125 0.0390625 0.0390625
6 0.1005859375 0.015625 0.037109375 0.03515625
5 0.3173828125 0.0126953125 0.033203125 0.037109375
8 0.3544921875 0.013671875 0.033203125 0.03515625
5 0.53125 0.013671875 0.03515625 0.03515625
7 0.583984375 0.0224609375 0.0390625 0.052734375
0 0.6669921875 0.0146484375 0.056640625 0.037109375
2 0.3115234375 0.091796875 0.029296875 0.03515625
1 0.357421875 0.1025390625 0.03515625 0.052734375
6 0.3974609375 0.091796875 0.033203125 0.03515625
22 0.435546875 0.0908203125 0.03515625 0.037109375
18 0.4814453125 0.0810546875 0.041015625 0.056640625
4 0.7412109375 0.08984375 0.025390625 0.04296875
8 0.1533203125 0.1748046875 0.033203125 0.033203125
1 0.2265625 0.1796875 0.03515625 0.05078125
6 0.5 0.169921875 0.03515625 0.03515625
7 0.728515625 0.1796875 0.0625 0.0546875
4 0.0927734375 0.248046875 0.025390625 0.04296875
6 0.1630859375 0.251953125 0.033203125 0.03515625
7 0.353515625 0.259765625 0.0625 0.0546875
2 0.5185546875 0.25 0.029296875 0.03515625
4 0.73828125 0.248046875 0.0234375 0.04296875
16 0.314453125 0.3251953125 0.046875 0.041015625
13 0.3515625 0.3095703125 0.01953125 0.080078125
5 0.189453125 0.40625 0.03125 0.03515625
8 0.3671875 0.4072265625 0.03515625 0.033203125
22 0.4091796875 0.40625 0.033203125 0.03515625
0 0.619140625 0.4052734375 0.0546875 0.037109375
2 0.0556640625 0.4814453125 0.029296875 0.037109375
4 0.1728515625 0.48046875 0.025390625 0.0390625
5 0.216796875 0.482421875 0.03515625 0.03515625
4 0.287109375 0.482421875 0.0234375 0.0390625
0 0.482421875 0.48046875 0.0546875 0.03515625
9 0.142578125 0.5595703125 0.03515625 0.037109375
5 0.1953125 0.5595703125 0.03515625 0.037109375
8 0.31640625 0.560546875 0.03515625 0.03515625
1 0.4033203125 0.5654296875 0.033203125 0.048828125
22 0.484375 0.5576171875 0.03515625 0.037109375
22 0.537109375 0.5556640625 0.03515625 0.037109375
0 0.1884765625 0.63671875 0.052734375 0.03515625
13 0.2919921875 0.6259765625 0.017578125 0.060546875
6 0.4033203125 0.6376953125 0.037109375 0.037109375
0 0.55078125 0.6357421875 0.0546875 0.037109375
14 0.0478515625 0.70703125 0.017578125 0.0625
6 0.138671875 0.712890625 0.03125 0.03515625
0 0.1875 0.7138671875 0.05859375 0.037109375
0 0.4091796875 0.7119140625 0.052734375 0.037109375
