2 0.068359375 0.080078125 0.02734375 0.0390625
6 0.142578125 0.080078125 0.04296875 0.04296875
21 0.5732421875 0.08984375 0.037109375 0.0546875
5 0.6123046875 0.076171875 0.037109375 0.04296875
9 0.6064453125 0.1611328125 0.033203125 0.044921875
9 0.5126953125 0.2451171875 0.033203125 0.044921875
8 0.55859375 0.330078125 0.0390625 0.04296875
6 0.05859375 0.416015625 0.03515625 0.0390625
9 0.1865234375 0.4150390625 0.033203125 0.041015625
4 0.333984375 0.4111328125 0.03125 0.044921875
18 0.482421875 0.4072265625 0.03515625 0.048828125
9 0.603515625 0.41015625 0.03515625 0.04296875
6 0.1669921875 0.5 0.033203125 0.0390625
8 0.20703125 0.5009765625 0.0390625 0.041015625
2 0.3427734375 0.498046875 0.029296875 0.04296875
8 0.2998046875 0.5830078125 0.041015625 0.041015625
9 0.3974609375 0.583984375 0.033203125 0.04296875
8 0.56640625 0.5810546875 0.0390625 0.041015625
8 0.07421875 0.6689453125 0.0390625 0.041015625
4 0.1123046875 0.6611328125 0.029296875 0.048828125
4 0.353515625 0.662109375 0.03125 0.05078125
5 0.400390625 0.6669921875 0.03515625 0.041015625
18 0.4404296875 0.6611328125 0.037109375 0.048828125
5 0.4921875 0.6669921875 0.03515625 0.041015625
12 0.5595703125 0.66796875 0.033203125 0.078125
4 0.5078125 0.744140625 0.03125 0.05078125
