0 0.541015625 0.056640625 0.13671875 0.0859375
1 0.68359375 0.080078125 0.0859375 0.1328125
5 0.283203125 0.26171875 0.09375 0.09375
4 0.37109375 0.2568359375 0.06640625 0.091796875
1 0.447265625 0.2802734375 0.0859375 0.134765625
4 0.4296875 0.451171875 0.0625 0.109375
2 0.4990234375 0.455078125 0.068359375 0.08984375
2 0.73046875 0.453125 0.07421875 0.08984375
8 0.3671875 0.65234375 0.09375 0.0859375
2 0.458984375 0.6552734375 0.0703125 0.083984375
0 0.705078125 0.654296875 0.13671875 0.09375
