8 0.0888671875 0.009765625 0.037109375 0.03515625
5 0.1748046875 0.0126953125 0.033203125 0.037109375
18 0.216796875 0.0009765625 0.0390625 0.056640625
6 0.544921875 0.013671875 0.01953125 0.03125
4 0.5869140625 0.01171875 0.021484375 0.0390625
7 0.150390625 0.1015625 0.04296875 0.05078125
6 0.1923828125 0.091796875 0.033203125 0.03515625
0 0.423828125 0.0888671875 0.0546875 0.037109375
8 0.4990234375 0.0947265625 0.013671875 0.033203125
9 0.5927734375 0.08984375 0.033203125 0.03515625
6 0.2392578125 0.1689453125 0.033203125 0.037109375
22 0.6650390625 0.16796875 0.037109375 0.0390625
7 0.181640625 0.2568359375 0.0390625 0.052734375
13 0.564453125 0.23046875 0.0234375 0.078125
7 0.6083984375 0.2578125 0.041015625 0.05078125
22 0.673828125 0.2490234375 0.03515625 0.037109375
38 0.263671875 0.3125 0.0703125 0.0625
8 0.443359375 0.328125 0.03515625 0.03515625
2 0.484375 0.326171875 0.03125 0.03515625
1 0.5185546875 0.3369140625 0.033203125 0.048828125
5 0.6689453125 0.32421875 0.033203125 0.03515625
7 0.029296875 0.412109375 0.0390625 0.05078125
5 0.228515625 0.404296875 0.03515625 0.03515625
8 0.3291015625 0.4033203125 0.033203125 0.033203125
2 0.4423828125 0.4033203125 0.029296875 0.033203125
24 0.4794921875 0.4111328125 0.041015625 0.044921875
0 0.021484375 0.48046875 0.0546875 0.03515625
5 0.130859375 0.4765625 0.03515625 0.03515625
8 0.3447265625 0.4775390625 0.037109375 0.033203125
6 0.458984375 0.4814453125 0.03515625 0.033203125
18 0.5732421875 0.4716796875 0.041015625 0.048828125
13 0.044921875 0.5439453125 0.01953125 0.060546875
16 0.130859375 0.55078125 0.05078125 0.0390625
2 0.236328125 0.556640625 0.03125 0.03515625
6 0.3203125 0.5537109375 0.03515625 0.033203125
5 0.611328125 0.556640625 0.03125 0.03515625
0 0.658203125 0.556640625 0.0546875 0.03515625
6 0.0078125 0.6328125 0.03515625 0.03515625
13 0.1328125 0.619140625 0.01953125 0.0625
13 0.25390625 0.62890625 0.02734375 0.078125
13 0.5302734375 0.6240234375 0.021484375 0.064453125
1 0.5703125 0.640625 0.03515625 0.05078125
22 0.65234375 0.6337890625 0.03515625 0.037109375
38 0.0869140625 0.701171875 0.064453125 0.06640625
9 0.205078125 0.7119140625 0.03125 0.037109375
2 0.2509765625 0.712890625 0.029296875 0.03515625
0 0.380859375 0.7119140625 0.05078125 0.033203125
0 0.486328125 0.71484375 0.05078125 0.03515625
1 0.671875 0.7216796875 0.03515625 0.052734375
1 0.671875 0.7216796875 0.03515625 0.052734375
