13 0.0009765625 0.013671875 0.021484375 0.0625
1 0.056640625 0.03125 0.03515625 0.05078125
13 0.1279296875 0.01171875 0.021484375 0.0625
5 0.1572265625 0.0224609375 0.033203125 0.037109375
0 0.2734375 0.015625 0.0546875 0.03515625
9 0.41796875 0.0126953125 0.03515625 0.037109375
2 0.4619140625 0.013671875 0.029296875 0.03515625
9 0.556640625 0.0107421875 0.03515625 0.037109375
0 0.615234375 0.0087890625 0.0546875 0.037109375
13 0.083984375 0.08203125 0.01953125 0.078125
22 0.115234375 0.099609375 0.03515625 0.0390625
13 0.2373046875 0.0849609375 0.021484375 0.060546875
11 0.3857421875 0.08203125 0.033203125 0.05859375
5 0.0361328125 0.1806640625 0.033203125 0.037109375
0 0.6884765625 0.1640625 0.052734375 0.03515625
5 0.1318359375 0.2568359375 0.033203125 0.037109375
0 0.3564453125 0.2490234375 0.052734375 0.037109375
22 0.083984375 0.3359375 0.03515625 0.0390625
23 0.37890625 0.328125 0.03125 0.03515625
0 0.541015625 0.322265625 0.0546875 0.03515625
22 0.041015625 0.416015625 0.03515625 0.0390625
19 0.0771484375 0.4140625 0.025390625 0.03515625
13 0.3115234375 0.404296875 0.025390625 0.078125
6 0.5732421875 0.400390625 0.037109375 0.03515625
23 0.6767578125 0.3955078125 0.029296875 0.037109375
4 0.720703125 0.3955078125 0.0234375 0.037109375
22 0.1279296875 0.490234375 0.033203125 0.0390625
9 0.1669921875 0.48828125 0.033203125 0.0390625
2 0.28125 0.486328125 0.03125 0.03515625
12 0.3974609375 0.4736328125 0.037109375 0.064453125
0 0.486328125 0.478515625 0.0546875 0.03515625
8 0.576171875 0.478515625 0.03515625 0.03515625
9 0.65625 0.4775390625 0.03515625 0.037109375
2 0.095703125 0.56640625 0.03125 0.03515625
14 0.279296875 0.5517578125 0.015625 0.056640625
4 0.4453125 0.5546875 0.0234375 0.0390625
5 0.4931640625 0.5595703125 0.033203125 0.037109375
7 0.740234375 0.560546875 0.04296875 0.05078125
6 0.130859375 0.642578125 0.03515625 0.03515625
9 0.171875 0.64453125 0.03515625 0.03515625
7 0.2353515625 0.650390625 0.064453125 0.05078125
0 0.296875 0.640625 0.0546875 0.03515625
13 0.69921875 0.609375 0.01953125 0.08203125
2 0.037109375 0.7255859375 0.02734375 0.033203125
5 0.2099609375 0.71875 0.033203125 0.03515625
0 0.3125 0.716796875 0.0546875 0.03515625
5 0.36328125 0.7138671875 0.03515625 0.037109375
0 0.408203125 0.7119140625 0.0546875 0.037109375
8 0.5947265625 0.708984375 0.033203125 0.03515625
18 0.638671875 0.6943359375 0.0390625 0.056640625
