11 0.392578125 0.048828125 0.0390625 0.05859375
18 0.3974609375 0.1298828125 0.041015625 0.048828125
18 0.3974609375 0.1298828125 0.041015625 0.048828125
4 0.5087890625 0.1279296875 0.025390625 0.041015625
23 0.39453125 0.212890625 0.03125 0.03515625
2 0.4287109375 0.212890625 0.029296875 0.03515625
7 0.474609375 0.2177734375 0.0390625 0.052734375
5 0.623046875 0.2822265625 0.03515625 0.037109375
6 0.404296875 0.37109375 0.0390625 0.03515625
2 0.443359375 0.3681640625 0.02734375 0.037109375
4 0.5322265625 0.3642578125 0.025390625 0.041015625
2 0.40625 0.4501953125 0.03125 0.033203125
7 0.53515625 0.4521484375 0.0390625 0.048828125
5 0.6376953125 0.5146484375 0.033203125 0.033203125
6 0.4716796875 0.599609375 0.033203125 0.03515625
9 0.509765625 0.5947265625 0.03515625 0.037109375
9 0.4638671875 0.6767578125 0.033203125 0.037109375
