19 0.3544921875 0.12109375 0.060546875 0.08984375
5 0.4296875 0.123046875 0.08203125 0.09375
2 0.578125 0.1298828125 0.07421875 0.095703125
8 0.6640625 0.125 0.09375 0.09375
0 0.3759765625 0.3271484375 0.126953125 0.095703125
5 0.4912109375 0.32421875 0.083984375 0.08984375
14 0.560546875 0.3056640625 0.0390625 0.130859375
6 0.6337890625 0.328125 0.095703125 0.0859375
14 0.34375 0.5068359375 0.04296875 0.138671875
6 0.4189453125 0.5283203125 0.076171875 0.083984375
0 0.533203125 0.5283203125 0.13671875 0.087890625
16 0.673828125 0.529296875 0.09765625 0.0859375
