23 0.177734375 0.0703125 0.0703125 0.0859375
5 0.7275390625 0.0615234375 0.087890625 0.087890625
11 0.00390625 0.244140625 0.08984375 0.13671875
0 0.3466796875 0.2685546875 0.134765625 0.091796875
2 0.4814453125 0.2607421875 0.072265625 0.091796875
5 0.560546875 0.2578125 0.08203125 0.08984375
4 0.1396484375 0.4541015625 0.064453125 0.111328125
8 0.392578125 0.4599609375 0.09375 0.091796875
4 0.7138671875 0.443359375 0.068359375 0.109375
7 0.0546875 0.689453125 0.09765625 0.1328125
6 0.16015625 0.662109375 0.09375 0.0859375
4 0.2451171875 0.6533203125 0.064453125 0.099609375
5 0.3193359375 0.6591796875 0.083984375 0.091796875
4 0.3994140625 0.654296875 0.064453125 0.09375
11 0.5927734375 0.62890625 0.087890625 0.13671875
13 0.6689453125 0.6337890625 0.041015625 0.138671875
