0 0.0419921875 0.0009765625 0.056640625 0.041015625
21 0.4013671875 0.0126953125 0.037109375 0.056640625
8 0.46875 0.0 0.0390625 0.04296875
6 0.5888671875 0.0 0.037109375 0.04296875
0 0.0244140625 0.0830078125 0.056640625 0.037109375
13 0.294921875 0.07421875 0.0234375 0.05859375
0 0.37890625 0.08203125 0.05859375 0.0390625
7 0.3203125 0.171875 0.0390625 0.05859375
5 0.064453125 0.2431640625 0.03515625 0.041015625
2 0.240234375 0.24609375 0.0234375 0.0390625
8 0.5634765625 0.24609375 0.033203125 0.03515625
5 0.603515625 0.2421875 0.0390625 0.04296875
9 0.10546875 0.3271484375 0.03515625 0.044921875
5 0.1552734375 0.328125 0.033203125 0.04296875
7 0.005859375 0.42578125 0.0390625 0.05859375
5 0.046875 0.412109375 0.03515625 0.04296875
14 0.353515625 0.40234375 0.01953125 0.0625
5 0.3818359375 0.4111328125 0.033203125 0.041015625
6 0.5556640625 0.412109375 0.041015625 0.0390625
6 0.0205078125 0.498046875 0.041015625 0.0390625
11 0.296875 0.486328125 0.03515625 0.0625
5 0.3525390625 0.49609375 0.037109375 0.04296875
12 0.4208984375 0.4990234375 0.033203125 0.076171875
5 0.5693359375 0.49609375 0.033203125 0.0390625
0 0.1240234375 0.5810546875 0.056640625 0.041015625
8 0.20703125 0.58203125 0.0390625 0.04296875
8 0.2880859375 0.5810546875 0.041015625 0.041015625
1 0.0 0.677734375 0.046875 0.05859375
4 0.3291015625 0.6591796875 0.033203125 0.048828125
12 0.474609375 0.7451171875 0.03515625 0.080078125
