22 0.0009765625 0.16015625 0.033203125 0.03515625
11 0.041015625 0.1484375 0.03515625 0.05859375
8 0.171875 0.158203125 0.03515625 0.03515625
19 0.2080078125 0.1572265625 0.029296875 0.037109375
13 0.0087890625 0.296875 0.021484375 0.078125
5 0.08203125 0.392578125 0.03515625 0.03515625
22 0.1279296875 0.390625 0.033203125 0.0390625
7 0.16796875 0.3984375 0.04296875 0.0546875
5 0.2119140625 0.3896484375 0.037109375 0.037109375
0 0.1982421875 0.4677734375 0.056640625 0.041015625
4 0.21875 0.5419921875 0.0234375 0.041015625
7 0.033203125 0.6328125 0.0625 0.0546875
11 0.0869140625 0.611328125 0.037109375 0.05859375
23 0.2216796875 0.619140625 0.029296875 0.03515625
