23 0.044921875 0.171875 0.03125 0.03515625
2 0.076171875 0.173828125 0.02734375 0.03515625
9 0.109375 0.1728515625 0.03515625 0.037109375
4 0.001953125 0.2509765625 0.0234375 0.041015625
7 0.0458984375 0.2568359375 0.037109375 0.052734375
14 0.078125 0.2392578125 0.015625 0.060546875
1 0.1982421875 0.3310546875 0.037109375 0.048828125
1 0.1982421875 0.3310546875 0.037109375 0.048828125
23 0.1171875 0.4052734375 0.03125 0.037109375
6 0.2099609375 0.4013671875 0.037109375 0.037109375
8 0.12109375 0.486328125 0.03515625 0.03515625
18 0.1650390625 0.4697265625 0.041015625 0.056640625
6 0.169921875 0.638671875 0.03515625 0.03515625
2 0.20703125 0.638671875 0.03125 0.03515625
6 0.0146484375 0.7177734375 0.037109375 0.037109375
4 0.140625 0.712890625 0.02734375 0.04296875
5 0.18359375 0.7158203125 0.03515625 0.037109375
19 0.21875 0.716796875 0.02734375 0.03515625
