6 0.0908203125 0.392578125 0.044921875 0.05078125
8 0.447265625 0.392578125 0.04296875 0.05078125
5 0.490234375 0.392578125 0.0390625 0.046875
2 0.5673828125 0.3955078125 0.029296875 0.044921875
9 0.7353515625 0.3935546875 0.037109375 0.056640625
9 0.078125 0.4814453125 0.03515625 0.044921875
23 0.1845703125 0.4921875 0.037109375 0.0625
7 0.4091796875 0.494140625 0.037109375 0.0625
6 0.451171875 0.478515625 0.0390625 0.046875
9 0.4912109375 0.4814453125 0.037109375 0.044921875
2 0.6142578125 0.482421875 0.029296875 0.04296875
12 0.0341796875 0.568359375 0.033203125 0.08203125
9 0.2529296875 0.5673828125 0.037109375 0.044921875
2 0.3056640625 0.56640625 0.033203125 0.04296875
0 0.5908203125 0.5673828125 0.060546875 0.044921875
1 0.734375 0.576171875 0.0390625 0.06640625
4 0.0673828125 0.6484375 0.033203125 0.05078125
5 0.1298828125 0.6533203125 0.037109375 0.044921875
0 0.2431640625 0.654296875 0.060546875 0.04296875
10 0.33984375 0.640625 0.02734375 0.06640625
18 0.5263671875 0.650390625 0.037109375 0.0546875
