2 0.0 0.1142578125 0.0703125 0.091796875
13 0.1630859375 0.0908203125 0.044921875 0.138671875
16 0.2548828125 0.1123046875 0.099609375 0.087890625
13 0.333984375 0.08984375 0.046875 0.13671875
4 0.5341796875 0.109375 0.060546875 0.109375
1 0.640625 0.1337890625 0.0859375 0.130859375
22 0.0625 0.3125 0.08203125 0.0859375
16 0.203125 0.310546875 0.09765625 0.0859375
13 0.28125 0.2783203125 0.046875 0.138671875
18 0.3720703125 0.28515625 0.107421875 0.13671875
2 0.4755859375 0.3076171875 0.072265625 0.087890625
0 0.5849609375 0.3056640625 0.134765625 0.083984375
6 0.703125 0.3046875 0.08984375 0.0859375
0 0.1396484375 0.51171875 0.134765625 0.0859375
6 0.259765625 0.5087890625 0.0859375 0.083984375
9 0.3642578125 0.50390625 0.087890625 0.09375
6 0.6572265625 0.5048828125 0.091796875 0.083984375
19 0.447265625 0.705078125 0.0546875 0.0859375
12 0.5361328125 0.681640625 0.103515625 0.1328125
