2 0.0166015625 0.0029296875 0.029296875 0.041015625
0 0.0615234375 0.0048828125 0.048828125 0.037109375
2 0.2353515625 0.0009765625 0.029296875 0.044921875
0 0.28125 0.00390625 0.05859375 0.04296875
8 0.3955078125 0.0048828125 0.033203125 0.037109375
6 0.1611328125 0.0859375 0.037109375 0.03515625
7 0.2705078125 0.095703125 0.037109375 0.05859375
13 0.4052734375 0.07421875 0.025390625 0.0625
12 0.5849609375 0.08203125 0.033203125 0.078125
9 0.712890625 0.0830078125 0.03515625 0.037109375
6 0.0 0.1669921875 0.0390625 0.044921875
2 0.0380859375 0.169921875 0.025390625 0.04296875
8 0.181640625 0.1689453125 0.03515625 0.037109375
8 0.2626953125 0.169921875 0.037109375 0.0390625
12 0.0009765625 0.25390625 0.033203125 0.078125
5 0.22265625 0.2509765625 0.03515625 0.041015625
4 0.3017578125 0.24609375 0.029296875 0.046875
7 0.654296875 0.259765625 0.03515625 0.05859375
14 0.0703125 0.32421875 0.01953125 0.0625
5 0.1689453125 0.3349609375 0.037109375 0.041015625
0 0.21875 0.3359375 0.05859375 0.0390625
11 0.3037109375 0.32421875 0.037109375 0.05859375
0 0.6298828125 0.333984375 0.060546875 0.04296875
8 0.013671875 0.4169921875 0.06640625 0.044921875
13 0.197265625 0.412109375 0.01953125 0.05859375
5 0.705078125 0.4150390625 0.0390625 0.041015625
8 0.001953125 0.5009765625 0.04296875 0.044921875
5 0.044921875 0.501953125 0.03515625 0.0390625
21 0.16796875 0.5166015625 0.0390625 0.056640625
0 0.4365234375 0.501953125 0.052734375 0.0390625
8 0.517578125 0.50390625 0.0390625 0.0390625
6 0.2216796875 0.5869140625 0.037109375 0.041015625
8 0.359375 0.5859375 0.0390625 0.0390625
5 0.3984375 0.5869140625 0.03515625 0.041015625
8 0.5263671875 0.5869140625 0.037109375 0.037109375
35 0.7470703125 0.5712890625 0.044921875 0.056640625
4 0.4189453125 0.66796875 0.025390625 0.046875
4 0.181640625 0.7490234375 0.03125 0.048828125
13 0.568359375 0.740234375 0.01953125 0.0703125
