5 0.4541015625 0.0673828125 0.087890625 0.091796875
4 0.048828125 0.2646484375 0.06640625 0.099609375
5 0.451171875 0.2685546875 0.0859375 0.091796875
6 0.0087890625 0.4677734375 0.091796875 0.083984375
14 0.0849609375 0.453125 0.044921875 0.1328125
13 0.1328125 0.4501953125 0.046875 0.142578125
9 0.2060546875 0.4697265625 0.083984375 0.091796875
8 0.349609375 0.46875 0.09765625 0.08984375
22 0.453125 0.4677734375 0.0859375 0.087890625
5 0.052734375 0.666015625 0.06640625 0.0859375
1 0.1669921875 0.6875 0.087890625 0.1328125
18 0.27734375 0.6513671875 0.08984375 0.119140625
0 0.4208984375 0.669921875 0.134765625 0.09375
