7 0.1455078125 0.0830078125 0.037109375 0.060546875
13 0.6083984375 0.046875 0.029296875 0.0859375
13 0.689453125 0.056640625 0.0234375 0.0625
9 0.021484375 0.1591796875 0.03515625 0.041015625
6 0.1162109375 0.1572265625 0.041015625 0.037109375
5 0.458984375 0.1513671875 0.0390625 0.041015625
21 0.4970703125 0.1650390625 0.037109375 0.056640625
0 0.580078125 0.1494140625 0.0625 0.041015625
8 0.666015625 0.1484375 0.03515625 0.0390625
8 0.7412109375 0.1474609375 0.041015625 0.041015625
9 0.001953125 0.2431640625 0.03515625 0.041015625
5 0.056640625 0.2412109375 0.0390625 0.041015625
2 0.201171875 0.2412109375 0.03125 0.041015625
0 0.439453125 0.2333984375 0.0546875 0.037109375
0 0.0 0.3291015625 0.0546875 0.037109375
5 0.048828125 0.326171875 0.03515625 0.0390625
8 0.1259765625 0.326171875 0.041015625 0.04296875
7 0.373046875 0.3291015625 0.0390625 0.060546875
5 0.6298828125 0.3173828125 0.037109375 0.041015625
4 0.3369140625 0.4013671875 0.033203125 0.048828125
9 0.6572265625 0.3994140625 0.033203125 0.041015625
0 0.71875 0.3974609375 0.05859375 0.044921875
4 0.2705078125 0.4873046875 0.033203125 0.048828125
7 0.5771484375 0.4970703125 0.037109375 0.060546875
0 0.1552734375 0.578125 0.060546875 0.04296875
13 0.2509765625 0.5693359375 0.021484375 0.060546875
20 0.5 0.568359375 0.078125 0.0859375
2 0.107421875 0.671875 0.05078125 0.0625
0 0.34375 0.6572265625 0.0625 0.044921875
6 0.4814453125 0.6552734375 0.041015625 0.041015625
4 0.5615234375 0.6474609375 0.033203125 0.048828125
8 0.71875 0.6494140625 0.0390625 0.041015625
5 0.0732421875 0.7470703125 0.037109375 0.041015625
5 0.44921875 0.7373046875 0.03515625 0.044921875
