23 0.478515625 0.06640625 0.06640625 0.078125
9 0.6279296875 0.0595703125 0.083984375 0.091796875
5 0.271484375 0.265625 0.0859375 0.0859375
7 0.3642578125 0.287109375 0.083984375 0.12890625
14 0.5908203125 0.23828125 0.041015625 0.1328125
14 0.6396484375 0.23828125 0.048828125 0.1328125
5 0.7138671875 0.2587890625 0.083984375 0.087890625
2 0.271484375 0.4677734375 0.078125 0.087890625
2 0.6416015625 0.4580078125 0.068359375 0.091796875
5 0.7216796875 0.4599609375 0.076171875 0.087890625
1 0.26953125 0.6865234375 0.08984375 0.130859375
6 0.373046875 0.6630859375 0.0859375 0.083984375
22 0.4716796875 0.66015625 0.080078125 0.0859375
5 0.7451171875 0.662109375 0.087890625 0.0859375
