7 0.048828125 0.0390625 0.04296875 0.0625
0 0.1455078125 0.0302734375 0.056640625 0.041015625
0 0.2412109375 0.033203125 0.056640625 0.0390625
8 0.533203125 0.044921875 0.03515625 0.0390625
9 0.16015625 0.1123046875 0.03515625 0.044921875
12 0.4814453125 0.125 0.033203125 0.078125
8 0.0439453125 0.1904296875 0.041015625 0.052734375
2 0.43359375 0.2060546875 0.03125 0.044921875
9 0.5751953125 0.20703125 0.033203125 0.04296875
8 0.1064453125 0.279296875 0.041015625 0.046875
2 0.3525390625 0.287109375 0.029296875 0.046875
0 0.2138671875 0.3642578125 0.056640625 0.041015625
13 0.2685546875 0.3583984375 0.029296875 0.064453125
14 0.4716796875 0.36328125 0.017578125 0.0625
13 0.5693359375 0.369140625 0.025390625 0.0625
9 0.603515625 0.3759765625 0.0390625 0.044921875
9 0.2421875 0.451171875 0.03515625 0.04296875
18 0.337890625 0.4482421875 0.03515625 0.048828125
8 0.53125 0.4599609375 0.0390625 0.041015625
6 0.0380859375 0.52734375 0.041015625 0.046875
0 0.6044921875 0.5439453125 0.072265625 0.044921875
4 0.03125 0.6064453125 0.03515625 0.052734375
9 0.326171875 0.619140625 0.03515625 0.04296875
0 0.4482421875 0.623046875 0.056640625 0.04296875
0 0.509765625 0.626953125 0.05859375 0.04296875
1 0.20703125 0.7099609375 0.03515625 0.064453125
6 0.2509765625 0.703125 0.041015625 0.0390625
8 0.328125 0.7080078125 0.0390625 0.044921875
9 0.4140625 0.70703125 0.03515625 0.04296875
11 0.685546875 0.701171875 0.03515625 0.05859375
