18 0.005859375 0.0322265625 0.0390625 0.052734375
13 0.1494140625 0.03125 0.037109375 0.06640625
23 0.291015625 0.0419921875 0.03125 0.041015625
6 0.416015625 0.044921875 0.0390625 0.0390625
9 0.083984375 0.1259765625 0.03515625 0.044921875
11 0.1708984375 0.119140625 0.037109375 0.0625
13 0.3271484375 0.123046875 0.025390625 0.0625
18 0.36328125 0.12109375 0.0390625 0.0546875
9 0.05859375 0.216796875 0.0390625 0.04296875
8 0.111328125 0.2158203125 0.03515625 0.041015625
0 0.4326171875 0.220703125 0.060546875 0.04296875
9 0.484375 0.220703125 0.0390625 0.04296875
5 0.619140625 0.224609375 0.0390625 0.04296875
8 0.19921875 0.3056640625 0.0390625 0.041015625
6 0.2939453125 0.30859375 0.037109375 0.0390625
0 0.34375 0.3076171875 0.05859375 0.041015625
13 0.052734375 0.38671875 0.0234375 0.05859375
0 0.1416015625 0.3955078125 0.056640625 0.041015625
0 0.3291015625 0.396484375 0.056640625 0.0390625
1 0.0234375 0.4853515625 0.0390625 0.056640625
27 0.056640625 0.484375 0.01953125 0.0546875
6 0.1845703125 0.48046875 0.037109375 0.0390625
13 0.453125 0.4794921875 0.01953125 0.060546875
23 0.4326171875 0.5703125 0.033203125 0.0390625
0 0.25 0.6591796875 0.05859375 0.041015625
18 0.3115234375 0.65234375 0.037109375 0.0546875
0 0.408203125 0.6630859375 0.05859375 0.041015625
5 0.1953125 0.740234375 0.03515625 0.0390625
6 0.3662109375 0.7451171875 0.041015625 0.041015625
