0 0.470703125 0.041015625 0.0546875 0.0390625
13 0.400390625 0.099609375 0.01953125 0.08203125
6 0.5068359375 0.1181640625 0.037109375 0.037109375
14 0.119140625 0.189453125 0.015625 0.0625
5 0.150390625 0.2021484375 0.03515625 0.037109375
8 0.1875 0.2021484375 0.03515625 0.037109375
13 0.1220703125 0.26953125 0.021484375 0.06640625
38 0.365234375 0.2666015625 0.0703125 0.064453125
11 0.6044921875 0.2646484375 0.037109375 0.060546875
5 0.0830078125 0.3623046875 0.037109375 0.037109375
14 0.220703125 0.3447265625 0.015625 0.060546875
4 0.3984375 0.3564453125 0.0234375 0.041015625
7 0.4833984375 0.3662109375 0.041015625 0.052734375
8 0.55859375 0.35546875 0.03515625 0.03515625
18 0.603515625 0.345703125 0.0390625 0.05859375
22 0.646484375 0.357421875 0.03515625 0.0390625
0 0.7041015625 0.3564453125 0.052734375 0.037109375
4 0.220703125 0.435546875 0.0234375 0.04296875
12 0.2685546875 0.4287109375 0.041015625 0.068359375
4 0.4365234375 0.435546875 0.021484375 0.0390625
16 0.4755859375 0.4296875 0.048828125 0.04296875
8 0.521484375 0.4365234375 0.03515625 0.037109375
18 0.56640625 0.421875 0.04296875 0.05859375
2 0.607421875 0.4345703125 0.03125 0.037109375
22 0.328125 0.5146484375 0.03515625 0.037109375
0 0.3896484375 0.5126953125 0.056640625 0.037109375
9 0.5302734375 0.51171875 0.033203125 0.0390625
5 0.283203125 0.5908203125 0.03515625 0.037109375
18 0.3251953125 0.5791015625 0.041015625 0.056640625
2 0.3798828125 0.5888671875 0.029296875 0.037109375
4 0.138671875 0.669921875 0.0234375 0.04296875
8 0.177734375 0.6689453125 0.03515625 0.037109375
13 0.4013671875 0.732421875 0.021484375 0.0625
18 0.5400390625 0.7314453125 0.041015625 0.056640625
2 0.5830078125 0.7431640625 0.029296875 0.037109375
0 0.6279296875 0.7421875 0.052734375 0.03515625
