6 0.0654296875 0.1796875 0.087890625 0.08203125
22 0.1669921875 0.1787109375 0.080078125 0.083984375
2 0.3583984375 0.1796875 0.072265625 0.0859375
9 0.4482421875 0.17578125 0.083984375 0.08984375
0 0.5810546875 0.17578125 0.087890625 0.08984375
1 0.732421875 0.1943359375 0.0859375 0.126953125
14 0.0546875 0.357421875 0.0390625 0.12890625
14 0.109375 0.3583984375 0.046875 0.134765625
0 0.203125 0.373046875 0.1328125 0.08984375
5 0.328125 0.3779296875 0.0859375 0.087890625
7 0.4462890625 0.3994140625 0.095703125 0.130859375
6 0.552734375 0.375 0.08984375 0.08203125
14 0.6259765625 0.34765625 0.048828125 0.12890625
14 0.6767578125 0.3486328125 0.048828125 0.130859375
5 0.0390625 0.576171875 0.078125 0.0859375
9 0.123046875 0.572265625 0.08203125 0.08984375
7 0.3828125 0.599609375 0.08984375 0.12109375
5 0.48046875 0.56640625 0.0859375 0.09765625
14 0.2158203125 0.74609375 0.044921875 0.13671875
