2 0.2451171875 0.056640625 0.029296875 0.03515625
5 0.3642578125 0.0595703125 0.033203125 0.037109375
6 0.5029296875 0.05859375 0.033203125 0.03515625
6 0.0009765625 0.1396484375 0.033203125 0.037109375
0 0.0498046875 0.134765625 0.056640625 0.0390625
8 0.1318359375 0.1376953125 0.033203125 0.037109375
9 0.2080078125 0.1328125 0.033203125 0.0390625
9 0.365234375 0.1396484375 0.03515625 0.037109375
9 0.677734375 0.13671875 0.03515625 0.0390625
8 0.1484375 0.216796875 0.03515625 0.03515625
2 0.1884765625 0.21875 0.029296875 0.03515625
8 0.232421875 0.216796875 0.03515625 0.03515625
5 0.3916015625 0.216796875 0.033203125 0.03515625
18 0.43359375 0.2041015625 0.04296875 0.056640625
0 0.025390625 0.296875 0.05078125 0.03515625
18 0.28515625 0.2900390625 0.0390625 0.044921875
7 0.490234375 0.302734375 0.04296875 0.05078125
19 0.5322265625 0.2939453125 0.025390625 0.033203125
19 0.5615234375 0.2939453125 0.029296875 0.033203125
2 0.322265625 0.37109375 0.03125 0.03515625
38 0.4931640625 0.359375 0.068359375 0.0625
2 0.34375 0.451171875 0.03125 0.03515625
6 0.4189453125 0.451171875 0.033203125 0.03515625
7 0.5087890625 0.4580078125 0.037109375 0.052734375
22 0.552734375 0.453125 0.03515625 0.03515625
13 0.0 0.5205078125 0.0234375 0.064453125
22 0.111328125 0.5322265625 0.03515625 0.037109375
1 0.1640625 0.541015625 0.03515625 0.05078125
0 0.4560546875 0.5322265625 0.056640625 0.037109375
12 0.5263671875 0.5146484375 0.013671875 0.060546875
9 0.201171875 0.611328125 0.03515625 0.03515625
13 0.2841796875 0.5908203125 0.021484375 0.080078125
0 0.4833984375 0.6123046875 0.056640625 0.037109375
4 0.1015625 0.6826171875 0.0234375 0.037109375
2 0.1416015625 0.6845703125 0.029296875 0.033203125
6 0.427734375 0.6884765625 0.03515625 0.033203125
4 0.4619140625 0.685546875 0.021484375 0.0390625
8 0.5009765625 0.6884765625 0.033203125 0.033203125
2 0.5400390625 0.6865234375 0.029296875 0.033203125
1 0.5771484375 0.6962890625 0.033203125 0.048828125
1 0.5771484375 0.6962890625 0.033203125 0.048828125
