14 0.134765625 0.0693359375 0.015625 0.060546875
8 0.279296875 0.080078125 0.04296875 0.04296875
2 0.0029296875 0.1708984375 0.033203125 0.041015625
11 0.2001953125 0.1572265625 0.037109375 0.060546875
6 0.2421875 0.169921875 0.0390625 0.0390625
9 0.28515625 0.1669921875 0.04296875 0.044921875
5 0.017578125 0.259765625 0.0390625 0.04296875
0 0.078125 0.2578125 0.0625 0.04296875
18 0.1708984375 0.341796875 0.041015625 0.0546875
2 0.212890625 0.349609375 0.02734375 0.04296875
6 0.2451171875 0.34765625 0.037109375 0.04296875
22 0.0595703125 0.4365234375 0.037109375 0.041015625
9 0.09765625 0.4375 0.03515625 0.04296875
12 0.15625 0.435546875 0.046875 0.078125
0 0.2119140625 0.4384765625 0.056640625 0.041015625
7 0.146484375 0.623046875 0.04296875 0.05859375
13 0.2099609375 0.6953125 0.021484375 0.06640625
