0 0.001953125 0.1611328125 0.140625 0.087890625
2 0.1181640625 0.1591796875 0.072265625 0.095703125
8 0.2041015625 0.162109375 0.091796875 0.09375
22 0.056640625 0.359375 0.0859375 0.08984375
13 0.4912109375 0.34375 0.048828125 0.140625
6 0.5634765625 0.369140625 0.091796875 0.0859375
13 0.0556640625 0.541015625 0.041015625 0.12890625
14 0.2939453125 0.541015625 0.044921875 0.140625
7 0.525390625 0.587890625 0.09765625 0.12890625
18 0.2734375 0.7421875 0.08984375 0.12109375
18 0.400390625 0.7470703125 0.08984375 0.119140625
13 0.4755859375 0.744140625 0.041015625 0.13671875
