22 0.0 0.1083984375 0.08203125 0.091796875
6 0.388671875 0.10546875 0.0859375 0.0859375
7 0.4892578125 0.1240234375 0.099609375 0.134765625
13 0.5693359375 0.07421875 0.041015625 0.14453125
4 0.634765625 0.0751953125 0.08203125 0.142578125
6 0.07421875 0.30859375 0.09375 0.08984375
13 0.2900390625 0.2822265625 0.048828125 0.138671875
8 0.51953125 0.296875 0.09375 0.08984375
8 0.3583984375 0.50390625 0.087890625 0.08984375
22 0.453125 0.501953125 0.08203125 0.08984375
13 0.17578125 0.6826171875 0.04296875 0.138671875
4 0.2373046875 0.6943359375 0.072265625 0.103515625
5 0.3115234375 0.7001953125 0.080078125 0.091796875
8 0.56640625 0.697265625 0.09375 0.08984375
5 0.6689453125 0.697265625 0.087890625 0.09375
