18 0.154296875 0.072265625 0.0859375 0.12109375
19 0.2958984375 0.0859375 0.060546875 0.0859375
23 0.3662109375 0.083984375 0.068359375 0.08203125
18 0.529296875 0.0556640625 0.1015625 0.138671875
2 0.625 0.078125 0.06640625 0.0859375
21 0.0419921875 0.3076171875 0.103515625 0.130859375
22 0.185546875 0.287109375 0.08203125 0.0859375
8 0.2841796875 0.28125 0.095703125 0.08984375
2 0.3818359375 0.279296875 0.068359375 0.0859375
0 0.4892578125 0.2783203125 0.134765625 0.087890625
7 0.642578125 0.302734375 0.08984375 0.12890625
1 0.556640625 0.4970703125 0.0859375 0.130859375
6 0.654296875 0.4755859375 0.08984375 0.083984375
2 0.74609375 0.4765625 0.0625 0.09375
12 0.0791015625 0.6689453125 0.111328125 0.134765625
13 0.1640625 0.6630859375 0.0390625 0.138671875
9 0.484375 0.67578125 0.0859375 0.09765625
