4 0.115234375 0.0625 0.0234375 0.0390625
7 0.232421875 0.068359375 0.0390625 0.05078125
7 0.5791015625 0.0546875 0.041015625 0.05078125
2 0.619140625 0.044921875 0.02734375 0.03515625
14 0.173828125 0.1298828125 0.015625 0.056640625
13 0.3203125 0.1240234375 0.01953125 0.064453125
1 0.4140625 0.140625 0.03515625 0.05078125
9 0.65625 0.1201171875 0.03515625 0.037109375
5 0.146484375 0.220703125 0.03515625 0.03515625
14 0.322265625 0.2021484375 0.01171875 0.060546875
8 0.51171875 0.2060546875 0.03515625 0.037109375
13 0.0517578125 0.2861328125 0.021484375 0.083984375
9 0.0869140625 0.3056640625 0.033203125 0.037109375
9 0.3251953125 0.2900390625 0.033203125 0.037109375
13 0.40625 0.27734375 0.01953125 0.0625
18 0.443359375 0.275390625 0.04296875 0.05859375
2 0.693359375 0.279296875 0.03125 0.03515625
22 0.728515625 0.2763671875 0.03515625 0.037109375
5 0.349609375 0.37109375 0.03515625 0.0390625
18 0.3955078125 0.3544921875 0.044921875 0.060546875
8 0.505859375 0.3642578125 0.03515625 0.037109375
1 0.6689453125 0.365234375 0.037109375 0.05078125
1 0.6689453125 0.365234375 0.037109375 0.05078125
29 0.0830078125 0.4619140625 0.060546875 0.080078125
2 0.3056640625 0.44921875 0.029296875 0.0390625
9 0.42578125 0.4453125 0.03515625 0.0390625
13 0.5849609375 0.427734375 0.017578125 0.0625
