12 0.326171875 0.3642578125 0.03515625 0.068359375
4 0.509765625 0.3701171875 0.03125 0.060546875
12 0.0009765625 0.4560546875 0.033203125 0.080078125
11 0.1416015625 0.4453125 0.037109375 0.06640625
6 0.1845703125 0.458984375 0.041015625 0.04296875
9 0.2265625 0.4560546875 0.03515625 0.044921875
18 0.3798828125 0.4560546875 0.037109375 0.052734375
32 0.5712890625 0.46484375 0.041015625 0.08203125
0 0.1796875 0.5439453125 0.05859375 0.044921875
0 0.3955078125 0.546875 0.060546875 0.04296875
3 0.068359375 0.701171875 0.05078125 0.06640625
8 0.150390625 0.716796875 0.0390625 0.04296875
1 0.3623046875 0.724609375 0.037109375 0.0625
