2 0.0478515625 0.0400390625 0.029296875 0.037109375
13 0.1943359375 0.0302734375 0.021484375 0.064453125
9 0.2587890625 0.0419921875 0.033203125 0.037109375
13 0.06640625 0.1083984375 0.01953125 0.060546875
6 0.171875 0.12109375 0.03125 0.03515625
8 0.2587890625 0.1220703125 0.033203125 0.037109375
2 0.296875 0.1181640625 0.03125 0.037109375
14 0.33203125 0.1064453125 0.01171875 0.060546875
6 0.4365234375 0.1171875 0.037109375 0.03515625
5 0.4755859375 0.119140625 0.033203125 0.03515625
23 0.5712890625 0.1171875 0.029296875 0.03515625
5 0.00390625 0.197265625 0.03515625 0.03515625
19 0.0400390625 0.1982421875 0.029296875 0.033203125
1 0.30859375 0.2041015625 0.03515625 0.052734375
5 0.525390625 0.1962890625 0.03515625 0.037109375
4 0.6669921875 0.1962890625 0.021484375 0.041015625
6 0.1044921875 0.2763671875 0.033203125 0.037109375
9 0.1416015625 0.279296875 0.033203125 0.0390625
8 0.2646484375 0.2744140625 0.037109375 0.037109375
8 0.0390625 0.3544921875 0.03515625 0.037109375
8 0.181640625 0.357421875 0.03515625 0.03515625
8 0.271484375 0.35546875 0.03515625 0.03515625
1 0.4619140625 0.361328125 0.033203125 0.046875
8 0.26953125 0.4365234375 0.03515625 0.037109375
22 0.3115234375 0.43359375 0.033203125 0.03515625
0 0.37109375 0.43359375 0.05859375 0.0390625
9 0.65625 0.4326171875 0.03515625 0.037109375
