1 0.4443359375 0.037109375 0.037109375 0.05078125
9 0.4892578125 0.0283203125 0.033203125 0.033203125
8 0.6376953125 0.0234375 0.033203125 0.03515625
9 0.5078125 0.10546875 0.03515625 0.0390625
5 0.72265625 0.09765625 0.03515625 0.0390625
23 0.4443359375 0.189453125 0.033203125 0.03515625
22 0.48046875 0.185546875 0.03515625 0.0390625
1 0.65234375 0.1865234375 0.03515625 0.052734375
22 0.732421875 0.1767578125 0.03515625 0.037109375
1 0.4501953125 0.2734375 0.037109375 0.05078125
9 0.630859375 0.259765625 0.03515625 0.0390625
2 0.6943359375 0.3359375 0.029296875 0.03515625
10 0.4482421875 0.41015625 0.029296875 0.05859375
2 0.6875 0.4130859375 0.02734375 0.037109375
8 0.453125 0.50390625 0.0390625 0.0390625
22 0.49609375 0.4990234375 0.03515625 0.037109375
18 0.6904296875 0.48828125 0.041015625 0.05078125
