14 0.052734375 0.0419921875 0.046875 0.134765625
13 0.1025390625 0.041015625 0.041015625 0.1328125
6 0.17578125 0.0654296875 0.09375 0.083984375
0 0.3173828125 0.0673828125 0.138671875 0.087890625
2 0.4541015625 0.0693359375 0.072265625 0.091796875
23 0.53125 0.07421875 0.06640625 0.08203125
23 0.6064453125 0.0732421875 0.068359375 0.080078125
1 0.0830078125 0.28125 0.087890625 0.1328125
8 0.5029296875 0.265625 0.091796875 0.08984375
22 0.603515625 0.271484375 0.08203125 0.08203125
2 0.734375 0.2705078125 0.0703125 0.091796875
13 0.03515625 0.4375 0.04296875 0.13671875
1 0.279296875 0.4833984375 0.0859375 0.126953125
18 0.529296875 0.4462890625 0.08984375 0.119140625
6 0.1474609375 0.6572265625 0.087890625 0.087890625
8 0.265625 0.658203125 0.09765625 0.09375
22 0.37109375 0.66015625 0.0859375 0.0859375
22 0.4931640625 0.6640625 0.087890625 0.0859375
11 0.6025390625 0.6357421875 0.087890625 0.130859375
2 0.69921875 0.6630859375 0.0703125 0.091796875
