8 0.587890625 0.015625 0.0390625 0.0390625
8 0.0625 0.10546875 0.0390625 0.0390625
0 0.271484375 0.1015625 0.0625 0.04296875
9 0.478515625 0.09765625 0.03515625 0.04296875
9 0.4423828125 0.1845703125 0.037109375 0.044921875
23 0.7431640625 0.17578125 0.033203125 0.0390625
0 0.072265625 0.275390625 0.05859375 0.04296875
9 0.1865234375 0.26953125 0.033203125 0.04296875
9 0.357421875 0.267578125 0.03515625 0.04296875
13 0.498046875 0.2666015625 0.02734375 0.083984375
8 0.5703125 0.2646484375 0.03515625 0.041015625
18 0.6904296875 0.2568359375 0.037109375 0.048828125
12 0.0830078125 0.3603515625 0.033203125 0.080078125
8 0.1650390625 0.357421875 0.041015625 0.046875
6 0.390625 0.3564453125 0.0390625 0.048828125
0 0.439453125 0.35546875 0.05859375 0.046875
0 0.5146484375 0.3525390625 0.064453125 0.048828125
