7 0.0146484375 0.0771484375 0.037109375 0.052734375
5 0.056640625 0.0732421875 0.03515625 0.037109375
23 0.189453125 0.0693359375 0.03125 0.037109375
5 0.01953125 0.1513671875 0.03515625 0.037109375
18 0.0341796875 0.2158203125 0.041015625 0.056640625
6 0.076171875 0.2275390625 0.03125 0.033203125
9 0.1171875 0.2275390625 0.03515625 0.041015625
5 0.1123046875 0.3056640625 0.033203125 0.037109375
13 0.01171875 0.53125 0.01953125 0.0625
5 0.04296875 0.54296875 0.03515625 0.03515625
1 0.0615234375 0.626953125 0.037109375 0.05078125
1 0.0615234375 0.626953125 0.037109375 0.05078125
1 0.0009765625 0.7080078125 0.033203125 0.048828125
0 0.2001953125 0.6943359375 0.052734375 0.037109375
