3 0.158203125 0.060546875 0.05859375 0.06640625
6 0.412109375 0.0615234375 0.03515625 0.037109375
0 0.5146484375 0.0615234375 0.052734375 0.037109375
2 0.5625 0.0576171875 0.02734375 0.037109375
9 0.5966796875 0.056640625 0.033203125 0.03515625
8 0.646484375 0.060546875 0.03515625 0.03515625
13 0.3740234375 0.130859375 0.021484375 0.0625
2 0.4033203125 0.1416015625 0.029296875 0.037109375
8 0.46484375 0.1396484375 0.03515625 0.037109375
22 0.5078125 0.1376953125 0.03515625 0.037109375
0 0.439453125 0.2177734375 0.0546875 0.037109375
23 0.705078125 0.2109375 0.03125 0.03515625
0 0.037109375 0.3115234375 0.05859375 0.041015625
6 0.0869140625 0.310546875 0.037109375 0.03515625
18 0.1328125 0.298828125 0.04296875 0.05859375
22 0.177734375 0.310546875 0.03515625 0.0390625
14 0.625 0.2822265625 0.015625 0.060546875
2 0.6904296875 0.2919921875 0.029296875 0.037109375
0 0.04296875 0.388671875 0.0546875 0.0390625
2 0.1484375 0.38671875 0.03125 0.03515625
9 0.185546875 0.384765625 0.03515625 0.0390625
12 0.2373046875 0.373046875 0.037109375 0.06640625
23 0.43359375 0.3798828125 0.03125 0.037109375
9 0.220703125 0.4658203125 0.03515625 0.041015625
13 0.3974609375 0.44921875 0.021484375 0.0625
9 0.525390625 0.455078125 0.03515625 0.04296875
5 0.587890625 0.453125 0.03515625 0.0390625
