5 0.1875 0.2265625 0.09375 0.09375
11 0.28125 0.2001953125 0.08984375 0.138671875
8 0.53515625 0.228515625 0.09375 0.09765625
5 0.62890625 0.2294921875 0.08984375 0.095703125
4 0.173828125 0.4150390625 0.07421875 0.111328125
5 0.2548828125 0.4248046875 0.083984375 0.087890625
4 0.3349609375 0.419921875 0.072265625 0.109375
14 0.3349609375 0.59765625 0.044921875 0.1328125
14 0.3857421875 0.6005859375 0.041015625 0.134765625
2 0.4580078125 0.625 0.076171875 0.0859375
29 0.6328125 0.6220703125 0.125 0.154296875
22 0.74609375 0.6318359375 0.08203125 0.083984375
