22 0.107421875 0.009765625 0.03515625 0.03515625
2 0.1474609375 0.005859375 0.029296875 0.03515625
8 0.140625 0.0869140625 0.015625 0.033203125
22 0.1943359375 0.0849609375 0.033203125 0.037109375
0 0.30078125 0.0810546875 0.0546875 0.037109375
4 0.423828125 0.0732421875 0.0234375 0.041015625
13 0.4541015625 0.0595703125 0.017578125 0.099609375
13 0.515625 0.0498046875 0.01953125 0.083984375
13 0.6806640625 0.041015625 0.021484375 0.08203125
9 0.7109375 0.060546875 0.03515625 0.0390625
0 0.091796875 0.166015625 0.0546875 0.03515625
6 0.1396484375 0.162109375 0.037109375 0.03515625
18 0.1865234375 0.1513671875 0.041015625 0.060546875
22 0.2314453125 0.1611328125 0.037109375 0.037109375
18 0.2802734375 0.1533203125 0.041015625 0.044921875
5 0.3232421875 0.1552734375 0.033203125 0.037109375
8 0.3994140625 0.1552734375 0.033203125 0.037109375
35 0.572265625 0.1357421875 0.0546875 0.064453125
11 0.6201171875 0.1318359375 0.037109375 0.056640625
12 0.720703125 0.1298828125 0.0390625 0.064453125
0 0.107421875 0.2431640625 0.0546875 0.037109375
2 0.154296875 0.240234375 0.02734375 0.03515625
5 0.259765625 0.23828125 0.03515625 0.03515625
4 0.005859375 0.3212890625 0.0234375 0.037109375
7 0.041015625 0.33203125 0.0390625 0.05078125
2 0.0810546875 0.322265625 0.029296875 0.03515625
9 0.25 0.314453125 0.03515625 0.0390625
9 0.25 0.3935546875 0.03515625 0.037109375
6 0.35546875 0.390625 0.03125 0.03515625
8 0.4267578125 0.388671875 0.033203125 0.03515625
12 0.6826171875 0.3642578125 0.041015625 0.064453125
9 0.0068359375 0.4814453125 0.033203125 0.037109375
22 0.1484375 0.4775390625 0.03515625 0.037109375
22 0.234375 0.4736328125 0.03515625 0.037109375
0 0.3427734375 0.546875 0.052734375 0.03515625
2 0.388671875 0.544921875 0.02734375 0.03515625
22 0.7158203125 0.52734375 0.037109375 0.0390625
14 0.07421875 0.6240234375 0.015625 0.056640625
22 0.10546875 0.6357421875 0.03515625 0.037109375
0 0.384765625 0.623046875 0.0546875 0.03515625
5 0.505859375 0.6162109375 0.03515625 0.037109375
1 0.0537109375 0.71875 0.033203125 0.046875
2 0.1298828125 0.705078125 0.029296875 0.03515625
5 0.1787109375 0.7080078125 0.033203125 0.033203125
18 0.220703125 0.6943359375 0.04296875 0.056640625
2 0.2939453125 0.6982421875 0.029296875 0.033203125
9 0.4326171875 0.69140625 0.033203125 0.03515625
0 0.529296875 0.69140625 0.05078125 0.03515625
6 0.5771484375 0.6884765625 0.037109375 0.037109375
