1 0.5322265625 0.072265625 0.037109375 0.05078125
9 0.083984375 0.14453125 0.03515625 0.0390625
8 0.283203125 0.14453125 0.03515625 0.03515625
22 0.326171875 0.1455078125 0.03515625 0.037109375
7 0.31640625 0.2314453125 0.04296875 0.052734375
14 0.3505859375 0.2099609375 0.013671875 0.056640625
8 0.484375 0.220703125 0.03515625 0.03515625
7 0.06640625 0.3115234375 0.04296875 0.052734375
8 0.2001953125 0.3017578125 0.037109375 0.037109375
22 0.2392578125 0.30078125 0.033203125 0.0390625
9 0.462890625 0.298828125 0.03125 0.03515625
5 0.27734375 0.3779296875 0.03515625 0.037109375
8 0.390625 0.3779296875 0.03515625 0.037109375
4 0.60546875 0.3720703125 0.0234375 0.041015625
5 0.1279296875 0.4580078125 0.037109375 0.037109375
18 0.173828125 0.44921875 0.04296875 0.0625
0 0.3154296875 0.45703125 0.056640625 0.0390625
