7 0.5859375 0.048828125 0.0390625 0.05078125
13 0.724609375 0.02734375 0.01953125 0.0625
6 0.353515625 0.119140625 0.03125 0.03515625
5 0.3896484375 0.12109375 0.033203125 0.03515625
5 0.439453125 0.119140625 0.03515625 0.0390625
0 0.49609375 0.119140625 0.0546875 0.03515625
2 0.3251953125 0.19921875 0.029296875 0.03515625
5 0.4599609375 0.1962890625 0.033203125 0.037109375
0 0.5166015625 0.19921875 0.052734375 0.03515625
10 0.7314453125 0.1845703125 0.033203125 0.056640625
7 0.1259765625 0.28515625 0.041015625 0.0546875
6 0.25 0.27734375 0.01953125 0.03515625
2 0.2958984375 0.279296875 0.033203125 0.03515625
2 0.33984375 0.2763671875 0.03125 0.037109375
5 0.375 0.27734375 0.03515625 0.03515625
0 0.515625 0.27734375 0.05078125 0.03515625
13 0.6884765625 0.255859375 0.021484375 0.08203125
9 0.7490234375 0.275390625 0.033203125 0.0390625
1 0.130859375 0.3642578125 0.03515625 0.052734375
0 0.2509765625 0.357421875 0.056640625 0.0390625
0 0.2509765625 0.357421875 0.056640625 0.0390625
8 0.4296875 0.35546875 0.03515625 0.03515625
6 0.5634765625 0.3544921875 0.037109375 0.037109375
1 0.650390625 0.36328125 0.03515625 0.05078125
0 0.70703125 0.3544921875 0.0546875 0.037109375
11 0.1259765625 0.4248046875 0.037109375 0.060546875
14 0.2919921875 0.4228515625 0.013671875 0.060546875
8 0.3984375 0.4345703125 0.0390625 0.037109375
22 0.4375 0.4365234375 0.03515625 0.037109375
14 0.478515625 0.4208984375 0.015625 0.060546875
1 0.544921875 0.4423828125 0.03515625 0.052734375
