8 0.169921875 0.021484375 0.09765625 0.08984375
22 0.2724609375 0.0263671875 0.083984375 0.087890625
8 0.37109375 0.029296875 0.09375 0.09375
13 0.154296875 0.197265625 0.04296875 0.140625
19 0.2158203125 0.2216796875 0.060546875 0.087890625
12 0.302734375 0.19921875 0.10546875 0.1328125
13 0.3857421875 0.2041015625 0.048828125 0.142578125
0 0.052734375 0.41796875 0.13671875 0.08984375
6 0.1748046875 0.41796875 0.095703125 0.0859375
14 0.2490234375 0.400390625 0.044921875 0.140625
8 0.0400390625 0.6123046875 0.095703125 0.087890625
5 0.2451171875 0.6142578125 0.080078125 0.087890625
4 0.3359375 0.595703125 0.0859375 0.140625
