7 0.666015625 0.0791015625 0.0390625 0.060546875
0 0.35546875 0.158203125 0.05859375 0.04296875
5 0.408203125 0.154296875 0.03515625 0.0390625
14 0.642578125 0.138671875 0.01953125 0.0625
0 0.7236328125 0.142578125 0.060546875 0.0390625
8 0.34765625 0.23828125 0.04296875 0.046875
1 0.34375 0.3271484375 0.0390625 0.064453125
6 0.48828125 0.302734375 0.04296875 0.0625
6 0.583984375 0.310546875 0.0390625 0.04296875
0 0.6337890625 0.3095703125 0.052734375 0.037109375
5 0.3466796875 0.40234375 0.041015625 0.04296875
7 0.560546875 0.40625 0.0390625 0.05859375
4 0.365234375 0.48046875 0.03125 0.05078125
6 0.5859375 0.478515625 0.04296875 0.0390625
7 0.720703125 0.4873046875 0.03515625 0.060546875
7 0.720703125 0.4873046875 0.03515625 0.060546875
2 0.748046875 0.5576171875 0.03125 0.041015625
0 0.6904296875 0.6435546875 0.060546875 0.041015625
9 0.4794921875 0.732421875 0.037109375 0.04296875
0 0.5419921875 0.732421875 0.060546875 0.046875
2 0.5927734375 0.7294921875 0.029296875 0.044921875
0 0.63671875 0.728515625 0.0546875 0.0390625
8 0.68359375 0.7275390625 0.03515625 0.037109375
