0 0.1328125 0.396484375 0.0859375 0.05078125
1 0.466796875 0.400390625 0.0390625 0.06640625
2 0.6962890625 0.3896484375 0.033203125 0.044921875
2 0.3984375 0.4814453125 0.03125 0.044921875
4 0.5283203125 0.474609375 0.033203125 0.05078125
5 0.576171875 0.478515625 0.0390625 0.04296875
6 0.03125 0.5693359375 0.04296875 0.041015625
0 0.341796875 0.5654296875 0.0625 0.044921875
5 0.3955078125 0.564453125 0.037109375 0.04296875
7 0.7431640625 0.5712890625 0.037109375 0.060546875
5 0.49609375 0.650390625 0.0390625 0.04296875
11 0.3583984375 0.7236328125 0.037109375 0.064453125
