22 0.2333984375 0.576171875 0.037109375 0.0390625
13 0.416015625 0.5625 0.0234375 0.06640625
22 0.1845703125 0.65625 0.033203125 0.0390625
8 0.212890625 0.654296875 0.015625 0.03515625
2 0.263671875 0.6552734375 0.02734375 0.037109375
2 0.3271484375 0.6572265625 0.029296875 0.037109375
19 0.44921875 0.654296875 0.02734375 0.03515625
38 0.5888671875 0.646484375 0.068359375 0.07421875
8 0.1396484375 0.7353515625 0.037109375 0.037109375
8 0.21484375 0.736328125 0.03515625 0.03515625
12 0.2705078125 0.7275390625 0.037109375 0.068359375
11 0.3515625 0.72265625 0.03515625 0.05859375
38 0.490234375 0.7216796875 0.07421875 0.064453125
