46 0.12890625 0.1279296875 0.1640625 0.080078125
14 0.25 0.103515625 0.046875 0.13671875
6 0.3232421875 0.125 0.091796875 0.0859375
8 0.423828125 0.123046875 0.09375 0.0859375
4 0.517578125 0.115234375 0.08203125 0.1015625
5 0.603515625 0.1171875 0.08203125 0.08984375
5 0.08203125 0.3203125 0.078125 0.08984375
7 0.1826171875 0.3408203125 0.103515625 0.134765625
27 0.3720703125 0.341796875 0.048828125 0.12890625
5 0.4443359375 0.3154296875 0.083984375 0.091796875
8 0.537109375 0.314453125 0.09375 0.08984375
8 0.1064453125 0.5234375 0.091796875 0.0859375
9 0.341796875 0.517578125 0.0859375 0.08984375
2 0.470703125 0.515625 0.0703125 0.08984375
22 0.548828125 0.517578125 0.08203125 0.0859375
9 0.654296875 0.5107421875 0.0859375 0.095703125
9 0.0390625 0.7265625 0.0859375 0.09375
18 0.1611328125 0.7158203125 0.087890625 0.123046875
9 0.3671875 0.71875 0.0859375 0.09375
0 0.51171875 0.720703125 0.13671875 0.0859375
