7 0.5322265625 0.0009765625 0.041015625 0.056640625
4 0.017578125 0.068359375 0.03125 0.046875
14 0.123046875 0.064453125 0.01953125 0.0625
2 0.1630859375 0.0751953125 0.029296875 0.041015625
0 0.5009765625 0.08203125 0.056640625 0.04296875
5 0.5634765625 0.080078125 0.037109375 0.04296875
0 0.6171875 0.0751953125 0.05859375 0.041015625
1 0.2236328125 0.1728515625 0.037109375 0.056640625
6 0.2666015625 0.1650390625 0.037109375 0.041015625
0 0.4990234375 0.16796875 0.056640625 0.0390625
9 0.060546875 0.2490234375 0.0390625 0.041015625
2 0.111328125 0.2509765625 0.03125 0.044921875
21 0.1494140625 0.2607421875 0.041015625 0.056640625
23 0.1865234375 0.2509765625 0.029296875 0.041015625
9 0.326171875 0.251953125 0.0390625 0.04296875
6 0.087890625 0.3388671875 0.0390625 0.037109375
5 0.1796875 0.3349609375 0.03515625 0.044921875
0 0.2294921875 0.3388671875 0.060546875 0.037109375
0 0.291015625 0.341796875 0.05859375 0.0390625
2 0.337890625 0.34375 0.03125 0.04296875
8 0.3818359375 0.3427734375 0.041015625 0.041015625
2 0.419921875 0.34375 0.02734375 0.0390625
5 0.4970703125 0.341796875 0.033203125 0.0390625
6 0.53515625 0.34375 0.0390625 0.0390625
0 0.1611328125 0.42578125 0.060546875 0.0390625
5 0.212890625 0.4267578125 0.0390625 0.041015625
0 0.419921875 0.4287109375 0.05859375 0.041015625
13 0.6123046875 0.4208984375 0.021484375 0.060546875
8 0.703125 0.4296875 0.0390625 0.0390625
8 0.3134765625 0.5166015625 0.041015625 0.041015625
23 0.5634765625 0.51953125 0.033203125 0.04296875
9 0.0107421875 0.59375 0.037109375 0.04296875
9 0.3798828125 0.60546875 0.041015625 0.046875
8 0.4326171875 0.6064453125 0.041015625 0.041015625
2 0.2783203125 0.6904296875 0.033203125 0.041015625
5 0.416015625 0.6953125 0.03125 0.0390625
0 0.4677734375 0.6953125 0.060546875 0.0390625
