18 0.240234375 0.052734375 0.0390625 0.05859375
13 0.4990234375 0.0595703125 0.021484375 0.080078125
6 0.7041015625 0.0625 0.033203125 0.03515625
16 0.072265625 0.140625 0.046875 0.04296875
22 0.171875 0.142578125 0.03515625 0.03515625
9 0.2138671875 0.14453125 0.033203125 0.03515625
5 0.3232421875 0.1455078125 0.033203125 0.037109375
22 0.5048828125 0.140625 0.033203125 0.03515625
0 0.607421875 0.1435546875 0.0546875 0.037109375
14 0.6650390625 0.126953125 0.041015625 0.0703125
6 0.107421875 0.220703125 0.03515625 0.03515625
9 0.1474609375 0.2197265625 0.033203125 0.037109375
0 0.4541015625 0.21875 0.052734375 0.03515625
18 0.5537109375 0.2080078125 0.041015625 0.060546875
27 0.6923828125 0.2333984375 0.025390625 0.052734375
13 0.0556640625 0.2890625 0.021484375 0.0625
2 0.1259765625 0.3017578125 0.029296875 0.037109375
7 0.1767578125 0.30859375 0.041015625 0.0546875
8 0.3974609375 0.2998046875 0.033203125 0.037109375
2 0.4384765625 0.2978515625 0.029296875 0.037109375
8 0.6279296875 0.3037109375 0.033203125 0.037109375
8 0.140625 0.3798828125 0.03515625 0.037109375
22 0.1826171875 0.3798828125 0.033203125 0.037109375
18 0.3017578125 0.3720703125 0.037109375 0.048828125
8 0.341796875 0.37890625 0.03515625 0.03515625
2 0.3798828125 0.376953125 0.029296875 0.03515625
8 0.5556640625 0.3779296875 0.033203125 0.033203125
11 0.193359375 0.4453125 0.03515625 0.05859375
0 0.296875 0.455078125 0.05078125 0.03515625
0 0.35546875 0.4541015625 0.0546875 0.037109375
7 0.21875 0.541015625 0.0390625 0.05078125
8 0.294921875 0.533203125 0.03515625 0.03515625
0 0.4189453125 0.53125 0.052734375 0.03515625
5 0.46875 0.533203125 0.03515625 0.03515625
8 0.5439453125 0.533203125 0.037109375 0.03515625
0 0.1767578125 0.6123046875 0.056640625 0.037109375
5 0.369140625 0.6083984375 0.03515625 0.037109375
1 0.689453125 0.6162109375 0.03515625 0.048828125
7 0.3095703125 0.6943359375 0.041015625 0.052734375
