18 0.193297 0.863302 0.0927032 0.130439 0.979087
14 0.248444 0.274404 0.0512007 0.142177 0.974016
11 0.328839 0.473394 0.146718 0.143178 0.971508
1 0.129044 0.709669 0.0893958 0.132783 0.968877
2 0.980093 0.300618 0.039814 0.0952842 0.964037
8 0.458438 0.490329 0.0957105 0.0890483 0.960962
14 0.0582637 0.47032 0.0501531 0.142624 0.956958
8 0.310365 0.881224 0.0961621 0.0972009 0.953824
0 0.825412 0.504256 0.141041 0.113379 0.947785
13 0.352378 0.269653 0.0458732 0.146998 0.942598
0 0.633438 0.685918 0.141341 0.105148 0.938794
23 0.879964 0.68434 0.0670394 0.0907542 0.937454
2 0.688623 0.882867 0.0746632 0.105567 0.93562
14 0.108963 0.464998 0.0495427 0.137632 0.933104
0 0.867607 0.30199 0.14232 0.106363 0.93126
4 0.907485 0.868425 0.0723011 0.129983 0.923292
2 0.972598 0.685821 0.0548037 0.101658 0.922307
5 0.825916 0.884079 0.0897679 0.099715 0.920424
8 0.483578 0.292935 0.100725 0.100758 0.909641
13 0.753052 0.869247 0.0524983 0.162274 0.909427
13 0.677227 0.27182 0.0434849 0.14638 0.896883
2 0.517945 0.881336 0.0698096 0.095998 0.861361
14 0.298801 0.269539 0.0432414 0.155546 0.85645
6 0.227383 0.684562 0.0964475 0.0945369 0.838161
11 0.0311133 0.257528 0.0622265 0.171304 0.771567
4 0.757891 0.67573 0.100236 0.113903 0.711611
7 0.747738 0.294834 0.0958475 0.180517 0.703951
14 0.990303 0.861873 0.019395 0.137963 0.686129
6 0.601804 0.883078 0.091648 0.0970069 0.675714
