4 0.394145 0.66133 0.0720342 0.141497 0.985901
19 0.393578 0.296199 0.0582753 0.0948889 0.976317
9 0.374121 0.873785 0.0789498 0.0975177 0.976127
9 0.19114 0.289882 0.0809629 0.106683 0.968131
8 0.314054 0.686131 0.0824184 0.0931172 0.967614
4 0.162965 0.869698 0.054925 0.114556 0.966607
22 0.31803 0.296398 0.0733751 0.089386 0.961201
8 0.0402993 0.491838 0.0805986 0.0928975 0.955661
19 0.258788 0.496073 0.0538024 0.0956156 0.940324
4 0.388568 0.0796916 0.0664606 0.143607 0.937021
7 0.0648067 0.914564 0.129608 0.150282 0.929736
6 0.100365 0.296326 0.0878366 0.0896016 0.927794
1 0.145913 0.523097 0.121361 0.133816 0.906154
9 0.0609725 0.0999037 0.0846629 0.10096 0.903547
5 0.225101 0.101901 0.0819811 0.0983013 0.863905
23 0.220152 0.880259 0.0562302 0.0835856 0.825298
21 0.0087013 0.0940842 0.0173764 0.185394 0.717585
6 0.29236 0.878424 0.0793561 0.092587 0.709623
8 0.0263721 0.299384 0.0526192 0.0966217 0.691984
6 0.310622 0.101631 0.0846466 0.0915403 0.652461
8 0.043895 0.691479 0.0875533 0.0931571 0.624126
6 0.135043 0.686338 0.0870364 0.094697 0.566549
6 0.22719 0.689235 0.0826283 0.086246 0.539063
