11 0.310555 0.143476 0.0884659 0.133872 0.976767
13 0.382129 0.142803 0.0418397 0.147169 0.961533
6 0.669426 0.573577 0.0903673 0.0884058 0.953589
2 0.478462 0.569793 0.0718898 0.0892395 0.952716
11 0.568393 0.546094 0.0885228 0.134138 0.944684
8 0.44152 0.367613 0.0921221 0.091732 0.933137
2 0.0277428 0.356313 0.0554855 0.0919171 0.918253
4 0.757 0.574461 0.0676696 0.10736 0.808717
2 0.810039 0.379247 0.0686622 0.0942823 0.806077
13 0.188819 0.341549 0.0413257 0.140929 0.748874
2 0.536618 0.373074 0.0742459 0.0927756 0.724046
0 0.200749 0.761319 0.141294 0.0919112 0.691451
1 0.323628 0.0288444 0.0863318 0.0574673 0.67304
5 0.725296 0.0127511 0.0872015 0.0254896 0.59923
27 0.379106 0.0279669 0.0808825 0.0559337 0.597357
