18 0.859552 0.339023 0.106566 0.143573 0.990663
18 0.132338 0.537776 0.132277 0.1304 0.980698
8 0.938667 0.954495 0.0905824 0.0910109 0.980288
4 0.465152 0.746801 0.0716249 0.10567 0.979954
21 0.839827 0.957748 0.102585 0.084378 0.978567
1 0.216914 0.950973 0.0942698 0.0980537 0.978145
0 0.0766558 0.156545 0.13968 0.104147 0.973479
2 0.201895 0.347551 0.0757483 0.0943887 0.972698
1 0.28503 0.38005 0.0850307 0.134242 0.972551
6 0.144057 0.749153 0.0900638 0.0973709 0.969553
14 0.700333 0.336232 0.0490394 0.138379 0.968278
4 0.0717059 0.942027 0.070521 0.115945 0.967166
5 0.629209 0.357771 0.0933045 0.0948664 0.963124
0 0.505906 0.356046 0.149189 0.0994056 0.961224
2 0.769503 0.355673 0.0744745 0.0966042 0.959909
9 0.617031 0.751296 0.0944806 0.104023 0.959045
19 0.731035 0.753317 0.0653876 0.0933759 0.955301
6 0.320676 0.953571 0.0981811 0.0919776 0.955241
8 0.109565 0.354677 0.096025 0.0969677 0.955054
23 0.804514 0.75999 0.0665067 0.0891926 0.952999
2 0.389598 0.553583 0.0693119 0.0965439 0.951708
22 0.554304 0.164449 0.0870361 0.103832 0.951673
2 0.534805 0.755674 0.0710681 0.100006 0.950515
2 0.2349 0.750575 0.0753141 0.102579 0.947641
2 0.0586133 0.749251 0.0768098 0.0947171 0.945904
21 0.473899 0.577916 0.100688 0.135495 0.94066
7 0.823744 0.584246 0.164759 0.133065 0.932746
14 0.480142 0.134399 0.0456759 0.140043 0.931081
8 0.574305 0.556029 0.0970638 0.102638 0.925245
0 0.561372 0.956355 0.148314 0.0872895 0.922638
13 0.221257 0.529163 0.0425322 0.146075 0.920366
2 0.754182 0.951715 0.0711415 0.0965698 0.914439
13 0.940504 0.35148 0.046324 0.165303 0.891432
5 0.198856 0.155935 0.086744 0.0962383 0.885933
13 0.857034 0.735959 0.0395684 0.147771 0.884165
0 0.939066 0.761714 0.121867 0.0966032 0.828594
27 0.360382 0.371812 0.0561454 0.133531 0.806955
13 0.0119021 0.356101 0.0238042 0.206869 0.794641
21 0.0163878 0.924841 0.0324799 0.147843 0.77878
6 0.931151 0.167542 0.137698 0.0953797 0.699612
6 0.379206 0.16355 0.150862 0.0940656 0.679295
6 0.984902 0.36891 0.0301957 0.089396 0.647625
23 0.684085 0.955511 0.0715477 0.0889779 0.53112
