1 0.697068 0.610914 0.0908434 0.143768 0.986876
28 0.432625 0.370685 0.106179 0.163714 0.985201
4 0.282973 0.38505 0.0739744 0.110879 0.985086
12 0.541315 0.767547 0.169033 0.153163 0.982595
9 0.0442648 0.380513 0.0840282 0.10094 0.977974
4 0.273791 0.574692 0.0615688 0.117894 0.977713
21 0.252537 0.970933 0.0985076 0.0579638 0.974837
18 0.951327 0.570901 0.0940483 0.129159 0.974438
2 0.0290378 0.968691 0.0579717 0.062618 0.968162
18 0.860421 0.372003 0.0923318 0.126691 0.967667
4 0.290277 0.76904 0.065897 0.117946 0.967048
8 0.350781 0.969439 0.0963124 0.0610845 0.965737
2 0.389252 0.0163598 0.0752836 0.0327196 0.965727
2 0.490982 0.0188639 0.0739652 0.0377277 0.964671
8 0.391958 0.582632 0.0955952 0.0993501 0.963788
11 0.947329 0.948099 0.0928425 0.103754 0.963335
8 0.593588 0.584955 0.101573 0.0995319 0.962444
2 0.928375 0.789343 0.0720582 0.100556 0.952132
14 0.370139 0.165953 0.0450305 0.137153 0.948983
5 0.601844 0.187027 0.0884341 0.0988131 0.948328
11 0.858522 0.162996 0.0915686 0.141213 0.947527
5 0.154346 0.384505 0.0884722 0.0985467 0.946412
14 0.859423 0.770123 0.046255 0.145778 0.941234
5 0.195214 0.584993 0.0828457 0.102232 0.933157
0 0.142849 0.0230736 0.132072 0.0461471 0.932949
13 0.531525 0.169498 0.0453376 0.149991 0.926304
23 0.0918859 0.969903 0.0672767 0.0601941 0.92309
7 0.0644907 0.210313 0.128981 0.136535 0.922184
13 0.224224 0.364303 0.0459633 0.142008 0.915522
5 0.598862 0.970276 0.0966794 0.0594474 0.911292
8 0.665355 0.014981 0.108268 0.029962 0.910962
14 0.667986 0.948556 0.0523286 0.102888 0.901997
6 0.822634 0.591351 0.148748 0.105257 0.900728
13 0.939988 0.372681 0.0506935 0.155794 0.897778
13 0.515633 0.35955 0.0488785 0.152407 0.881711
5 0.109774 0.78617 0.0862219 0.0988079 0.864475
19 0.985554 0.39101 0.0288919 0.0923396 0.856632
6 0.491986 0.589488 0.0920003 0.102541 0.851686
13 0.171708 0.945844 0.0452451 0.108311 0.848435
5 0.848823 0.969729 0.0982931 0.0605417 0.828215
5 0.256121 0.016585 0.0829092 0.03317 0.763278
22 0.300665 0.186037 0.0824673 0.091782 0.763232
10 0.535608 0.947677 0.0738556 0.104418 0.735165
8 0.389802 0.762411 0.0911946 0.138958 0.729273
7 0.0148345 0.632402 0.0296653 0.192173 0.716205
14 0.324015 0.0171715 0.0420179 0.0343429 0.701221
11 0.0880842 0.562643 0.131868 0.13221 0.678474
8 0.605785 0.36575 0.0976942 0.152534 0.6362
2 0.770631 0.793204 0.124244 0.0964761 0.631718
8 0.197698 0.163945 0.120565 0.153514 0.606277
2 0.441439 0.946237 0.085397 0.107527 0.579679
13 0.439046 0.162436 0.091733 0.141065 0.579444
18 0.728615 0.367368 0.137716 0.139466 0.564579
4 0.566289 0.0151266 0.0640626 0.0302532 0.55609
22 0.771569 0.0166599 0.0848732 0.0332779 0.554599
2 0.34625 0.3934 0.0350507 0.0545009 0.505627
