1 0.516332 0.420581 0.0912294 0.132731 0.981899
4 0.41178 0.38681 0.0770265 0.129378 0.980612
9 0.56607 0.799913 0.0931448 0.102149 0.980427
4 0.664721 0.59672 0.0730939 0.124411 0.980046
18 0.201294 0.570869 0.0949988 0.129399 0.978959
4 0.484978 0.588181 0.071113 0.110703 0.977462
5 0.735454 0.0264669 0.0941131 0.0529339 0.975027
2 0.9279 0.414037 0.0770535 0.0924695 0.973795
19 0.252475 0.390352 0.0622569 0.0938052 0.97297
8 0.314508 0.0209032 0.0945736 0.0418012 0.972646
18 0.110408 0.372121 0.0922798 0.126636 0.971541
7 0.677036 0.825398 0.13393 0.139554 0.97138
9 0.763687 0.40201 0.0938905 0.102369 0.96653
7 0.634548 0.0456356 0.100659 0.0912712 0.966452
5 0.749898 0.20575 0.0890102 0.093968 0.964607
2 0.552049 0.601495 0.0692331 0.09588 0.963896
4 0.888858 0.796878 0.0675446 0.124694 0.962421
0 0.344115 0.196428 0.142072 0.0975483 0.958552
2 0.177781 0.789459 0.071255 0.10045 0.954487
11 0.197162 0.948113 0.0924524 0.103773 0.95256
2 0.409964 0.0202047 0.0750743 0.0404094 0.952477
11 0.108637 0.163093 0.0917086 0.141124 0.950905
18 0.892272 0.596064 0.12612 0.127949 0.946464
5 0.326415 0.39572 0.0843352 0.0993782 0.941764
14 0.10941 0.770202 0.0462397 0.144047 0.94047
6 0.855583 0.0295908 0.139637 0.0591816 0.936322
9 0.98236 0.623865 0.0352805 0.121942 0.925932
13 0.26863 0.949576 0.0441895 0.100848 0.923435
13 0.190115 0.372877 0.0502261 0.15575 0.921265
13 0.607243 0.582762 0.0398495 0.135707 0.915124
22 0.540798 0.0230098 0.089057 0.0460197 0.891626
7 0.360431 0.609922 0.165542 0.132904 0.890958
2 0.954869 0.809951 0.071542 0.0986007 0.848724
6 0.073539 0.595256 0.147078 0.112225 0.848353
7 0.800139 0.829978 0.0959587 0.131431 0.825509
12 0.961906 0.0282855 0.0568402 0.0565049 0.813656
4 0.629589 0.978043 0.0846756 0.0439147 0.803975
6 0.640222 0.407232 0.149531 0.103705 0.800911
5 0.0983422 0.969719 0.0990196 0.0604422 0.799451
6 0.628424 0.195937 0.138398 0.102545 0.754203
2 0.881171 0.209797 0.0803175 0.0961929 0.671054
8 0.774669 0.581657 0.0966427 0.147181 0.670219
13 0.207685 0.167003 0.0937033 0.145455 0.638001
13 0.0251656 0.950423 0.0502723 0.0991541 0.633312
4 0.831339 0.980479 0.0716833 0.0389984 0.63019
12 0.446069 0.953724 0.0928341 0.0925511 0.619599
2 0.0420248 0.823203 0.0839776 0.157971 0.565013
8 0.97228 0.212167 0.0554401 0.0955243 0.541563
6 0.445134 0.787892 0.142499 0.113326 0.53255
21 0.742839 0.955796 0.0938842 0.088408 0.51238
4 0.339403 0.964885 0.0890377 0.070231 0.502837
