4 0.409648 0.397988 0.068966 0.111192 0.988691
21 0.916432 0.810514 0.101206 0.13572 0.985033
16 0.319551 0.969505 0.103438 0.0608456 0.983592
1 0.483861 0.618184 0.0903732 0.128674 0.9805
4 0.789581 0.191899 0.0757377 0.116551 0.97885
4 0.411821 0.953702 0.0685903 0.0925956 0.978509
2 0.354896 0.787423 0.0777668 0.0905492 0.976646
29 0.331476 0.592463 0.122606 0.170373 0.976498
0 0.679028 0.968036 0.137704 0.0639272 0.975504
8 0.313891 0.0294501 0.0970242 0.0589002 0.972623
23 0.483278 0.970467 0.0698244 0.0590667 0.97238
9 0.511986 0.0303614 0.0902823 0.0607228 0.970907
18 0.549998 0.771428 0.0910929 0.12624 0.970906
7 0.659173 0.420119 0.102124 0.132423 0.968786
5 0.815265 0.396721 0.088846 0.0854598 0.967849
2 0.831322 0.788294 0.0710086 0.0961399 0.964955
11 0.586699 0.574261 0.0946335 0.139039 0.963243
6 0.319499 0.397835 0.0990571 0.0960853 0.961407
8 0.446002 0.786126 0.0979664 0.0966055 0.957081
23 0.711657 0.205754 0.07479 0.0880526 0.951356
22 0.414342 0.0282323 0.0826212 0.0564647 0.948919
2 0.885567 0.0279332 0.0747569 0.0558665 0.946531
23 0.969802 0.971067 0.0603967 0.0578667 0.941384
6 0.79533 0.0294113 0.0931406 0.0587119 0.939735
5 0.558783 0.401987 0.09113 0.0968267 0.93871
6 0.586196 0.968271 0.0360267 0.063457 0.937759
23 0.759604 0.788712 0.0727013 0.0962658 0.93076
13 0.539746 0.93784 0.0424011 0.124319 0.928909
13 0.739746 0.384173 0.0510857 0.164523 0.923611
7 0.93864 0.414503 0.122052 0.127498 0.920842
5 0.870427 0.203417 0.0844121 0.0933145 0.905852
6 0.683387 0.595738 0.0899751 0.0899322 0.888927
5 0.973713 0.59791 0.0522873 0.112261 0.88262
2 0.610559 0.204759 0.123212 0.0900452 0.842335
13 0.720112 0.031665 0.0471928 0.0633096 0.816371
21 0.47488 0.203889 0.0904499 0.091213 0.815607
18 0.856666 0.569389 0.146733 0.145316 0.707603
13 0.654189 0.765536 0.0959604 0.154867 0.577956
16 0.64483 0.0272779 0.0922636 0.0545557 0.550062
21 0.857872 0.969238 0.166265 0.0615184 0.541695
4 0.29811 0.763153 0.0671043 0.140911 0.535667
