2 0.972879 0.0264386 0.0542425 0.0528773 0.963755
1 0.959589 0.249823 0.0808215 0.197953 0.960763
2 0.673678 0.195718 0.0739503 0.0977261 0.959238
4 0.821701 0.193858 0.0704129 0.118423 0.958591
5 0.372792 0.194758 0.0932962 0.103192 0.952112
6 0.893568 0.0240894 0.0925993 0.0481788 0.947615
2 0.808285 0.0232555 0.0782262 0.046479 0.931246
14 0.442573 0.166994 0.0479413 0.144298 0.929627
9 0.429637 0.0166341 0.0792949 0.0332522 0.909252
19 0.685243 0.0183961 0.0667353 0.03678 0.83655
0 0.07984 0.0134689 0.137073 0.0269377 0.742346
6 0.565997 0.194858 0.0855615 0.106604 0.696624
0 0.214733 0.0141754 0.0972518 0.0283507 0.618155
13 0.747456 0.173882 0.0696924 0.144411 0.568193
18 0.0776025 0.154647 0.134508 0.137677 0.523471
