12 0.510787 0.550228 0.164898 0.147638 0.994446
11 0.0421944 0.149863 0.0843887 0.1385 0.986471
8 0.834746 0.571942 0.0988767 0.0971904 0.983836
4 0.640487 0.371679 0.0719118 0.125073 0.979888
9 0.470428 0.75801 0.0888308 0.103345 0.978684
9 0.280001 0.370369 0.0914824 0.105515 0.974859
8 0.149275 0.952796 0.102381 0.0941772 0.974123
23 0.0908457 0.375894 0.0666384 0.0921493 0.973241
7 0.544108 0.0348494 0.108538 0.0696988 0.972527
5 0.476584 0.953268 0.0889861 0.0934478 0.968914
23 0.202802 0.761916 0.0734454 0.0870409 0.967067
4 0.177141 0.368551 0.0960063 0.11035 0.961611
23 0.978682 0.384713 0.0426353 0.0922091 0.961439
0 0.324413 0.573858 0.140259 0.100662 0.95885
6 0.207778 0.572396 0.0964527 0.0958674 0.958844
22 0.906109 0.181282 0.0851506 0.092805 0.958596
2 0.0274772 0.372652 0.0549544 0.0933174 0.957888
23 0.131062 0.760666 0.0691701 0.0994594 0.954755
2 0.287572 0.172221 0.0749553 0.094918 0.954493
5 0.453959 0.378851 0.0878232 0.09003 0.951747
0 0.844114 0.958647 0.135087 0.0824029 0.949309
19 0.945865 0.958019 0.0573525 0.0839621 0.948811
5 0.131417 0.179135 0.0848727 0.0978165 0.944034
14 0.810012 0.745974 0.0451285 0.14344 0.942705
8 0.108968 0.565842 0.0958365 0.104249 0.940539
13 0.395553 0.74029 0.0477177 0.140649 0.94005
2 0.0578345 0.765979 0.0716378 0.102676 0.927429
0 0.691667 0.565767 0.187173 0.113089 0.927372
11 0.0286199 0.545372 0.0570947 0.15145 0.926071
6 0.925864 0.770536 0.084501 0.0904469 0.922686
7 0.65155 0.0346118 0.10751 0.0692235 0.917883
7 0.752289 0.201712 0.104388 0.138781 0.884699
5 0.737853 0.76315 0.0944536 0.0993743 0.882661
18 0.989576 0.751478 0.0207059 0.127642 0.876563
13 0.856671 0.746533 0.0457426 0.136914 0.875656
7 0.992781 0.59743 0.0144374 0.144979 0.871737
21 0.622908 0.76624 0.0875512 0.0922023 0.818422
0 0.761388 0.385215 0.138905 0.0979509 0.797635
11 0.375884 0.919869 0.104411 0.160098 0.784486
13 0.835192 0.14908 0.0517679 0.158519 0.779373
4 0.572393 0.948024 0.0957229 0.103294 0.747482
21 0.103144 0.0348357 0.0934568 0.0696714 0.747046
4 0.992743 0.167678 0.0145134 0.12927 0.704153
2 0.256405 0.0146301 0.0727365 0.029204 0.686685
22 0.901008 0.0130828 0.0828562 0.0261655 0.628326
6 0.422008 0.0143448 0.134283 0.0286896 0.519364
46 0.428001 0.179759 0.160475 0.093223 0.517614
10 0.691855 0.932007 0.0869155 0.135233 0.507011
13 0.758144 0.550335 0.0524398 0.144701 0.502329
