21 0.916587 0.0645947 0.101525 0.12882 0.990599
12 0.54318 0.406032 0.114863 0.13958 0.989327
4 0.449109 0.619106 0.0691008 0.112727 0.979708
9 0.748786 0.427441 0.0846176 0.0967736 0.976894
11 0.313245 0.600541 0.0953442 0.139298 0.974817
18 0.788203 0.602829 0.0913284 0.127627 0.972252
2 0.355011 0.0412587 0.0780532 0.0825175 0.971466
4 0.411508 0.220731 0.0682318 0.126472 0.969893
8 0.446098 0.0418878 0.096809 0.0837757 0.969478
16 0.319626 0.234638 0.103329 0.0904289 0.96905
6 0.654338 0.044201 0.095571 0.088402 0.967802
14 0.83451 0.962847 0.0441308 0.073851 0.964309
2 0.897395 0.62004 0.0737054 0.0947425 0.962388
23 0.75983 0.0432738 0.0727007 0.0865476 0.962242
32 0.312765 0.452816 0.0991055 0.141032 0.962127
23 0.483195 0.236238 0.0697934 0.0897217 0.960628
2 0.831154 0.0431826 0.0708545 0.0861568 0.959149
23 0.93592 0.430459 0.0702523 0.0927739 0.958618
0 0.680122 0.23327 0.141791 0.0952495 0.957168
18 0.549781 0.0413212 0.0905595 0.0826424 0.951743
0 0.432629 0.823823 0.138224 0.0947239 0.95173
8 0.685704 0.621577 0.0946984 0.0941162 0.947383
4 0.405415 0.969995 0.0770618 0.0600091 0.943924
18 0.643871 0.966112 0.0891973 0.0677758 0.94316
8 0.414132 0.43067 0.100754 0.0989873 0.94078
2 0.860857 0.42844 0.0736544 0.0966852 0.937138
14 0.788082 0.961073 0.049468 0.0772303 0.935193
13 0.388895 0.601681 0.0432327 0.141627 0.926095
13 0.736233 0.957995 0.0452509 0.0840106 0.924068
6 0.562537 0.232663 0.0884862 0.0941546 0.901643
23 0.969631 0.251309 0.0607371 0.120828 0.892704
2 0.980513 0.621924 0.0389731 0.0989177 0.875431
22 0.917888 0.824405 0.084641 0.0919465 0.863639
14 0.980572 0.793545 0.0388558 0.146823 0.856728
13 0.653869 0.428256 0.0941427 0.188702 0.696243
5 0.584421 0.626829 0.106188 0.102989 0.619663
14 0.28443 0.0421958 0.0441327 0.0843915 0.601962
13 0.549365 0.796917 0.0951396 0.145979 0.597472
