4 0.305046 0.381736 0.0759981 0.115451 0.977074
11 0.143138 0.757571 0.0875969 0.139824 0.976734
9 0.237537 0.176604 0.0889526 0.103033 0.976005
8 0.137084 0.176819 0.0990962 0.0974137 0.955426
2 0.226075 0.382407 0.0725977 0.0951763 0.95524
22 0.287078 0.792105 0.0900238 0.0922111 0.954469
5 0.0832002 0.377479 0.0857602 0.0953063 0.951044
23 0.309185 0.588929 0.0724053 0.0974457 0.950119
13 0.213631 0.765414 0.0440874 0.148942 0.941766
5 0.0862171 0.577527 0.0824345 0.0953231 0.937704
14 0.157888 0.357955 0.0470765 0.143285 0.934546
1 0.129161 0.0376446 0.108254 0.0752659 0.918231
6 0.253878 0.582067 0.0351247 0.0861229 0.903261
7 0.0185895 0.599842 0.0370906 0.138973 0.783743
13 0.308094 0.938913 0.0548595 0.122138 0.752215
6 0.231764 0.971009 0.0902089 0.0579811 0.729537
2 0.316104 0.1909 0.0421182 0.0525596 0.649805
6 0.184541 0.571277 0.102141 0.106755 0.647203
11 0.017868 0.348929 0.0357359 0.135213 0.626057
6 0.0454022 0.774304 0.0905292 0.0920286 0.624207
