18 0.458552 0.306619 0.0415003 0.0616397 0.981472
18 0.711399 0.393022 0.0422716 0.0569986 0.979617
11 0.644131 0.482214 0.0401543 0.0632927 0.974223
18 0.682963 0.122376 0.0415493 0.0558925 0.972818
21 0.507235 0.0507321 0.0433246 0.056262 0.972771
22 0.485046 0.491408 0.0380391 0.043218 0.970944
9 0.58551 0.129383 0.0364203 0.0437923 0.970854
8 0.799874 0.400758 0.0432467 0.0432273 0.969442
11 0.553157 0.211401 0.0397413 0.0639311 0.968722
21 0.478499 0.415044 0.0430105 0.0612347 0.968596
7 0.642919 0.587465 0.0710771 0.0636084 0.967786
18 0.903967 0.30526 0.0416098 0.0642064 0.965301
5 0.470515 0.222425 0.038294 0.0445402 0.965101
2 0.439214 0.404221 0.0307795 0.0438077 0.959217
7 0.406425 0.499631 0.0454612 0.0610138 0.957583
5 0.564236 0.491843 0.038003 0.0440005 0.957279
2 0.985056 0.399977 0.0286965 0.0429518 0.956375
5 0.689458 0.218847 0.0376897 0.0424526 0.95632
5 0.737695 0.129626 0.0392911 0.0425811 0.954422
6 0.844779 0.401186 0.0430115 0.0418249 0.952973
6 0.690802 0.492073 0.0413942 0.0433592 0.949055
5 0.862673 0.313286 0.0392903 0.0437574 0.948788
5 0.537962 0.405358 0.0410514 0.0433304 0.94855
9 0.638258 0.220352 0.0392635 0.0471676 0.947838
4 0.312284 0.308475 0.0330778 0.0512021 0.947261
4 0.540306 0.577275 0.0313413 0.0582807 0.946408
1 0.866866 0.592791 0.0454446 0.0623257 0.944058
0 0.949679 0.132171 0.0604273 0.0457426 0.94381
13 0.79277 0.0322089 0.0211549 0.0635084 0.943743
10 0.553879 0.301542 0.0418705 0.0664827 0.943212
10 0.90983 0.483483 0.047068 0.0678388 0.943006
9 0.959766 0.222268 0.0396571 0.0514937 0.942007
4 0.415042 0.576897 0.0299894 0.0524852 0.93938
5 0.587533 0.578443 0.0397308 0.0429909 0.938454
13 0.788243 0.11867 0.0229559 0.0692508 0.937925
0 0.898628 0.399374 0.0564384 0.0427775 0.937423
22 0.787112 0.492538 0.0383602 0.0423343 0.937013
6 0.862286 0.132735 0.0409343 0.0446623 0.936529
4 0.353588 0.484905 0.028015 0.057951 0.936343
6 0.597396 0.0424226 0.0411603 0.0406268 0.935021
13 0.741262 0.203088 0.0229604 0.0794239 0.934
9 0.637305 0.0407891 0.0395532 0.0432414 0.932149
5 0.502103 0.314914 0.041912 0.0460544 0.930198
6 0.821361 0.31085 0.0390279 0.0409697 0.920548
11 0.876361 0.212706 0.0403845 0.0665375 0.919954
7 0.842284 0.502945 0.0658993 0.0633255 0.918512
5 0.687417 0.3099 0.0345707 0.0413477 0.91843
7 0.711947 0.0529477 0.0733905 0.0600674 0.914103
22 0.752452 0.580937 0.0370635 0.0427256 0.913545
14 0.411357 0.392415 0.0219715 0.06523 0.912231
0 0.650825 0.401201 0.0604305 0.0432886 0.910627
6 0.918872 0.223534 0.0420243 0.0466911 0.909792
13 0.508158 0.392805 0.0178808 0.0622774 0.908179
6 0.317641 0.49161 0.0454513 0.0458194 0.906026
10 0.386938 0.214556 0.0632782 0.0700111 0.899461
5 0.639813 0.132008 0.0409381 0.044206 0.898677
7 0.585968 0.322581 0.061156 0.0633551 0.89754
22 0.757535 0.401326 0.0378089 0.043207 0.897455
5 0.421693 0.0392926 0.0393747 0.0436834 0.891115
22 0.371903 0.127559 0.0379791 0.0406918 0.89088
46 0.973286 0.584721 0.0534081 0.0473804 0.887271
1 0.777293 0.322325 0.0414157 0.0622115 0.883086
5 0.45946 0.57776 0.0408955 0.0461156 0.883011
6 0.596759 0.221561 0.0409338 0.043312 0.878643
2 0.902631 0.130834 0.0318353 0.0445376 0.874506
23 0.447716 0.490669 0.0337138 0.0444543 0.869834
7 0.314925 0.401764 0.0451373 0.0801895 0.866499
6 0.368565 0.400031 0.0597695 0.0468074 0.861614
14 0.7194 0.209142 0.0206745 0.0618356 0.861349
14 0.594452 0.480256 0.0217464 0.0665091 0.857148
9 0.732589 0.489822 0.0378659 0.0469252 0.847753
8 0.416053 0.312738 0.041672 0.0491838 0.840031
14 0.767074 0.119618 0.0193646 0.0683153 0.838728
2 0.824073 0.0464731 0.036971 0.0480192 0.810735
13 0.615783 0.48125 0.0216749 0.0661463 0.803714
2 0.540866 0.0402948 0.0257013 0.039028 0.79307
5 0.94704 0.312679 0.0358995 0.0478592 0.789379
14 0.566311 0.0311257 0.0218925 0.0620734 0.783944
6 0.814963 0.219602 0.0396879 0.0434123 0.781113
4 0.435924 0.219407 0.0277376 0.0501434 0.774645
0 0.982595 0.31037 0.0348098 0.0469431 0.770999
2 0.31553 0.0374693 0.0379027 0.0469127 0.755706
1 0.820808 0.139957 0.040381 0.0604669 0.729991
6 0.538531 0.12613 0.0576324 0.0521433 0.724777
14 0.714572 0.298534 0.0209628 0.0647086 0.710022
6 0.467401 0.13129 0.018597 0.0454401 0.698643
13 0.736805 0.303738 0.0228186 0.0592272 0.664705
22 0.988971 0.0405684 0.0220578 0.0441238 0.660833
6 0.589424 0.400284 0.0596184 0.0465362 0.646268
5 0.363444 0.310445 0.0596348 0.0427563 0.633929
6 0.885818 0.0450235 0.0633105 0.0414497 0.622304
8 0.378499 0.578962 0.0443279 0.0462592 0.617051
8 0.462865 0.0316023 0.0408759 0.0594383 0.600872
1 0.773134 0.224854 0.038173 0.065819 0.595401
2 0.324229 0.221337 0.0575178 0.056179 0.581786
13 0.869432 0.116364 0.0285753 0.0758527 0.571639
18 0.912201 0.572312 0.0433326 0.066134 0.565279
