4 0.282596 0.171318 0.0756866 0.122275 0.989316
18 0.463389 0.73864 0.0966924 0.142855 0.986013
1 0.355298 0.781693 0.0942197 0.135394 0.983013
18 0.314779 0.548539 0.0901382 0.126085 0.977975
6 0.625566 0.955137 0.0979558 0.0897257 0.977727
11 0.786831 0.149588 0.0949064 0.138802 0.977029
7 0.532531 0.197757 0.106437 0.140093 0.974791
0 0.361097 0.95453 0.147124 0.090919 0.974339
8 0.899264 0.952817 0.102512 0.0941372 0.973126
0 0.74676 0.956067 0.138189 0.0875638 0.97247
7 0.284403 0.394889 0.104627 0.143659 0.971277
23 0.840829 0.375843 0.0666821 0.0921819 0.970132
2 0.447759 0.565923 0.0730571 0.10167 0.967246
6 0.0931216 0.956618 0.0980821 0.0867646 0.965876
4 0.0740902 0.364614 0.0695906 0.114032 0.965276
5 0.482424 0.956231 0.0916462 0.0875382 0.963956
4 0.926869 0.368487 0.0953465 0.110064 0.962521
14 0.551375 0.931728 0.0458479 0.136544 0.962077
14 0.0907246 0.548387 0.0463989 0.14641 0.960642
18 0.196816 0.939923 0.0982068 0.120155 0.957076
2 0.112504 0.764753 0.0746195 0.10197 0.955944
5 0.154531 0.374522 0.0875868 0.0962795 0.954687
22 0.69197 0.178397 0.0855641 0.0920768 0.954605
2 0.579305 0.764534 0.0765448 0.0969871 0.951152
8 0.674313 0.0147625 0.0953642 0.0294172 0.950237
13 0.0227922 0.921599 0.0455283 0.156802 0.948444
23 0.953431 0.762114 0.0746258 0.0872781 0.946783
23 0.881042 0.760664 0.0690869 0.0995947 0.945254
5 0.100368 0.176815 0.0877819 0.0998976 0.941173
8 0.858795 0.567193 0.096194 0.100752 0.940846
0 0.5323 0.0152619 0.139907 0.0305238 0.939225
0 0.140931 0.0152935 0.147739 0.0303636 0.938045
5 0.881404 0.179171 0.0849774 0.0979425 0.934727
6 0.95454 0.571676 0.0909193 0.0952545 0.934416
2 0.807919 0.76631 0.0730107 0.103873 0.926812
22 0.445474 0.37099 0.089781 0.0903549 0.925233
11 0.732352 0.545882 0.147437 0.14428 0.924884
0 0.601999 0.376313 0.139806 0.108855 0.920546
9 0.0221612 0.760672 0.0441011 0.102422 0.893948
0 0.407717 0.17516 0.140437 0.108574 0.885755
13 0.139576 0.546635 0.045783 0.155244 0.882962
6 0.212078 0.5699 0.101346 0.0931354 0.850622
13 0.619369 0.143713 0.0540862 0.155383 0.814184
21 0.853684 0.0347071 0.0929849 0.0694143 0.811361
13 0.219961 0.166534 0.0491035 0.140915 0.752126
9 0.991949 0.377123 0.0159709 0.0929952 0.746162
2 0.742404 0.372323 0.125197 0.096494 0.732489
13 0.172082 0.154294 0.0525287 0.131732 0.620129
7 0.0329274 0.604668 0.0658547 0.173675 0.56632
6 0.412905 0.0127994 0.0959985 0.0255417 0.51735
