1 0.68493 0.90027 0.0937237 0.142165 0.97194
1 0.879403 0.712768 0.0899643 0.139121 0.965661
18 0.942788 0.863486 0.0917543 0.131012 0.963866
8 0.671231 0.300569 0.09719 0.100437 0.959141
14 0.808108 0.470754 0.0504215 0.141155 0.957385
23 0.503719 0.881738 0.073222 0.0929372 0.955312
8 0.51128 0.685526 0.100793 0.10172 0.951513
8 0.628961 0.492976 0.0967708 0.0951867 0.94664
2 0.577304 0.874169 0.0715618 0.100104 0.945041
0 0.733299 0.698737 0.142727 0.119782 0.937882
14 0.858913 0.465021 0.0494869 0.137539 0.937596
11 0.985863 0.271271 0.0282733 0.147044 0.924222
11 0.539712 0.274116 0.151435 0.143841 0.91015
6 0.813129 0.885519 0.149996 0.100149 0.733778
6 0.612465 0.689391 0.0963347 0.0961032 0.667795
6 0.730029 0.495991 0.10023 0.0941689 0.558015
