18 0.325201 0.922724 0.0942001 0.138744 0.983634
4 0.635735 0.337473 0.0737216 0.107176 0.982359
9 0.678314 0.140166 0.088106 0.0960495 0.979244
9 0.746832 0.73862 0.0922025 0.101978 0.977606
1 0.218066 0.949585 0.0877234 0.100831 0.975936
9 0.631723 0.538733 0.0905058 0.103046 0.974955
14 0.508188 0.521461 0.0409641 0.140623 0.970366
16 0.746906 0.347432 0.102103 0.0993881 0.970003
4 0.195375 0.736182 0.0677146 0.114577 0.967022
0 0.216405 0.35207 0.193671 0.100503 0.966973
5 0.803763 0.142544 0.0925581 0.0945392 0.96523
23 0.866186 0.738177 0.0739834 0.0925864 0.964783
11 0.459925 0.322448 0.0973274 0.141713 0.962
0 0.24944 0.551221 0.145106 0.106458 0.96195
16 0.121737 0.549633 0.102051 0.0964149 0.961816
21 0.0227157 0.580417 0.0453859 0.15797 0.960537
5 0.363817 0.353019 0.0902593 0.0961277 0.958144
14 0.739293 0.521799 0.0435328 0.1445 0.955848
5 0.553552 0.345172 0.0860019 0.0980681 0.951015
2 0.121619 0.151604 0.0775494 0.101672 0.950199
7 0.536913 0.763364 0.105125 0.143077 0.949281
7 0.927686 0.16194 0.144629 0.133194 0.94626
2 0.939562 0.741058 0.0706091 0.0966985 0.944682
13 0.460687 0.731529 0.0435269 0.169205 0.942626
2 0.111394 0.948738 0.0734209 0.0998052 0.940917
13 0.556388 0.519866 0.045199 0.143747 0.940481
5 0.444667 0.944404 0.0885577 0.0983276 0.938625
0 0.33919 0.751637 0.142009 0.112548 0.934585
23 0.975424 0.543881 0.0491525 0.0849664 0.924555
6 0.969741 0.344973 0.0391902 0.0922732 0.919818
2 0.197388 0.150128 0.0745449 0.101807 0.918571
13 0.785261 0.517681 0.0482198 0.149997 0.918127
13 0.826257 0.318635 0.0482616 0.149973 0.917283
2 0.910192 0.941046 0.0739037 0.0985858 0.909874
23 0.72718 0.943493 0.0706336 0.0972891 0.89558
7 0.615558 0.948651 0.147682 0.102464 0.88563
5 0.439323 0.146271 0.0863337 0.0985684 0.757585
1 0.935366 0.0208081 0.122533 0.0416162 0.743513
6 0.556533 0.135684 0.141107 0.105865 0.708637
6 0.107828 0.745965 0.0999772 0.096167 0.693671
13 0.807427 0.902461 0.0879183 0.180091 0.647237
11 0.3265 0.115099 0.142673 0.154315 0.645225
6 0.408454 0.545987 0.149396 0.0931623 0.632003
4 0.0275482 0.148244 0.0550964 0.125326 0.618577
10 0.645893 0.718253 0.089458 0.141803 0.552992
11 0.989546 0.706012 0.020908 0.142633 0.534985
29 0.0597941 0.328018 0.119571 0.154393 0.522925
