18 0.0686209 0.608922 0.0429431 0.0605433 0.980196
21 0.0366103 0.896453 0.0614095 0.0592122 0.965851
18 0.243088 0.880594 0.0478664 0.0663054 0.957443
9 0.248392 0.795865 0.04138 0.0504296 0.944873
8 0.072874 0.522381 0.0447013 0.0492134 0.943403
7 0.184945 0.625776 0.0450446 0.0622218 0.943374
0 0.243329 0.70819 0.0644165 0.0505359 0.937411
5 0.155089 0.521911 0.03428 0.0492233 0.932557
0 0.102242 0.969517 0.0823169 0.0603826 0.927982
23 0.14873 0.890218 0.0373095 0.0433655 0.911379
7 0.13418 0.806778 0.0713808 0.0607657 0.909105
2 0.071099 0.797052 0.0343243 0.0439106 0.906614
5 0.197201 0.892465 0.0399899 0.0482779 0.893411
5 0.0244646 0.616507 0.0406969 0.0459075 0.888792
5 0.0183129 0.706537 0.0365784 0.0518078 0.882157
4 0.0419156 0.979238 0.0296164 0.0397305 0.837822
14 0.14029 0.699109 0.0177765 0.0699124 0.834875
4 0.254433 0.51601 0.0335786 0.0556177 0.810468
2 0.259654 0.616664 0.0347096 0.0478022 0.809908
2 0.0103922 0.798772 0.0207844 0.0547237 0.803762
13 0.152814 0.966136 0.0211546 0.0677278 0.777263
13 0.0278764 0.510829 0.039483 0.0709965 0.737984
5 0.693338 0.238395 0.0280412 0.03609 0.616582
6 0.140619 0.61569 0.0410176 0.0470974 0.598478
2 0.21199 0.79774 0.0286276 0.0435969 0.540792
13 0.0060064 0.50949 0.0114271 0.0748644 0.531901
10 0.108805 0.696923 0.0407673 0.0686162 0.524013
