4 0.285314 0.0949602 0.0788829 0.120768 0.983195
19 0.402958 0.299637 0.06373 0.0909984 0.979869
4 0.610373 0.488986 0.0725334 0.115314 0.977348
9 0.270323 0.301942 0.0901866 0.101873 0.976267
0 0.733068 0.299159 0.13926 0.0961797 0.971507
2 0.707239 0.693141 0.0746961 0.0900836 0.970891
9 0.679804 0.887673 0.0822989 0.0960069 0.968709
9 0.0809597 0.102143 0.0907378 0.101872 0.967155
4 0.913025 0.870336 0.0547836 0.114206 0.96402
14 0.523743 0.866772 0.0479668 0.141063 0.96331
9 0.810802 0.0995724 0.0853238 0.100457 0.958658
7 0.122197 0.327266 0.0979611 0.132514 0.958575
7 0.569475 0.321904 0.102013 0.140246 0.957619
5 0.0539507 0.892492 0.0921123 0.0944483 0.956603
8 0.784997 0.49198 0.091475 0.0925521 0.949166
9 0.941405 0.289788 0.0812385 0.10701 0.941383
5 0.475499 0.297784 0.0820923 0.0938836 0.939684
7 0.811052 0.913429 0.136239 0.146415 0.939159
7 0.188758 0.9197 0.166977 0.149668 0.938608
13 0.0165946 0.0924926 0.0331641 0.17488 0.936137
6 0.850339 0.296431 0.0882428 0.0897378 0.93103
5 0.693675 0.499028 0.0860436 0.0935516 0.925433
13 0.373203 0.483974 0.0469403 0.158984 0.924967
7 0.232549 0.720991 0.101957 0.140328 0.9182
13 0.419548 0.67474 0.044204 0.142709 0.909823
7 0.182761 0.521764 0.110923 0.143083 0.908734
13 0.266524 0.494025 0.0457554 0.178598 0.89909
13 0.314103 0.674044 0.0487041 0.149083 0.897439
2 0.499439 0.101299 0.0726486 0.0978639 0.877774
1 0.895949 0.523862 0.121365 0.136034 0.875684
13 0.647774 0.277757 0.0439789 0.13173 0.865344
13 0.200095 0.285597 0.0459716 0.159483 0.843495
8 0.407292 0.100297 0.09776 0.0976274 0.843051
6 0.591636 0.888158 0.0871115 0.0921228 0.814646
2 0.734034 0.10127 0.0692251 0.0924005 0.765033
8 0.792286 0.690631 0.0909026 0.0932117 0.743673
5 0.967514 0.103077 0.0648155 0.101483 0.733222
6 0.511888 0.682959 0.135851 0.106217 0.694395
2 0.0161589 0.522471 0.0323178 0.156693 0.630228
8 0.193151 0.084839 0.090273 0.140977 0.571874
5 0.0433668 0.700353 0.0866247 0.0950741 0.535204
2 0.991092 0.507883 0.0176656 0.109352 0.533161
8 0.343977 0.866847 0.128232 0.140798 0.505376
