0 0.0876233 0.128322 0.0568217 0.0399576 0.972915
0 0.278381 0.0436692 0.0590898 0.0412924 0.969784
0 0.280023 0.310668 0.0608479 0.0388026 0.966366
0 0.533576 0.313503 0.0585085 0.0400525 0.964188
6 0.381523 0.0446436 0.0399706 0.0393774 0.962015
0 0.225312 0.655243 0.0595181 0.0391674 0.95866
4 0.170011 0.305447 0.0278493 0.0451795 0.944352
6 0.138834 0.832631 0.0403722 0.0400686 0.942415
5 0.315136 0.566514 0.0365136 0.0384007 0.9338
13 0.363004 0.30325 0.0232623 0.0649691 0.929773
8 0.531618 0.133255 0.0426565 0.0432054 0.92392
0 0.717382 0.400849 0.0583363 0.0402273 0.919679
0 0.0238652 0.399903 0.0474426 0.0374165 0.917405
6 0.874836 0.318936 0.0367029 0.0370235 0.915707
8 0.151403 0.566331 0.0374408 0.0395529 0.914649
18 0.621567 0.0333225 0.0425234 0.0617316 0.901289
2 0.614904 0.135309 0.0307801 0.0452537 0.896194
35 0.684192 0.744292 0.0578671 0.0742357 0.893704
5 0.0734602 0.396809 0.0402246 0.0397504 0.865474
2 0.765938 0.402467 0.0314922 0.0408996 0.849123
2 0.178856 0.832628 0.0310578 0.0409026 0.837322
13 0.19275 0.388897 0.018734 0.0635484 0.827214
9 0.250964 0.742538 0.0375829 0.0423158 0.768988
5 0.269136 0.13025 0.0386264 0.0435783 0.766662
0 0.015558 0.744004 0.0311159 0.0405247 0.762605
18 0.013585 0.91429 0.0269486 0.0565283 0.752837
18 0.0116782 0.647415 0.0232995 0.0501745 0.75145
13 0.208373 0.118611 0.0210604 0.0659916 0.746556
13 0.902763 0.21969 0.0215793 0.0639316 0.716223
8 0.0737144 0.0387084 0.0393207 0.0428655 0.696989
13 0.508454 0.916297 0.0215461 0.0653167 0.693416
2 0.137391 0.127756 0.0299553 0.0403495 0.679451
22 0.56284 0.482002 0.0386331 0.0371923 0.676464
6 0.601926 0.833571 0.0369054 0.0398799 0.635495
5 0.948522 0.142089 0.0383039 0.0418045 0.631707
0 0.390351 0.222721 0.0703636 0.0411724 0.613094
5 0.275449 0.654494 0.0356013 0.0400088 0.600657
13 0.742997 0.305787 0.0211279 0.0643195 0.576596
12 0.338335 0.477193 0.0500852 0.0708601 0.564195
0 0.500898 0.832866 0.0621729 0.0402949 0.529819
13 0.158865 0.479449 0.0219693 0.0490319 0.523993
13 0.745758 0.132652 0.0223038 0.0841854 0.504357
