21 0.594694 0.678338 0.167006 0.135177 0.993593
1 0.451688 0.0906812 0.0874474 0.132327 0.988856
1 0.39938 0.288213 0.0916414 0.136237 0.982075
18 0.795767 0.0575658 0.0923958 0.115132 0.975089
8 0.223876 0.269178 0.0941126 0.0909815 0.973271
2 0.210314 0.0718508 0.0732533 0.0973358 0.96887
14 0.555303 0.440008 0.0465913 0.137211 0.966181
11 0.922813 0.821794 0.0962678 0.13637 0.965732
4 0.699449 0.82927 0.0707183 0.122349 0.964425
0 0.776109 0.661388 0.191732 0.108702 0.964255
1 0.0193688 0.485493 0.0385587 0.136955 0.963985
14 0.673004 0.0591373 0.0520626 0.117985 0.963593
14 0.142279 0.060904 0.0499168 0.121808 0.962757
23 0.197621 0.852769 0.0737836 0.0907271 0.961802
5 0.827586 0.843439 0.0979898 0.0952848 0.960909
2 0.0453015 0.856633 0.0794434 0.0957872 0.957305
18 0.427148 0.445119 0.0926621 0.128391 0.957288
5 0.519289 0.846948 0.0845156 0.0953479 0.957093
1 0.065721 0.094894 0.0921852 0.132399 0.956797
5 0.594821 0.263429 0.0894649 0.0963165 0.952464
0 0.788916 0.264945 0.151788 0.0916009 0.951927
11 0.141007 0.636212 0.0932018 0.13786 0.946726
13 0.618395 0.0602258 0.0469468 0.120452 0.944896
23 0.123144 0.851742 0.0729505 0.0947937 0.939121
13 0.69336 0.243241 0.0442146 0.135263 0.938506
27 0.525047 0.0785379 0.0548542 0.156201 0.9379
27 0.297657 0.289763 0.0557985 0.138274 0.936562
2 0.778124 0.461382 0.0754895 0.0932369 0.935258
2 0.188778 0.463443 0.0717973 0.0971686 0.935186
14 0.724642 0.0590577 0.0458617 0.118115 0.934358
6 0.497626 0.266034 0.0933946 0.0921091 0.92955
19 0.943928 0.974137 0.0633023 0.0517265 0.923526
5 0.233834 0.657156 0.088904 0.0922654 0.92266
5 0.0462942 0.65851 0.091556 0.0935097 0.918113
6 0.354151 0.0655328 0.0912148 0.10417 0.91265
4 0.31392 0.631317 0.0673519 0.149073 0.902277
13 0.504289 0.437471 0.0493625 0.154676 0.898384
0 0.434359 0.662753 0.147064 0.102018 0.894188
0 0.936479 0.656143 0.127041 0.102046 0.887915
27 0.84412 0.473578 0.0548348 0.150356 0.87861
7 0.293529 0.486698 0.102848 0.135314 0.854497
22 0.280531 0.85146 0.086898 0.0922432 0.831298
5 0.977534 0.262817 0.0444834 0.0939367 0.826937
6 0.612412 0.849409 0.0978038 0.0949625 0.746074
6 0.0931469 0.464072 0.0987903 0.0908539 0.708285
19 0.2774 0.062939 0.0608418 0.12561 0.667341
21 0.921188 0.0627799 0.0955504 0.10024 0.601333
4 0.12528 0.262919 0.0979636 0.0997035 0.553808
22 0.949535 0.453842 0.0870639 0.0940247 0.523236
