0 0.509475 0.468859 0.134595 0.0939296 0.976261
5 0.222858 0.465625 0.0877718 0.0921504 0.965011
6 0.629781 0.472983 0.0950556 0.0929561 0.963437
18 0.433256 0.653516 0.0914069 0.124584 0.959757
13 0.511742 0.649574 0.0439661 0.139287 0.909793
5 0.026017 0.463012 0.052034 0.0923736 0.839351
0 0.704248 0.678805 0.137425 0.0911937 0.803029
19 0.293044 0.261058 0.0658174 0.0902475 0.696305
6 0.582821 0.67469 0.0914809 0.0882254 0.622632
6 0.750532 0.268962 0.0927081 0.0914943 0.610072
6 0.614045 0.873368 0.0928003 0.0909263 0.605159
19 0.407631 0.264516 0.0639436 0.0912005 0.580772
