18 0.115334 0.278049 0.0966408 0.130364 0.98072
4 0.672292 0.87674 0.063205 0.11588 0.977491
18 0.169714 0.664767 0.108237 0.141935 0.972621
2 0.363264 0.884737 0.0772234 0.0985351 0.966462
14 0.605323 0.280801 0.0475409 0.142719 0.962732
29 0.85317 0.888375 0.128601 0.165164 0.961406
2 0.904173 0.697473 0.0685129 0.0978954 0.96004
8 0.432397 0.297495 0.0994058 0.0952485 0.954828
8 0.0469853 0.490617 0.0939706 0.0983526 0.954405
2 0.511698 0.690035 0.0766791 0.099853 0.950369
5 0.593497 0.885684 0.0854692 0.0961819 0.948136
14 0.656041 0.279745 0.0504568 0.148754 0.93994
0 0.475019 0.883778 0.14541 0.0965924 0.938497
0 0.86403 0.308225 0.129901 0.111622 0.935518
13 0.66528 0.676393 0.0474149 0.158639 0.925534
6 0.267006 0.88392 0.0912977 0.0958899 0.925288
2 0.284009 0.685801 0.0716119 0.097495 0.925037
13 0.194176 0.281307 0.0513385 0.161747 0.921785
13 0.0833168 0.668446 0.0477035 0.148999 0.917318
13 0.49448 0.471343 0.0549884 0.143757 0.913689
14 0.963581 0.484898 0.0435627 0.154297 0.906053
11 0.0326694 0.888922 0.0653388 0.217077 0.878223
7 0.769196 0.691925 0.159813 0.18097 0.875794
5 0.961686 0.903223 0.0764846 0.100344 0.874655
23 0.970874 0.70578 0.0582523 0.098016 0.85143
8 0.422431 0.495291 0.0921838 0.103527 0.849325
6 0.592862 0.491926 0.135608 0.0993791 0.777326
22 0.171521 0.886929 0.0855846 0.0958195 0.673959
23 0.588691 0.707932 0.0816662 0.126574 0.638517
9 0.350444 0.992715 0.0785446 0.01457 0.593617
5 0.96771 0.309712 0.06458 0.0958593 0.553403
13 0.728746 0.280528 0.0930665 0.1486 0.531038
