1 0.313917 0.564275 0.0921803 0.139294 0.984156
1 0.886172 0.3817 0.0913243 0.136478 0.983576
9 0.190601 0.537495 0.0886911 0.100979 0.981905
18 0.759374 0.537075 0.091635 0.130702 0.98152
5 0.750138 0.954322 0.0900936 0.0913569 0.979337
7 0.629086 0.57316 0.106077 0.141195 0.978389
8 0.313859 0.741348 0.0954518 0.099961 0.975342
9 0.586739 0.150024 0.0915879 0.104104 0.974697
7 0.869246 0.177529 0.104629 0.140756 0.970078
14 0.414737 0.129949 0.0471669 0.150945 0.969561
0 0.344035 0.946152 0.142 0.0973587 0.96741
6 0.419988 0.544743 0.0970895 0.0940028 0.966071
7 0.634934 0.774188 0.101095 0.134152 0.965599
22 0.76689 0.351586 0.0869195 0.0951747 0.963231
6 0.488641 0.150278 0.0934054 0.0939037 0.962938
19 0.381073 0.341266 0.0588691 0.0923171 0.962672
6 0.96885 0.358206 0.062299 0.0947081 0.961395
5 0.737124 0.755206 0.0896256 0.0968299 0.961166
2 0.107789 0.537963 0.0730312 0.0940493 0.960483
2 0.409698 0.744324 0.0771404 0.0916076 0.958849
2 0.695438 0.148556 0.0754149 0.09983 0.95883
2 0.517818 0.546699 0.0758779 0.0958129 0.957178
14 0.888791 0.536596 0.0478461 0.140734 0.954027
1 0.0383176 0.363024 0.0766352 0.141871 0.95282
11 0.108502 0.913277 0.0915797 0.141424 0.951743
5 0.238603 0.144946 0.0868284 0.101624 0.948613
27 0.109017 0.359024 0.0551507 0.138217 0.940209
22 0.540722 0.750438 0.0890467 0.0912765 0.934976
13 0.837836 0.533234 0.0457474 0.149527 0.934221
6 0.336435 0.144814 0.0993911 0.0927174 0.910842
23 0.316677 0.344128 0.0706235 0.0937946 0.904024
27 0.958601 0.7597 0.0612452 0.0947547 0.838482
23 0.774462 0.168856 0.0842811 0.124696 0.806819
7 0.140831 0.167955 0.0938753 0.132226 0.797924
6 0.628347 0.943913 0.138033 0.105942 0.77295
9 0.0361003 0.141809 0.0722007 0.111956 0.766823
11 0.191118 0.712416 0.141089 0.138821 0.748672
18 0.0304645 0.516892 0.0609124 0.145051 0.747139
13 0.207622 0.917148 0.0935424 0.145691 0.660668
16 0.483315 0.946688 0.132574 0.0986891 0.652059
0 0.971808 0.956748 0.0561041 0.0865049 0.647777
11 0.0257121 0.90782 0.0512919 0.18436 0.611831
13 0.597257 0.324866 0.0471153 0.14533 0.593683
13 0.255547 0.320998 0.053122 0.142766 0.511284
