4 0.431627 0.596508 0.073499 0.12184 0.980917
1 0.355313 0.0505225 0.0948577 0.101045 0.980269
9 0.7193 0.41167 0.0900235 0.100008 0.978972
7 0.24365 0.630651 0.0968146 0.135048 0.977883
0 0.158625 0.820264 0.14171 0.110974 0.973856
6 0.345793 0.607013 0.0931319 0.0904503 0.97364
1 0.758581 0.830843 0.0901608 0.135969 0.973061
8 0.684086 0.0304878 0.130007 0.0609756 0.971
6 0.624949 0.206568 0.0966098 0.0924491 0.970122
14 0.634457 0.788418 0.0443101 0.141499 0.969861
8 0.90201 0.606358 0.101099 0.0988643 0.968302
9 0.030706 0.803954 0.0613735 0.102167 0.966757
4 0.41195 0.406378 0.0637265 0.120513 0.966533
8 0.899165 0.206676 0.102734 0.101736 0.966077
22 0.427041 0.806411 0.0877942 0.0967078 0.964324
18 0.196052 0.195259 0.0960476 0.130768 0.961516
14 0.352989 0.792387 0.0455999 0.150131 0.961126
6 0.0934362 0.212255 0.0981564 0.0977125 0.960953
7 0.213355 0.428305 0.106928 0.146765 0.959381
23 0.595167 0.603085 0.075295 0.0908276 0.956992
2 0.672558 0.606456 0.0722291 0.0983238 0.955675
2 0.579658 0.0316246 0.0794404 0.063178 0.953882
9 0.0971015 0.974893 0.082842 0.0502133 0.953112
0 0.746172 0.211429 0.139365 0.101282 0.951157
0 0.249498 0.978421 0.141202 0.0431581 0.950734
5 0.481967 0.211729 0.0902568 0.0990707 0.950322
14 0.551379 0.188077 0.0453866 0.148603 0.949867
5 0.512721 0.607937 0.0876295 0.0950083 0.947388
18 0.984403 0.789798 0.0311718 0.134213 0.947117
5 0.280138 0.808927 0.0930195 0.0995123 0.943638
0 0.362104 0.214347 0.147023 0.112297 0.942599
13 0.0232787 0.184483 0.0465546 0.182606 0.941719
2 0.112531 0.0336971 0.0762818 0.0673943 0.932098
5 0.487671 0.40956 0.0891137 0.0996305 0.930536
2 0.807592 0.0341844 0.0753976 0.0683689 0.926193
1 0.0929535 0.433371 0.0916489 0.130099 0.919352
2 0.93696 0.409047 0.0738586 0.0973017 0.910895
13 0.0525377 0.581488 0.0469508 0.148461 0.909606
14 0.455111 0.954511 0.05565 0.0909775 0.901469
13 0.683452 0.788142 0.0465829 0.151548 0.88493
4 0.956288 0.0278433 0.0749364 0.0556867 0.873501
2 0.833599 0.405104 0.0770926 0.0948781 0.868822
18 0.462062 0.0298441 0.0956014 0.0596881 0.849131
1 0.782305 0.623848 0.0924149 0.141564 0.843964
5 0.564357 0.807783 0.0908724 0.101452 0.84236
13 0.934888 0.954324 0.0499606 0.0913529 0.79592
5 0.125179 0.606315 0.0914299 0.0961313 0.759028
13 0.0269828 0.954878 0.0530536 0.0902436 0.738263
21 0.0226927 0.0307631 0.0449749 0.0615262 0.694795
23 0.881418 0.0303993 0.0706086 0.0607986 0.642723
7 0.018139 0.41545 0.0362781 0.228137 0.603637
13 0.934468 0.784136 0.0567958 0.15083 0.603052
13 0.668772 0.954317 0.0915865 0.0913669 0.566064
12 0.820141 0.952026 0.164944 0.095948 0.563321
