0 0.636631 0.50957 0.136241 0.0929661 0.980538
22 0.378867 0.511952 0.0833126 0.084655 0.969856
1 0.412733 0.336506 0.0928036 0.138383 0.969241
6 0.273329 0.702202 0.0885544 0.0861218 0.951243
14 0.235538 0.292289 0.0482494 0.140127 0.945597
2 0.751356 0.509665 0.0708953 0.090679 0.943526
13 0.0231742 0.48606 0.0463484 0.13764 0.942582
29 0.447731 0.887318 0.12439 0.155874 0.940812
2 0.0321513 0.700937 0.0639094 0.0876691 0.938582
0 0.7511 0.705469 0.138567 0.0899291 0.933789
9 0.482434 0.508411 0.0864238 0.0965703 0.92392
4 0.360339 0.693663 0.0712845 0.110773 0.869678
23 0.297597 0.505893 0.0715483 0.0857921 0.821319
7 0.05547 0.917878 0.102283 0.132229 0.685484
0 0.607891 0.70735 0.145226 0.0887989 0.54086
