0 0.494392 0.333853 0.139507 0.0929918 0.973413
6 0.352147 0.330446 0.0934333 0.0869671 0.960105
6 0.267813 0.134003 0.087664 0.0915518 0.95984
0 0.375143 0.531164 0.142418 0.0948867 0.958585
2 0.364708 0.134988 0.0756432 0.0955265 0.955237
14 0.568788 0.507568 0.0431383 0.132821 0.94653
0 0.0384102 0.537767 0.0767743 0.0929871 0.943568
8 0.254519 0.330799 0.093688 0.0925335 0.941022
0 0.475779 0.133183 0.144271 0.0902489 0.935222
5 0.594666 0.135691 0.0817161 0.0917634 0.927852
22 0.171573 0.136229 0.0824572 0.0899242 0.925508
6 0.641487 0.531751 0.0922723 0.0858556 0.920641
5 0.49723 0.52671 0.0834817 0.090212 0.911161
0 0.792647 0.338475 0.128388 0.0891348 0.900446
7 0.0329693 0.15617 0.0657522 0.136905 0.898234
29 0.855299 0.137966 0.122414 0.158661 0.87251
5 0.0440894 0.32848 0.0855547 0.0925957 0.845079
4 0.672308 0.126753 0.0590391 0.111435 0.817015
4 0.260365 0.719132 0.0705108 0.115883 0.721354
2 0.0269982 0.727093 0.0538976 0.0928335 0.719193
38 0.85837 0.510385 0.119645 0.135871 0.517946
