18 0.0861731 0.742989 0.0413088 0.0585172 0.984622
18 0.239716 0.317154 0.0420238 0.0534585 0.978362
21 0.0365522 0.146386 0.0614299 0.0591431 0.973127
2 0.0159667 0.402103 0.0317421 0.0421991 0.964192
18 0.188168 0.398284 0.043023 0.057179 0.962874
11 0.0506087 0.562855 0.0406782 0.0598837 0.958246
1 0.109925 0.850973 0.040272 0.0622587 0.957015
11 0.166142 0.654347 0.0394616 0.0628562 0.954173
18 0.243008 0.130554 0.047861 0.0663696 0.952566
9 0.248306 0.0459538 0.0414165 0.0501048 0.951142
4 0.252121 0.920786 0.0281455 0.0506101 0.936247
0 0.0723226 0.402597 0.0604214 0.0411823 0.926968
5 0.106097 0.489829 0.0353022 0.0423187 0.923289
1 0.0794518 0.326997 0.0396913 0.0638396 0.921461
5 0.198719 0.319043 0.0346294 0.043314 0.914691
2 0.113173 0.930339 0.0334265 0.0428755 0.909387
4 0.0192286 0.31284 0.0329478 0.0553462 0.90763
23 0.148676 0.140147 0.0372534 0.043361 0.902925
13 0.212126 0.480648 0.0216083 0.0669433 0.901964
0 0.102101 0.219624 0.0826501 0.061311 0.897426
7 0.134156 0.0565689 0.0712795 0.06113 0.89632
6 0.153885 0.838877 0.0427211 0.0426979 0.895487
22 0.244924 0.489907 0.0415449 0.042467 0.894677
9 0.252799 0.665024 0.0416967 0.047745 0.893194
5 0.197194 0.141571 0.0394152 0.047077 0.885775
13 0.05464 0.735263 0.0202318 0.0768821 0.884436
2 0.0711501 0.0469133 0.0341826 0.0437219 0.880906
6 0.124495 0.31959 0.0394082 0.0412332 0.872154
0 0.136265 0.578151 0.0771347 0.043587 0.870104
11 0.212488 0.56869 0.0369354 0.0593055 0.86325
2 0.00878398 0.483439 0.0174325 0.0373425 0.862469
2 0.0089708 0.659195 0.0178576 0.0439217 0.855654
13 0.186388 0.822714 0.0216185 0.0783396 0.840628
2 0.0504145 0.838894 0.0292194 0.0401981 0.837793
2 0.010419 0.0480638 0.020708 0.0542009 0.811271
14 0.0863698 0.563937 0.020825 0.0600066 0.796942
22 0.0839067 0.663466 0.0380247 0.0438783 0.790675
13 0.127517 0.651648 0.0348139 0.0682817 0.775724
22 0.162674 0.75142 0.0390011 0.0395916 0.769723
18 0.193157 0.228954 0.0564107 0.0420105 0.738578
2 0.139406 0.405035 0.0311626 0.0386362 0.736487
13 0.152831 0.216249 0.0212359 0.0676514 0.722614
2 0.125208 0.753788 0.0315261 0.0458359 0.698222
13 0.00574389 0.914631 0.0111738 0.0666254 0.690905
10 0.0490595 0.649053 0.0575354 0.0644153 0.647188
13 0.210642 0.981848 0.0178015 0.0359112 0.625109
4 0.0415968 0.236882 0.0301211 0.0555388 0.623928
18 0.157043 0.488949 0.061372 0.0491408 0.592464
4 0.0221931 0.748772 0.0267716 0.0486968 0.591995
6 0.0150176 0.567712 0.029858 0.0489571 0.577421
13 0.214669 0.913136 0.0412383 0.077801 0.530061
