18 0.201736 0.0665109 0.109224 0.133022 0.989148
18 0.180639 0.26217 0.110761 0.144179 0.980611
6 0.0807632 0.483047 0.0944001 0.0951737 0.968973
2 0.291234 0.68473 0.0770397 0.102067 0.967975
8 0.0719947 0.27597 0.0936549 0.102257 0.966101
5 0.132027 0.688861 0.0868445 0.0939169 0.959982
9 0.282882 0.485123 0.0936077 0.108546 0.957518
4 0.10755 0.874621 0.0781154 0.125408 0.955119
6 0.178028 0.481696 0.0978485 0.0961474 0.951961
5 0.287293 0.885364 0.0929845 0.0997095 0.951765
6 0.0388885 0.681616 0.0777771 0.0972488 0.947727
13 0.211741 0.864729 0.0476998 0.152876 0.88701
14 0.0144573 0.456628 0.0289147 0.146705 0.834498
2 0.305502 0.0798234 0.0771145 0.110645 0.822992
2 0.0118805 0.27728 0.0236889 0.106419 0.798732
8 0.0889491 0.0643397 0.098976 0.126805 0.571486
7 0.0339468 0.909422 0.0676888 0.181156 0.523872
6 0.2902 0.29088 0.0953269 0.0933772 0.521133
