1 0.369976 0.584752 0.0849943 0.131251 0.981202
8 0.345936 0.172814 0.0933723 0.090629 0.976944
2 0.428915 0.364921 0.0713162 0.0872127 0.962389
2 0.257712 0.173741 0.0685876 0.0895008 0.961606
8 0.392927 0.757387 0.0953325 0.0889812 0.959049
4 0.263462 0.558995 0.0682282 0.112679 0.956698
6 0.0461147 0.761396 0.0912067 0.0869999 0.939301
22 0.567644 0.174212 0.0855291 0.0871177 0.918973
8 0.197085 0.011286 0.0972644 0.022572 0.908964
8 0.628935 0.563156 0.0894556 0.091881 0.907739
16 0.707435 0.0148069 0.107178 0.0294488 0.81788
22 0.493286 0.762542 0.0827672 0.0875781 0.780999
2 0.292864 0.0119712 0.0750346 0.0239424 0.706758
2 0.00836299 0.173621 0.0166825 0.0894006 0.700786
22 0.0130644 0.561672 0.0261066 0.0831633 0.671486
5 0.0834301 0.0110513 0.0897605 0.0221026 0.537372
