4 0.162543 0.214574 0.0712735 0.106283 0.982321
16 0.0834792 0.792889 0.0902381 0.0917349 0.969799
5 0.0224911 0.0353963 0.0446257 0.0706851 0.934402
14 0.0446149 0.948827 0.0389784 0.102346 0.922107
5 0.158552 0.972607 0.0839271 0.0547862 0.911468
11 0.0199411 0.183556 0.0392821 0.179891 0.902729
7 0.0903321 0.6346 0.13239 0.162406 0.896911
46 0.125963 0.0367039 0.158594 0.0734077 0.874516
10 0.103077 0.949643 0.0696289 0.100596 0.873718
7 0.0104411 0.634837 0.0205672 0.160628 0.821758
8 0.0826423 0.19566 0.0812933 0.141401 0.747776
