18 0.460155 0.900134 0.110077 0.139757 0.986095
1 0.268856 0.555472 0.0868184 0.13535 0.975079
23 0.891508 0.337309 0.0680326 0.0897986 0.97485
8 0.0673546 0.924626 0.0949968 0.097764 0.974365
8 0.345084 0.922006 0.0961252 0.0953927 0.973967
18 0.518791 0.518212 0.0908104 0.129375 0.973314
8 0.563851 0.140496 0.100614 0.0936114 0.97267
2 0.819823 0.336665 0.0723059 0.0898961 0.972513
8 0.198247 0.730221 0.0981603 0.0954571 0.971261
6 0.860235 0.733908 0.0952387 0.0927533 0.971222
8 0.0505087 0.140389 0.0949353 0.0900029 0.97119
2 0.475718 0.338531 0.0726924 0.088972 0.971129
2 0.170138 0.334586 0.0743965 0.103941 0.969138
2 0.961877 0.335499 0.0700833 0.0911754 0.968213
2 0.853368 0.532838 0.07476 0.0957318 0.965869
8 0.758632 0.534133 0.0952935 0.0940013 0.965607
5 0.0766926 0.530198 0.0899574 0.0927093 0.963688
2 0.294093 0.727743 0.0746606 0.0995563 0.962292
2 0.603982 0.728742 0.0705907 0.0958467 0.961713
16 0.852508 0.92647 0.102794 0.0921063 0.961672
23 0.533084 0.733912 0.0718445 0.0941637 0.961577
14 0.146847 0.513692 0.0463185 0.144636 0.960269
23 0.377218 0.145137 0.0718879 0.0900417 0.960163
8 0.0772209 0.3384 0.093789 0.0936424 0.95911
2 0.25703 0.922505 0.071733 0.0920436 0.952337
2 0.447408 0.143692 0.0724229 0.0958816 0.950814
23 0.406577 0.339783 0.0643035 0.0871457 0.950342
2 0.954268 0.728418 0.0729585 0.0940126 0.948823
13 0.195628 0.507438 0.0454358 0.139116 0.942129
2 0.141625 0.141624 0.0707511 0.0910664 0.941971
7 0.805118 0.165452 0.104903 0.139208 0.9386
16 0.577337 0.343918 0.0998538 0.0993035 0.934662
13 0.787159 0.728769 0.0495728 0.173429 0.921922
19 0.969934 0.530688 0.0601317 0.091795 0.908876
13 0.930735 0.903177 0.044884 0.144798 0.904275
5 0.0844744 0.726644 0.0903023 0.099709 0.881219
13 0.653842 0.323807 0.04216 0.148437 0.87293
16 0.705944 0.735562 0.103534 0.0903473 0.854722
6 0.28813 0.142215 0.106409 0.0910654 0.852219
6 0.3935 0.537825 0.143008 0.10157 0.816581
6 0.727194 0.33865 0.0988965 0.0916011 0.800056
4 0.166268 0.915329 0.0963144 0.107314 0.771061
2 0.00832761 0.936509 0.0166358 0.114583 0.768427
22 0.567686 0.924909 0.0896612 0.0939212 0.755988
4 0.980592 0.095161 0.0388162 0.187166 0.722778
13 0.0174267 0.700775 0.0347878 0.150929 0.655833
7 0.723859 0.944326 0.156154 0.111349 0.642455
13 0.43975 0.512417 0.0541222 0.150156 0.63505
21 0.0093377 0.32762 0.0184389 0.219404 0.61381
