18 0.850962 0.163368 0.0404744 0.0569251 0.975061
10 0.388074 0.0723335 0.0342172 0.0659662 0.974198
18 0.756015 0.165094 0.0414116 0.0612689 0.973748
7 0.317712 0.274242 0.0439199 0.060837 0.972519
18 0.682999 0.872393 0.0415843 0.0559394 0.970623
9 0.585545 0.879402 0.036459 0.043823 0.970534
18 0.901093 0.342307 0.0397177 0.0596801 0.965765
8 0.513771 0.0819188 0.0410974 0.0458184 0.964196
11 0.446809 0.341831 0.0390924 0.0632762 0.963091
5 0.754558 0.084014 0.0386724 0.0427207 0.96139
9 0.638124 0.970067 0.0388964 0.0468756 0.961076
2 0.39618 0.439508 0.0310229 0.0441396 0.960633
11 0.552889 0.960947 0.0399199 0.0630465 0.960193
0 0.671213 0.351372 0.063513 0.0463719 0.958544
5 0.470396 0.971489 0.037965 0.0419536 0.958536
1 0.84328 0.0908391 0.0417638 0.0615831 0.958073
4 0.30869 0.0820058 0.0291867 0.0533964 0.956795
5 0.737716 0.879708 0.0393293 0.0427308 0.955718
21 0.509033 0.800706 0.0467682 0.0564849 0.954831
9 0.518473 0.530681 0.042101 0.0466321 0.954017
0 0.394039 0.701376 0.0645273 0.0440395 0.952261
2 0.659252 0.262249 0.0346845 0.0397723 0.952065
8 0.775815 0.530723 0.0415324 0.0462602 0.951507
6 0.616824 0.352804 0.0428175 0.0423024 0.949842
6 0.888192 0.0829615 0.04143 0.0430698 0.949706
6 0.471929 0.0830865 0.0379446 0.0457296 0.949245
9 0.52142 0.440514 0.0411539 0.0499349 0.949169
1 0.315426 0.363441 0.0443045 0.0621011 0.948523
18 0.696479 0.0735751 0.0428094 0.0577054 0.948439
5 0.341091 0.700077 0.037735 0.040863 0.948212
8 0.732368 0.439213 0.0444145 0.0439087 0.947801
6 0.463441 0.265336 0.0414963 0.0433678 0.947227
8 0.941234 0.525988 0.0412819 0.0429199 0.946957
11 0.918548 0.251091 0.0426602 0.0614134 0.945447
6 0.597369 0.792376 0.041132 0.0405843 0.945066
10 0.386724 0.962832 0.0629858 0.0664694 0.944797
5 0.689272 0.969459 0.0376372 0.0434685 0.944208
1 0.781115 0.269207 0.0413089 0.0611364 0.94408
0 0.949728 0.88221 0.0604242 0.0458252 0.942371
13 0.793241 0.781265 0.0212069 0.0658429 0.940179
9 0.505187 0.259593 0.0391502 0.0427681 0.939403
13 0.741375 0.953162 0.023185 0.0789585 0.935815
14 0.7878 0.0725642 0.0212684 0.0651719 0.935183
13 0.788285 0.868801 0.0230267 0.069386 0.934542
0 0.8785 0.526668 0.0802206 0.0452836 0.934188
6 0.824886 0.260935 0.0396439 0.0404987 0.934132
0 0.335321 0.171292 0.082066 0.0618398 0.933541
6 0.862361 0.882762 0.0409753 0.0447638 0.933309
0 0.94342 0.707552 0.0790584 0.0458052 0.931264
5 0.990211 0.0819427 0.0195774 0.0454389 0.930618
6 0.671396 0.172609 0.0429342 0.0424863 0.928582
13 0.535869 0.60346 0.0205128 0.0727612 0.928304
1 0.845891 0.717571 0.0412292 0.0643106 0.926874
9 0.959848 0.970369 0.0397675 0.0468514 0.926202
9 0.637357 0.790471 0.0395021 0.0440228 0.925099
9 0.446885 0.614745 0.0405961 0.0423497 0.924771
0 0.974555 0.617638 0.0507741 0.0481225 0.924473
2 0.684346 0.6169 0.0302269 0.0416157 0.924437
6 0.596794 0.971311 0.0407971 0.0428488 0.923982
5 0.688465 0.444214 0.0388367 0.0462895 0.923716
7 0.989888 0.448877 0.0202239 0.0630275 0.923604
13 0.869451 0.605377 0.020071 0.0731632 0.922256
7 0.711957 0.803062 0.0734136 0.0601707 0.921614
21 0.321563 0.449618 0.0466582 0.0606928 0.921341
9 0.72178 0.527084 0.0413311 0.0434364 0.919468
5 0.928582 0.616673 0.0349462 0.0430659 0.918172
1 0.627653 0.181357 0.0439118 0.0645999 0.917749
2 0.575531 0.441317 0.0327647 0.0477321 0.917657
6 0.924668 0.172582 0.0350463 0.0447947 0.914479
11 0.876297 0.960472 0.0401709 0.0619562 0.912905
0 0.881002 0.437998 0.0632671 0.0448513 0.91187
2 0.552573 0.263463 0.02969 0.0413822 0.911438
5 0.9603 0.262895 0.0337121 0.0388516 0.910552
14 0.388165 0.165253 0.0202819 0.0656268 0.909505
5 0.653154 0.0841678 0.0369344 0.041822 0.907187
5 0.86759 0.261432 0.0375893 0.0423299 0.906557
18 0.569084 0.0771958 0.067067 0.0582392 0.905812
22 0.380095 0.265333 0.0372665 0.040438 0.905568
5 0.421716 0.789685 0.0394281 0.0430067 0.905303
13 0.575182 0.694456 0.0223225 0.0644708 0.904598
4 0.896021 0.612448 0.0304377 0.0514398 0.903855
5 0.399 0.35158 0.035705 0.0440084 0.901007
5 0.639844 0.88205 0.0409973 0.0442626 0.900638
4 0.478627 0.175894 0.0309047 0.0477912 0.900533
2 0.410139 0.0821693 0.0299728 0.0416334 0.900431
5 0.340154 0.529006 0.0398629 0.040416 0.898255
5 0.713495 0.170511 0.0364797 0.0447613 0.897914
22 0.81679 0.52602 0.035135 0.0416427 0.895927
22 0.371924 0.877543 0.0379903 0.0406611 0.893531
22 0.967694 0.16767 0.0374401 0.0410249 0.893491
9 0.608443 0.703913 0.0471647 0.0437541 0.88856
9 0.612347 0.440642 0.0373282 0.0496808 0.888473
6 0.827469 0.440647 0.0409027 0.0456717 0.88819
13 0.580919 0.159767 0.0245166 0.0798389 0.886865
9 0.722464 0.61782 0.0412591 0.0459788 0.877842
13 0.350658 0.251561 0.0229815 0.0627914 0.874837
2 0.315639 0.787315 0.0373821 0.0465182 0.87403
2 0.890269 0.173666 0.0289376 0.0415124 0.86744
2 0.902674 0.880882 0.0318619 0.0446594 0.86606
0 0.78689 0.706997 0.0619431 0.0473032 0.866036
14 0.566329 0.780307 0.0213137 0.0633569 0.865618
2 0.979484 0.527162 0.0287274 0.0408258 0.863916
2 0.73955 0.708284 0.0319319 0.0436019 0.859135
6 0.477345 0.529468 0.0382153 0.0445814 0.854451
14 0.719418 0.959672 0.0205534 0.0629809 0.8536
5 0.441823 0.17642 0.0373691 0.0484793 0.852814
5 0.800399 0.167086 0.0421731 0.0539373 0.852732
6 0.918752 0.972295 0.0414997 0.0434527 0.850717
13 0.505314 0.154014 0.0199034 0.0844177 0.846761
2 0.823821 0.796676 0.0365381 0.0478789 0.846203
14 0.767109 0.869672 0.0194089 0.0685055 0.843189
0 0.716276 0.249828 0.0620172 0.063818 0.8404
8 0.381948 0.527934 0.0436661 0.0506401 0.839483
4 0.65665 0.611736 0.0259594 0.0520825 0.827397
23 0.361648 0.438788 0.0332227 0.0424423 0.819846
10 0.534099 0.340838 0.0418804 0.0664676 0.803725
4 0.307338 0.695573 0.0268674 0.0542459 0.796785
13 0.411442 0.166298 0.0225291 0.0696484 0.795495
0 0.480447 0.00685098 0.0677532 0.0136687 0.791107
18 0.849797 0.34879 0.057812 0.0500222 0.790015
13 0.976518 0.69298 0.0200399 0.0673392 0.760242
6 0.467146 0.881323 0.0190808 0.0454847 0.752347
2 0.54091 0.790314 0.0257236 0.0390527 0.751462
6 0.359294 0.347241 0.0391099 0.05305 0.748984
1 0.82089 0.890071 0.0403583 0.0605404 0.74328
18 0.995526 0.165961 0.00894821 0.0633037 0.743192
7 0.990232 0.272042 0.019537 0.0583465 0.737366
6 0.538419 0.874641 0.0579565 0.055311 0.736986
10 0.661688 0.434825 0.0363712 0.0674382 0.725989
21 0.418607 0.0159875 0.0412799 0.0319749 0.712187
6 0.815091 0.970281 0.0394843 0.0433285 0.698732
14 0.797957 0.339326 0.02156 0.0690095 0.696178
13 0.912699 0.509887 0.0173417 0.0727635 0.695106
22 0.98892 0.791982 0.0221606 0.0421536 0.687483
4 0.435993 0.968132 0.0277904 0.0473385 0.681078
4 0.935397 0.432724 0.0265075 0.0557114 0.678338
13 0.810637 0.0725064 0.0201274 0.0705943 0.675505
13 0.47919 0.431881 0.0377617 0.0693325 0.662228
2 0.324101 0.969828 0.0568102 0.0542114 0.654781
2 0.340299 0.0829688 0.0321941 0.0481741 0.644081
10 0.312051 0.520802 0.0343734 0.0652555 0.639203
8 0.761099 0.00777553 0.041733 0.0154423 0.632497
1 0.773247 0.970561 0.0384846 0.0588773 0.621571
15 0.692146 0.700378 0.0570395 0.0623448 0.619284
2 0.929245 0.0728146 0.0354855 0.0659877 0.617624
16 0.836028 0.61472 0.0423063 0.0499709 0.583675
10 0.974 0.0747835 0.036514 0.0684426 0.565617
8 0.422179 0.262689 0.0411682 0.0468388 0.560965
0 0.954141 0.34496 0.0602814 0.0577098 0.545626
2 0.776421 0.61705 0.0430567 0.0443766 0.541338
6 0.936467 0.171975 0.0210392 0.0437257 0.5407
13 0.881175 0.701818 0.0244553 0.095077 0.539886
6 0.398453 0.615841 0.0546228 0.0434361 0.531105
13 0.375712 0.599735 0.0251062 0.0749829 0.526085
6 0.885811 0.795149 0.063338 0.0412841 0.524806
