19 0.197457 0.213721 0.0548282 0.0910729 0.973629
0 0.0935999 0.21787 0.130735 0.0896568 0.972978
12 0.278571 0.194059 0.0914884 0.133775 0.969227
14 0.061944 0.0326288 0.0413645 0.0646007 0.96691
1 0.313218 0.439072 0.076556 0.133673 0.966737
18 0.270205 0.032298 0.0785736 0.064596 0.950917
6 0.177175 0.0330058 0.0821002 0.0660115 0.934705
14 0.150398 0.590044 0.0405737 0.132994 0.916148
13 0.19472 0.590447 0.040409 0.138166 0.902978
6 0.259742 0.616052 0.0832248 0.0860264 0.875951
5 0.0876228 0.6078 0.0788063 0.0920312 0.84814
14 0.10714 0.0316813 0.0418416 0.0628059 0.784384
27 0.384418 0.438165 0.0412588 0.124704 0.742051
2 0.159717 0.811559 0.0714636 0.0887496 0.626246
2 0.374623 0.0355273 0.0599687 0.0710547 0.592324
13 0.347737 0.197813 0.0321813 0.139121 0.526727
