18 0.818524 0.608781 0.0429115 0.0605922 0.980988
21 0.733676 0.80215 0.0744674 0.0600542 0.97659
21 0.271795 0.622165 0.0748282 0.0623214 0.976448
18 0.620668 0.782832 0.0443735 0.0641799 0.972353
21 0.786986 0.896389 0.0604949 0.0588273 0.970925
8 0.738004 0.521707 0.0438068 0.050388 0.968456
7 0.224718 0.527596 0.0446214 0.064805 0.967537
18 0.174912 0.871075 0.0397919 0.0638089 0.964113
5 0.331977 0.972526 0.0372016 0.0413284 0.959445
4 0.733524 0.611695 0.0289125 0.0528777 0.959237
0 0.0876391 0.879737 0.0601512 0.0449052 0.956179
2 0.0675813 0.610527 0.0350737 0.0456936 0.956037
8 0.822852 0.522502 0.0445609 0.0492567 0.953547
7 0.621831 0.530396 0.0453962 0.0653178 0.950705
0 0.341092 0.615906 0.0613115 0.0445542 0.950401
5 0.0310479 0.789934 0.0417568 0.0444882 0.949054
5 0.905058 0.522038 0.0342625 0.0490397 0.948398
5 0.553037 0.612851 0.0380406 0.0470985 0.945922
5 0.237152 0.703087 0.0367621 0.0409532 0.944755
8 0.0731898 0.789309 0.0411011 0.0470461 0.944426
13 0.47391 0.69225 0.0222616 0.0732298 0.941858
5 0.504605 0.705482 0.0373845 0.0447087 0.938852
7 0.934922 0.625818 0.0450463 0.0620171 0.938832
0 0.98028 0.709764 0.0394404 0.0474199 0.937434
6 0.380663 0.794069 0.0412799 0.0399485 0.933616
7 0.289508 0.713038 0.046173 0.0599101 0.933366
0 0.384438 0.9727 0.0627305 0.0453897 0.930188
5 0.193139 0.970361 0.0377216 0.0426607 0.927826
0 0.852193 0.969587 0.08231 0.0602244 0.924824
13 0.20874 0.864498 0.0223267 0.0814868 0.924585
0 0.354605 0.704118 0.0610929 0.0445071 0.922498
8 0.235418 0.97257 0.0425654 0.0442812 0.922372
23 0.898628 0.890171 0.0372164 0.0432463 0.920294
18 0.402362 0.60376 0.042084 0.0640807 0.917778
4 0.236384 0.873555 0.0257953 0.0545782 0.917276
5 0.26889 0.880919 0.0395218 0.0472946 0.916037
5 0.765334 0.705664 0.0425023 0.0486431 0.915545
2 0.421062 0.791786 0.0292805 0.0405574 0.913574
4 0.329812 0.510034 0.0230082 0.0663136 0.911932
0 0.278369 0.792753 0.0620852 0.0411711 0.910992
5 0.67428 0.795703 0.0362909 0.0441673 0.910924
1 0.572043 0.804542 0.0429261 0.0618196 0.910256
7 0.884115 0.806622 0.0713217 0.0607924 0.909649
22 0.671975 0.975016 0.0379654 0.0427588 0.909207
0 0.0694968 0.692683 0.0795087 0.0542569 0.907101
2 0.821043 0.796888 0.0342704 0.0437073 0.903494
5 0.402108 0.51887 0.0401877 0.046756 0.897475
13 0.74456 0.874436 0.0209292 0.0649817 0.896122
1 0.46087 0.975693 0.0414569 0.0475919 0.895156
18 0.441243 0.696368 0.0399093 0.060735 0.894267
18 0.622652 0.965183 0.0599151 0.057054 0.889973
14 0.122752 0.961293 0.0215322 0.0636556 0.888976
5 0.563337 0.970681 0.0363467 0.0435005 0.888007
6 0.695171 0.616186 0.0414894 0.0461442 0.886702
7 0.744416 0.976595 0.0593523 0.0467379 0.885872
10 0.16678 0.960845 0.0353441 0.0637162 0.884893
18 0.984364 0.880945 0.0312711 0.0751603 0.875818
4 0.79187 0.979162 0.0297718 0.0399234 0.875445
14 0.18642 0.598218 0.0254189 0.0753753 0.875166
5 0.947191 0.891648 0.0394204 0.0472713 0.871232
14 0.89022 0.699161 0.017713 0.0696132 0.868
2 0.136574 0.878248 0.0328454 0.0446115 0.865706
5 0.774774 0.616297 0.0401522 0.0467091 0.865036
2 0.147519 0.610794 0.032792 0.042304 0.859029
2 0.614375 0.883253 0.0318832 0.0473859 0.856333
0 0.11907 0.518755 0.0598008 0.0487883 0.853562
9 0.988748 0.796643 0.0225033 0.0472908 0.844782
13 0.434739 0.601946 0.0174868 0.070763 0.844486
6 0.222277 0.789116 0.0398937 0.0458091 0.82665
2 0.406167 0.703912 0.0333805 0.0426209 0.822134
13 0.53609 0.950827 0.0205386 0.0836096 0.816785
5 0.531376 0.512179 0.0513294 0.0695891 0.806835
46 0.0770064 0.970882 0.0666975 0.0421593 0.782226
13 0.902767 0.965755 0.021189 0.0684893 0.778784
0 0.469213 0.61498 0.0739577 0.0467877 0.749121
4 0.481082 0.7861 0.0256072 0.0515857 0.746542
23 0.266054 0.519341 0.0348963 0.0489373 0.74132
12 0.0164565 0.954799 0.0328801 0.0904021 0.73242
10 0.130117 0.687561 0.0414084 0.0643039 0.723736
19 0.0244416 0.608134 0.0329621 0.0449579 0.72295
2 0.300415 0.520204 0.0311894 0.0481891 0.722546
4 0.73086 0.701831 0.0272963 0.0592494 0.71772
0 0.173912 0.69858 0.0409364 0.0417043 0.716772
5 0.287313 0.962432 0.0519751 0.0617583 0.708895
2 0.215774 0.612395 0.0319294 0.0449971 0.678203
3 0.444313 0.873452 0.0551029 0.0653299 0.674478
6 0.511571 0.970866 0.0548672 0.0425037 0.645349
22 0.487408 0.881983 0.0378205 0.0459031 0.642001
6 0.890928 0.616217 0.0403533 0.0460088 0.640369
10 0.858773 0.696834 0.040705 0.0684025 0.635101
13 0.231485 0.774816 0.0248622 0.0747896 0.634722
18 0.323397 0.871086 0.0618179 0.0664328 0.629677
13 0.207298 0.68519 0.0213352 0.069253 0.618539
8 0.531149 0.877466 0.0428946 0.055177 0.617634
6 0.579325 0.700454 0.0661409 0.055418 0.614062
4 0.521121 0.605658 0.0265942 0.057735 0.60265
22 0.695524 0.522372 0.0372058 0.0463541 0.596102
22 0.0669778 0.514326 0.0376235 0.0503112 0.575229
12 0.661232 0.510311 0.0334222 0.0707715 0.563311
5 0.17313 0.505638 0.0435829 0.0692389 0.55912
13 0.0231134 0.508459 0.0416317 0.0660703 0.554537
13 0.495749 0.601598 0.0235304 0.0685152 0.543318
18 0.993789 0.517197 0.0124228 0.0564381 0.542356
18 0.943747 0.978327 0.0575163 0.0430021 0.537983
13 0.574915 0.865553 0.0425688 0.0799428 0.530944
2 0.961097 0.797983 0.0292866 0.0479497 0.519879
2 0.575337 0.515632 0.0351832 0.0580811 0.508699
