28 0.195427 0.70991 0.108904 0.162953 0.994938
18 0.537682 0.718895 0.107629 0.144551 0.987385
11 0.450374 0.912221 0.0909038 0.137708 0.981178
1 0.621799 0.18491 0.0831475 0.136164 0.977959
23 0.73224 0.940115 0.0703592 0.0901814 0.975242
8 0.563982 0.352708 0.0951812 0.095902 0.975002
1 0.332649 0.176919 0.0905629 0.137694 0.971437
22 0.808266 0.946761 0.0777942 0.0915282 0.97143
8 0.37674 0.342764 0.0922894 0.0989788 0.969409
4 0.915043 0.740656 0.0665829 0.114642 0.968189
22 0.470571 0.348771 0.083981 0.0868527 0.967431
14 0.692707 0.72514 0.0460545 0.140893 0.967212
23 0.663227 0.939472 0.063965 0.0870702 0.966894
6 0.712642 0.170709 0.0862596 0.0918941 0.957069
8 0.1166 0.536243 0.0953251 0.096951 0.953619
22 0.405812 0.539928 0.0919706 0.096133 0.953166
16 0.376679 0.734695 0.100664 0.0905354 0.952723
2 0.631688 0.744541 0.0695584 0.0949408 0.948588
2 0.112529 0.920591 0.0717754 0.0936064 0.943632
23 0.0423266 0.923722 0.0709661 0.0879729 0.942072
2 0.594 0.93941 0.0691662 0.0909556 0.940768
27 0.279728 0.75485 0.0574486 0.136872 0.939752
13 0.74644 0.339678 0.0425344 0.141304 0.935827
13 0.739248 0.724502 0.039081 0.141174 0.924788
2 0.0667836 0.143142 0.0753513 0.092017 0.918265
23 0.810133 0.554514 0.0633576 0.088739 0.914085
13 0.454779 0.714029 0.0447678 0.149449 0.899653
2 0.874713 0.556091 0.061792 0.0960782 0.897585
4 0.0190524 0.705165 0.0380557 0.148459 0.885969
13 0.520063 0.913012 0.0408282 0.15818 0.88383
8 0.152238 0.151617 0.09856 0.102152 0.86979
2 0.768134 0.0128408 0.0708723 0.0256313 0.863391
2 0.896749 0.945534 0.0707126 0.0930855 0.856521
6 0.830411 0.368226 0.123499 0.0993465 0.849611
6 0.454909 0.159319 0.140361 0.10506 0.848161
2 0.822747 0.750181 0.112909 0.0922546 0.842851
13 0.22467 0.140274 0.0464505 0.161048 0.831455
8 0.35169 0.909809 0.0865537 0.154488 0.781388
14 0.482079 0.517389 0.0458696 0.153203 0.771676
7 0.0233779 0.550912 0.0467452 0.148857 0.756392
18 0.0884381 0.323418 0.135995 0.13649 0.714644
16 0.673075 0.362519 0.0947912 0.095093 0.685489
22 0.214203 0.536955 0.0889359 0.0892761 0.643768
4 0.930309 0.346272 0.0757985 0.150493 0.598989
23 0.220575 0.921693 0.139879 0.0889888 0.59749
22 0.868247 0.012791 0.0837762 0.025582 0.586864
8 0.900182 0.158707 0.0802169 0.14349 0.545666
18 0.729217 0.55123 0.0953072 0.0892992 0.544677
8 0.241211 0.320592 0.086298 0.138595 0.543334
13 0.759716 0.528707 0.0384395 0.131261 0.507857
5 0.801375 0.148665 0.085888 0.144736 0.505931
