4 0.285258 0.84453 0.0787377 0.12131 0.98851
12 0.56283 0.6306 0.16848 0.148436 0.987619
12 0.0755194 0.232919 0.150185 0.156879 0.982713
9 0.203563 0.649463 0.0903046 0.103093 0.977034
9 0.0808872 0.852323 0.0906183 0.101487 0.974767
8 0.406563 0.849765 0.0981116 0.0969172 0.970995
9 0.810626 0.849578 0.0849595 0.0988665 0.97024
18 0.264735 0.0570364 0.0919073 0.114073 0.96821
14 0.408638 0.237006 0.0484885 0.148862 0.962507
1 0.0267087 0.0805888 0.0532773 0.140487 0.96146
2 0.908974 0.0603568 0.0730568 0.0943512 0.960479
2 0.114451 0.652168 0.0786228 0.0969086 0.957306
0 0.273486 0.261916 0.134156 0.0996764 0.954692
0 0.571139 0.0577933 0.147872 0.104527 0.953617
0 0.881064 0.651738 0.130455 0.105507 0.939653
2 0.499442 0.851027 0.0727898 0.0988913 0.934825
13 0.0164364 0.84145 0.0328729 0.171568 0.934384
5 0.967232 0.852761 0.0655352 0.100832 0.915154
11 0.549689 0.233622 0.13565 0.147026 0.909547
1 0.973819 0.0778937 0.0523624 0.155787 0.908545
14 0.84658 0.0537004 0.0365362 0.107401 0.908304
13 0.457865 0.229748 0.0484302 0.159806 0.902969
13 0.183881 0.237652 0.0484464 0.15947 0.896886
6 0.136761 0.0598145 0.150401 0.106221 0.873035
5 0.976181 0.638823 0.0473239 0.127092 0.867746
2 0.733939 0.851128 0.06919 0.0917969 0.793269
18 0.735143 0.637138 0.126422 0.125135 0.781042
23 0.81184 0.258842 0.0978016 0.0991186 0.679171
8 0.192905 0.834423 0.0898001 0.141578 0.57967
13 0.647651 0.969411 0.0455589 0.0611784 0.56769
32 0.642769 0.463588 0.103405 0.164666 0.500489
