8 0.299603 0.367478 0.095297 0.0903869 0.963425
6 0.2517 0.177154 0.093637 0.0867084 0.962732
8 0.452044 0.172038 0.0929927 0.0872118 0.958095
13 0.181776 0.155238 0.0437493 0.139039 0.954053
16 0.0963151 0.563106 0.0998547 0.0870008 0.949992
13 0.180591 0.540183 0.0417888 0.13894 0.947088
5 0.356304 0.171528 0.0876203 0.0916833 0.944039
6 0.729329 0.364273 0.0931553 0.0852689 0.941829
4 0.378438 0.552311 0.0665139 0.112138 0.925165
6 0.0692885 0.759225 0.0928484 0.0887088 0.916898
8 0.291761 0.0112417 0.0943616 0.0224834 0.915261
6 0.408943 0.758299 0.0888785 0.0874627 0.902533
23 0.556794 0.560995 0.0694218 0.084864 0.861029
2 0.48068 0.561188 0.0699548 0.0900941 0.844543
5 0.709486 0.170936 0.0922878 0.0869314 0.840873
19 0.626081 0.170423 0.0655954 0.0877785 0.831983
16 0.102968 0.178421 0.0985259 0.0854106 0.802479
23 0.0565796 0.368457 0.0656243 0.0804694 0.772528
2 0.613916 0.00816966 0.0756761 0.0163393 0.748315
6 0.398786 0.0111769 0.0998575 0.0223207 0.705206
6 0.110634 0.0138406 0.09171 0.0276812 0.692465
4 0.534403 0.160322 0.0670576 0.11207 0.59462
14 0.00870012 0.737467 0.017389 0.137737 0.566554
8 0.723439 0.0101128 0.125187 0.0202256 0.565335
9 0.505574 0.00968367 0.0916877 0.0193665 0.552775
