2 0.681855 0.198676 0.0743291 0.101021 0.964374
8 0.246377 0.0253322 0.0943588 0.05065 0.954645
2 0.861192 0.198807 0.0727679 0.0998224 0.95175
23 0.583513 0.199964 0.0738356 0.0972202 0.947863
6 0.860349 0.0216338 0.0942825 0.0432676 0.945096
6 0.193393 0.198556 0.095184 0.096078 0.941657
7 0.0911032 0.223158 0.101985 0.136053 0.932682
5 0.762017 0.0243528 0.0890311 0.0487057 0.931957
5 0.146561 0.0259033 0.0975641 0.0518066 0.930729
5 0.358315 0.200118 0.0853744 0.0979186 0.895904
4 0.279328 0.186525 0.0735129 0.126945 0.888831
1 0.96168 0.240864 0.07664 0.189184 0.868571
0 0.582415 0.0288434 0.137548 0.0576869 0.823198
6 0.359509 0.0236501 0.11492 0.0473002 0.767187
27 0.681923 0.0466955 0.0534859 0.093391 0.726598
6 0.472932 0.192432 0.141884 0.108017 0.710714
14 0.944523 0.0215035 0.0608461 0.043007 0.590659
2 0.00871827 0.197059 0.0174204 0.122446 0.500676
