4 0.188121 0.260156 0.0765655 0.127272 0.987196
5 0.216506 0.674013 0.0939866 0.0952525 0.96481
5 0.318067 0.469879 0.0933787 0.109395 0.959565
14 0.292452 0.653146 0.0519011 0.146371 0.958758
8 0.0992314 0.258702 0.0982237 0.116196 0.950719
2 0.314548 0.876186 0.0765214 0.0982323 0.940702
5 0.0798529 0.671811 0.0965406 0.0954366 0.938341
13 0.348608 0.651857 0.0500592 0.149242 0.936705
14 0.0586731 0.452147 0.0478109 0.143601 0.883768
7 0.0150666 0.507984 0.0300119 0.175632 0.839808
4 0.215297 0.467977 0.0985546 0.0997905 0.814949
2 0.12562 0.46945 0.0761962 0.0917727 0.690557
