1 0.548242 0.523141 0.0930474 0.141839 0.984414
1 0.390526 0.122822 0.0903764 0.135001 0.982243
9 0.678272 0.889873 0.0880597 0.0957348 0.97916
1 0.591166 0.722385 0.0897628 0.137418 0.977497
6 0.692367 0.703397 0.096078 0.091804 0.973868
9 0.545766 0.296065 0.0912167 0.0986128 0.97371
8 0.302602 0.29865 0.0957643 0.0943177 0.97339
4 0.315518 0.688842 0.0673577 0.12202 0.971789
9 0.830907 0.102124 0.0907526 0.101816 0.969485
2 0.217688 0.304243 0.0736898 0.0965821 0.96617
8 0.487132 0.699122 0.0980403 0.100793 0.962775
7 0.927763 0.921252 0.144475 0.15289 0.959714
5 0.803759 0.892417 0.0924995 0.0941797 0.958075
7 0.872003 0.327243 0.0977788 0.132399 0.957214
7 0.965971 0.721632 0.0680581 0.140773 0.95434
23 0.0369528 0.295715 0.0735793 0.0911154 0.949836
5 0.392361 0.700961 0.0856296 0.0969568 0.94969
6 0.488292 0.10186 0.0948408 0.0987844 0.946064
13 0.347323 0.483669 0.0446492 0.15129 0.945643
5 0.414426 0.504594 0.0879711 0.0988711 0.945296
2 0.204166 0.698416 0.0769882 0.101446 0.943815
2 0.745046 0.501449 0.0729611 0.0920179 0.941731
14 0.297241 0.482978 0.04721 0.149327 0.938317
0 0.173502 0.508181 0.197661 0.102258 0.934713
2 0.121323 0.901448 0.0770203 0.101749 0.920769
4 0.260961 0.0873141 0.0731494 0.133928 0.911795
8 0.0710407 0.0997495 0.0937868 0.100123 0.901192
5 0.439184 0.901751 0.0864391 0.111808 0.893861
4 0.170929 0.097387 0.0983994 0.108696 0.893469
2 0.196978 0.899917 0.0743026 0.101552 0.868701
7 0.933935 0.521997 0.113495 0.146387 0.849177
13 0.949787 0.275626 0.0441192 0.142155 0.847514
6 0.652292 0.503935 0.0949163 0.0913963 0.807017
5 0.587348 0.10516 0.0906773 0.0978528 0.744648
9 0.987529 0.302085 0.0249412 0.108443 0.73913
6 0.707897 0.105037 0.147304 0.0997892 0.720128
2 0.00832983 0.114 0.0166112 0.139296 0.68716
6 0.556494 0.884821 0.141247 0.106903 0.656301
8 0.423086 0.281436 0.134053 0.135896 0.642294
11 0.325895 0.871173 0.14114 0.138189 0.588909
13 0.756202 0.0793166 0.0552851 0.156332 0.573575
13 0.9956 0.485964 0.00879943 0.164582 0.565325
4 0.0274662 0.903095 0.0547688 0.141312 0.520406
