18 0.75412 0.515137 0.110744 0.139579 0.989861
9 0.940837 0.537416 0.0891209 0.100832 0.97857
12 0.339352 0.315156 0.112204 0.1424 0.977585
4 0.56763 0.722246 0.0686256 0.117268 0.973968
8 0.240278 0.140752 0.0904284 0.0934817 0.971953
2 0.389234 0.734833 0.0769821 0.0957956 0.971819
8 0.604244 0.337353 0.0996966 0.0986894 0.966455
14 0.322809 0.713781 0.0421253 0.138954 0.964382
5 0.423065 0.1391 0.0824221 0.0927909 0.963713
6 0.185755 0.5437 0.0923058 0.0938984 0.963478
2 0.857781 0.538166 0.0732299 0.0943893 0.958502
2 0.699869 0.338421 0.0714328 0.100024 0.957221
0 0.14217 0.745622 0.133306 0.109203 0.956581
2 0.492094 0.737717 0.0728762 0.101019 0.956509
8 0.669484 0.733836 0.100295 0.093074 0.951988
5 0.254787 0.736358 0.0857455 0.0930016 0.951664
11 0.85852 0.913261 0.091516 0.141042 0.95116
27 0.859059 0.358855 0.055213 0.137998 0.948391
5 0.601813 0.941336 0.0887396 0.107562 0.945078
4 0.325116 0.118112 0.0767639 0.13974 0.943693
14 0.369836 0.916628 0.0447048 0.13844 0.938539
1 0.780857 0.363256 0.0923901 0.141817 0.937969
13 0.261742 0.318018 0.045627 0.144588 0.932494
13 0.531388 0.920783 0.0452631 0.151986 0.928578
13 0.202872 0.322537 0.0547974 0.143827 0.923601
2 0.139089 0.340168 0.0693234 0.0983474 0.922141
7 0.520513 0.162623 0.0998013 0.140167 0.921656
9 0.77588 0.138978 0.092961 0.106986 0.917369
14 0.600736 0.119001 0.0470512 0.142163 0.915695
4 0.0282879 0.734628 0.0556553 0.113239 0.915526
7 0.0675531 0.541427 0.135106 0.18555 0.911306
13 0.0307673 0.139919 0.0564982 0.178312 0.852325
22 0.300653 0.940294 0.0824505 0.100626 0.792801
7 0.890828 0.16789 0.093788 0.132317 0.782604
18 0.128236 0.133294 0.128446 0.129988 0.742612
13 0.390261 0.514786 0.0900897 0.143354 0.726305
6 0.291921 0.537416 0.100208 0.0949532 0.657698
11 0.0345694 0.323158 0.0691197 0.141903 0.650352
5 0.972562 0.147777 0.0548767 0.102742 0.567049
13 0.955342 0.917016 0.0893164 0.145759 0.564205
22 0.771454 0.738232 0.0895993 0.090872 0.563197
13 0.43887 0.912696 0.0915107 0.141722 0.554383
13 0.672519 0.0935267 0.0916455 0.187053 0.512569
