14 0.43509 0.193663 0.0455431 0.147041 0.976588
0 0.495734 0.416554 0.135428 0.0903198 0.96597
0 0.570644 0.608435 0.141335 0.0939 0.962735
0 0.242376 0.21349 0.1328 0.0954464 0.961074
22 0.509731 0.210188 0.0879697 0.0879606 0.955514
0 0.37959 0.0333804 0.144447 0.06635 0.955226
18 0.0892813 0.593626 0.0913237 0.125635 0.934084
5 0.504359 0.0307897 0.0916091 0.0615794 0.910369
14 0.576739 0.033699 0.0451989 0.0666638 0.896225
14 0.68455 0.380644 0.0440423 0.136079 0.890886
5 0.360238 0.210209 0.0872657 0.0914758 0.869528
1 0.0912629 0.0526105 0.091076 0.10501 0.860277
2 0.0305166 0.408751 0.0610269 0.0894873 0.822008
19 0.118322 0.211155 0.0560457 0.0869763 0.801318
22 0.562073 0.811411 0.0829748 0.0888414 0.737888
6 0.649786 0.0298376 0.094707 0.0596752 0.703937
9 0.747865 0.0300729 0.0914838 0.0601459 0.621323
4 0.184169 0.398615 0.0629891 0.112542 0.576173
