28 0.945273 0.707137 0.108499 0.158009 0.996262
1 0.548238 0.554209 0.0914613 0.140697 0.990034
1 0.364797 0.358618 0.0923697 0.145063 0.989521
4 0.534785 0.906629 0.0712559 0.121748 0.984162
19 0.625163 0.919511 0.0669727 0.0938497 0.979357
2 0.21211 0.335846 0.0704267 0.091681 0.975714
9 0.502705 0.723122 0.0866549 0.0975499 0.973674
23 0.141723 0.337303 0.0683925 0.0899813 0.973521
8 0.450549 0.921764 0.0962557 0.0925809 0.973459
27 0.710389 0.165251 0.0483773 0.136527 0.971811
6 0.11026 0.733936 0.0952038 0.0927534 0.971094
1 0.640046 0.168717 0.0862718 0.136189 0.969819
1 0.562544 0.36305 0.0935022 0.138372 0.968527
2 0.0697939 0.336675 0.0724911 0.0899759 0.967568
2 0.103385 0.532902 0.0749413 0.0959071 0.964668
16 0.102567 0.926383 0.102637 0.0921415 0.964308
7 0.0553975 0.166236 0.104733 0.138487 0.96386
5 0.353914 0.920268 0.0944267 0.0952845 0.962329
6 0.251251 0.925994 0.0954353 0.0896086 0.961548
8 0.294571 0.7279 0.0963796 0.0969919 0.958775
2 0.401004 0.531227 0.0751072 0.0996368 0.956959
2 0.203985 0.728525 0.0722294 0.0936629 0.954662
5 0.70841 0.920645 0.0948795 0.0922707 0.954652
8 0.866619 0.536257 0.0954828 0.0968235 0.947736
29 0.445692 0.137766 0.132618 0.161158 0.947117
2 0.613172 0.720602 0.0763535 0.0928626 0.944265
23 0.79227 0.923749 0.0711939 0.0877632 0.943325
2 0.562057 0.142419 0.0723704 0.09847 0.943108
2 0.862571 0.920531 0.0717542 0.0935911 0.942923
23 0.330404 0.531941 0.0654882 0.0889541 0.937351
2 0.81655 0.143004 0.0755864 0.0914916 0.926602
13 0.180972 0.903555 0.045492 0.144847 0.92368
13 0.0384312 0.728456 0.0486296 0.171179 0.903998
18 0.839133 0.326498 0.135461 0.131504 0.898541
8 0.902305 0.152345 0.0984921 0.103475 0.85558
13 0.974625 0.141978 0.0466191 0.159534 0.852618
6 0.671239 0.340081 0.111928 0.0942514 0.848252
13 0.73839 0.308599 0.0510252 0.157089 0.798443
6 0.398126 0.723243 0.103634 0.109358 0.782257
4 0.24492 0.101491 0.0674316 0.174703 0.657408
8 0.458745 0.365417 0.0841712 0.144412 0.624436
6 0.653859 0.510616 0.0941961 0.145499 0.549176
8 0.973837 0.318348 0.0523256 0.139906 0.529491
13 0.013795 0.311193 0.0274267 0.150691 0.519161
