2 0.554614 0.69401 0.0708791 0.0987244 0.981346
8 0.0500404 0.890324 0.0958094 0.0905168 0.979859
16 0.157461 0.701659 0.105092 0.0910233 0.97819
8 0.563903 0.890588 0.100448 0.0932989 0.977754
9 0.182062 0.314166 0.0914908 0.0982116 0.976423
8 0.686204 0.696873 0.0985478 0.0946794 0.976378
23 0.47973 0.69929 0.072273 0.0901794 0.971762
4 0.75594 0.305631 0.0652608 0.10833 0.970975
6 0.309129 0.700555 0.0943203 0.0890009 0.96974
2 0.404589 0.700637 0.0753652 0.0919288 0.969618
23 0.377062 0.895117 0.0717498 0.0897747 0.968775
7 0.805461 0.918701 0.105246 0.142234 0.965695
6 0.452047 0.509766 0.0973807 0.0910815 0.962688
2 0.447399 0.893535 0.0723213 0.0961329 0.961954
22 0.300962 0.509615 0.0914122 0.0942249 0.960218
0 0.571909 0.507958 0.13806 0.0947864 0.959555
16 0.692804 0.51248 0.100507 0.0947649 0.957524
2 0.14148 0.891893 0.0702375 0.0913877 0.957333
2 0.780238 0.700335 0.0725009 0.0915003 0.954157
2 0.0315137 0.701404 0.0628314 0.0909516 0.952785
23 0.45578 0.315419 0.0766317 0.0861886 0.941361
16 0.660135 0.317954 0.102459 0.0961986 0.940409
13 0.773574 0.486434 0.0490611 0.145902 0.930193
13 0.112417 0.293909 0.0425605 0.146666 0.928855
14 0.377022 0.484646 0.0462656 0.134454 0.91239
0 0.0403456 0.509402 0.0806791 0.0932046 0.871075
6 0.288167 0.892407 0.106347 0.0905088 0.855921
46 0.334517 0.319874 0.163911 0.0918487 0.836251
13 0.237747 0.673975 0.0440635 0.14643 0.833508
23 0.82232 0.317958 0.0715778 0.0864555 0.811986
14 0.979678 0.295667 0.0406449 0.15574 0.757424
6 0.960319 0.508583 0.0793623 0.0933525 0.757363
4 0.980526 0.84837 0.0388734 0.180793 0.749902
13 0.987859 0.651577 0.024281 0.185265 0.733761
22 0.536384 0.317777 0.0866287 0.0874674 0.70539
18 0.920103 0.700964 0.104363 0.0954536 0.545291
