14 0.291394 0.292597 0.0499304 0.14362 0.976234
23 0.288692 0.707795 0.0635002 0.0931665 0.974811
29 0.103188 0.888246 0.128228 0.164843 0.965234
23 0.223766 0.704554 0.0640069 0.0938593 0.964463
2 0.154007 0.697455 0.0682876 0.0979296 0.960414
5 0.217116 0.901916 0.0868565 0.0966156 0.958855
0 0.328461 0.908734 0.131146 0.094403 0.950238
0 0.114073 0.308654 0.129757 0.112257 0.937974
14 0.214177 0.484607 0.0447721 0.14897 0.930656
22 0.360837 0.709431 0.0801716 0.09111 0.927797
11 0.3245 0.493345 0.138955 0.146424 0.91773
13 0.0145784 0.284418 0.029107 0.144184 0.909577
5 0.223677 0.309114 0.0761048 0.0956242 0.883608
21 0.0487896 0.688624 0.0973672 0.179163 0.785428
13 0.361184 0.294807 0.0838476 0.150775 0.69099
