1 0.845479 0.840333 0.082967 0.133346 0.989347
8 0.393965 0.0445327 0.0948761 0.0890654 0.988422
1 0.290456 0.839315 0.0904487 0.136335 0.988312
8 0.15809 0.232399 0.0957302 0.0949043 0.982625
8 0.691522 0.0457234 0.0919549 0.0914468 0.981583
8 0.504252 0.0448238 0.0960722 0.0896475 0.976812
4 0.374521 0.412806 0.0669702 0.112815 0.974034
2 0.073275 0.227224 0.0704519 0.0971356 0.973358
2 0.906574 0.980824 0.0745015 0.0383523 0.96897
5 0.906371 0.245127 0.0877736 0.100655 0.96507
18 0.046743 0.796597 0.090504 0.138212 0.964974
8 0.753958 0.816992 0.0838122 0.0861285 0.964194
16 0.833094 0.0443089 0.0912409 0.0886179 0.963854
22 0.598436 0.0445365 0.0820239 0.089073 0.962647
5 0.490591 0.234641 0.0857008 0.0928835 0.962235
5 0.300134 0.0450323 0.0921012 0.0900647 0.962188
2 0.284409 0.617852 0.0713558 0.0910548 0.961851
7 0.183297 0.447019 0.107347 0.138567 0.961539
23 0.909755 0.430047 0.0718808 0.0859444 0.959823
8 0.631708 0.430903 0.0916665 0.094425 0.957475
5 0.832752 0.431946 0.0857131 0.0960804 0.955963
8 0.575872 0.250642 0.0866337 0.118088 0.95376
2 0.73528 0.621999 0.0699022 0.0941787 0.953737
14 0.673101 0.602766 0.0467999 0.139211 0.953735
5 0.447067 0.425785 0.083393 0.095194 0.950601
5 0.458864 0.617031 0.0877417 0.0939305 0.9491
4 0.540824 0.614051 0.0655106 0.114729 0.948194
27 0.916316 0.835615 0.0496079 0.139981 0.945624
14 0.793515 0.214289 0.0364614 0.133331 0.93533
0 0.0637744 0.624318 0.127241 0.108736 0.927061
6 0.292572 0.426167 0.0951664 0.0900579 0.92644
4 0.0191763 0.22131 0.0382178 0.115382 0.924973
27 0.595978 0.64449 0.0488579 0.134474 0.919102
6 0.821603 0.984349 0.0831058 0.0313027 0.903904
27 0.202965 0.0442702 0.0554786 0.0885405 0.897366
0 0.0525955 0.985105 0.102944 0.0297909 0.882522
2 0.534747 0.431883 0.0791168 0.0972124 0.877199
8 0.385781 0.793924 0.0937651 0.136809 0.843935
6 0.101434 0.0432987 0.141357 0.0862075 0.818803
1 0.735769 0.983376 0.0809598 0.0332488 0.81804
6 0.834723 0.626327 0.129104 0.0975378 0.814556
21 0.170428 0.818037 0.0934802 0.0893067 0.808828
18 0.488952 0.968417 0.127504 0.0631652 0.800072
2 0.764443 0.0335755 0.0352654 0.0659042 0.738407
12 0.709013 0.209833 0.129616 0.141417 0.722144
2 0.926207 0.0443024 0.0853901 0.0886047 0.683712
27 0.376079 0.234757 0.0577254 0.0896206 0.653041
18 0.351425 0.965448 0.0881573 0.0690725 0.647008
13 0.877933 0.601539 0.0482749 0.144148 0.617709
13 0.597998 0.958972 0.0861429 0.082056 0.587005
13 0.178272 0.596856 0.0917025 0.147022 0.583921
