18 0.492214 0.345889 0.110644 0.139213 0.985615
8 0.314906 0.173034 0.0968575 0.091951 0.97911
8 0.315808 0.760826 0.0927158 0.0933089 0.977724
4 0.789595 0.941258 0.0756712 0.115457 0.977656
8 0.817203 0.172224 0.0957325 0.0928082 0.977099
9 0.512547 0.761664 0.0908518 0.0988641 0.9757
1 0.318269 0.58634 0.0885439 0.135668 0.975094
2 0.885541 0.757113 0.0732818 0.0957832 0.972865
5 0.541266 0.173058 0.0924841 0.0931866 0.96507
2 0.594439 0.367285 0.0719786 0.0944355 0.961751
8 0.633698 0.561088 0.100301 0.0968845 0.955779
8 0.678185 0.369111 0.0919502 0.0901654 0.955287
16 0.323846 0.369563 0.101936 0.100811 0.954169
2 0.730706 0.170691 0.0731122 0.0968052 0.953004
6 0.795038 0.761469 0.0943276 0.0919986 0.952419
23 0.712228 0.955039 0.0741601 0.0858347 0.951229
16 0.639879 0.760433 0.101903 0.0878863 0.949044
8 0.948743 0.0145801 0.0939394 0.0290275 0.924746
2 0.985447 0.174037 0.0291065 0.0902622 0.923775
13 0.720959 0.740799 0.046465 0.145154 0.920717
4 0.916768 0.165108 0.0974339 0.106515 0.905182
21 0.47489 0.954 0.09099 0.0914856 0.8922
27 0.904006 0.365654 0.0629854 0.0943961 0.886129
23 0.959973 0.757923 0.0702074 0.0892718 0.862165
19 0.981355 0.367003 0.0372275 0.0909371 0.849461
2 0.610686 0.954776 0.123165 0.0894939 0.849253
5 0.870265 0.952628 0.0838959 0.0916122 0.848168
22 0.517781 0.562838 0.0859175 0.0893855 0.804347
2 0.64752 0.0123335 0.0755088 0.0246129 0.797539
13 0.40451 0.335128 0.0427762 0.167396 0.792808
4 0.777845 0.360748 0.0988864 0.103185 0.788854
7 0.886265 0.574283 0.168362 0.155588 0.785234
4 0.98846 0.559669 0.0230806 0.125076 0.584711
6 0.844533 0.368917 0.0479345 0.090835 0.569999
13 0.417998 0.538914 0.0867262 0.141975 0.550953
22 0.4138 0.761455 0.0816219 0.0899738 0.501822
