1 0.383237 0.904823 0.0950046 0.143411 0.987758
18 0.865356 0.278223 0.0964707 0.129899 0.982319
18 0.635544 0.867312 0.0917228 0.128055 0.98112
1 0.46483 0.511631 0.0937568 0.139718 0.980499
18 0.919945 0.665083 0.108799 0.142565 0.971518
2 0.250677 0.298075 0.0809081 0.0983763 0.960233
2 0.617899 0.302852 0.0695295 0.0993421 0.956736
8 0.79232 0.490324 0.102737 0.0983123 0.954829
0 0.0756093 0.50423 0.140495 0.112184 0.952776
7 0.761469 0.913799 0.108861 0.160213 0.952474
8 0.543862 0.687929 0.100393 0.100118 0.951798
2 0.231639 0.685979 0.073291 0.101624 0.94949
23 0.130005 0.684487 0.066951 0.0908465 0.94418
13 0.553025 0.266274 0.0594462 0.155747 0.941333
23 0.304907 0.692512 0.07077 0.105997 0.941178
14 0.272714 0.47006 0.0510256 0.144682 0.934494
0 0.723974 0.300343 0.140827 0.097791 0.933662
4 0.1574 0.868531 0.0720978 0.129386 0.933083
0 0.117456 0.302907 0.142568 0.108074 0.932164
13 0.833338 0.66731 0.0481898 0.145584 0.921394
5 0.0760171 0.884062 0.0902531 0.0996612 0.915588
13 0.943804 0.276754 0.0507928 0.153929 0.904193
22 0.667649 0.491257 0.0883235 0.0917464 0.903506
23 0.397611 0.295746 0.0694529 0.0928233 0.874273
13 0.0146047 0.88747 0.0291233 0.202589 0.871189
18 0.670612 0.675731 0.150348 0.138206 0.866729
22 0.475396 0.298126 0.0842713 0.0903434 0.864679
6 0.565671 0.491322 0.0984049 0.0923853 0.836065
6 0.510212 0.885977 0.148251 0.101782 0.800275
21 0.0235297 0.308913 0.0470595 0.225661 0.709406
18 0.987151 0.279894 0.0256971 0.118967 0.547949
13 0.344059 0.465987 0.0933647 0.142431 0.538023
