7 0.12207 0.937693 0.111093 0.124615 0.985587
9 0.734191 0.724908 0.0913892 0.0980849 0.980272
23 0.398553 0.726593 0.0721356 0.0937299 0.970718
7 0.819459 0.551892 0.102196 0.138752 0.970397
9 0.673982 0.924705 0.0903097 0.107866 0.969027
0 0.324913 0.537005 0.141701 0.105169 0.965636
23 0.717791 0.329846 0.0783949 0.0920159 0.963321
2 0.325131 0.726901 0.0756493 0.0995362 0.962109
0 0.894596 0.730492 0.142571 0.0987672 0.961508
8 0.637767 0.72743 0.0992956 0.0969782 0.955741
2 0.639107 0.332521 0.0746784 0.0988159 0.94916
23 0.797 0.333671 0.0714703 0.0967158 0.943905
2 0.251101 0.329647 0.0737587 0.0932373 0.936441
0 0.481785 0.531535 0.143137 0.10144 0.936095
5 0.850418 0.927247 0.0868585 0.100896 0.93589
23 0.548798 0.925111 0.066202 0.0913148 0.93565
0 0.49842 0.336076 0.144062 0.102902 0.933538
13 0.605733 0.897605 0.0396965 0.142121 0.921566
5 0.0268944 0.938902 0.0536716 0.112695 0.921414
13 0.753291 0.112665 0.052999 0.150919 0.911124
8 0.310784 0.131199 0.0958493 0.0974359 0.906512
7 0.0850396 0.351591 0.101547 0.137664 0.892167
5 0.984594 0.715481 0.030812 0.122812 0.890651
0 0.0664373 0.737305 0.132875 0.125442 0.890154
18 0.193206 0.112215 0.0926332 0.131296 0.885875
5 0.825832 0.134119 0.0901682 0.0994272 0.875761
2 0.688572 0.132049 0.074671 0.10789 0.863563
13 0.3069 0.304391 0.0382402 0.143716 0.860645
11 0.0241307 0.521597 0.0482613 0.197559 0.859404
2 0.518082 0.131251 0.070105 0.0965926 0.782614
2 0.696149 0.527019 0.0734892 0.10051 0.736563
22 0.282591 0.923728 0.0876116 0.0915813 0.716541
5 0.537477 0.72681 0.0923154 0.0968368 0.708199
22 0.873821 0.332576 0.0868464 0.0957459 0.702568
5 0.989159 0.518737 0.0216819 0.127588 0.68908
4 0.906445 0.104708 0.0706725 0.157428 0.662778
13 0.211577 0.88251 0.0529736 0.197009 0.661749
7 0.376061 0.332278 0.100002 0.181385 0.646352
46 0.431992 0.933397 0.161988 0.111984 0.645573
6 0.922912 0.532084 0.09412 0.101606 0.64284
14 0.990355 0.110538 0.0192906 0.140111 0.630058
23 0.627406 0.527723 0.074048 0.09324 0.530098
