9 0.468803 0.732159 0.0884765 0.0983541 0.979283
18 0.646712 0.909824 0.0897686 0.131743 0.977843
9 0.541284 0.536132 0.0867386 0.0962371 0.976118
11 0.274723 0.717205 0.0898267 0.140009 0.96907
23 0.116168 0.738251 0.0739237 0.0925775 0.968299
23 0.78272 0.527831 0.0708109 0.0866168 0.967969
5 0.053916 0.142535 0.0920762 0.0947199 0.965618
14 0.523829 0.113983 0.0482217 0.147027 0.961185
18 0.599195 0.321181 0.0863609 0.123064 0.961012
14 0.820428 0.898791 0.0485384 0.144609 0.960054
0 0.311289 0.343837 0.138363 0.0981709 0.95848
2 0.189585 0.74124 0.070743 0.0968115 0.958015
2 0.909443 0.921224 0.114717 0.093348 0.957465
9 0.679862 0.137089 0.0824262 0.0978456 0.957089
7 0.676796 0.555617 0.140019 0.137082 0.955649
5 0.882606 0.525243 0.0790424 0.0959932 0.949459
2 0.688781 0.335685 0.0694802 0.0951287 0.94398
2 0.829397 0.331416 0.0735588 0.0940484 0.940795
6 0.219427 0.34573 0.038825 0.0912779 0.930563
2 0.16018 0.940898 0.0737462 0.0983398 0.926554
7 0.188564 0.162079 0.166866 0.133406 0.925988
13 0.0762819 0.318779 0.0479708 0.150194 0.921302
7 0.811594 0.156284 0.136633 0.134073 0.91841
14 0.552386 0.912051 0.0482845 0.154541 0.91745
7 0.838213 0.739339 0.149807 0.132696 0.914562
23 0.938442 0.332729 0.0628257 0.0847929 0.90847
1 0.174652 0.0205078 0.102682 0.0410156 0.891379
13 0.524487 0.32068 0.0415263 0.143769 0.874156
16 0.446188 0.34141 0.10252 0.0954823 0.840321
13 0.0355536 0.534152 0.0482031 0.183655 0.794737
4 0.91261 0.11435 0.0547626 0.125321 0.77105
8 0.963612 0.521961 0.0727764 0.0918355 0.753317
6 0.42236 0.534012 0.136155 0.104313 0.703992
13 0.0570483 0.902289 0.0887345 0.180953 0.650584
14 0.00630675 0.535138 0.0126135 0.183438 0.634131
13 0.9438 0.68602 0.0497539 0.164838 0.611229
46 0.449284 0.936445 0.148903 0.100468 0.54064
8 0.153055 0.322878 0.0944241 0.138653 0.534193
16 0.0240903 0.353621 0.0478396 0.112685 0.533944
8 0.343219 0.116087 0.126869 0.142507 0.500927
