18 0.617675 0.703545 0.113189 0.146314 0.990683
1 0.445331 0.543455 0.0903439 0.143789 0.983185
7 0.443147 0.3442 0.103044 0.125955 0.972678
2 0.244338 0.711246 0.0733422 0.106797 0.971125
6 0.629834 0.327961 0.0922582 0.0894779 0.969338
18 0.0623854 0.289082 0.0943377 0.143575 0.968585
18 0.449165 0.0981074 0.0950232 0.136499 0.968174
1 0.347534 0.136453 0.08836 0.138762 0.966019
4 0.862058 0.722492 0.0718035 0.120606 0.965747
5 0.861679 0.330051 0.0893339 0.094177 0.965536
19 0.964053 0.535701 0.0643476 0.0896355 0.962611
8 0.155829 0.708377 0.0912248 0.107595 0.960747
8 0.265589 0.518482 0.0937213 0.0938923 0.960522
18 0.602336 0.104995 0.0923427 0.129823 0.960362
2 0.362516 0.520856 0.0760291 0.0988876 0.958917
11 0.310147 0.892976 0.0922773 0.143067 0.958841
7 0.954165 0.356699 0.0916696 0.135374 0.958613
1 0.326221 0.742098 0.0863172 0.137683 0.958456
2 0.932046 0.733134 0.0679893 0.0936913 0.958348
23 0.0522218 0.510953 0.0721639 0.0986978 0.957939
2 0.125312 0.512963 0.0706898 0.101512 0.956266
2 0.65202 0.92027 0.0726495 0.0949368 0.952111
9 0.737301 0.931305 0.0927415 0.102764 0.94845
8 0.876171 0.939906 0.0974826 0.106287 0.9424
13 0.184889 0.29705 0.0493219 0.154612 0.941179
6 0.72391 0.732322 0.0919418 0.0924673 0.938347
14 0.800695 0.708096 0.0472431 0.140805 0.936773
5 0.504327 0.727079 0.0946606 0.105356 0.935017
5 0.535912 0.323647 0.0823231 0.0978171 0.915636
2 0.132003 0.106966 0.0764385 0.0953962 0.910483
13 0.383158 0.890973 0.0449125 0.158064 0.898832
4 0.857511 0.121649 0.078133 0.132012 0.894202
13 0.682158 0.106595 0.0462244 0.148876 0.88991
2 0.967908 0.936519 0.0635192 0.0953836 0.875324
4 0.250072 0.0811676 0.0684767 0.162335 0.868426
14 0.703115 0.304295 0.0503227 0.142858 0.831545
13 0.967421 0.0933837 0.059211 0.186018 0.823069
13 0.192911 0.0959053 0.0439779 0.144016 0.793114
27 0.399925 0.738239 0.051123 0.135207 0.791254
27 0.524662 0.52691 0.0578492 0.191557 0.788121
13 0.586693 0.881943 0.0517064 0.181837 0.781067
13 0.74629 0.497931 0.0606408 0.165354 0.762075
13 0.896639 0.511726 0.0561826 0.154364 0.711631
9 0.0230915 0.708128 0.0461064 0.140993 0.677469
13 0.0278041 0.0771741 0.0548153 0.151089 0.64933
6 0.185747 0.918069 0.149267 0.0948344 0.627201
