18 0.531604 0.854159 0.0861321 0.127309 0.985361
12 0.859872 0.436825 0.156901 0.146453 0.982295
19 0.595938 0.47017 0.0580239 0.0919979 0.977603
4 0.428094 0.469156 0.0678147 0.118191 0.97563
4 0.745297 0.457714 0.0696013 0.116759 0.970293
16 0.882282 0.652981 0.101387 0.098702 0.969082
4 0.428036 0.273672 0.0639276 0.117697 0.968843
14 0.696162 0.640576 0.0432613 0.146737 0.960555
2 0.876786 0.260763 0.075021 0.100401 0.952395
13 0.789002 0.636466 0.0475776 0.146945 0.945847
13 0.616442 0.260035 0.0451368 0.164752 0.939702
0 0.460243 0.679955 0.128232 0.102657 0.936994
14 0.846011 0.832815 0.050332 0.141471 0.936433
14 0.969135 0.429094 0.0488828 0.139127 0.935439
14 0.74179 0.639669 0.0436347 0.147131 0.934699
21 0.701118 0.284637 0.115972 0.146503 0.923995
2 0.968285 0.252431 0.0634301 0.105589 0.906044
4 0.901616 0.828457 0.066102 0.144986 0.893845
13 0.958304 0.616726 0.0450134 0.167711 0.854627
21 0.837978 0.979116 0.0896977 0.0416214 0.85307
5 0.665984 0.465162 0.0819404 0.0976415 0.852845
5 0.966341 0.846201 0.0673177 0.0994374 0.816818
6 0.43675 0.870412 0.0909992 0.0933254 0.775087
6 0.778227 0.86469 0.0882041 0.0998641 0.658484
