19 0.21279 0.535971 0.0615528 0.0901405 0.983132
4 0.112077 0.722375 0.0717314 0.120701 0.970907
5 0.111605 0.330054 0.0892616 0.0941794 0.966012
2 0.182034 0.733377 0.0678358 0.0942367 0.964329
5 0.28713 0.135712 0.0928187 0.0999011 0.950316
2 0.222633 0.935861 0.0729021 0.0959661 0.945961
8 0.126086 0.940218 0.0974693 0.107425 0.941646
14 0.0507597 0.708206 0.0474673 0.140229 0.930833
5 0.285209 0.542547 0.0885751 0.0991328 0.929023
7 0.242422 0.356661 0.166583 0.137323 0.925048
27 0.285253 0.94821 0.0572824 0.103412 0.921381
4 0.10737 0.121759 0.0777494 0.131763 0.900797
13 0.21179 0.110243 0.0477996 0.153408 0.827376
13 0.146656 0.513627 0.0562316 0.149554 0.736469
2 0.0123585 0.526459 0.0246051 0.114955 0.701983
13 0.0104137 0.714683 0.0208273 0.13109 0.643451
21 0.0373734 0.925899 0.0745553 0.148203 0.613548
21 0.0347717 0.113553 0.069504 0.219736 0.539598
