12 0.739938 0.932284 0.167075 0.135432 0.988648
4 0.958116 0.364789 0.0758715 0.117321 0.986913
1 0.84057 0.788148 0.0957894 0.141467 0.984113
7 0.872313 0.19599 0.111288 0.141574 0.973499
14 0.632093 0.146627 0.0460125 0.140746 0.969942
4 0.502707 0.761831 0.0766547 0.119182 0.96744
7 0.524539 0.59369 0.108622 0.141003 0.965138
19 0.868719 0.956893 0.0616068 0.0862139 0.963996
5 0.754709 0.180844 0.0974234 0.0962107 0.96067
23 0.592876 0.958398 0.0767171 0.0832032 0.958448
5 0.583652 0.763494 0.0873904 0.0944655 0.952984
5 0.77214 0.37217 0.0900316 0.0966206 0.950785
9 0.616582 0.372417 0.0893655 0.102455 0.94748
2 0.73228 0.766873 0.0721505 0.0934492 0.943445
2 0.510594 0.955919 0.0780756 0.0881624 0.92158
0 0.962048 0.954454 0.0758386 0.0910922 0.910426
23 0.928581 0.566843 0.0644538 0.0907466 0.890432
6 0.946624 0.768548 0.106752 0.100087 0.822888
6 0.870777 0.373944 0.0957091 0.0910097 0.793949
13 0.961532 0.129692 0.0541158 0.201073 0.74502
8 0.834619 0.0121132 0.0993608 0.0241607 0.741005
2 0.83078 0.564846 0.125611 0.0994718 0.73151
10 0.519298 0.351665 0.0929013 0.142064 0.689105
4 0.983956 0.561882 0.031836 0.122454 0.681286
8 0.594564 0.0126026 0.0932912 0.0251131 0.675643
23 0.661715 0.762251 0.0699646 0.101124 0.646933
