4 0.393959 0.494468 0.0702466 0.107524 0.966563
1 0.708673 0.329496 0.0880418 0.137421 0.959829
14 0.502129 0.279147 0.0465192 0.139698 0.95768
18 0.579394 0.287126 0.0895991 0.125566 0.957091
14 0.637275 0.0789877 0.0476103 0.137843 0.95055
9 0.210765 0.092433 0.0844786 0.0962433 0.943974
1 0.151075 0.517851 0.08639 0.137082 0.934076
0 0.0468289 0.495158 0.0935144 0.0924524 0.925497
13 0.403165 0.279231 0.0419821 0.140137 0.920478
2 0.116695 0.706366 0.0748416 0.0882599 0.912704
0 0.076445 0.904271 0.13587 0.0918913 0.912361
14 0.480872 0.884337 0.0440132 0.137825 0.857349
2 0.500335 0.507207 0.0729704 0.0942769 0.811604
14 0.449939 0.275922 0.0463314 0.139886 0.772739
2 0.128427 0.0960141 0.0725026 0.0948772 0.711729
2 0.422755 0.705912 0.0648898 0.0920224 0.519245
