18 0.319681 0.60081 0.0387921 0.0558187 0.976433
18 0.490505 0.780891 0.0394223 0.0526001 0.972692
6 0.669861 0.788231 0.0415894 0.0408926 0.954959
0 0.328349 0.699743 0.0612358 0.0443635 0.944802
2 0.710377 0.788607 0.0321066 0.041719 0.914667
12 0.649444 0.604348 0.0502926 0.0756841 0.91357
8 0.735543 0.610546 0.0395316 0.0413625 0.842899
18 0.561162 0.870565 0.0387447 0.0531782 0.816085
6 0.638319 0.877374 0.0357912 0.0413145 0.776576
11 0.381787 0.778442 0.0422999 0.0604708 0.764291
1 0.4349 0.887544 0.0389569 0.0605078 0.757143
5 0.519533 0.879632 0.0375564 0.0411534 0.755793
5 0.382149 0.696787 0.0396996 0.0418907 0.737624
13 0.593064 0.781943 0.0213407 0.0655714 0.648706
0 0.837679 0.878571 0.0573843 0.0403173 0.641524
13 0.307235 0.778269 0.0218122 0.0628791 0.613905
23 0.754324 0.700283 0.0320535 0.0412852 0.533943
