12 0.686041 0.641397 0.115743 0.145754 0.990142
18 0.642629 0.247602 0.0934112 0.129719 0.983462
18 0.682758 0.444204 0.112974 0.149783 0.98316
4 0.405333 0.251864 0.0762821 0.121047 0.980708
9 0.458811 0.854166 0.0869948 0.0990255 0.980243
9 0.865192 0.459471 0.084438 0.0968031 0.977707
16 0.317695 0.46433 0.101001 0.0931842 0.966628
14 0.787559 0.242792 0.0480267 0.142716 0.965165
2 0.72769 0.852421 0.0754321 0.0963405 0.964584
11 0.56331 0.634931 0.0934184 0.144374 0.960843
2 0.784169 0.459555 0.0736363 0.0983503 0.957387
5 0.45864 0.462002 0.0832939 0.0954705 0.956683
13 0.370682 0.641093 0.0485528 0.152371 0.955041
5 0.798387 0.655597 0.0930353 0.0964906 0.951927
0 0.432834 0.0735555 0.137642 0.0951878 0.949329
5 0.549062 0.262594 0.083154 0.0965595 0.942621
2 0.303491 0.65756 0.0834306 0.106386 0.942532
7 0.8347 0.878872 0.104778 0.144385 0.937949
14 0.657591 0.833705 0.0466332 0.14492 0.937297
14 0.833987 0.244565 0.0442154 0.139155 0.933001
5 0.463908 0.661708 0.092661 0.100546 0.924716
14 0.60932 0.830239 0.0457088 0.136353 0.907211
13 0.737622 0.241877 0.0452133 0.155862 0.907165
14 0.980461 0.0582603 0.0384994 0.11631 0.905692
13 0.398617 0.444086 0.0378521 0.137011 0.866658
6 0.550468 0.0593157 0.0977474 0.117383 0.849754
13 0.558513 0.826602 0.047387 0.155496 0.812293
19 0.888598 0.656356 0.0678995 0.0943136 0.792727
16 0.971491 0.658522 0.0570189 0.0909138 0.769145
4 0.320557 0.848283 0.107802 0.110626 0.731569
22 0.917974 0.0741991 0.084653 0.0930085 0.726099
5 0.938205 0.854213 0.0867133 0.0946689 0.724411
12 0.307735 0.0617903 0.0855534 0.123581 0.691561
13 0.389587 0.975687 0.0346962 0.0486121 0.518545
