1 0.805711 0.555047 0.0820851 0.133901 0.975134
4 0.610914 0.894963 0.0746768 0.142766 0.97162
0 0.829433 0.730214 0.137563 0.0963361 0.969125
1 0.58027 0.147465 0.0826364 0.139269 0.966833
8 0.813069 0.331376 0.0919151 0.0950879 0.966806
27 0.882096 0.554669 0.0525352 0.13619 0.960272
8 0.641639 0.520032 0.090397 0.0961816 0.957321
2 0.731768 0.526077 0.0636342 0.0966434 0.950754
2 0.501938 0.125845 0.0749433 0.0961658 0.950217
2 0.400945 0.704926 0.0638685 0.0925308 0.948575
2 0.528623 0.712313 0.0676957 0.0949581 0.948033
0 0.766505 0.137071 0.133783 0.100709 0.946657
9 0.671487 0.325403 0.0872501 0.0980812 0.946607
13 0.452138 0.687972 0.0431429 0.136796 0.937147
2 0.900478 0.336377 0.0706421 0.0919778 0.934408
4 0.608939 0.71275 0.0911278 0.101056 0.932155
7 0.527102 0.931103 0.081919 0.130118 0.925989
8 0.41449 0.118504 0.0879866 0.0990213 0.923002
2 0.594978 0.322071 0.0627751 0.0907062 0.912189
14 0.952879 0.114052 0.043952 0.140361 0.910107
13 0.933208 0.70318 0.0423412 0.142401 0.908703
22 0.408802 0.513324 0.0826288 0.0915237 0.902798
7 0.422694 0.934237 0.112982 0.131526 0.882441
23 0.531744 0.320874 0.0628395 0.0900648 0.839
27 0.650512 0.148615 0.0469356 0.137423 0.830138
14 0.980326 0.707807 0.0393481 0.141116 0.823277
13 0.989345 0.0918455 0.0213099 0.183691 0.729839
8 0.707911 0.893646 0.0902071 0.144509 0.676073
8 0.43014 0.29495 0.133427 0.142505 0.632929
18 0.827156 0.905171 0.134147 0.137874 0.59028
1 0.969949 0.353886 0.0601027 0.1548 0.579037
5 0.701653 0.696179 0.0855821 0.140304 0.521776
