21 0.766435 0.671498 0.0922806 0.137209 0.992242
12 0.329983 0.826509 0.113182 0.138724 0.990003
1 0.290563 0.089404 0.0904311 0.136137 0.984074
18 0.350585 0.24467 0.0891569 0.126944 0.982076
1 0.845436 0.0905157 0.0832925 0.133085 0.980081
9 0.652147 0.644281 0.0846851 0.0981083 0.979522
18 0.0467302 0.0579572 0.0907868 0.115914 0.977432
9 0.316634 0.652828 0.0861745 0.0967393 0.975561
6 0.821792 0.264393 0.0831904 0.0903859 0.974459
29 0.755107 0.453896 0.113863 0.174013 0.969766
1 0.735914 0.281978 0.0837872 0.130445 0.969357
18 0.489259 0.248274 0.128863 0.122676 0.966581
11 0.173448 0.821903 0.0944638 0.136344 0.965403
19 0.512946 0.844822 0.0633285 0.0924675 0.965288
2 0.906152 0.261594 0.0742821 0.0998583 0.961532
5 0.395996 0.454455 0.0818472 0.0910359 0.960694
5 0.0776291 0.843537 0.0980386 0.0955462 0.960157
5 0.434336 0.847519 0.0849137 0.0953321 0.958311
8 0.753952 0.0668255 0.0838741 0.0865247 0.957295
18 0.887361 0.827179 0.123794 0.121196 0.955204
5 0.75844 0.84169 0.083019 0.0944591 0.950924
5 0.251169 0.264535 0.090969 0.0926264 0.948388
0 0.194893 0.655872 0.144847 0.100093 0.947658
27 0.909526 0.474186 0.0532469 0.13752 0.945641
14 0.493612 0.631631 0.0402087 0.138369 0.940248
2 0.850691 0.453189 0.0621346 0.0893294 0.939464
7 0.300212 0.48561 0.0957554 0.130002 0.938073
23 0.60833 0.457664 0.0686257 0.09022 0.937765
19 0.193864 0.974046 0.0630879 0.0519074 0.937063
8 0.385691 0.0622564 0.0919861 0.098973 0.911078
27 0.915981 0.0832174 0.0494356 0.142541 0.901323
16 0.616695 0.845862 0.0959353 0.0933845 0.897308
0 0.0576894 0.266973 0.114739 0.0942691 0.896482
13 0.692317 0.817837 0.0447552 0.1507 0.882895
27 0.0940324 0.473107 0.0553594 0.152561 0.872656
9 0.927194 0.988803 0.0812865 0.0223938 0.866124
0 0.0609296 0.677697 0.121859 0.143851 0.820581
22 0.546775 0.973359 0.0939667 0.0532812 0.818073
13 0.55848 0.648621 0.0881231 0.182051 0.730774
13 0.471086 0.971214 0.0337229 0.0575715 0.717627
2 0.0331574 0.460511 0.0663147 0.0927548 0.693486
22 0.19939 0.453885 0.0867957 0.0941831 0.674651
13 0.595657 0.238352 0.0835674 0.142798 0.666179
2 0.665136 0.263899 0.0357635 0.0546861 0.606271
8 0.423952 0.627721 0.0926952 0.143486 0.547841
6 0.505789 0.449275 0.131566 0.106905 0.525468
21 0.171007 0.0636009 0.0948101 0.0986284 0.515738
6 0.498185 0.0586742 0.126174 0.110814 0.510446
13 0.653797 0.972045 0.0659854 0.0559103 0.503986
