1 0.095443 0.840326 0.082709 0.133247 0.988558
2 0.156538 0.980801 0.0744975 0.0383983 0.974714
16 0.0830703 0.0443728 0.0910504 0.0887457 0.971404
5 0.156403 0.244662 0.0877039 0.099758 0.966916
23 0.159656 0.43012 0.0717705 0.0863177 0.960881
5 0.0828004 0.431983 0.085603 0.0959735 0.955336
27 0.166383 0.835233 0.0497604 0.140084 0.952035
14 0.0435535 0.214388 0.0367137 0.133482 0.922693
6 0.0714907 0.984317 0.0828325 0.0313652 0.885332
13 0.0119833 0.219273 0.0238862 0.122498 0.878988
2 0.00898991 0.640258 0.0179658 0.11863 0.862732
6 0.0848194 0.626069 0.128771 0.0972488 0.75094
2 0.176416 0.0442377 0.0856656 0.0884753 0.675577
13 0.127912 0.601346 0.0482617 0.143652 0.619812
11 0.00731295 0.400218 0.014551 0.14167 0.589623
