28 0.442572 0.723333 0.102228 0.144556 0.995156
8 0.435035 0.546187 0.0889341 0.0933416 0.977291
8 0.525688 0.353656 0.0939897 0.0989026 0.975572
1 0.597648 0.570696 0.0812213 0.139363 0.96918
9 0.52818 0.151514 0.0828748 0.0998551 0.965956
2 0.519789 0.547215 0.0661149 0.0938972 0.959635
0 0.54485 0.948407 0.138832 0.102185 0.956965
0 0.892049 0.74541 0.13295 0.109036 0.953966
6 0.93569 0.543619 0.0923059 0.0936656 0.952453
2 0.636126 0.155132 0.0696905 0.0970012 0.952259
6 0.718215 0.149566 0.0953653 0.0992424 0.947277
32 0.428801 0.376309 0.0804791 0.167276 0.940438
27 0.664409 0.572012 0.0460331 0.146978 0.934644
4 0.777473 0.735626 0.0569766 0.113228 0.931953
2 0.889007 0.340024 0.0691626 0.0980587 0.931087
13 0.953126 0.322419 0.0550714 0.143554 0.927819
5 0.601545 0.746926 0.0871732 0.0978386 0.921875
5 0.681467 0.93808 0.0890306 0.105267 0.913526
4 0.440142 0.15132 0.093858 0.107046 0.901652
13 0.522062 0.731223 0.0433466 0.15507 0.891444
13 0.782615 0.124413 0.0526373 0.144358 0.873276
7 0.80505 0.542181 0.158916 0.181414 0.858859
7 0.739065 0.35052 0.159276 0.176898 0.850283
8 0.97252 0.141056 0.0548255 0.0937719 0.83142
23 0.623268 0.370516 0.0788668 0.131737 0.741687
5 0.980938 0.726764 0.0380425 0.12028 0.721659
18 0.878209 0.133123 0.128426 0.12993 0.699938
6 0.693649 0.745217 0.0888443 0.0963749 0.596382
7 0.427121 0.0256682 0.0860978 0.0513364 0.552772
