7 0.87217 0.937668 0.111225 0.124664 0.985946
14 0.631972 0.896649 0.0458196 0.140647 0.96875
5 0.754754 0.931214 0.0977652 0.0967643 0.964424
23 0.503858 0.131829 0.0732976 0.0930564 0.958896
8 0.594583 0.724334 0.0959315 0.0995433 0.957474
0 0.809893 0.731127 0.146167 0.113453 0.955235
2 0.982088 0.326609 0.0353835 0.100027 0.943811
2 0.504561 0.719313 0.0787224 0.105077 0.938506
7 0.750632 0.551925 0.0990262 0.137545 0.918765
13 0.667941 0.699904 0.0470045 0.147007 0.911307
2 0.577998 0.123185 0.0729729 0.10019 0.900844
7 0.835022 0.351583 0.101734 0.137581 0.896809
14 0.656621 0.515986 0.0547528 0.167211 0.864345
1 0.685375 0.150791 0.0943527 0.141975 0.862238
13 0.592833 0.312016 0.048317 0.177855 0.861961
7 0.692117 0.346297 0.153524 0.138413 0.860179
46 0.544825 0.532455 0.163523 0.111616 0.819332
18 0.942992 0.112963 0.0923657 0.133496 0.715107
21 0.5031 0.316248 0.0905554 0.10023 0.653949
13 0.961369 0.882268 0.0537543 0.202291 0.652892
6 0.813032 0.135639 0.150293 0.103171 0.582565
12 0.539498 0.911479 0.144004 0.171254 0.51957
