18 0.505931 0.675899 0.113894 0.145373 0.99236
1 0.20036 0.520868 0.0914731 0.140187 0.986204
0 0.671208 0.508646 0.146025 0.0985598 0.979175
9 0.586753 0.900279 0.0915837 0.104278 0.97563
7 0.869207 0.927245 0.104561 0.140255 0.974778
6 0.940688 0.712875 0.0957923 0.0954472 0.974341
11 0.1933 0.0756632 0.0930976 0.145098 0.973276
14 0.414736 0.880798 0.0471263 0.152305 0.969528
9 0.30254 0.298596 0.0887651 0.0952632 0.969234
5 0.493786 0.102754 0.0960312 0.100662 0.968165
6 0.305985 0.496485 0.0978922 0.0971379 0.966446
6 0.33638 0.89476 0.0992526 0.0929531 0.965766
9 0.0693166 0.493129 0.092491 0.102274 0.963631
18 0.840529 0.498823 0.130648 0.125207 0.962275
18 0.544803 0.290653 0.134015 0.13069 0.95858
12 0.954812 0.0881703 0.0903758 0.139287 0.956895
14 0.129617 0.273937 0.0480946 0.141677 0.95688
6 0.488718 0.900467 0.0932995 0.0938735 0.956613
2 0.69555 0.898794 0.0756351 0.0995643 0.95633
2 0.200672 0.692563 0.0753344 0.0984485 0.95336
5 0.790651 0.712471 0.0936599 0.104171 0.95222
22 0.953816 0.511862 0.0880475 0.0930719 0.948441
13 0.120331 0.0778295 0.0487216 0.151947 0.947885
9 0.0361474 0.889831 0.0722949 0.112405 0.9399
14 0.864757 0.687476 0.0494134 0.142259 0.939567
5 0.238584 0.897461 0.0869337 0.106926 0.936691
18 0.808547 0.296221 0.135553 0.130729 0.930169
2 0.609351 0.701963 0.0767134 0.0934476 0.928639
6 0.202917 0.303005 0.0974836 0.102622 0.923491
4 0.679924 0.0979878 0.0745296 0.115711 0.903546
7 0.140497 0.920146 0.093476 0.136932 0.887217
23 0.289232 0.103157 0.0826489 0.098386 0.886549
6 0.051116 0.296558 0.102232 0.0966012 0.849679
23 0.774451 0.919533 0.0843184 0.125998 0.806892
5 0.282895 0.697095 0.0917271 0.0968482 0.721008
18 0.813423 0.0795305 0.139989 0.156764 0.650004
5 0.406017 0.499633 0.0903445 0.0899024 0.60726
8 0.394939 0.672537 0.0959055 0.147944 0.52844
