1 0.451566 0.840965 0.0872731 0.131753 0.988503
8 0.907952 0.23234 0.0954163 0.0947154 0.981973
18 0.796282 0.795257 0.0912247 0.136809 0.980497
8 0.731285 0.0422073 0.099391 0.0844146 0.978818
1 0.0656826 0.8442 0.0921427 0.134209 0.976595
8 0.0564726 0.232557 0.0993128 0.0983425 0.976075
2 0.823228 0.227138 0.0705187 0.0969691 0.97478
18 0.376626 0.407519 0.0887353 0.123385 0.972977
2 0.210225 0.821862 0.0731927 0.0971887 0.972052
4 0.756973 0.221451 0.0641079 0.114495 0.971909
19 0.295688 0.0416754 0.0672362 0.0831877 0.970724
4 0.36625 0.0425936 0.0725745 0.0851872 0.969675
19 0.276865 0.825417 0.0597491 0.0930214 0.969123
4 0.979612 0.217802 0.0407026 0.110467 0.968391
13 0.694288 0.962684 0.0463989 0.074632 0.966334
6 0.345796 0.233976 0.0959773 0.0919575 0.963594
18 0.534722 0.0434113 0.106946 0.0868226 0.961641
2 0.444145 0.0407514 0.0739081 0.0815028 0.961055
5 0.630701 0.42304 0.0870192 0.094895 0.961008
5 0.638235 0.0429714 0.0879091 0.0859428 0.957171
7 0.569171 0.255463 0.105327 0.147282 0.955908
7 0.496955 0.452431 0.131225 0.136287 0.951249
4 0.144046 0.2269 0.0717347 0.10923 0.951174
14 0.672939 0.795832 0.0518949 0.14459 0.951091
7 0.932992 0.447322 0.106892 0.138688 0.949784
14 0.1422 0.798495 0.0500292 0.146301 0.949139
27 0.524633 0.83929 0.0536895 0.135309 0.948627
14 0.152603 0.407847 0.0478685 0.144596 0.946299
6 0.271119 0.432371 0.0948409 0.0957993 0.944997
14 0.724488 0.796101 0.045289 0.143324 0.943392
4 0.0302669 0.0622932 0.0605185 0.124586 0.943065
0 0.80715 0.619811 0.140153 0.0978844 0.94161
0 0.49148 0.630175 0.188757 0.102821 0.937117
13 0.618197 0.798113 0.046306 0.145335 0.933014
2 0.440753 0.230004 0.0738059 0.0957302 0.932829
0 0.782925 0.984848 0.1415 0.0303046 0.932593
0 0.662317 0.622485 0.141385 0.0976989 0.928933
13 0.74464 0.403583 0.0428619 0.140014 0.927769
6 0.673022 0.218959 0.091743 0.12271 0.918751
14 0.700142 0.402353 0.0435339 0.136029 0.917318
13 0.20042 0.41332 0.048417 0.13776 0.910087
23 0.0982486 0.0443305 0.0727031 0.0886611 0.906229
8 0.232256 0.602654 0.0968581 0.138359 0.849398
27 0.953911 0.0446094 0.0573668 0.0892188 0.84832
6 0.182605 0.0425151 0.0935892 0.0848781 0.839603
6 0.85175 0.0430771 0.140487 0.0857361 0.839564
1 0.397891 0.98462 0.0938154 0.0307595 0.833872
21 0.92091 0.818001 0.0945104 0.0894536 0.79319
8 0.223301 0.986742 0.0947903 0.0265167 0.703085
2 0.338656 0.619015 0.0763003 0.0965579 0.699501
5 0.120724 0.600328 0.094429 0.138086 0.681997
22 0.814869 0.42381 0.0866053 0.0898433 0.639056
5 0.978524 0.979505 0.0428852 0.040989 0.619423
5 0.0835038 0.43142 0.0853251 0.096301 0.618687
8 0.249617 0.208302 0.0934676 0.142885 0.564009
4 0.126102 0.977442 0.100821 0.0451157 0.558908
